0 0.10642907662318382 0.7345951651782292 0.21285815324636764 0.1879403303564585
2 0.8609661998727332 0.9466828167730906 0.16707950668363553 0.10663436645381878
2 0.5397815432050059 0.9558369983844794 0.09949201734563573 0.08832600323104103
2 0.1517093785407785 0.931125979482778 0.06478975334181776 0.06399107123840295
2 0.42068664521009663 0.9178499551658337 0.06615225867281786 0.046839938829583615
2 0.3825593892027787 0.9691078500659203 0.055432934675363296 0.061784299868159566
2 0.005728547939230068 0.919785823138264 0.011457095878460137 0.04894664627652787
1 0.048903099220277926 0.834176284669271 0.04256930800445434 0.03379442496187508
2 0.13617583255095986 0.8557441197753821 0.06155566534054513 0.05454333605604163
2 0.1801889145449147 0.9013118461240278 0.036392033338636144 0.03989895459715313
4 0.409804236553187 0.8457021982319795 0.061501121339908774 0.04985583605604162
2 0.5714706319223672 0.585331008736806 0.060138616008908664 0.06700696846486132
2 0.45674670261777506 0.3708846893982643 0.093296561346272 0.09745818787965277
2 0.5041222366327288 0.26180128333809066 0.0962579293443632 0.08346842306201392
2 0.11968141259550329 0.5271463410900348 0.07939769334818117 0.11119337955902786
3 0.15559382996500162 0.2615038105048265 0.08164998933799979 0.03626611474138901
1 0.9055660106222293 0.34850968806708404 0.05045453333863605 0.040226262917777866
1 0.8590728186266837 0.3146061603316674 0.0455852200031817 0.024492160144236143
2 0.7896233846276381 0.3059565525241326 0.06315452800763613 0.057704703647222286
2 0.8009074246499098 0.14211225807121594 0.07712612133990895 0.05021951196784728
2 0.5756261613224096 0.09388839114562549 0.09122498400699967 0.05367182028847228
2 0.47523471530872835 0.19236029910566013 0.11364542401336308 0.10105596656500011
2 0.20970916530077424 0.2447897424005557 0.05523294000636332 0.0481478656913195
1 0.4530104385741861 0.6919784393982643 0.04725680800445424 0.033903527735416716
1 0.6879137919319123 0.5177097104841673 0.056577264003817976 0.02943423328249999
1 0.4278682719605473 0.30066245516583373 0.047165901336727066 0.026091027735416716