0 0.785812066966909 0.8867440784693871 0.24989481648875014 0.2097312833553712
2 0.035984866072569135 0.8312400339211979 0.07196973214513827 0.19373006784239594
2 0.29293292952409644 0.9242718181810801 0.10534342306201401 0.10071705223856356
2 0.4186778119329159 0.9324262341690253 0.06831489532659721 0.05195864767057934
2 0.43602765967246454 0.9807907338303409 0.059230836056041625 0.03841853233931829
1 0.7950032693798603 0.9888090309805218 0.044550087005972294 0.022381938038956405
2 0.7061407911313534 0.9764434888051522 0.06537173328249998 0.047113022389695655
2 0.6492361744901034 0.9932862904221181 0.03844555737069442 0.013427419155763686
4 0.4530177507624993 0.8685208644267501 0.06370013050895836 0.054837986205190245
2 0.3912321444735759 0.5656990796010408 0.0656626740119445 0.07210737336031983
2 0.571649609138715 0.4093273281307028 0.10076502583555573 0.10515889077317428
2 0.5642572960684372 0.29004506162235943 0.10203658510611113 0.09274077792830404
2 0.8335813390027426 0.6827459752354553 0.08699346656499998 0.11692190637700647
3 0.8904723443210759 0.4229073077771722 0.08215918977951375 0.04332063206674715
1 0.15918924278180538 0.21797315128862396 0.05410692496187504 0.04497166327441153
1 0.2150580362847915 0.2036926452957301 0.047493249050069505 0.029019114653892508
2 0.28268129416857624 0.22209848654387435 0.06544446846486114 0.06273237336031982
2 0.32777885467340273 0.06567474615481277 0.07936149810013893 0.057219357756487586
2 0.5552310542365625 0.10653652080375653 0.0934967332825 0.06108134215265535
2 0.6147852793509373 0.23637450700894663 0.11962412860909737 0.11082903663473136
2 0.8459599313270484 0.3861575802784094 0.05741376291777769 0.05294793758467113
1 0.4653209950629161 0.7095962437799636 0.04927395459715278 0.03847600180902226
1 0.3053329716959024 0.45872870533620985 0.05853985182361114 0.034279824739800804
1 0.622177592421215 0.35565677351728997 0.04909211664125017 0.030663501809022265