0 0.14925072252192179 0.7738857390429514 0.22644074852966195 0.1803535219140972
2 0.9455846534363305 0.9215586164835262 0.10883069312733902 0.12737279788867967
2 0.6355577939823622 0.9515048096630977 0.10244997060135788 0.07828073295387128
2 0.22716876187018667 0.9625430900986116 0.06610967887824382 0.04018071509696384
2 0.5060816559227214 0.9279599898570255 0.06791784034363299 0.044895488635914305
2 0.47482168984391926 0.9730776209444578 0.05344590456798422 0.03683752678536152
2 0.06318814902531641 0.9669693116883973 0.025818871551297518 0.016061376623205347
1 0.10416062980343957 0.8833658790588373 0.04390713025772479 0.03354888555165943
2 0.19942886419960731 0.8957783299523419 0.06520227611928178 0.05265344155801373
2 0.25168076096567554 0.937874326705931 0.034859678878243726 0.03963524431795733
4 0.48496357247649324 0.8532599987854793 0.06339411465389251 0.047938668019063255
2 0.6158672551999242 0.5608661728936225 0.06289614767057934 0.06822389448011279
2 0.46710777136958337 0.34842249432125244 0.09718261646291496 0.09692163879807003
2 0.5006871540021575 0.22819576907801875 0.10113313206674697 0.08294095941492108
2 0.13606024649349704 0.5520380125819017 0.07916960085908262 0.11065685633066594
3 0.13608242141501195 0.2689664139618735 0.0845321302577248 0.03425799756436802
1 0.933158817276569 0.27382054586667526 0.05352779172311415 0.03840002678536116
1 0.879917630596409 0.2426893226520365 0.049665807326946164 0.024282979707460583
2 0.8063572998637145 0.24162742898270245 0.06544793758467123 0.057340941558013635
2 0.7941428256443119 0.06824447606060315 0.07893722749876275 0.046648903408566665
2 0.5520438568519765 0.0443196010589555 0.09464411465389269 0.048484138798070064
2 0.46032442559888337 0.15930544724335177 0.11913950361804453 0.0988659683433748
2 0.18954161408806566 0.24457434009861156 0.057144114653892554 0.04782957386326192
1 0.5074925904551748 0.6863082780064725 0.050239017412854636 0.03522047970746058
1 0.7287556795556123 0.476789407472347 0.06084896879233561 0.029161394480112967
1 0.4259228493887446 0.27876455925606064 0.049747694482076096 0.025845479707460584