2 0.1673920330792914 0.042943132960326744 0.1332215661585828 0.07649834160399788
2 0.038932773316734046 0.5165175659634347 0.07270222267624521 0.14553513192686934
6 0.05241907727687256 0.6866310128202816 0.09783857806243948 0.17013702564056316
2 0.23644007415361462 0.7686195291552198 0.1289249515990063 0.14346751778268024
1 0.10002637206362892 0.9489341137299043 0.04559430113146812 0.050547963606069855
6 0.3652877577004442 0.8893900436303859 0.12323855386194271 0.22121991273922817
6 0.37346230942108755 0.5586538318840881 0.23410333098930564 0.23271841645877273
2 0.15288618900777862 0.5030801122821623 0.03789997579950315 0.07049659057054072
3 0.137588962815492 0.6929409789075508 0.044240879390299345 0.086412688998964
1 0.812348068299882 0.6829733591772812 0.05834883118569749 0.09488016046291677
1 0.5793588271786767 0.7759998054149555 0.02529089149054773 0.051164393713693815
4 0.07781696955298725 0.21919095574818698 0.050463608313060515 0.08201628742738745
7 0.1869515959182245 0.3172175409420441 0.05335225897699045 0.04153683664159917
2 0.4897014295398089 0.8038465155063687 0.040979524004105095 0.06282963978475245
4 0.4057077037403056 0.7312030740262054 0.022238614363184795 0.06351884449948209
4 0.32620201092189804 0.7587415690638066 0.028579517953980903 0.07943494292790554
2 0.47697156615858277 0.0925087551672865 0.03157725292686635 0.057705492142117155
2 0.4258539728726369 0.03233108043634614 0.028270445745273775 0.02630994292790543
1 0.4634817587805987 0.19029128370333379 0.028434072208706952 0.05443494292790545
4 0.3084220749391815 0.253362710296301 0.029942030054229286 0.045132717535011316
2 0.2119147136010589 0.17779332195929073 0.056613614363184704 0.0651198858558109
2 0.5423834636010589 0.19318515136217956 0.0474931444174139 0.10843323821317571
4 0.7487587878528694 0.895578212982388 0.0470568071815924 0.033433238213175544
4 0.7143135266363838 0.34490397084027097 0.047211343285945874 0.05999573821317572
2 0.6051521500747548 0.37652849834286095 0.16318177693097127 0.12475605913900915
4 0.8367723931408676 0.9811035474546287 0.03154089149054755 0.03779290509074258
4 0.884728104109648 0.9073783538005976 0.04255111436318444 0.06446491439185849
2 0.42754932484098573 0.3237373304363461 0.03164997579950324 0.07020549214211717
1 0.06764059805952383 0.8865047342842342 0.03773634933607006 0.04237159057054072
7 0.2547865949362659 0.9625803137918215 0.02237496974937896 0.074839372416357
2 0.8603794846782978 0.21268228390822158 0.044149975799503235 0.070787688998964
2 0.6567504906302262 0.2508414476809072 0.022256795081343837 0.06664384449948199