2 0.20390625 0.05234375 0.1265625 0.1046875
2 0.071875 0.528125 0.08125 0.13515625
6 0.06953125 0.68984375 0.13203125 0.1578125
2 0.2640625 0.759375 0.121875 0.1296875
1 0.13359375 0.93671875 0.04296875 0.04609375
6 0.3875 0.88203125 0.115625 0.23203125
6 0.39609375 0.553125 0.221875 0.21171875
2 0.1859375 0.51015625 0.0359375 0.06484375
3 0.17109375 0.6921875 0.04140625 0.0796875
1 0.81328125 0.6515625 0.0546875 0.08828125
1 0.59140625 0.7515625 0.0234375 0.0484375
4 0.11640625 0.24296875 0.04765625 0.07578125
7 0.21953125 0.33125 0.05078125 0.0375
2 0.50546875 0.78203125 0.0375 0.0578125
4 0.42578125 0.71640625 0.02109375 0.06015625
4 0.35 0.74609375 0.0265625 0.075
2 0.496875 0.1046875 0.03046875 0.053125
2 0.44921875 0.03828125 0.02734375 0.046875
1 0.48359375 0.1984375 0.02578125 0.05078125
4 0.3359375 0.26484375 0.028125 0.040625
2 0.24453125 0.19765625 0.05390625 0.059375
2 0.559375 0.19765625 0.04375 0.1015625
4 0.75234375 0.85703125 0.0453125 0.0296875
4 0.721875 0.334375 0.04375 0.05546875
2 0.61796875 0.36953125 0.15390625 0.11171875
4 0.834375 0.94140625 0.0296875 0.0484375
4 0.88125 0.86328125 0.040625 0.05859375
2 0.4484375 0.32734375 0.03046875 0.0640625
1 0.103125 0.87890625 0.034375 0.03828125
7 0.28203125 0.94921875 0.0203125 0.08203125
2 0.86171875 0.20234375 0.0421875 0.06484375
2 0.8671875 0.02421875 0.06640625 0.04765625
2 0.6671875 0.24765625 0.01953125 0.06171875