2 0.06179757994575128 0.809601719326864 0.09757620373287823 0.130796561346272
2 0.5446118542954805 0.9383859592616396 0.1389727711033185 0.08597495735199914
6 0.7093737836786295 0.9317803285725951 0.16460006249917605 0.12220335868872638
2 0.7771128883877377 0.7387655778962775 0.1349943831160271 0.12654541335136268
1 0.9614760259679918 0.8702412025382331 0.047638659090609534 0.04429544000636341
6 0.8904629303957987 0.6123565245465056 0.2190741392084025 0.12140447469763486
6 0.5646111140380085 0.6068359672581398 0.2195796631477993 0.22907152402927125
2 0.524597588874205 0.8214075445974123 0.0662795649348082 0.03826361600890884
3 0.7100265742637084 0.834878056572277 0.08198638555165907 0.04313292934436319
1 0.6579466879045656 0.1791007712444586 0.09160684740221221 0.057304517345635776
1 0.7634638510523649 0.40448148456400473 0.050436376623205346 0.025581802673454133
4 0.2524146716659207 0.8964642779678652 0.07897047970746059 0.04934656667727211
7 0.34040382101729755 0.789168851289002 0.03840002678536125 0.05199885200509051
2 0.796241169233584 0.49161785789309587 0.06002956493480802 0.03819089067472703
4 0.7304718932590016 0.5736496552355499 0.06288182954530477 0.022602253341817757
4 0.7622906834370434 0.6506388692314138 0.07705342370110628 0.029015885343726743
2 0.10342242369781082 0.5082750293205006 0.05523297077900682 0.031886346674090585
2 0.03709404017474654 0.5582755766629547 0.047365923701106115 0.028670440006363408
1 0.2005428855483639 0.521210286640683 0.05202615016215582 0.027162484006999676
4 0.2711435320570717 0.6712006486314561 0.0411159237011061 0.028597714672181595
2 0.2032486943940921 0.7657597179742284 0.06035684740221221 0.05694089067472703
2 0.19763034537032206 0.4438847179742284 0.10391593262955987 0.04651246801399935
4 0.8691938794625791 0.2391553818825963 0.03050570616851047 0.04722044533736343
4 0.33456946347211086 0.27585123862191113 0.057013659090609535 0.044404528007636036
2 0.37236156412073396 0.3816830679503659 0.11678985389503405 0.15757723734881743
4 0.9528773583592608 0.15378949920436957 0.05054547077900686 0.03183180267345422
4 0.8723443786518004 0.10627924721518725 0.0600841120127086 0.04131589067472689
2 0.3324201769442217 0.5556205546228656 0.06617047077900687 0.03201361600890866
1 0.9026464967469986 0.9021820932129601 0.03966251785690744 0.03482953333863605
7 0.9640990507280535 0.7201048425366423 0.07180189854389311 0.02285679201145392
2 0.19691768465815476 0.13445517397359213 0.06638865909060954 0.044513616008908664
2 0.02027336404130373 0.1318221646642274 0.03713753571381496 0.06916817067154524
2 0.24727006087432307 0.3331284839672288 0.06285455600635448 0.021039753341817756