2 0.9823234971502085 0.2688572901119807 0.035353005699582954 0.14065417490485982
2 0.5486381749618751 0.06450278216613423 0.15040134992375015 0.09042336463846719
6 0.37994272634864584 0.05997049657713993 0.1786354526972917 0.09625687056996624
2 0.28915733824024326 0.21705614330737927 0.1533458183886113 0.14986203163466155
1 0.1174972777354167 0.051618191216482166 0.05272626291777782 0.05210101087441492
6 0.14798943721406277 0.32213627965749525 0.2581424211621529 0.15881522037968576
6 0.4890333177230211 0.38754635132977533 0.25440178495361143 0.26637305239490827
2 0.5551992591180557 0.1787244496566202 0.07449216014423606 0.04830484882113639
3 0.3691156355429515 0.13133616060758482 0.09029899810013893 0.056754018783080354
1 0.34411051595500064 0.8007745687065306 0.10000130642076392 0.07119852076024671
1 0.2634553555264241 0.5547498028892 0.053852351823611144 0.03341467787060921
4 0.8402275693385418 0.15131300996019387 0.08575696846486096 0.06281301779449713
7 0.7385761099917363 0.2439541547132668 0.04665810087368065 0.05965884288963732
2 0.24097898385118094 0.46095338193867275 0.06671602773541671 0.04954901384016441
4 0.31661345706569477 0.3906673982502952 0.06475348423243057 0.03229784684397004
4 0.2943916585287155 0.30780847729976807 0.08212282218833336 0.04081068380210837
2 0.9459223634102087 0.5677285302261489 0.060247822188333446 0.0399193458553869
2 0.9960983224726739 0.5263023755872442 0.007803355054652172 0.032014003954332536
1 0.8492285481557296 0.5380317599601938 0.05705008700597247 0.036667011862998145
4 0.794683252468542 0.3742438325838761 0.046112587005972296 0.03622134288963732
2 0.8754773511580212 0.2908994333821789 0.07024107123840295 0.06686384783255317
2 0.8424531777147575 0.6158065914811247 0.11231946846486096 0.06389535672980173
4 0.13733187946211864 0.7025904422050653 0.038700130508958354 0.05309050790866543
4 0.6826814002636812 0.7599346403788108 0.06370013050895836 0.054109179847775656
2 0.657406683698681 0.6465114689339921 0.13841180262104177 0.17891286167271758
4 0.0429655900431951 0.7728936719391102 0.05087282218833337 0.03953734387822046
4 0.11776687471246597 0.8344797707602467 0.06835126291777782 0.05273768083635879
2 0.7190858000555906 0.4796542327741566 0.07122168977951393 0.04192751482874755
1 0.18101426386770836 0.03079103806045222 0.04625805737069451 0.04247134288963735
7 0.08977493407993072 0.20190735129259432 0.08666485182361114 0.0347516847906915
2 0.8059766959508687 0.9265239155876817 0.07463763050895836 0.05455484882113666
2 0.778501740119445 0.7185694941428631 0.06627961664125018 0.03079901384016459