6 0.07409816203121614 0.45245506175762473 0.14819632406243227 0.1205351235152495
6 0.3072703516520522 0.5269168188172537 0.2178912641334942 0.16859219028743927
2 0.49934282847344635 0.9289105704998599 0.13631371551297528 0.14217885900028016
2 0.4544751430364819 0.7189859615328332 0.12687676051544958 0.06921666442319178
2 0.9080903867049038 0.9019745870931468 0.09685506784239592 0.09174488229073816
2 0.7498695301916116 0.72601617768452 0.1143767605154494 0.0688529515702104
2 0.7441351865686182 0.6413456609914725 0.11264384215265526 0.09532452335696498
2 0.7750930167354859 0.4388116943775674 0.10623006784239593 0.09201766693047428
2 0.8389209006112555 0.31078363426929523 0.1261331320667473 0.08479620031656906
2 0.6384738432843091 0.3284244606749034 0.122837713703953 0.1112223079967011
2 0.4739543198785608 0.30251151537289916 0.13410940637700666 0.08814852084968247