6 0.5092807415624796 0.11605757113072124 0.1439385168750409 0.19077916542531542
6 0.46506691697555747 0.37379514247083945 0.19384923683797411 0.235222678245597
2 0.08272069764559652 0.6208091137299043 0.16544139529119303 0.15680657981717355
2 0.2900693730586744 0.5448417349034068 0.085778787293461 0.13347177956950454
2 0.1610192130850571 0.9854516565339754 0.0981299651536097 0.02909668693204921
2 0.3188466151693081 0.8411923500810532 0.08221727767481415 0.1208262303552928
2 0.40236844329960925 0.8247369042576637 0.1088343413771451 0.1236258986760923
2 0.606383820704271 0.8311089904849782 0.10387402286549072 0.1155950748547749
2 0.7424651644436687 0.8781381559102936 0.10145835099579195 0.13576202564056317
2 0.7024379090861912 0.6798611676971179 0.1264037872934612 0.13536391935425698
2 0.7082762252355927 0.5126736676971179 0.1064732332097769 0.14535534946188058