6 0.8797185617379604 0.543176857792747 0.1945422953411587 0.14201503954332698
6 0.6208691841937691 0.49270071942828364 0.23301829715018094 0.19191688045579802
2 0.3838184000454285 0.1009774985543063 0.15234815128862395 0.16991986364988404
2 0.45405457768047686 0.3144444323564146 0.1338637449116174 0.08497186068413445
2 0.015474513794809925 0.1742015039543327 0.03094902758961985 0.09840300790866538
2 0.15702244742275212 0.33522387007567467 0.11963747060135783 0.08127385771838505
2 0.1713914846233104 0.41958162403000737 0.1241545522385636 0.1079636917107738
2 0.16066426730131286 0.6242691240300073 0.11453389077317437 0.10289418973360753
2 0.11057133480502448 0.7584557816346615 0.13624511646291487 0.10066052768032882
2 0.3097391751486575 0.7227278231551549 0.13443031094499086 0.12553319368794008
2 0.4767219572608331 0.7334464417479548 0.14430327792830405 0.10566636266130089