6 0.8617301003952882 0.46205501695856926 0.1961609104104042 0.13178334577069997
6 0.6098043083725005 0.5358355964480686 0.2208570735222315 0.18136726594251656
2 0.41064241139862456 0.9275871687014785 0.1440215577372161 0.144825662597043
2 0.46166439803268344 0.7247642203742152 0.12753273677523325 0.07678158525525039
2 0.03170518330191335 0.9059467848257091 0.0634103666038267 0.09685506784239592
2 0.17284482173844165 0.7323532338303409 0.11503273677523325 0.07612648801421251
2 0.17996634797621375 0.6504448145630355 0.11648882096198276 0.10112648801421234
2 0.1538875083160308 0.45238577283992143 0.10849431043863911 0.09759205223856356
2 0.09457966872643501 0.327030568746907 0.1284427893919517 0.09240658525525039
2 0.29040040294141944 0.3419949067156908 0.12530237884037315 0.11872342378986112
2 0.4509962686982002 0.3159314529613607 0.13487479991529536 0.09585913387576941