2 0.3416860801665319 0.22392127716673582 0.20859271615168673 0.2999675516711113
6 0.0693276953685112 0.7208378704409721 0.1386553907370224 0.23957425911805572
2 0.2265034170634883 0.8285380016155207 0.054563131037097 0.10432513050895835
2 0.038796760887059675 0.5458021560601736 0.07759352177411935 0.09277068787965277
1 0.2868180384006598 0.02032807095406239 0.04198892319868044 0.04065614190812478
3 0.22784254051223085 0.19221929511850674 0.050346992478152594 0.0667523953265973
1 0.0433131131569153 0.36280781810427076 0.04162521034569898 0.035320557370694505
1 0.4974848214575502 0.6114361949104162 0.032613923198680436 0.047602351823611146
2 0.7316706386919584 0.8807992182774299 0.05723348997087019 0.08877286569131967
2 0.9241492391794474 0.1955305994519784 0.04160848997087001 0.08840918977951392
2 0.5117937108744244 0.7367992176118399 0.06794366943775679 0.08121493882958344