2 0.36379331330995507 0.24476045402847194 0.2177637930174156 0.3065084924005557
6 0.08764128530348259 0.7224731056233333 0.1542273985373027 0.24567878875333343
2 0.2451964610331836 0.8383857803008679 0.05963982710967279 0.10603310087368065
2 0.9975722495929629 0.37685202821357555 0.0048555008140741766 0.10337957313826393
2 0.05566676217156933 0.5473646560601736 0.0938239123370204 0.09589568787965277
1 0.31167388555165915 0.03495034935506919 0.043087526785361166 0.05254442496187504
3 0.2513790880667214 0.20751698679788175 0.05273526217486459 0.06838763050895835
1 0.06815530519228023 0.367313480148368 0.04125229139585782 0.03688305737069451
1 0.5160332922033415 0.6382532680486801 0.03522047970746058 0.04923758700597229
2 0.7452021895228281 0.9166282687142703 0.059394365259119654 0.09197060087368066
2 0.9398472986994584 0.24698399667843676 0.04368754464226896 0.08691942496187507
2 0.5283714253193686 0.7630168787060064 0.07019549756436802 0.08441267401194459