2 0.7210700952419133 0.7116378578680292 0.27861699069063517 0.19105652645796595
6 0.21368266721041476 0.9112124779510185 0.22082267202418074 0.17757504409796318
2 0.1292638559039135 0.7150185696514182 0.0974022586728179 0.05038950361804453
2 0.6865005739974548 0.05473940467952594 0.10038180800445425 0.03805327792830413
2 0.3819690432050059 0.9549154299520971 0.08406701201463562 0.09016914009580575
1 0.9170178472310957 0.8016431394143779 0.04414998933799978 0.03666784034363317
3 0.7416087672263231 0.8276280280398456 0.059902258672817864 0.04842421189493038
1 0.5600940432050059 0.9752422551999242 0.03166817067154533 0.03757524310259512
1 0.362468896602503 0.4919406750330566 0.04405908267027261 0.028855340343633174
2 0.1240898386378195 0.2191328595655099 0.08179544000636337 0.05113313206674715
2 0.8017886719844098 0.15693374773669247 0.08163180800445424 0.0370706320667471
2 0.24328309193986639 0.45598880766563055 0.07723520934118148 0.06182497060135787