2 0.2908169393023662 0.3167116236990041 0.29337833703942995 0.22000039800926352
6 0.8163522287263694 0.16774509497773046 0.2371010659621909 0.21236496042459257
2 0.8823868157657995 0.3758309119156152 0.10188066256778683 0.06001016508343389
2 0.26885364011580565 0.9716104856393631 0.1033886204133089 0.050717052238563556
2 0.6519579306199634 0.10211569368910653 0.09442268657189175 0.1205382293077851
1 0.10352095150081049 0.20770735866099876 0.047102258976990455 0.041519114653892505
3 0.2807692527304745 0.2005953007682256 0.06435339149054772 0.05335737336031983
1 0.47450509631100796 0.0740715015818797 0.03616475897699054 0.040945904567984304
1 0.630484469062008 0.5727214427845955 0.0470568071815924 0.033706614653892686
2 0.8446343692349586 0.8674518458822416 0.08625566256778683 0.059191293532136056
2 0.16276220051885187 0.8590518526681048 0.08461134933607006 0.04504690637700648
2 0.7471361587571576 0.6210095358417619 0.08163179508134384 0.06988313206674715