1 0.7566770994341023 0.3691077582676584 0.0872466298696164 0.07900260339082213
2 0.43962241842939564 0.6154903368464869 0.1252102800317722 0.10731169396136267
3 0.49435792613673807 0.07775705045255679 0.08990797970746059 0.052585652605033874
2 0.2053626465152984 0.8219435822983729 0.07280230032431163 0.056472631926869354
2 0.12600379789197486 0.35146195430044497 0.07576365909060953 0.04724318114108117
2 0.251939006496117 0.3932941974760194 0.11970457386326191 0.06021837014004525
2 0.5233762609636392 0.878977102147968 0.08721935633066594 0.07744010339082194
1 0.7414523307697113 0.9989695398038883 0.0631272913958579 0.0020609203922234086
2 0.7653939857998358 0.6760127297316112 0.08058752678536116 0.05527400496239885
2 0.9220667256535661 0.6590714404421968 0.0559966298696164 0.07754711124870503
2 0.3852041051194406 0.8662865494190995 0.0839579886359143 0.06948205417661057
2 0.7442025986233235 0.5014472233214703 0.0935239034085665 0.08085620181924558
2 0.6467584030048249 0.2607793738595896 0.09387845941492116 0.10116870181924557
2 0.43900698945328376 0.7851307487571457 0.05451595048646727 0.082161836641599
2 0.05864555925935587 0.8956442938375282 0.053779564934808156 0.039974336641598995
1 0.6901916140478942 0.8632900978047416 0.05531479139585791 0.03848461124870504
1 0.8966730336885153 0.5460791348178444 0.04574887662320535 0.027110463606069855