1 0.2862053363869042 0.2868768405248662 0.08814180913596861 0.07433006175762476
2 0.4965984452750455 0.6169293680384662 0.12382700361804452 0.10033027210332382
3 0.6167537307781231 0.10088448238251575 0.08831222749876275 0.047813025864247474
2 0.6445192096356823 0.8849161530739138 0.07301477611928178 0.05360838479802084
2 0.866424023632891 0.4727668087216169 0.07408595318850324 0.04427884890464338
2 0.7381761929001963 0.471382501978557 0.11668288896415202 0.05331887978345566
2 0.3364920256690559 0.8352665279093114 0.08485303482570909 0.0711141335443795
1 0.09399026515360631 0.8939355195960413 0.06265713025772479 0.03458560015828453
3 0.01201980664957774 0.8775627103456991 0.02403961329915548 0.04887542069139812
2 0.1806768741532893 0.5686149223407506 0.0807453889641521 0.05227320533113407
2 0.04332736035847941 0.5020231527447093 0.05524742198083883 0.07181281551854841
2 0.4670083632991555 0.868014494918928 0.08288109905006032 0.06325616943775678
2 0.2560940332438294 0.41353862892552584 0.09282930913596861 0.07446645407749272
2 0.4210174276350484 0.22272707548117135 0.09241322930778502 0.09629598997087019
2 0.44293345545181084 0.7749859089464085 0.057219357756487635 0.07967077962517095
2 0.7550705280439051 0.9902722766556703 0.05196529172311415 0.01945544668865935
1 0.18989034260694057 0.7660582236735342 0.0550084045679843 0.03748327962517113
1 0.1023515575540889 0.4059354144231918 0.0449783073269463 0.024710494985435004