1 0.2751828489432866 0.2904513520921002 0.07692611436318471 0.06517362141421187
2 0.5448742219888741 0.5771874271423585 0.10986587939029953 0.08819445916315996
3 0.5706942950813441 0.04570924864923762 0.08302157825883114 0.03882937622353535
2 0.7400377728257548 0.8133902780533322 0.06587953005422928 0.0460416754978958
2 0.8859027012062229 0.36601922633190104 0.06894998789975162 0.036775802902557685
2 0.7586634903356385 0.38843491807186575 0.11271816861791066 0.04142858656782158
2 0.42518038728713525 0.8220411140729998 0.07691702400410509 0.06361112141421188
1 0.19447580883191234 0.9238665420179665 0.05952953610435352 0.028635920688572368
3 0.07964569437053179 0.9302207241392842 0.07834316861791082 0.04022818511654265
2 0.031426362988442605 0.969412198911541 0.05184430113146815 0.050238102176918174
2 0.22221797198887416 0.5884548316736802 0.07367384933607006 0.04318949400955017
2 0.07351685157556524 0.5483258833951115 0.04413179508134395 0.06715278366526398
2 0.5604093601597723 0.8298213538213808 0.07531816256778665 0.05730655771188111
2 0.2681293939264347 0.42119292060375446 0.08473861436318471 0.06544643992586625
2 0.3981340147325271 0.20254706960796262 0.07861587939029935 0.08710318511654283
2 0.5200474596922341 0.7421502282308176 0.04417724687674216 0.07496528366526398
2 0.8702934202682308 0.9065177407598715 0.048619307181592575 0.03294147477225664
1 0.26709972169428653 0.7814582980084162 0.050172716822512696 0.03143353847458741
1 0.11431859269677067 0.4429736952833438 0.04229658430895542 0.020223219962933036