2 0.20818946751586237 0.1234375 0.1064335384745874 0.05
2 0.14655004075202208 0.434375 0.10307541469812276 0.1328125
2 0.0945088471979588 0.6046875 0.07271330290255765 0.06875
2 0.18270078404378212 0.80859375 0.0692063569862417 0.0578125
2 0.22979407197021534 0.55625 0.054161710344286185 0.0296875
2 0.27789678838976933 0.275 0.06062996515360961 0.0359375
2 0.2655207847615723 0.3609375 0.07598214664195542 0.028125
4 0.41861853602751664 0.115625 0.060411710344286364 0.0296875
2 0.5709077223251858 0.1171875 0.05637897477225664 0.0484375
2 0.39860859247345337 0.2859375 0.06677083774894799 0.0328125
2 0.9158059830401409 0.509375 0.07901786660488845 0.0703125
2 0.7648164350317248 0.246875 0.09754961179556502 0.0640625
2 0.4909770755135943 0.7953125 0.10481647477225664 0.0484375
2 0.35911944030438436 0.76796875 0.06048612141421188 0.0765625
2 0.6930108345840871 0.58046875 0.05692461179556503 0.0640625
2 0.5793551062684514 0.38984375 0.07441964664195541 0.028125
2 0.5713491441100667 0.4625 0.07129464664195542 0.028125
2 0.440944881496195 0.43828125 0.09026290145127884 0.034375
2 0.6156893880347989 0.7140625 0.051364092558271325 0.0390625
2 0.7426586266020536 0.76953125 0.07011409255827132 0.0390625
2 0.7409275564459368 0.1703125 0.057395837748947895 0.0328125
2 0.8369493845762378 0.15 0.07581845553496294 0.0234375
2 0.8317732673383771 0.34296875 0.05040179328391083 0.05625
2 0.08370523413644934 0.9140625 0.07825397477225653 0.0484375
2 0.09570423713167422 0.95078125 0.06035714664195542 0.028125
2 0.5283257641735162 0.95625 0.09442461179556502 0.0640625
2 0.645758800834005 0.94921875 0.059613102176918176 0.0515625
2 0.8435812311412245 0.87734375 0.06257441106992587 0.046875
2 0.34414429256612056 0.39140625 0.06393850362819702 0.0859375
2 0.3469567793192767 0.48984375 0.1074702488188736 0.0796875
4 0.8643054812260423 0.55234375 0.06386409255827133 0.0390625
2 0.9308357607149553 0.3921875 0.05141865626060209 0.040625