2 0.1313716396400153 0.8330364168012473 0.11824405771188107 0.077018241882325
2 0.142596794001701 0.5060881331160272 0.1367609339354164 0.1601034772718286
2 0.12837305897782544 0.3223580154212755 0.08888393992586621 0.0858750446422687
2 0.26721976025161903 0.13973820454365712 0.0838690577118811 0.07641822402541765
2 0.2561558077966991 0.4042273985373027 0.06235615626060227 0.041688668019063256
2 0.23987856568606541 0.698294998375147 0.07049603847458741 0.05120003571381489
2 0.2468974028020412 0.6086285263783242 0.08444941106992569 0.04832049756436803
4 0.346671746626257 0.8945717548679687 0.06871528366526398 0.04492276217486477
2 0.5033136162263704 0.9308792219935274 0.06937004809323426 0.06367276217486477
2 0.36547876641170485 0.7176643814911742 0.07674603847458741 0.0513091298696164
2 0.9485690302067029 0.6239993453670267 0.09842263103285873 0.0907261858759707
2 0.7323984263005041 0.8505543425276529 0.11237600362819719 0.08784664772652384
2 0.579595763879816 0.2310758652558244 0.11657243030721923 0.0738659683433748
2 0.43886163647515436 0.22549624675029384 0.07972719473518967 0.09196140340856669
2 0.7372545295737307 0.4977293514561067 0.07298612141421187 0.07778980925276535
2 0.5757962183184706 0.6588735827884203 0.08283234736759475 0.04673072402541774
2 0.5848959106065894 0.5840781343305479 0.07970734736759474 0.04667617694751698
2 0.4448339057972661 0.5753871525944925 0.10196429328391084 0.057995506492821744
2 0.6889112548941414 0.3430730791349724 0.06106647477225664 0.04947389448011297
2 0.8325149219545167 0.31903338148787885 0.08159722958157971 0.056078450486467354
2 0.6895685747565581 0.9208571598980931 0.06569941106992552 0.04799321509696384
2 0.7840378265706566 0.9654486854656383 0.08272321996293322 0.043605724025417555
2 0.8232838319281341 0.7701595048646734 0.06328373920022692 0.06825116801906325
2 0.1912797644279703 0.022077371751941476 0.08880952885594055 0.03902731818121904
2 0.6562524892002267 0.07860147605071728 0.11086806733052797 0.08938187418757346
2 0.7754216406515055 0.11503562824146796 0.07098711179556502 0.06526253571381498
2 0.9616270138798161 0.23774424552918255 0.0740029843909035 0.06219208279171564
2 0.3347694250345598 0.5984507313290184 0.08635914065150559 0.10300799756436803
2 0.36099212993655044 0.4997501785690748 0.12871033175849816 0.1084318831160271
4 0.906034300625123 0.568602733354318 0.07534722958157972 0.05596935633066593
2 0.9364187489885097 0.7455879732080481 0.06117560217691818 0.05259889448011297