2 0.08502979754508007 0.2674900895630465 0.06631945916315991 0.11155754809323426
2 0.38873266170289783 0.1828993570710597 0.1493502139724833 0.12069942431676961
2 0.5519022950980094 0.11837060951813042 0.07929068511654283 0.08079862141421197
2 0.7753422842982362 0.1932788733979465 0.0682440577118811 0.07729167549789592
2 0.5271528101589518 0.25874014917384414 0.036339293283910834 0.057450401451278846
2 0.25100202712666003 0.32790677830778636 0.044424611795565117 0.06553571996293303
2 0.33617563529402805 0.30903278193598344 0.04033731252120454 0.08255952885594056
4 0.11440730661557275 0.48309773139567846 0.03822917549789593 0.06687996515360961
2 0.1431920494439966 0.6370411869306414 0.05832342068857255 0.061339293283910835
2 0.28335571405730137 0.44998267494974176 0.0431349303072194 0.07329365626060227
2 0.6015700669520098 0.9576724066194974 0.08268850362819702 0.0846551867610053
2 0.3089510026167067 0.8254191845683886 0.07703870435383653 0.10568949400955034
2 0.8159425247644073 0.5068155837422328 0.06313989546082902 0.10988592068857236
2 0.7645114556197808 0.37470992267230707 0.08515873920022674 0.0700793762235353
2 0.6340650753047122 0.7283110939090338 0.07254961179556503 0.06651786660488845
2 0.42058043946253 0.6256597759455337 0.04022818511654265 0.07943452885594056
2 0.49347230243922147 0.6125992699550838 0.038556557711881115 0.07625496515360979
2 0.4452207969969259 0.4821652362898199 0.04858632213985139 0.09533234736759474
2 0.7558458168671918 0.6404886900955022 0.045659729581580065 0.05621528366526398
2 0.8351017856489985 0.7649827478073833 0.047876994009550346 0.07501984736759475
2 0.22712808374223278 0.8061756220471841 0.041135920688572546 0.060739092558271326
2 0.22358891069140752 0.9059300853866953 0.03392362141421188 0.07765377404661714
2 0.41875507775178294 0.8862153300292178 0.06279266587924912 0.055252984390903495
2 0.8643824477304145 0.08402541368663242 0.05903274881887377 0.08165179328391081
2 0.9045262980932343 0.09401053809606924 0.03817461179556503 0.06531746515360967
2 0.9726736412844778 0.5329118361893034 0.054652717431044454 0.10401786660488846
2 0.9852852578893664 0.654360250254454 0.029429484221267187 0.0642460384745874
2 0.9617312622353535 0.8606995302915209 0.056979175497895794 0.06753472958157972
2 0.3810094748570746 0.38628725189891655 0.09620536660488854 0.07358632213985139
2 0.48154518819658565 0.3827753606992568 0.0977877139724832 0.1188988221398514
4 0.6370784918169334 0.903983216504372 0.04933036660488845 0.07194941106992588
2 0.4861459635939651 0.9778013681449099 0.04878472958158007 0.044397263710180115