2 0.8324905880840905 0.1501803872871353 0.07050637978345549 0.11445338544042358
2 0.5083173021907134 0.14673163777811463 0.15354620031656907 0.12274767447164328
2 0.32841685352349687 0.12615045130441876 0.08209709765100212 0.08327610831306051
2 0.13087060062050299 0.25549199677854617 0.07102320533113407 0.07852497579950324
2 0.39497856472712567 0.25546576746300154 0.03922763605166182 0.05959316861791084
2 0.6873479211536164 0.25091566461089004 0.0488299565847754 0.06746021077238851
2 0.5981717608870596 0.2543037641433519 0.0429891335443795 0.08148634933607006
4 0.8684722375300946 0.36370707698228494 0.042579956584775404 0.06742384933607007
2 0.8873860589211379 0.5193121823684793 0.061193564264907255 0.0628454336450254
2 0.6915460246771132 0.3751798664062882 0.04588681301126592 0.07369203005422928
2 0.5327413937065233 0.945446393730043 0.08540395407749272 0.08954428903121965
2 0.7809074237274058 0.7413866493873836 0.08121655925034225 0.10670451795398073
2 0.18588574340258943 0.5668022015008105 0.06729045157021032 0.11131020472226431
2 0.19698603094531938 0.4269993581166688 0.08959134890464338 0.07238406010845858
2 0.43111201220720796 0.7323191589535494 0.07695495658477522 0.06762383723582169
2 0.609808976709542 0.5794264839909267 0.042898205331134066 0.07836134933607006
2 0.5346271202830513 0.585240146755105 0.042807277117888634 0.07523634933607007
2 0.5433154616658472 0.4477674178323439 0.052818774610606314 0.09716589149054773
2 0.2857600597790677 0.6791209152000652 0.046949207838416565 0.056513620413308985
2 0.24494954018302645 0.8195322917616942 0.05222774122451135 0.07685339149054755
2 0.8555042584462843 0.7019701462641258 0.04400606426490725 0.06274543969514959
2 0.8886684479423007 0.7974917245229569 0.03669366943775678 0.07988748789975161
2 0.6908614337565357 0.8283775892789251 0.06574467194503927 0.058185204722264315
2 0.020724025468536054 0.17356931020665445 0.04144805093707211 0.0815136204133089
2 0.034880319114869975 0.6346522559519283 0.06976063822973995 0.1035795179539809
2 0.049157318554556365 0.7543198613381226 0.061239028371529926 0.0644079336450254
2 0.14917037575983463 0.9424334605759966 0.058295884798020656 0.07063975292686635
2 0.5769212350228121 0.3401321798343965 0.09905727711788863 0.07556360226293632
2 0.47706598753009466 0.36142994203284073 0.10189277210332363 0.11932269262201593
4 0.4824518886919583 0.9013964118804155 0.05365384890464338 0.07217498184962742
2 0.6540624642396367 0.9383383965587132 0.05007420783841639 0.05653180113146803