2 0.9167748482162864 0.2707306212034714 0.06915119480442442 0.11406380642076393
2 0.6179163827122853 0.16757513250572864 0.1521273360381265 0.1253662887533335
2 0.457602219968228 0.09087042819291628 0.08110572402541756 0.0831047471502084
2 0.23241525933549084 0.1515579275273262 0.07011367694751698 0.0797251740119445
2 0.47696805438479667 0.2341112819163885 0.038509120941162676 0.058685322188333444
2 0.7495640288172514 0.32069751966420074 0.044895488635914305 0.06664329255305557
2 0.6656526789794072 0.29609886958795084 0.04204322402541756 0.0821955573706945
4 0.8802395101495651 0.48477559061826314 0.04023526217486477 0.06809668977951393
2 0.8463167033324318 0.6386279424418743 0.05887616801906326 0.06228310087368065
2 0.7131026030875504 0.44102885667017305 0.045031856330665934 0.07445579255305575
2 0.3781125795518953 0.9314421832269094 0.08436709172016936 0.0909899823325695
2 0.6753205905089439 0.8159749584937842 0.07997960064862326 0.10806837955902786
2 0.180880438314898 0.46434952146715264 0.06597164772652384 0.11086607123840295
2 0.23622823173935076 0.3357692733670137 0.08716480925276535 0.07231271751493065
2 0.3540786103944463 0.6977217998681594 0.07461026217486459 0.06889677678548622
2 0.5696138814977647 0.6083644398764232 0.04198867694751698 0.07907055737069442
2 0.498079800734644 0.5905060990707287 0.0419341298696164 0.07594555737069442
2 0.5510702073896214 0.46276165235736066 0.0516636858759707 0.09647626291777786
2 0.23549798011779294 0.6013033543890624 0.04629434740221221 0.057304660144236054
2 0.15217519115756709 0.7219444691304513 0.04971935633066597 0.0745648953265972
2 0.7567751420510715 0.8023650937523952 0.04325116801906326 0.06191942496187508
2 0.7565921355582498 0.9023287261612147 0.03573867694751698 0.07892508700597248
2 0.5634967004930579 0.8693383074676037 0.06504434740221221 0.057741071238402955
2 0.147714751217816 0.03963365653513884 0.06079322402541769 0.07926731307027768
2 0.1077755438314898 0.0443474524129513 0.038645488635914306 0.06649782218833336
2 0.02592375162485308 0.48055901576756943 0.05184750324970616 0.10138196846486114
2 0.011442465911038124 0.6003993902926041 0.022884931822076248 0.0648262194147918
2 0.025651218955578103 0.8093016116072569 0.051302437911156205 0.0700592332825
2 0.6182497991097909 0.3721717135277772 0.09815685633066593 0.0756922906531945
2 0.5184952609603439 0.3604367393633329 0.10051028896022593 0.12104115824437507
4 0.3455279504930579 0.8744115864372913 0.051254582791715644 0.0730387629177777
2 0.4931784720034134 0.9607822314795481 0.04939207386326174 0.055814895326597024