2 0.8579896594086268 0.13242532007786226 0.06572795157021005 0.11348417984777566
2 0.5363730721824661 0.1275401377958097 0.14867684389007857 0.12154603064607841
2 0.35584448620994646 0.10595559235816472 0.07883570533113407 0.08124468281352519
2 0.16086225831327022 0.23279130087485242 0.06780727711788867 0.07767401384016441
2 0.4237259711662517 0.2345952455141947 0.0360571719450391 0.059213173916276673
2 0.7146010237526765 0.23134693422203786 0.044096992478152686 0.06734400889724856
2 0.6263197737526764 0.23494411950702093 0.039864133544379496 0.08277800790866544
4 0.8954909740692456 0.34599573015397445 0.03784699247815269 0.06708934091247105
2 0.9156623847315137 0.5016090601920304 0.05802310015828453 0.06322951186299815
2 0.7198006522824909 0.35628326722584347 0.042716348904643375 0.07353034190105419
2 0.5650285165600335 0.9241923033091293 0.08218802586424748 0.08918451680591381
2 0.811021663498755 0.7225356669218324 0.07643813103709682 0.1061173488211363
2 0.21685281169111778 0.5441625409890207 0.06251202335696497 0.11023184585538673
2 0.2268917382550105 0.4053082880232711 0.08637542069139795 0.07218801779449713
2 0.4626152557394807 0.7109203235750844 0.07373902837152997 0.0669911818249421
2 0.6389013079301942 0.5598167855146322 0.039773205331134064 0.07965300790866543
2 0.5647507540901281 0.5651847178338658 0.03811977711788863 0.07646434091247105
2 0.5717101447606435 0.428020298860505 0.04804034639736088 0.09559634288963732
2 0.3163336376345075 0.6566532707230656 0.045341243731793844 0.05647017589344294
2 0.2773884610706148 0.7966853631184113 0.049011813011266 0.07534750988583169
2 0.8849759890464334 0.6835421511045016 0.04079013605166182 0.06096667490485981
2 0.9182407816037281 0.7783943946787109 0.033477741224511345 0.07783583992388791
2 0.7211982970431344 0.8075420196973013 0.06409124373179384 0.05723417984777583
2 0.04039298244902275 0.151660659087529 0.05856866943775674 0.0819795118629981
2 0.013549337621872243 0.16996233152093082 0.019096992478152608 0.06632533695813833
2 0.06003216184940234 0.6115622411027515 0.07795516693047429 0.10461851581733086
2 0.08228289805934878 0.7311107371484187 0.05806856426490725 0.06479201186299814
2 0.18240623317393856 0.9194463838786581 0.05664245658477527 0.06941584486680377
2 0.6061413175636126 0.32102354095183966 0.09584134890464338 0.07569501977166349
2 0.5058374406831507 0.34153631220637787 0.09711434389007838 0.11944501977166358
4 0.5136873254146643 0.8801358971873497 0.04892088479802048 0.0722225098858317
2 0.685318284506722 0.9185086946021611 0.04846624373179385 0.0565975098858317