2 0.06516332589114629 0.5532191993380462 0.07521951196784729 0.0799829065339754
2 0.1631644147969796 0.5390539995857153 0.09640483415618065 0.11842897642635145
2 0.42762499866881976 0.46786832009726387 0.13296058320625015 0.14666529238978612
2 0.3586633252255562 0.790864864349077 0.09342530452090295 0.12453342721213971
6 0.5226011514979522 0.9172271762811264 0.23219817021222228 0.16554564743774733
1 0.67701328172257 0.7885233841986719 0.08343205547083343 0.09753427956950453
2 0.5403666136945493 0.7517232433804623 0.09004573138263901 0.11345037799792798
2 0.6379670058870144 0.6868131809316842 0.04513196846486114 0.061412688998963995
2 0.743395469033542 0.4888187907326472 0.07296733415618065 0.11733735731976366
6 0.5171193372903128 0.2558649338271683 0.04673083605604163 0.06304796360606986
2 0.29258884992375006 0.09791107692168947 0.08633884992375007 0.0883048287837163
2 0.8720276556789239 0.41598922042598624 0.10047408510611114 0.09208480024766903
6 0.7313448382402432 0.23930894230422367 0.040699041603125076 0.0721318651776464
2 0.8695903738594446 0.27774435772953915 0.05312630642076428 0.0695890620344933
4 0.6277231029609729 0.8502207094677315 0.04956489532659738 0.05069351282028158
6 0.3409562275829169 0.23127154052775936 0.057668336056041714 0.0635573858558109
6 0.5897353004368403 0.056342276878908235 0.040153527735416715 0.04869436517764643