2 0.09751340287050363 0.637163034903036 0.06445864767057934 0.06825116801906325
2 0.18781749830251931 0.5996163961049661 0.08344766508343389 0.10292617694751698
2 0.4280186951594446 0.4679634269508123 0.11576219810012063 0.12378414772652384
2 0.42666971562451683 0.8003219594182163 0.07752521370395282 0.10906708279171581
6 0.6098717192425614 0.8940877759778776 0.2151823439616777 0.14425238068039548
1 0.7299341564885482 0.7230877090144745 0.0715275192218769 0.0839852621748646
2 0.5921066078680293 0.7192377804421045 0.07703389077317446 0.09969208279171564
2 0.6728000079134577 0.6325951225693109 0.03724105042954129 0.05528751785690744
2 0.7325523869279872 0.41494792654707047 0.05869332654882307 0.10717730032431164
6 0.4700513076656305 0.24045998985702557 0.03724105042954129 0.05528751785690744
2 0.22389892469437228 0.13919136485537792 0.0787668091359686 0.07318412986961631
2 0.8414150525772479 0.31373820820369563 0.09134869629109836 0.07496481818121907
6 0.6714633214604404 0.17438715625453102 0.03156426051544958 0.06611592370110611
2 0.8108943136585243 0.17899106128795078 0.04529921189493038 0.0601113855516592
4 0.695378772046952 0.7948496607187578 0.04439845318850324 0.04292388555165907
6 0.2966104856393632 0.2583447394499885 0.05130355042954129 0.055532979707460586
6 0.5003209045679843 0.027237241074841545 0.03206222749876275 0.045830697240056464