2 0.0734375 0.6484375 0.059375 0.06484375
2 0.16328125 0.609375 0.07421875 0.09765625
2 0.40234375 0.475 0.10390625 0.11796875
2 0.3953125 0.80390625 0.06875 0.10546875
6 0.575 0.89375 0.2 0.1328125
1 0.69609375 0.721875 0.0640625 0.08046875
2 0.559375 0.72109375 0.0671875 0.0953125
2 0.64140625 0.63359375 0.03203125 0.053125
2 0.7046875 0.4171875 0.04921875 0.10390625
6 0.44765625 0.2484375 0.0328125 0.05390625
2 0.20625 0.153125 0.0703125 0.06875
2 0.81328125 0.31484375 0.084375 0.06953125
6 0.64765625 0.18046875 0.02578125 0.0640625
2 0.7859375 0.18203125 0.040625 0.0578125
4 0.6609375 0.79375 0.03984375 0.03984375
6 0.2765625 0.26953125 0.046875 0.053125
6 0.48125 0.03671875 0.02890625 0.04296875