2 0.948322308342999 0.6931332754770431 0.07103619629109836 0.07382838544042354
2 0.8528969436891065 0.6467991518422803 0.090025213703953 0.10830337939029935
2 0.6031382038658719 0.48882861232008123 0.12414790818602892 0.13349427693097127
2 0.6049109023046768 0.8357990610904172 0.08582903663473136 0.11765110831306061
6 0.4131162279489887 0.9189711511549092 0.2284193283578455 0.15596924063022613
1 0.28828224502315897 0.7290142925472611 0.07810506784239593 0.08948974687674198
2 0.4317013743763726 0.7367762746914761 0.08361143939369331 0.1051420179539809
2 0.34771812075832803 0.6403603378249969 0.0405298247398008 0.05803066861791084
2 0.28395443464399495 0.4078478196746242 0.0668333751693421 0.11285452400410509
6 0.5591956948207603 0.24682291950167362 0.0405298247398008 0.05803066861791084
2 0.8165334820213186 0.16170653435583762 0.08369997060135788 0.07702610831306052
2 0.17164478516439335 0.2928409640920382 0.09792624491161735 0.08023292154477701
6 0.3499634577110591 0.16129500654110354 0.0364155348257091 0.06894089754067201
2 0.2034602719354103 0.15433245511504778 0.050232373360319826 0.06433521077238855
4 0.3236266027796466 0.8069574853656688 0.04760534034363299 0.04401362041330899
6 0.7399034622336148 0.2801570733870574 0.056236711894930555 0.05968407220870695
6 0.5278317509045112 0.02234639647002231 0.03683161465389269 0.04469279294004462