2 0.0639130504748537 0.18042498764271034 0.06656302586424748 0.08854784684397003
2 0.2563793467930723 0.23593886410699455 0.09910274122451135 0.08050985376405224
2 0.4240335112162641 0.35269132950658344 0.10136392319868044 0.050949687756441084
3 0.5946308192129651 0.46306646091378356 0.08988085391920819 0.03175401878308026
0 0.07011288935036716 0.33973632064651593 0.07659124373179385 0.05774351581733086
2 0.24348482251167045 0.7605223700384937 0.12217652837152997 0.068964858706968
3 0.4103457135778973 0.7693668349437909 0.05627874373179385 0.05691584486680377
2 0.5054740086424746 0.8397973986702247 0.05025606426490725 0.0644736768820259
2 0.8120038388090066 0.5950009159332492 0.08909124373179367 0.058252851786885884
2 0.8705079752563798 0.804586821560737 0.10356292069139812 0.07288835475263547
2 0.6949323475844951 0.523117940153537 0.06809678213245363 0.033987680836358794
2 0.03884043810936121 0.8509894970342504 0.029307066772189715 0.04177100593149916
2 0.9799555876218722 0.3313655443746997 0.040088824756255546 0.06297484387822054