2 0.23046875 0.96015625 0.0796875 0.06796875
2 0.271875 0.76171875 0.06640625 0.0890625
2 0.37578125 0.58984375 0.0359375 0.0953125
3 0.471875 0.41484375 0.01953125 0.08671875
0 0.384375 0.9359375 0.0453125 0.06875
2 0.78359375 0.7359375 0.05078125 0.1125
3 0.7828125 0.571875 0.04921875 0.0484375
2 0.84453125 0.47421875 0.05625 0.04140625
2 0.5875 0.19296875 0.04609375 0.08125
2 0.7875 0.1203125 0.0578125 0.09296875
2 0.525 0.3125 0.0234375 0.06484375
2 0.88671875 0.94765625 0.0328125 0.0625
2 0.3203125 0.03359375 0.05390625 0.06640625