2 0.9367996421319708 0.7800038348009651 0.05450379353213641 0.08855788896415202
2 0.747402949458917 0.7465761018751355 0.09916119629109836 0.07843261646291495
2 0.5700392673013128 0.6479737483025193 0.10237472749876275 0.05055327792830404
3 0.39148489936805997 0.5571429511523384 0.09045458163720577 0.031230067842395924
0 0.9197426961795567 0.6271311403188891 0.07457727611928178 0.05532930913596843
2 0.7038675491863459 0.23195367989429663 0.12038109905006031 0.06707903663473136
3 0.5389861776350484 0.23898052860567268 0.057553550429541286 0.057553550429541286
2 0.43790503448702484 0.17962878278954414 0.048424211894930555 0.06174972749876284
2 0.16366751583097486 0.4496292650380053 0.08715916327441157 0.05754690637700666
2 0.08323746664462896 0.25034856004047973 0.10195864767057931 0.07234639077317437
2 0.2859652397116931 0.5077427374483855 0.06874335594746528 0.033208647670579336
2 0.9133797472864664 0.12072401006116436 0.06759029172311415 0.040939260515449584
2 0.024008551561195086 0.7252766389641521 0.04801710312239017 0.06141553482570892