2 0.14677614516594498 0.9682886646133048 0.08670378742738745 0.052946439925866076
2 0.2012218583577301 0.7706125672457098 0.07311647642635144 0.09615080290255769
2 0.3182574627820095 0.5855703899337155 0.04215757485477489 0.10130952885594055
3 0.4283709791169478 0.3984299992822098 0.024533427212139712 0.09133432813030114
0 0.3114572293263448 0.9492782258685647 0.050222631926869446 0.07351191106992587
2 0.7399954139820826 0.7244989036438956 0.05865587014004525 0.12060516587924912
3 0.7472193707637269 0.5526511854950609 0.05389128742738727 0.051800602176918176
2 0.8168662448327135 0.4472617918483304 0.06141268899896417 0.04582342068857255
2 0.5603081455757206 0.1613888123515685 0.05236732878371626 0.08606647477225651
2 0.7739939640203547 0.07826874438806837 0.06544952564056317 0.09900298439090335
2 0.488824789703699 0.28946173784946444 0.028202082712657804 0.0696230192372937
2 0.8376194689872627 0.9394840081830665 0.037140435070022446 0.06057540145127902
2 0.28640838089341214 0.018908712706538967 0.05843323821317572 0.037817425413077935