2 0.9729645430860202 0.7221752328312588 0.016699418184115446 0.09111607332097763
2 0.8012486674591998 0.7107044755748648 0.10401756175762458 0.08792164065150558
2 0.6087633022572203 0.6335987946346732 0.10315374373179384 0.05823414065150558
3 0.4152920985754389 0.5634970818433163 0.0916706744523216 0.03910219473518968
0 0.9516387755350431 0.5681499317427997 0.06735263605166182 0.0616666754978958
2 0.6895529303248165 0.19534731568606542 0.1255743130112661 0.07774803248413761
3 0.5237317020324287 0.22318459509016014 0.061102636051661816 0.06144842068857255
2 0.4140671970178638 0.17556057222466936 0.05498902837152997 0.06591766587924912
2 0.1720936795333936 0.48227433057737185 0.09400606426490725 0.06571925843752044
2 0.06429085438142666 0.2900372121583848 0.10847774122451137 0.08027283175849824
2 0.30298832686782656 0.5259474634243292 0.06984113855894432 0.03990080290255769
2 0.8851418781341032 0.058281369221595256 0.06850595909205807 0.047658739200226785
2 0.054725356955216145 0.7800446532653773 0.0753469924781526 0.06818949400955017