2 0.10447419047402037 0.11860052995603343 0.09088294954451306 0.09738406010845861
2 0.29600443684582334 0.20566977966144587 0.10930556733052796 0.08811814441741399
2 0.44489082623138465 0.3503151800307882 0.1082688569862416 0.05843064441741408
3 0.5987102522774347 0.4879566014773694 0.09355159255827132 0.03959883118569749
0 0.08939728358044595 0.2818272378015557 0.08181548439090339 0.06140110831306052
2 0.19151527805333232 0.7364198099120669 0.12923612141421198 0.07729881908544911
3 0.3598461266020535 0.7717811138722054 0.06150298439090331 0.06128293364502539
2 0.44356387297385635 0.8582231288011242 0.05703373920022692 0.06750566256778648
2 0.7951884042768678 0.65710255297818 0.09447917549789579 0.06616133118569749
2 0.8187176403970515 0.8783781101597722 0.11059524881887342 0.08031473477649342
2 0.6889780990120574 0.5658412278426066 0.07323909255827132 0.03948065651766246