3 0.6860861355549545 0.46733064631030985 0.0580773271096728 0.10697951186299814
3 0.3681978372625331 0.8976614975657231 0.06518071509696402 0.06667284684397004
3 0.2025552463531426 0.8471309624710205 0.040426176947516976 0.07971667490485998
4 0.6717455771162634 0.8857941448274351 0.0794341298696164 0.07818334980971961
7 0.5836275629095086 0.5593178750557716 0.04451365909060954 0.04553267589344294
7 0.5619448465914333 0.09951445212807813 0.04286933847375849 0.04078150889724859
7 0.7416829395294187 0.05914807319233596 0.03522047970746058 0.04983817391627661
4 0.9585651075517772 0.4885967871462311 0.06846935633066593 0.0761751808363588
4 0.6029441732973643 0.30367271151961833 0.060684129869616396 0.0774193458553869
2 0.3084384224865854 0.42457948323126704 0.07976141233702042 0.09693334980971961
2 0.5081305052783011 0.3607901917479548 0.054461403408566686 0.0787271778706093
2 0.5008612962671217 0.15018827277459407 0.05103639448011297 0.061412343878220546
2 0.45515905844198645 0.08109076288876231 0.06482615909060954 0.046360346843970036
2 0.6035177284962352 0.897868380492979 0.040262535713814884 0.07034167490485999
5 0.45116429586667534 0.9370051818621231 0.038972771103318496 0.08590300790866508
5 0.5068081440796665 0.7500755262346352 0.05539661201270896 0.04285334486680377
4 0.369140548706049 0.7092847470714315 0.025763659090609535 0.04476867193911023
2 0.9496484346647452 0.8650637866519396 0.04653980925276535 0.0721588428896375
2 0.6141891850651918 0.06255296300249305 0.09338753571381489 0.0725063527754691
2 0.5961192491892211 0.15719695954245194 0.03530230032431163 0.05452567391627663
2 0.9416072528426691 0.295581616195704 0.04281479139585791 0.037656508897248565
2 0.5406214513005415 0.2909697816718427 0.0459670649348082 0.03934634288963732
4 0.5696957021146157 0.6408397890862164 0.04769320616851012 0.0487850098858317
4 0.289799290992116 0.2830949787826428 0.04607615909060954 0.04559634288963732
7 0.3402844862035776 0.3469147396570577 0.028615923701106105 0.02927100593149907