3 0.5947996184341776 0.6871594807447237 0.10802310015828454 0.06217383068109026
3 0.12228079460235894 0.39113462468172655 0.06914245658477527 0.06796929734245412
3 0.15328543903379804 0.22202154535327182 0.08256845909205772 0.046257929344363104
4 0.17099004539378176 0.6962857486871354 0.08205163354437942 0.08217724801081765
7 0.4888558438235714 0.5890845127307244 0.04663095909205772 0.045839758672817865
7 0.9505458500917776 0.5397877781269488 0.04346049498543501 0.044240896005727136
7 0.9928373355103013 0.7192485588000848 0.014325328979397511 0.03789998933799978
4 0.607579729413015 0.9644780410367483 0.07865384890464319 0.0710439179265034
4 0.7498160758768828 0.5929020454328136 0.07994356426490726 0.06340906667727211
2 0.5914734123116208 0.30443788741245087 0.10084709765100222 0.08395792401336308
2 0.6807729076927672 0.5015043387571322 0.08136967194503927 0.05873974801081765
2 0.8918324281467385 0.48131165945253995 0.06243781551854823 0.05227157200827239
2 0.9551985946815013 0.43128493479467594 0.0488299565847754 0.0677329400063634
2 0.15108907086231782 0.6296704133513629 0.0715854949854351 0.04456816000954511
5 0.09355405251991775 0.47748974801081767 0.0855570667721897 0.04160679201145392
5 0.28855431545204147 0.5227129833704528 0.045386707838416564 0.056759077339272504
4 0.31256481380268886 0.38163399737427084 0.046130853919208195 0.028652258672817864
2 0.22598038842593032 0.9751596340109767 0.07332985141192579 0.049680731978046566
2 0.9780413981258558 0.5894156081317212 0.04391720374828836 0.09444089067472686
2 0.8969949527573446 0.5782139314528582 0.055733174452321774 0.0365738466740904
2 0.7995710011206272 0.9339906694382225 0.040335494985435004 0.044204533338636054
2 0.7542475116119756 0.5304747707669953 0.040426423198680436 0.04732953333863606
4 0.40579329123714664 0.5795271520528157 0.05140938730530316 0.04901930267345413
4 0.7312345942857899 0.2763867074315409 0.048284387305303156 0.048982940006363405
7 0.673473570070895 0.33116456675681405 0.030551318025830908 0.030032945337363427