3 0.5143648138007958 0.6835169128403462 0.10847834486680377 0.057779059250342255
3 0.8372585553606579 0.23844948759660167 0.06823534684397004 0.0659719924781526
3 0.7389908572240934 0.09191311988733988 0.08290534190105418 0.04298913354437941
4 0.9167974526223699 0.5396195310118264 0.08137201680591417 0.08196070533113406
7 0.5732066201128557 0.5535278844688163 0.04403384288963732 0.04654003087881229
7 0.12063205984646311 0.6762011356559505 0.04078150889724856 0.043324102665567035
7 0.13533518288788726 0.8642777971761484 0.05140067391627658 0.03582985141192587
4 0.6173438696557452 0.9456782805496079 0.07780134783255317 0.07093227711788899
4 0.3308692228883248 0.6528759812618885 0.0805443458553869 0.06164820533113406
2 0.36137648767989133 0.3266029862764534 0.09849584980971962 0.08089831050398359
2 0.35766253315471735 0.5425916991294348 0.07872717787060939 0.05535274122451135
2 0.15195104402913232 0.6002009253102515 0.06303851087441492 0.053335600158284535
2 0.07121303859192485 0.5767383447480082 0.04492518083635884 0.06841503087881229
2 0.9077142712917192 0.4702701374383171 0.07040534190105419 0.04262542069139794
5 0.8995304036875027 0.3078156015449398 0.08583934091247088 0.03839256175762475
5 0.7351734264249157 0.42053822506018934 0.04285334486680377 0.05586956677218975
4 0.6543306502274614 0.2985244842313894 0.046394838935304605 0.027880959092057723
2 0.971431919999125 0.8178294475465894 0.057136160001750015 0.048920884798020835
4 0.9351561107584967 0.8941933707452698 0.05596083992388756 0.032841243731793666
4 0.8819501977166349 0.9129493824237521 0.05576983893530461 0.02815374373179367
2 0.10045882269804436 0.7377978652019793 0.0725063527754691 0.09418792069139795
2 0.1869255633065042 0.6906978931777978 0.054462006920082205 0.03435827962517113
2 0.4238631250929526 0.9771198118241319 0.03689250494291585 0.024483174452321777
2 0.3011379605310351 0.5950778531277855 0.03778384288963732 0.04635817445232178
4 0.6490860292003846 0.5153399111909935 0.0487850098858317 0.048238923198680436
4 0.21770474212851565 0.35190216613905145 0.047222509885831786 0.048193459092057724
7 0.2955724155505007 0.3817056749145401 0.02933467292769345 0.030505853919208282