7 0.9466142387172288 0.10392807688408912 0.03417642319868044 0.04706589754067196
7 0.6878890742275301 0.4468957851223948 0.04626724623907634 0.033076120413308985
3 0.3649994920159342 0.38330896633153344 0.04561402837152997 0.06431703005422928
7 0.23211748119538153 0.16538514724608439 0.04065374373179385 0.054914758976990455
4 0.3070195074553404 0.4040618278660477 0.06900606426490725 0.06289088544042354
4 0.7479099657559753 0.14729576092189803 0.046949207838416565 0.056513620413308895
3 0.4596086130239013 0.5744521167990716 0.031005959092057722 0.0454852168225127
2 0.6400245725781775 0.3052350050681656 0.07011392319868044 0.04727497579950324
2 0.8103083288463836 0.2515474445669235 0.049710494985435005 0.044031801131468117
2 0.8400927687381115 0.30874232103035665 0.060284282132453626 0.031595433645025484
2 0.7099218839400908 0.23768441158582795 0.052517246239076346 0.03311248184962743
2 0.9456918993794969 0.26014626062731044 0.04305131802583091 0.029932939695149673
2 0.8319345909205775 0.4578883481577197 0.08338681301126591 0.07391019867214013