7 0.8984375 0.07890625 0.04375 0.02890625
7 0.55625 0.31875 0.03125 0.04296875
3 0.5984375 0.6296875 0.0609375 0.0390625
7 0.8 0.7609375 0.05078125 0.034375
4 0.57578125 0.68359375 0.05703125 0.0609375
4 0.84609375 0.26796875 0.05234375 0.040625
3 0.4203125 0.53359375 0.0421875 0.0265625
2 0.68828125 0.3671875 0.04140625 0.06484375
2 0.75 0.20546875 0.03984375 0.0453125
2 0.696875 0.1765625 0.028125 0.05546875
2 0.75703125 0.30234375 0.028125 0.046875
2 0.98046875 0.290625 0.02578125 0.04140625
2 0.74921875 0.0765625 0.02734375 0.0390625
2 0.553125 0.18046875 0.06640625 0.075