7 0.13810006525447918 0.03058285580511531 0.038663762917777775 0.05130952885594055
7 0.34481184545843785 0.4265476641499686 0.04931032218833335 0.039191474772256464
3 0.6721737792540281 0.4387600097882828 0.050001306420763926 0.06887897477225664
7 0.8341795507211808 0.255508544086519 0.045095600873680655 0.05934028366526398
4 0.7260443148732295 0.4726464256675319 0.07343880642076392 0.06969743030721923
4 0.32749117999586813 0.11838050008481801 0.051381968464861136 0.06112103847458741
3 0.5519190966927088 0.6047346954529799 0.03546602773541672 0.048075401451278844
2 0.41130640159486137 0.29850699890369164 0.07311149810013884 0.0556349303072194
2 0.25147550028434046 0.20627731496827523 0.05265352773541672 0.04867560217691817
2 0.21437619699770855 0.2557217542611693 0.06177395459715278 0.038065484390903404
2 0.3524022206490627 0.21604667376861544 0.05396145459715278 0.03779266587924912
2 0.11668227298576403 0.18361608656782163 0.04451371941479172 0.03434028366526398
2 0.2014430519554517 0.40436758538669526 0.08935474715020844 0.08274306733052797