7 0.16444294719152694 0.9895341569104458 0.04106141109416668 0.018986349336070064
7 0.3367615435998953 0.6003029643866258 0.050945557370694415 0.040915891490547904
3 0.6632155940367357 0.5695013745185256 0.054761541603125075 0.07062157220870695
7 0.8404287914156938 0.7418843928652898 0.04822060087368065 0.058085210772388506
4 0.7140702324294788 0.5324917330279778 0.07667290919430556 0.07231133723582168
4 0.3460033781373256 0.9080200156162899 0.05457970364722229 0.06280907220870731
3 0.5286438383371524 0.4109308712970717 0.0386273953265972 0.04865566861791084
2 0.4143572538966313 0.7232723108940255 0.07634560087368066 0.05824883723582168
2 0.26201154426548545 0.8249262353656688 0.055851262917777866 0.05031816256778683
2 0.2209332557964924 0.7775154250608185 0.0634455573706945 0.040988614363184794
2 0.362375220177291 0.8087194523845733 0.05563305737069442 0.040943162567786476
2 0.12928931003305483 0.8553818707078964 0.046148954597152826 0.03620112041330899
2 0.19466430936746476 0.6308131418833313 0.09415134992375007 0.08491133118569749