7 0.17030270878464177 0.9601278833147735 0.03757441106992569 0.04729317067154497
7 0.34777785652290555 0.5813472606222293 0.04974702885594055 0.03806362133990895
3 0.6649107928205746 0.5760939499125041 0.04922123920022692 0.0677329400063634
7 0.8314509959932849 0.757042863224096 0.04253472958157971 0.055160214672181594
4 0.715409300625123 0.5450252159055043 0.07260417549789597 0.06644316000954512
4 0.3487699599657681 0.878331348623502 0.0488938569862416 0.05835794000636341
3 0.5388691040758348 0.4134314125955033 0.03601191106992552 0.047274989337999784
2 0.420111702709374 0.7055563726130025 0.07211310217691817 0.05238066000954511
2 0.2691518926352402 0.7917222339672289 0.0516369110699257 0.04745680267345431
2 0.23074166786298367 0.7437119953055468 0.0606299651536097 0.036628390674726855
2 0.3665898878259168 0.7843359006206385 0.05120040145127884 0.034956802673454315
2 0.14087312521204504 0.8111909439847279 0.043333337748947987 0.03330339600572714
2 0.2100695253973795 0.5993625586410012 0.08543155771188111 0.07596361067790855