7 0.8727555384006598 0.053938609602948405 0.03886392319868044 0.04818452885594056
7 0.6559889579049235 0.43504473274644084 0.049528638558944314 0.03919147477225664
3 0.32407136817148025 0.41954369600113406 0.05043792069139794 0.07044147477225664
7 0.16566914944600403 0.21928325725639414 0.04386967194503919 0.05928571996293312
4 0.26927856809233797 0.4481299982707195 0.07382995658477523 0.0696974303072194
4 0.6814425651228371 0.12468015162091484 0.05172763605166182 0.06112103847458741
3 0.44168110233636265 0.5972644466341063 0.03417642319868044 0.0480208377489479
2 0.5918846569678514 0.29985871169504863 0.07493781551854858 0.054126994009550164
2 0.7560812007787876 0.22034980488629224 0.05292642319868044 0.04867560217691817
2 0.7912769032069277 0.2739758018910673 0.0635456744523216 0.03812004809323426
2 0.6536010584589195 0.22146338238362118 0.0541706744523216 0.03779266587924912
2 0.8916920918450144 0.20944456513791124 0.044704746239076346 0.03434028366526398
2 0.800952116917839 0.425248125212045 0.08977320533113406 0.08118056733052796