7 0.9313934378466637 0.26401994602692 0.04626724623907634 0.034130959092057725
7 0.8464882742814019 0.5485109548024086 0.018687815518548236 0.05206260517284953
7 0.27412754097444925 0.5216921097251961 0.029898100158284535 0.061755853919208195
7 0.5845348774091873 0.817685537476223 0.041761602665567034 0.04024456677218957
7 0.31790966706348833 0.8443316393503671 0.040562815518548415 0.05269910266556721
7 0.9540768361055336 0.9355599769057324 0.028381064264907253 0.06327288981258547
7 0.010633482713385458 0.4990285333860949 0.021266965426770916 0.04305131802583091
7 0.15258046456884108 0.3187680350354475 0.0456594924781526 0.0668979949854351
7 0.5684662258516122 0.42938991561032597 0.036239028371529966 0.06506271034569906
7 0.6299422496042886 0.17080217728880856 0.03329588479802066 0.07122178213245363
7 0.6508752797581852 0.9024984581676208 0.025483384798020658 0.07099446159934004
7 0.5873583490376573 0.8818844297960912 0.02480142319868044 0.047556961599340045
4 0.7627868756933276 0.4960331609914725 0.05904003087881229 0.0438696719450391
5 0.8431385830695257 0.12618131373618183 0.04984688730530316 0.04984688730530311
4 0.8088903005413606 0.30893397776366227 0.030079956584775403 0.06800585391920819
2 0.5175020855768082 0.13859977955866415 0.04731292069139794 0.07006845909205772
2 0.41167563440230925 0.0940792382550105 0.06269387978345567 0.11579013605166186
4 0.09617866653476287 0.05362275666391757 0.03118781551854848 0.052426318025830934
2 0.46416883392745556 0.2785739102000497 0.06905152837152997 0.06601745658477531
2 0.4918127976383667 0.43028717438581465 0.044324313011265916 0.0746650308788123
2 0.20970837364826359 0.7739389198334681 0.053000631037096915 0.10457985141192587
4 0.5070510719197687 0.9546112244649569 0.03569345909205772 0.04631271034569906
4 0.8603926837565357 0.8499514343484375 0.032613923198680436 0.04778428213245363
4 0.7428762263138307 0.7503569481384911 0.02962531551854859 0.052380853919208194
4 0.59275786902941 0.5888247515828458 0.021994671945039103 0.05840353338609496
4 0.5228712663638431 0.6258868308914477 0.024710494985435004 0.04443196159934022
4 0.6595087629986307 0.44454956584775296 0.029716243731793844 0.05550585391920819
2 0.37467780727178523 0.6669257048689157 0.03293217194503919 0.058721782132453625
4 0.4464678907370224 0.6181903396669363 0.027517246239076344 0.03358538981258548
2 0.31971752263204917 0.6747094611371218 0.0343128155185485 0.052517246239076346