7 0.0671875 0.24921875 0.04140625 0.0296875
7 0.15078125 0.52578125 0.01484375 0.05
7 0.7078125 0.496875 0.02578125 0.05703125
7 0.4078125 0.7859375 0.0375 0.0359375
7 0.6671875 0.81015625 0.03671875 0.0484375
7 0.0484375 0.90234375 0.02421875 0.05859375
7 0.96953125 0.4734375 0.02734375 0.03828125
7 0.825 0.2984375 0.04140625 0.0625
7 0.4203125 0.40859375 0.03203125 0.0609375
7 0.36015625 0.15703125 0.028125 0.0671875
7 0.34296875 0.86875 0.01953125 0.06796875
7 0.4046875 0.8484375 0.021875 0.0453125
4 0.23203125 0.47421875 0.0546875 0.0390625
5 0.1515625 0.11484375 0.04453125 0.046875
4 0.18671875 0.2921875 0.02578125 0.0640625
2 0.46875 0.12578125 0.0421875 0.065625
2 0.571875 0.08125 0.05390625 0.109375
4 0.87890625 0.03984375 0.028125 0.0484375
2 0.52109375 0.2609375 0.0640625 0.0609375
2 0.4953125 0.40859375 0.03828125 0.0703125
2 0.77265625 0.74140625 0.046875 0.0984375
4 0.484375 0.91875 0.03203125 0.0421875
4 0.1390625 0.81875 0.02890625 0.04375
4 0.25234375 0.72109375 0.02578125 0.04921875
4 0.39765625 0.56328125 0.01953125 0.05625
4 0.46640625 0.59921875 0.021875 0.04296875
4 0.3328125 0.42421875 0.02578125 0.05234375
2 0.6109375 0.63828125 0.02890625 0.0546875
4 0.540625 0.59140625 0.025 0.03125
2 0.6640625 0.6453125 0.03046875 0.0484375