7 0.019810131728062827 0.30715928213245364 0.039620263456125654 0.03886392319868044
7 0.12471680122251083 0.5763759465556454 0.024577276119281777 0.0521989974927175
7 0.6857948213488989 0.4855071864600086 0.03756859905006031 0.06193771034569906
7 0.4073744137286968 0.8115084306540208 0.04439845318850324 0.04341503087881264
7 0.6728732609697348 0.8067145967265652 0.04661605042954129 0.055960494985435004
7 0.054081238129813344 0.9684718610120907 0.03608798620519007 0.06305627797581863
7 0.9491446703989592 0.43213946021268496 0.03502345318850324 0.043142246239076344
7 0.7870208859119343 0.2709338725908127 0.05195864767057934 0.06859688730530315
7 0.3875520731579211 0.4283178459351425 0.042501760515449585 0.06676160266556704
7 0.30349241293572726 0.18096782132453623 0.041266809135968606 0.07296613855894436
7 0.34941807157604143 0.9021501510288497 0.033372421980838854 0.07117631802583091
7 0.4103489275235067 0.8741902870805116 0.03074538896415202 0.05081835391920819
4 0.20225198100526579 0.5152542416202228 0.06347600180902227 0.05021060015828453
5 0.08852251017676531 0.16219377461060622 0.05434666327441158 0.0546253155185485
4 0.13958928595736286 0.33738164271557947 0.039540534825709094 0.06979567445232168
2 0.4106365275896199 0.13713891646825585 0.056809921980838854 0.07185827962517113
2 0.5114044894845504 0.08060542313217342 0.07645403663473135 0.11923338479802066
2 0.47575583729141535 0.2681365153728992 0.07712242198083885 0.07244931301126609
2 0.46304339608869965 0.4211251230530311 0.05244997060135788 0.07797188730530316
2 0.7733889173467414 0.7251356392838602 0.06650582654882306 0.10802310015828454
4 0.4970400220510113 0.9369607232113157 0.04003850180902226 0.049528638558944495
4 0.13884574174785796 0.8741147645814763 0.03839411465389255 0.047920674452321774
4 0.24478256049476496 0.763743217405328 0.035596663274411536 0.05407974623907634
4 0.37763708333468643 0.5876473818285197 0.0295923247398008 0.05858538981258565
4 0.45046375169748065 0.6163694268930971 0.03058161465389251 0.04769335391920819
4 0.2993593543655856 0.45391958801758364 0.03732293758467105 0.05725021034569906
2 0.6002623558359236 0.6395067131821859 0.03904921189493056 0.06042067445232178
4 0.5256651475590377 0.5997789719576745 0.031489017412854634 0.03523881802583091
2 0.6557720494134885 0.6403394389672911 0.04028416327441171 0.05421613855894432