7 0.11761110071081216 0.8614746933421902 0.04091589149054777 0.05189213978475209
7 0.4184741639425287 0.8334030814743126 0.054851126463433174 0.030672111248705038
7 0.5335154401861291 0.25710594706624385 0.06430793969514959 0.045171258891340126
7 0.7477309136479411 0.6235891639820826 0.04558521077238851 0.048985463606069854
7 0.8398512777165383 0.3623369867699429 0.05809430113146803 0.05113016046291676
7 0.5741323915887436 0.001999031845816168 0.0454852168225127 0.003998063691632336
7 0.3626267441462675 0.09557990384788814 0.07533634328594588 0.06130568114108117
7 0.36945644360397456 0.532643256205253 0.0690227107723885 0.05007708271265763
7 0.09915757914259399 0.5428895132345664 0.07370112041330892 0.0487329065339754
7 0.8151996938985622 0.7063609685729778 0.07522725897699019 0.04255568114108108
7 0.8101218293389856 0.6394281796978483 0.050190897540672096 0.035141287427387445
4 0.38700197102592526 0.7388012109199827 0.05349770472226432 0.066536836641599
5 0.015877967411687923 0.7468193420182827 0.031755934823375846 0.05948631596343468
4 0.19168492584638538 0.7486792868082149 0.07212953005422928 0.04709763192686935
2 0.09515185607356531 0.4259203370558839 0.07690793364502549 0.06294095574818712
2 0.08175295228637741 0.31251280851983665 0.1145261083130605 0.08500004631872757
4 0.12496363856368153 0.0037392760548479198 0.034447722872636935 0.0074785521096958395
2 0.24604219038252073 0.40014758747016865 0.0770170179539809 0.08169095574818712
2 0.3894240308397962 0.45673357361642974 0.08158634328594587 0.06159677956950453
2 0.7968194160838281 0.24093717576890689 0.11291815651766246 0.0771147717116218
4 0.9018916937021704 0.5726708651821556 0.05024543969514994 0.044516287427387446
4 0.7117287393726895 0.9048777053384114 0.05337043969514958 0.04466183664159899
4 0.6422252813307756 0.769090062658175 0.05647725897699054 0.0416823858558109
4 0.5198740792407899 0.5881205066195377 0.06269998789975162 0.03728598428423435
4 0.5741348532448949 0.5246722826743857 0.048619307181592394 0.03350601282028158
4 0.3626655672387373 0.6259031046336764 0.05961134933607006 0.04339043507002245
2 0.6507115096643614 0.3844239642297516 0.06275453005422929 0.046660984284234264
4 0.5847410760193361 0.44685549772819766 0.03769998789975162 0.03612159057054054
2 0.6721052415139889 0.3318790070338225 0.056495439695149585 0.0448073858558109