7 0.8333384221241529 0.9500332361512356 0.03439484736759475 0.0455033975406721
7 0.5376687688587756 0.8743939284786642 0.05372520072563951 0.017496572208707307
7 0.5265823804847047 0.28840188632418634 0.061974210344286365 0.030042024004105095
7 0.24574413056952263 0.6151017834720749 0.04053571996293313 0.04241475897699054
7 0.2011210782151191 0.3442125665513663 0.052926592558271326 0.03936248184962743
7 0.14949170098009346 0.9915193586076481 0.06460813702330856 0.015997704722264316
7 0.5325768870233085 0.013748101290482501 0.04322421034428636 0.027496202580965003
7 0.7267138113400782 0.15674229928475641 0.06876984736759476 0.04570338544042354
7 0.640910297629898 0.5862348774453917 0.06687996515360979 0.036319295081343836
7 0.9091989953603126 0.638591221222317 0.07302083774894826 0.033230656517662285
7 0.16307052902557656 0.686690958041914 0.07274801923729371 0.02541815651766246
7 0.18031010352768062 0.6209523285534189 0.04769345553496285 0.023710210772388506
4 0.5853944515282477 0.7865984918085764 0.04426092068857255 0.05962043969514959
5 0.9675918818354671 0.8562645345522293 0.05325397477225664 0.04873748184962743
4 0.7798091396400153 0.8268820824622438 0.06978671034428637 0.030087475799503237
2 0.9340948132389947 0.523579299579344 0.07194941106992551 0.04728406615858276
2 0.956820462791357 0.4147901068591322 0.08635907441728605 0.059947692622015936
4 0.9783556676933476 0.09042136593431854 0.02441964664195524 0.028261355386194276
2 0.7878175247644073 0.47442015779420865 0.06802580290255769 0.06913179508134401
2 0.6350571125133553 0.508128058163551 0.07809028366526398 0.04419542759490121
2 0.26594249164729755 0.23131259075186308 0.10654266587924913 0.05373405405833438
4 0.10174610470880699 0.5417057109687803 0.0465674651536097 0.03620112041330899
4 0.23142869254257295 0.8988364340378089 0.049583337748947985 0.03309430113146803
4 0.3248016919096008 0.7756120365953328 0.054161710344286185 0.02999657220870695
4 0.4794470079741844 0.6168677747896719 0.06013889183263181 0.022220433645025395
4 0.43712060951813037 0.5460058289462022 0.044568455534962935 0.023692030054229284
4 0.6308483060674186 0.6784996454975685 0.05728671034428636 0.030014752926866173
2 0.38578874409436825 0.396273994539051 0.058958337748947896 0.033148843285945875
4 0.44061514255042217 0.4670632175098838 0.03535714664195542 0.02832498789975162
2 0.37444945081045744 0.34007853669352867 0.05270833774894799 0.03311248184962743