7 0.16438097422247538 0.9136726563212706 0.03628500988583174 0.04707498789975162
7 0.45748898707405666 0.8544259631100797 0.053952670950527096 0.020621572208707306
7 0.5011354411793011 0.28188788777811463 0.062210839923887915 0.03160452400410509
7 0.7571056209898958 0.6162684747193488 0.04234400889724856 0.04242384933607006
7 0.8162710098486506 0.3532690258508168 0.05484400889724874 0.04249657220870695
7 0.8285124584051445 0.9899362162333375 0.06351867193911005 0.020127567533324963
7 0.5096469140304449 0.015468002239495187 0.04320617193911023 0.025245439695149675
7 0.3129881368444075 0.143260683252242 0.0690975098858317 0.04726588544042358
7 0.37229688087572743 0.5671436108471433 0.06715300790866544 0.03788179508134384
7 0.1089546224727705 0.6054647257013073 0.07177684091247101 0.03634656615858276
7 0.8329876886706622 0.6909462878528694 0.07295733893530461 0.02698065651766246
7 0.8200367025108266 0.6252303842620732 0.04951983893530461 0.026844301131468205
4 0.4149924223590397 0.7658765475172309 0.0477318458553869 0.05963862041330899
5 0.03792324498272204 0.8144761113381225 0.05366351087441492 0.051862481849627426
4 0.22390716593324914 0.7952408188890573 0.0685245069200822 0.03320338544042371
2 0.09019664669305827 0.4904846203151131 0.07234984387822055 0.05040906615858276
2 0.05930737992432535 0.38168179205628183 0.1186147598486507 0.06630677693097127
4 0.058327153156029946 0.0644170240041051 0.04977450692008221 0.03309430113146814
2 0.23563382209220962 0.4499146833504379 0.07161501482874763 0.07071247579950324
2 0.3832290636892527 0.4906265626425414 0.07684634288963732 0.04574883723582168
2 0.7591681170727441 0.23962870666717193 0.10697951186299814 0.05685905405833438
4 0.9019671348300602 0.5514706973955938 0.04833934091247087 0.03621021077238851
4 0.7543984791653913 0.8936622216942866 0.04977450692008212 0.03309430113146803
4 0.6703975053628455 0.7689253212267484 0.05283583992388792 0.03154998184962743
4 0.5286132064651593 0.6047804871141846 0.06033000494291585 0.023782933645025393
4 0.5742878038034209 0.5386242219888742 0.046331171939110405 0.025263620413308985
4 0.37716611159835556 0.6585998578220812 0.055960839923887826 0.03156816256778665
2 0.6325207509514021 0.39439749901804133 0.060775673916276675 0.034720433645025486
4 0.5750955701150433 0.46126683645025474 0.03395850593149916 0.02831589754067192
2 0.6472172623201086 0.3405639718906783 0.05458934091247088 0.03624657220870695