7 0.4220730738352897 0.05562139472990326 0.0655298247398008 0.06108798620519007
7 0.6094712545225558 0.15270219188008421 0.06290279172311415 0.040693599050060314
7 0.7941826057203227 0.4958391174789677 0.05985967887824391 0.042092324739800804
7 0.3359618334462281 0.09240102046507227 0.0591226944820761 0.028029824739800823
7 0.38372314054603174 0.5428890213695834 0.057805855947465276 0.032635437584671044
7 0.17689768769621272 0.7143601503841127 0.07556656603337357 0.04447369629109836
7 0.059109322137809006 0.6372886380596409 0.05369156603337355 0.04332727611928178
7 0.42060674411864785 0.7263532965843541 0.07753850180902226 0.05236808344622812
3 0.6310805766603648 0.788025538216611 0.06413109905006031 0.06413109905006031
7 0.2696373863621602 0.6405309040021574 0.052292840343633 0.0463703889641522
7 0.5859751215512976 0.04629173959609208 0.034040807326946164 0.025157130257724793
4 0.45883941146538926 0.028721380030582173 0.07705382293077853 0.013387470601357842
7 0.6145227611928181 0.5464145703287867 0.04530585594746519 0.03198034034363317
7 0.30510241632662927 0.36580754296630946 0.06635534034363308 0.047107373360319824