7 0.2860824232494452 0.9202061660725445 0.062173998100138926 0.05489810015828454
7 0.493422144564098 0.905940392253361 0.061664851823611144 0.03302310015828454
7 0.7638930730413547 0.6522687891255756 0.05861258700597229 0.0360571719450391
7 0.21571406544191044 0.8486744953811464 0.05824891109416672 0.0204321719450391
7 0.38556413202756984 0.43124661764275485 0.056831881458888935 0.026636707838416384
7 0.2359771336430904 0.17628266983346816 0.07576371941479162 0.03499477711788872
7 0.10225675028434045 0.2004977566639176 0.050872822188333354 0.038954851411925784
7 0.47157110115802103 0.26901705377355895 0.07289329255305557 0.04584134890464338
3 0.6893222988213197 0.2995553145941116 0.057631968464861315 0.061011707838416564
7 0.3049109312301391 0.2868086443649321 0.04778418977951393 0.040426423198680436
7 0.4401536338305217 0.9949046377010144 0.03165004350298624 0.010190724597971013
4 0.31159222273635495 0.976379609725196 0.07569098423243056 0.03186977711788863
7 0.6064052685204518 0.5274553425699302 0.04440461664124999 0.029397994985435005
7 0.2623110828250005 0.5697515250063176 0.06340918977951393 0.04088106426490725