7 0.5659977173376817 0.04190427110002307 0.06475339067472703 0.06049321509696395
7 0.38424882535009014 0.13011951704283328 0.06137385200509069 0.03856366801906326
7 0.22646633406267896 0.46557795576147304 0.0582852146721816 0.04163412094116268
7 0.6555238413430905 0.08330261282019244 0.05810340133672707 0.02600912094116259
7 0.6443810874044967 0.5353599906612139 0.05661362667090888 0.03223184740221221
7 0.8667844407622229 0.7188930596532118 0.07705339600572714 0.04352390340856669
7 0.9761925193745891 0.6466516412271115 0.047614961250821965 0.04467730032431163
7 0.6215083034293138 0.7177361140380084 0.07559998400699967 0.052871629869616396
3 0.4135418094366316 0.768001346588138 0.06166475334181776 0.06356366801906325
7 0.7666566240849507 0.6390361899298652 0.050509077339272325 0.04462275324641087
7 0.40020908533577265 0.024950775971287035 0.03306703866963616 0.022447744317957135
4 0.5227017033338637 0.013029248778888721 0.07665340666772735 0.009148903408566661
7 0.4107237027370877 0.525813846588138 0.04567612667090888 0.03204093262955983
7 0.7087419373806342 0.36073786606660335 0.06615225867281786 0.046457988635914306