7 0.07265625 0.67734375 0.0453125 0.05390625
7 0.11640625 0.48125 0.02421875 0.05625
7 0.4015625 0.24609375 0.02734375 0.053125
7 0.13203125 0.753125 0.01328125 0.0546875
7 0.56015625 0.6296875 0.01875 0.053125
7 0.784375 0.79765625 0.02421875 0.06953125
7 0.740625 0.92265625 0.03203125 0.04609375
7 0.72890625 0.5625 0.03515625 0.0671875
3 0.73125 0.35078125 0.05078125 0.04921875
7 0.68671875 0.72109375 0.03359375 0.04296875
7 0.0140625 0.5234375 0.028125 0.028125
4 0.021875 0.64921875 0.02421875 0.07265625
7 0.5 0.4078125 0.02265625 0.0390625
7 0.4078125 0.73515625 0.03203125 0.0578125