7 0.29356579506457736 0.0759141019683487 0.05926735141192578 0.05033634328594585
7 0.499162577197031 0.10835493900777862 0.060238818025830906 0.030032933645025482
7 0.7664937958560002 0.38330143861499516 0.05715928213245362 0.031577252926866174
7 0.22284176959604132 0.14189765027114648 0.056704641066226816 0.01595225292686626
7 0.3923074527573446 0.5701549813586481 0.055323997492717505 0.02219316256778665
7 0.2438401751772375 0.8098754906302261 0.07430131802583091 0.030114746876741805
7 0.11156723277822715 0.7739556504675382 0.049483174452321685 0.036219301131468026
7 0.47766359421928273 0.7385918848512484 0.07149456677218957 0.04103406615858276
3 0.69290214931299 0.7265651044042356 0.054761707838416565 0.05655907220870695
7 0.31188783003351783 0.7056016019683486 0.04640363855894432 0.03776362041330898
7 0.44636653463973613 0.01197029751723086 0.031704641066226814 0.01580680718159235
4 0.3186052474927175 0.02372488807270221 0.07416492570596293 0.025427246876742034
7 0.6111507294795219 0.494097517168414 0.04296038981258547 0.026807939695149764
7 0.2692610946815012 0.4218078640685971 0.06202863855894432 0.03785452400410509