7 0.9445905620987297 0.6568417738701878 0.04785684740221221 0.056795440006363405
7 0.9020832824706992 0.4519093732097784 0.02603639448011279 0.05966590133672707
7 0.6094902280859028 0.2100513265834129 0.02910684740221221 0.056577264003817976
7 0.8814944983817374 0.7364661865452329 0.01348184740221221 0.05639545066836362
7 0.43686956534514054 0.6127597979392301 0.01973184740221221 0.05646817600254543
7 0.19943992898270246 0.7904869979710468 0.026254582791715643 0.07216590133672707
7 0.2432427017108739 0.9212006486314561 0.035193206168510204 0.047274989337999784
7 0.26153437459790585 0.5445017886298653 0.03872730925276535 0.07074885200509069
3 0.26304983035937896 0.3234353106301835 0.05402502678536125 0.05218066534054513
7 0.3023933794691698 0.7096177112905929 0.035138659090609536 0.04414998933799978
7 0.5041872991097909 0.3807734539306395 0.024146612012708957 0.0408977200031817
7 0.5935405308491416 0.7210706425843675 0.03384889448011297 0.059756808004454244