7 0.7523561704481047 0.9742595612059237 0.06024775324641087 0.05148087758815265
7 0.5439981996690978 0.9339728172017798 0.061455697240056395 0.03252570967712849
7 0.2735048729664622 0.642694883993784 0.05835797077900686 0.03394266046291676
7 0.82540215827324 0.9111711337843872 0.058112508928453724 0.01988016046291676
7 0.65840420413662 0.46702937385958965 0.05819432954530477 0.024567660462916762
7 0.8119211217519415 0.22828585917728123 0.07395569724005639 0.03310790653397531
7 0.9469506866867498 0.27204447538838494 0.049092064934808374 0.039756012820281586
7 0.5726052516215578 0.2920785696829792 0.07417388555165924 0.045607906533975305
3 0.3525245767026357 0.29509860008105326 0.05566934740221221 0.058797111248705035
7 0.7419143591700397 0.33196947725041176 0.045967064934808025 0.03961046360606986
7 0.4332326546230874 0.5361645558292403 0.042651150162155815 0.02852741439185813
7 0.7813486006453279 0.6234142686067405 0.0615920649348082 0.04033820967712849