7 0.5446087358665058 0.14962587272208286 0.07252345318850324 0.04382404160312507
7 0.3925682010407967 0.2218307938842358 0.029346663274411534 0.05374324905006951
7 0.7854142045472996 0.7659177942654853 0.03247166327441153 0.05381598423243048
7 0.6532291463158423 0.8165925543334716 0.05212242198083885 0.07143989532659703
7 0.3339678912274596 0.7444331457078469 0.04283595318850333 0.043133057370694415
7 0.26112021144470465 0.8093327535153817 0.0467798247398008 0.05883079255305575
3 0.4662237912728881 0.8264072314795481 0.06823874491161738 0.08117857123840296
4 0.8823599621220733 0.3454221498888187 0.05220430913596843 0.0730023953265972
3 0.6333580546134128 0.03441714038951336 0.06914614767057933 0.06871493882958339
5 0.7399821116016748 0.23325207105097157 0.0364155348257091 0.06951371941479163
5 0.53279373134395 0.2708469092912148 0.05088747060135788 0.07765352773541671
4 0.3794319566950063 0.5022631762930552 0.03781426051544958 0.0664250870059723
4 0.4081135566495778 0.4165432286297566 0.027292840343633173 0.04433188145888885
4 0.6569914699239894 0.3576903330188189 0.04077548620519007 0.06337282218833336
4 0.7731520584586 0.3596684474758674 0.028855340343633174 0.04436824905006951
7 0.6418600356186787 0.5421926195879508 0.03559666327441171 0.05388871941479163
7 0.8028263545927281 0.8505648979889576 0.06010534034363317 0.045095600873680655
5 0.11679251583097486 0.43658885058934016 0.04727779172311406 0.03855466014423605
2 0.5134583966545265 0.5951202106779856 0.07358798620519007 0.06413654160312507
2 0.5343164512679393 0.6437934468102773 0.042419873360319826 0.06497168977951392
7 0.19416616406738108 0.5682187506655901 0.03452548620519007 0.06322735182361114
2 0.33425889755903765 0.57510191745934 0.041184921980838854 0.07118532218833344