7 0.5813868762670413 0.17470241561032604 0.07213862041330898 0.04740384890464333
7 0.4255004906302261 0.23265600494805794 0.03001475292686635 0.05711381802583091
7 0.8328610770804807 0.8381584765100211 0.03470225292686635 0.05725021034569906
7 0.6971690167756306 0.8763905992338478 0.05198065651766228 0.07337531551854859
7 0.368462233794535 0.7668431368430847 0.042442030054229286 0.04497753087881229
7 0.29303550779864007 0.8255756276718846 0.04566702400410509 0.06225595909205772
3 0.5041729956983916 0.8660882820659467 0.06924087939029935 0.08637542069139811
4 0.9303703186926656 0.41294317933387265 0.05199883723582168 0.07650031551854859
3 0.6713937318496275 0.07108933379444154 0.06754202400410492 0.0628924565847753
5 0.7835402496072166 0.28212978536465194 0.03791815651766246 0.07296613855894432
5 0.569609559813871 0.2985574527573446 0.050463608313060605 0.08114235141192579
4 0.41234300223949516 0.5220678459351424 0.03789088544042354 0.06827863855894431
4 0.44230269213103657 0.43545439601428465 0.028388620413308984 0.046130853919208195
4 0.6983117976154267 0.40150425950040447 0.040997704722264314 0.06524456677218975
4 0.817906680128984 0.41591976365703953 0.029951120413308985 0.04617631802583091
7 0.6837958214231401 0.5916746184341777 0.03938975292686635 0.057386602665567034
7 0.8521246823684792 0.9269852957894932 0.06278180113146803 0.05025606426490725
5 0.14307485177195697 0.42518551959604134 0.05023634933607006 0.04207985141192587
2 0.5520236466569092 0.632364151424561 0.07381929508134384 0.06776181301126591
2 0.5741986285065366 0.6845631489172787 0.044140885440423536 0.06846049498543501
7 0.2228083244482022 0.5696689569804867 0.034738614363184706 0.06350021034569905
2 0.366658318398078 0.5910391547897733 0.04261474687674198 0.0746650308788123