7 0.5814550539601384 0.14587896091378355 0.07057612041330899 0.04817751482874764
7 0.6946822826865079 0.26629493718778735 0.03001475292686635 0.05745967292769345
7 0.07643783937712098 0.6470394846769608 0.03470225292686624 0.05765067391627667
7 0.18012644164005726 0.739712462928131 0.05198065651766241 0.07397601087441501
7 0.5179400590283041 0.7798666417501423 0.04244203005422946 0.045469008897248565
7 0.5590741191367627 0.8657112998490881 0.04566702400410509 0.0627838428896375
3 0.3548133451326576 0.8130823428524563 0.06924087939029935 0.08717634783255335
4 0.17082662616884553 0.21574838091290852 0.05199883723582168 0.07710101087441493
3 0.5470613523611322 0.021589862624119795 0.06912270472226431 0.04317972524823959
5 0.3564777798578375 0.15895325836577595 0.03791815651766246 0.07340300790866539
5 0.5383913760706497 0.2656303868072265 0.050454517953980905 0.08016234387822045
4 0.582946393730043 0.5365357944118807 0.03788179508134384 0.06715300790866544
4 0.5933521077238852 0.44468387543852 0.028388620413308984 0.046458505931498986
4 0.3815464784317818 0.30406016992476287 0.040997704722264314 0.06571784190105419
4 0.26880103873663214 0.266456693650759 0.029951120413308895 0.04652217292769336
7 0.3130469841873184 0.4842371012554133 0.03782725292686617 0.05777800790866543
7 0.02841395071524358 0.7201069115589869 0.04871930113146815 0.05041117688202625
5 0.8628566075274936 0.5634206520930847 0.048673849336070066 0.04259867688202608
2 0.4128338816297946 0.5778504969970694 0.07381929508134384 0.0686173488211363
2 0.3708600050681656 0.6162882558943179 0.044140885440423536 0.06897017589344294
7 0.729799188713191 0.6610516802677051 0.034738614363184796 0.06390067391627667
2 0.5935844327612626 0.6189344589366172 0.04261474687674216 0.07515650889724856