7 0.50625 0.15859375 0.06484375 0.03046875
7 0.640625 0.2515625 0.01796875 0.05078125
7 0.12890625 0.72421875 0.02265625 0.05
7 0.2484375 0.79375 0.03671875 0.0640625
7 0.58046875 0.77109375 0.034375 0.0375
7 0.63828125 0.8453125 0.03359375 0.053125
3 0.43125 0.83125 0.05234375 0.07265625
4 0.128125 0.2984375 0.03671875 0.06640625
3 0.44453125 0.0328125 0.05546875 0.0578125
5 0.29375 0.2109375 0.02109375 0.06640625
5 0.490625 0.27890625 0.034375 0.07109375
4 0.590625 0.528125 0.0234375 0.06171875
4 0.58125 0.43984375 0.01875 0.040625
4 0.3484375 0.34453125 0.028125 0.0578125
4 0.2328125 0.32890625 0.0203125 0.04140625
7 0.32109375 0.52734375 0.02578125 0.05
7 0.09296875 0.80390625 0.05390625 0.03515625
5 0.86484375 0.503125 0.04140625 0.03125
2 0.43671875 0.5984375 0.06171875 0.05234375
2 0.4046875 0.64296875 0.0296875 0.06015625
7 0.75859375 0.6203125 0.02109375 0.05859375
2 0.61875 0.60546875 0.0265625 0.0671875