7 0.8937156162357723 0.5513493229424595 0.03641553482570927 0.06989583774894789
7 0.8050735973525797 0.6901811552491119 0.05418953301668665 0.02216766587924912
7 0.2719269889187236 0.14440479754508004 0.05451708163720585 0.02841766587924912
7 0.20824734848423346 0.26851193094019155 0.06923467887824372 0.04140873920022683
7 0.2553734905006032 0.6171776094333123 0.040945904567984304 0.037301592558271326
7 0.18212742028335818 0.6777852380191004 0.05821529172311406 0.03946429328391084
3 0.18164166214275781 0.46019843393541643 0.08107293758467105 0.058978185116542826
4 0.719091915987945 0.15066229826287025 0.07079717887824373 0.04146330290255769
3 0.9942988345200814 0.4874455687661083 0.011402330959837314 0.0605208377489479
5 0.8234529466297825 0.32664693410505247 0.06997830732694652 0.025838302902557685
5 0.7656348818396045 0.5328398812024948 0.07696529172311398 0.04011905771188111
4 0.5119919826986872 0.6331573066155728 0.06701708163720568 0.028854175497895974
4 0.603565329035214 0.6246578150530933 0.04481453301668683 0.02184028366526398
4 0.686761852102278 0.38191973274644087 0.06093085594746519 0.031760920688572544
4 0.6944371540021574 0.26053580606741855 0.04489642017181659 0.023402783665263983
7 0.49248290762020197 0.3501811155085802 0.05468085594746519 0.03154266587924912
7 0.18562764077317437 0.10473960761921383 0.042010437584671045 0.057614092558271414
5 0.5575279692425614 0.9217212988110244 0.035105340343632996 0.0448958377489479
2 0.42621385572032267 0.4695189033501954 0.06133364767057934 0.0692063569862416
2 0.3776192254625979 0.4350694922802697 0.0642196302577247 0.03499504809323426
7 0.4275771183834788 0.8080084844757213 0.06372830732694634 0.02562004809323426
2 0.4323387822237173 0.6607887440943683 0.07343085594746519 0.0321974303072194