4 0.3280159119987273 0.01701219414791694 0.053343176002545345 0.019986498100138934
2 0.1367182026575459 0.070387848023889 0.08829997867599956 0.07078658510611117
2 0.14702844665022802 0.12454867116215289 0.07096702800763603 0.05788654160312508
7 0.13944266597709196 0.1720412670018404 0.05990225867281791 0.04669446846486114
4 0.2914949672979107 0.26779279093753494 0.05659544533736342 0.030996733282500077
2 0.23812451929504724 0.28765004283739604 0.07229317067154524 0.03761040919430565
4 0.07492508529600173 0.2768183795590279 0.07403748400699968 0.053271776785486225
4 0.15106032395768376 0.3153191415268751 0.036428396005727004 0.04302395459715278
2 0.19977908728518404 0.35943347064906267 0.07719884667409058 0.05646951196784729
3 0.08121090062063849 0.34104453371934035 0.07111247867599957 0.07038654160312507
2 0.06208763594050274 0.43984505642076394 0.05514203333863612 0.0403353656913195
2 0.022318253302046894 0.4771443814588888 0.04463650660409379 0.032413762917777686
7 0.11712912460218479 0.47785485590767374 0.056740896005727 0.04349673328249999
3 0.47153864532940926 0.03988926253652818 0.053797709341181485 0.05904899810013894
0 0.41848637066359107 0.032402764436389245 0.07552725867281787 0.047058144376666736
5 0.34373127132400044 0.07676905385531278 0.045876121339908774 0.049492160144236144
2 0.32046594665022804 0.1285854737831947 0.05663180800445433 0.03412173328250003
2 0.373854575986637 0.10716572188333365 0.06289998933799978 0.03582970364722229
6 0.38331938796945597 0.23398279502159758 0.06780566534054504 0.05468880642076392
2 0.08093708593254856 0.49889340131052096 0.041206802673454224 0.050945557370694415
3 0.04975816923936796 0.6935331008736807 0.0790158853437268 0.07838087955902787
3 0.11183890388291448 0.8653366721120834 0.07421929734245411 0.06889677678548622
2 0.3492876439370029 0.4723179431979864 0.08357611600890866 0.0675524823325695
4 0.5686500026655 0.0218315531897227 0.05332499466899989 0.018423998100138932
4 0.5911784359882277 0.10050206705743106 0.055051126670909056 0.0325228656913195
3 0.669975050644501 0.17891931420763946 0.07232953333863605 0.040735409194305607
4 0.48576368264641 0.16056543844833376 0.028361357336090798 0.020967116641249995
4 0.4650784653087284 0.1921239097629865 0.036301126670909054 0.03208645459715278
2 0.4410784386537278 0.10560452830409758 0.07870680267345413 0.05181837955902786
4 0.40956371463241065 0.261944794071667 0.033139764003817976 0.028888719414791632
2 0.44366599462922895 0.28618238107763927 0.0631363466740904 0.05614220364722229
2 0.1767002878740058 0.9324891109416669 0.11306362133990881 0.05105596656499998
3 0.317289472549369 0.8716815103523267 0.07122156667727228 0.0797615416031249
1 0.3165531285407785 0.9349627603523267 0.05514203333863606 0.04033536569131968
4 0.5062792472151874 0.8823319888851741 0.06784202800763595 0.057813806420763926
2 0.3277211792648213 0.5124519807170489 0.07412839067472685 0.061084276785486225
2 0.44904110124923113 0.6301505866247226 0.1040704293443632 0.0836502610179167
3 0.3356229439051862 0.7064383700597225 0.06466248400699967 0.05305357123840278
4 0.3964331745703681 0.7187942061157642 0.06466248400699967 0.05305357123840295
4 0.4779275278883233 0.8340029384483337 0.04573067067154533 0.03699216014423605
4 0.5266564765675046 0.7429246499793407 0.04255112667090888 0.03223192496187508
3 0.6815717905792769 0.6597881077106256 0.0911704400063634 0.048984320288472286
4 0.4365212778883233 0.833039197282049 0.06931362133990877 0.05003767401194459
4 0.4121303525620957 0.7801135658231602 0.047511346674090585 0.055778527735416715
2 0.35377295989818647 0.7584372811538892 0.05210794000636341 0.048075130508958355
7 0.3481673025541415 0.8372344283803475 0.06286362667090888 0.03270470364722229
4 0.5444290632956836 0.2900905907087852 0.08510225334181776 0.06446384992375007
2 0.6157768046228657 0.33707599990309084 0.0803965720082724 0.06279224715020834
2 0.8023142886298654 0.2898412432535771 0.10877611067790838 0.08532186379145842
2 0.7129170759866369 0.11505748916951448 0.04573067067154533 0.03699216014423614
2 0.6368154632797751 0.4094601461796186 0.053797709341181485 0.059048998100139014
5 0.5842711712683212 0.49263501567066026 0.05837612133990877 0.04978310087368065
2 0.6222973352562308 0.5826067054501742 0.056868165340545215 0.05443423328249999
4 0.575903045910277 0.674520795305938 0.05819430800445424 0.03415810087368065
7 0.680190009229823 0.7785381077106256 0.03940794533736351 0.03059668977951393
2 0.6261110365611412 0.7921271758148964 0.06613407733927232 0.04527743882958344
2 0.7119116292170963 0.8730518271254173 0.048837489337999786 0.03550239532659738
2 0.6705871952180507 0.8650568359591325 0.050490896005727134 0.04335126291777769
2 0.8112603852641851 0.5283952501874312 0.09326019867918127 0.09433318787965277
2 0.6813734379376392 0.47535855632385476 0.05843066534054522 0.05447060087368065
4 0.6883126865850038 0.6177460780753478 0.05830339600572696 0.043533100873680654
7 0.6689803365690954 0.7345153507767714 0.04407726400381797 0.029143292553055568
4 0.6072252239020045 0.7362038309251394 0.02681703866963616 0.022493249050069507
4 0.5636661279042317 0.7187792883720838 0.05199885200509069 0.038700130508958354
2 0.885395129893414 0.805976695950869 0.07127611067790873 0.0844490416031249
7 0.8393184665420513 0.9377527196022228 0.04872840133672725 0.026127395326597025
4 0.7204951938654153 0.9996616931979865 0.04551249466899989 0.0006766136040269544
2 0.8853785905872311 0.6059221445640979 0.049001121339908596 0.04956489532659738
2 0.9565274319303214 0.535683686167223 0.06366360534690826 0.10145470364722228
2 0.4127148919478206 0.3940851468452087 0.05677725867281787 0.04662173328250008
2 0.5097257046069573 0.45182687129399346 0.08377611067790855 0.08473998233256949
2 0.4638223112667303 0.5015534611497573 0.07093066534054522 0.054761541603125075
2 0.530100197247004 0.6484479513661116 0.059974984006999674 0.05294446846486114
2 0.5372234485996394 0.5063877379352435 0.0773079346753633 0.0658445119678472
4 0.7451155752307774 0.7730161127446188 0.03797271467218159 0.04149782218833344
1 0.7166269485598685 0.8036114961033686 0.034684082670272606 0.027362587005972473
1 0.8183183599220492 0.593420838143334 0.029978401336727245 0.02569098423243048
2 0.8791575046149115 0.4018158728126049 0.06627952800763595 0.05777743882958344
2 0.819083070615866 0.3933844705521535 0.03497498400699968 0.052362587005972204
2 0.6705097579567292 0.3344426155944103 0.042460220003181705 0.02441942496187499
4 0.9751807186505461 0.14147974448784803 0.047274989337999784 0.03546602773541672
4 0.24790695727245735 0.4543290497712502 0.050654528007636035 0.05741376291777787
2 0.19063025926959382 0.4740953826931599 0.06484429734245412 0.06867857123840278
2 0.23589675859327608 0.5462619766329863 0.05534202800763595 0.0575228656913195
4 0.2883041432606851 0.542011540937535 0.02999658267027261 0.02725348423243066
4 0.1384666805776859 0.658869119775382 0.047202264003817974 0.029216027735416716
2 0.12091500656432289 0.7569247600679863 0.06124658267027257 0.027980836056041625
4 0.2784098805697317 0.7207359529816322 0.03619203866963616 0.02271145459715278
4 0.2919542125636866 0.7655945113022572 0.018968176002545346 0.019186411094166723
2 0.39584063920277873 0.9688717873284377 0.05545111600890866 0.06225642534312463
7 0.8619240039385938 0.47252776310520905 0.038099984006999675 0.052435322188333446
2 0.9727711446133206 0.41571667828343833 0.045694308004454245 0.03386716014423623
2 0.9465717239417752 0.45105411302895904 0.04093408267027243 0.027508057370694415
4 0.9912933306015486 0.5028900231731953 0.006686352005090867 0.0376454703647223
3 0.8842193639799554 0.16827667419937575 0.08677384134309066 0.07387521751493065
2 0.986825648631456 0.28241386901288273 0.020603401336727244 0.025472778685347208