4 0.8691121944687275 0.86796875 0.05330680718159257 0.03125
1 0.8560672938047975 0.90859375 0.03924430718159257 0.03125
2 0.9848532856133743 0.734375 0.030293428773251564 0.065625
2 0.9730299964839585 0.6921875 0.05394000703208306 0.053125
7 0.9670492038385016 0.64765625 0.056504530054229465 0.04375
4 0.7958372791704665 0.62734375 0.05328862646343317 0.028125
2 0.8338821798343965 0.58671875 0.06893180718159223 0.03125
4 0.9725618429913583 0.528125 0.054876314017283434 0.046875
4 0.8991572010098313 0.5265625 0.03305793969514994 0.0421875
2 0.8381106167008758 0.5078125 0.07374657220870695 0.053125
3 0.9488572191602038 0.475 0.06756020472226432 0.0640625
2 0.9256510024358869 0.38046875 0.05334316861791066 0.0375
2 0.9472396561248789 0.33125 0.048610216822512695 0.0296875
7 0.8623106651018695 0.3703125 0.05492384933606971 0.040625
3 0.7325934323684793 0.90234375 0.050345433645025396 0.059375
0 0.78648150165032 0.89921875 0.07228406615858277 0.0703125
5 0.8289593722600206 0.81484375 0.04558521077238851 0.046875
2 0.8270787096922341 0.76015625 0.0532977168225127 0.0296875
2 0.7890428993873837 0.80234375 0.0595658975406721 0.0328125
6 0.72904066461089 0.69453125 0.06590680113146803 0.0484375
2 0.8839947675611974 0.3375 0.03932612041330898 0.0453125
3 0.8321454003693424 0.15390625 0.07386474687674216 0.0734375
3 0.7079852168225127 0.0296875 0.06909543364502539 0.059375
2 0.6628969932625047 0.47109375 0.0800420240041051 0.0609375
4 0.6564036370907436 0.96640625 0.05645907825883114 0.0359375
4 0.6028741161117006 0.896875 0.05328862646343317 0.028125
3 0.5026650378528694 0.8609375 0.06896816861791084 0.0375
4 0.6702883542078439 0.8015625 0.028243174668035033 0.0203125
4 0.676320185589933 0.7640625 0.034547716822512696 0.0296875
2 0.7321752758508169 0.83046875 0.07526362041330899 0.0453125
4 0.6961463513791735 0.68046875 0.031395445745273774 0.025
2 0.6562616947633153 0.6734375 0.061246572208706954 0.053125
2 0.6219249969749379 0.00859375 0.11259999394987581 0.0171875
3 0.5271897347764936 0.1078125 0.06605224687674216 0.0734375
1 0.5026437318496274 0.0515625 0.051762487899751616 0.034375
4 0.35883971057599684 0.1765625 0.06436248184962742 0.0515625
2 0.6642049632082754 0.42734375 0.07063975292686635 0.05625
2 0.5107663458200287 0.3734375 0.0988920179539809 0.078125
3 0.5788527496072164 0.259375 0.059656801131468026 0.0484375
4 0.5211311531980127 0.275 0.06122839149054791 0.05
4 0.4027669725780493 0.20703125 0.04551248789975162 0.034375
4 0.3978845507386847 0.3078125 0.040788626463433175 0.028125
3 0.29711291197861145 0.44375 0.08619203005422929 0.04375
4 0.4386135689872532 0.19140625 0.06432612041330898 0.0453125
4 0.48257264724608434 0.22734375 0.04405907220870695 0.053125
2 0.5419203761688455 0.22265625 0.047129530054229284 0.04375
7 0.5149397196511831 0.15078125 0.0595477168225127 0.0296875
4 0.5674173633812261 0.7109375 0.08002384328594588 0.0578125
2 0.48454123086766876 0.7 0.07688975292686617 0.05625
2 0.3430355077986401 0.8171875 0.1035704275949012 0.0765625
2 0.49215478472961144 0.934375 0.043949987899751616 0.034375
2 0.4381247731203423 0.64453125 0.05346134328594587 0.0578125
5 0.4492981015755652 0.55078125 0.05337953005422928 0.04375
2 0.3801799420328408 0.4875 0.051853391490547726 0.05
4 0.3819419090517452 0.3875 0.056413626463433175 0.028125
7 0.25041465309981686 0.33984375 0.03609203610435348 0.0265625
2 0.2916163700205255 0.3046875 0.06116475897699045 0.0390625
2 0.18359933694123404 0.26953125 0.04862839754067201 0.0328125
2 0.22260729478675634 0.26015625 0.04866475897699045 0.0390625
2 0.23793842075921018 0.6125 0.08800906010845858 0.0875
2 0.3722770593228917 0.60625 0.05496930113146812 0.0484375
4 0.30828676131468147 0.484375 0.054914758976990455 0.0390625
7 0.27794930064048884 0.37265625 0.040770445745273866 0.025
4 0.33092430971567516 0.346875 0.02510908430895542 0.01875
4 0.3754328338179761 0.34296875 0.05020907825883123 0.0359375
2 0.05936292710392195 0.40078125 0.06607951795398088 0.078125
7 0.04608115622307482 0.26640625 0.04701135538619426 0.0234375
1 0.056314153394404445 0.1453125 0.040761355386194256 0.0234375
4 0.11331358713762578 0.13984375 0.04402271077238855 0.046875
4 0.01779200887879458 0.10390625 0.0345295361043535 0.0265625
2 0.037418707649130564 0.1203125 0.07387383723582165 0.075
2 0.14163104732083914 0.57578125 0.04714771077238855 0.046875
2 0.10778328814745697 0.66640625 0.05680451190385667 0.0953125
2 0.6392236648072818 0.56484375 0.05337043969514958 0.0421875
2 0.5305753726528041 0.55546875 0.07701701795398072 0.078125
2 0.5505242582896195 0.49296875 0.06592498184962743 0.0515625
2 0.4335271349494443 0.39140625 0.056540891490547904 0.05
2 0.48504924921443315 0.51875 0.07378293364502539 0.059375
4 0.1951231651018694 0.3703125 0.03616475897699045 0.0390625
1 0.20740045130441875 0.33203125 0.032948855386194256 0.0234375
1 0.20481230337096332 0.55859375 0.028261355386194252 0.0234375
2 0.1594922756544251 0.96015625 0.08302157825883123 0.0359375
2 0.23015825789683592 0.75234375 0.06280907220870705 0.053125
2 0.2855224687674204 0.734375 0.03310339149054773 0.05
2 0.4385929266129427 0.725 0.04075226502711473 0.021875
4 0.7588362071581513 0.44453125 0.04874657220870695 0.053125
2 0.8000061078220811 0.40390625 0.06130111436318479 0.0625
2 0.7302203277678518 0.36015625 0.05188066256778665 0.0546875
4 0.6866157735131257 0.38515625 0.028279536104353475 0.0265625
4 0.7700362858097659 0.22109375 0.04546703610435347 0.0265625
2 0.7452766594445286 0.128125 0.05795794574527378 0.025
4 0.6231840117074648 0.225 0.03450226502711473 0.021875
4 0.5917294786281736 0.18984375 0.01728749394987581 0.0171875
2 0.41590225595192837 0.04765625 0.05040906615858276 0.0703125
2 0.2784204366700876 0.05078125 0.06275453005422929 0.04375
4 0.1279664395969538 0.10703125 0.051753397540671965 0.0328125
7 0.21647703209733277 0.68359375 0.03621930113146821 0.0484375
2 0.14125029400118944 0.77890625 0.0470477168225127 0.0296875
2 0.1511656494855796 0.7375 0.03764544574527386 0.025
4 0.06432872481754454 0.7171875 0.05962953005422929 0.04375
3 0.32042068529534545 0.95859375 0.08164088544042354 0.0671875
2 0.17401331790709867 0.9046875 0.04232385538619425 0.0234375