4 0.7860297253987153 0.09848472857008962 0.05054551386770836 0.025183538474587385
1 0.7632455356192015 0.05865833673745764 0.034956881458888846 0.026200401451278842
2 0.9594873688254516 0.20602195397531836 0.07783536569131969 0.05736112141421188
2 0.9379766979476389 0.25444953029152095 0.061992160144236405 0.047440484390903405
7 0.9359427256830557 0.3012154028868592 0.05239895459715314 0.03773810217691827
4 0.7716451427611462 0.35246290043978845 0.05359777868534721 0.02216766587924912
2 0.8184844283803475 0.3861037796585488 0.06925914627652788 0.024275802902557687
4 0.9726052912703299 0.41736868174279973 0.054789417459340226 0.039627984390903495
4 0.8976822723201738 0.4349257147750915 0.02743532218833309 0.03842758293962447
2 0.8421778079393754 0.4649926714911807 0.06973192496187508 0.044588302902557685
3 0.9595653296908685 0.4776786991659949 0.06228310087368065 0.05994048439090331
2 0.9595309217308337 0.5768156036124987 0.05069098423243048 0.03143353847458741
2 0.9848166367772224 0.6208756276591157 0.03036672644555516 0.02496528366526398
7 0.8991389355985422 0.5981251192215953 0.05076371941479181 0.03455853847458741
3 0.6413711888295834 0.08796883610448546 0.043423998100139014 0.054598219962933105
0 0.6958586670780903 0.08128481568606541 0.06551720364722229 0.0647371117955651
5 0.7585236276591668 0.1576315500769688 0.03844555737069442 0.04193452885594055
2 0.7699709271460765 0.21345496414211934 0.05207164627652787 0.023675602176918175
2 0.7230952739356946 0.1782515849233591 0.05835801386770836 0.025456356986241692
6 0.6883955784565975 0.2972545560674186 0.060320557370694416 0.04269842068857255
2 0.9287179860353824 0.6280407977147161 0.03223192496187508 0.04327877404661713
3 0.9215088173417716 0.8213815699472347 0.06555357123840296 0.06629961179556502
3 0.8289245398906953 0.968807152253887 0.06533536569131967 0.05692461179556503
2 0.9775529166968407 0.9951935151457605 0.04489416660631847 0.009612969708479113
2 0.6759001509292712 0.5317833234906137 0.07463763050895836 0.054126994009550344
4 0.5503636759118056 0.034831423220461254 0.053852351823611144 0.033105165879249096
4 0.514791158244375 0.11633439436452071 0.050509146276527875 0.023621038474587408
3 0.42314982532246537 0.1701191040758348 0.06936824905006951 0.028963302902557685
4 0.6049453391901738 0.19988599354621406 0.02536367591180557 0.016498019237293705
4 0.6190448599917363 0.23550603501602635 0.030269381458888845 0.026036710344286274
2 0.6586509142282988 0.15960822312779405 0.07271145459715278 0.0384474303072194
4 0.6584177909375349 0.31728431387196687 0.028634146276527873 0.022857146641955418
2 0.6212632830537503 0.3308185350160263 0.05417966014423605 0.04716766587924912
3 0.629559666315591 0.9220338120578683 0.05937630642076393 0.0692063569862416
1 0.6176967523716328 0.982507520588056 0.04912848423243066 0.03137897477225664
4 0.4452021969007993 0.8828100770339928 0.06039329255305557 0.04582342068857237
2 0.6886371934823268 0.5759425512580952 0.06518989532659739 0.050674611795565025
2 0.5492493447928478 0.6577232861971527 0.09367857123840295 0.06728175843752063
3 0.6437280030372229 0.7593800446346732 0.05566942496187508 0.04409722958157989
4 0.5827541354460423 0.7556895602437698 0.05723192496187508 0.044151793283910834
4 0.48177482332569516 0.8442758558899331 0.041279616641249996 0.02954365626060209
4 0.4521035474901395 0.7433209910991433 0.03804551386770836 0.024747028855940555
3 0.32054246333395886 0.6247569856568477 0.08506598423243057 0.03263393992586607
4 0.5218004112815979 0.8534797302993702 0.06333645459715279 0.03812004809323426
4 0.5566832511373618 0.8094221954529799 0.040153527735416715 0.04823909255827132
2 0.6166576631814589 0.8037103979927178 0.043060322188333444 0.038973219962933216
7 0.6067391089448966 0.8806449202252363 0.058285278685347205 0.022331356986241956
4 0.5231706219595835 0.30865830362034785 0.07612739532659721 0.05105655771188111
2 0.44491898860083356 0.33402783665263963 0.07292966014423605 0.0478224303072194
2 0.2749318372903127 0.2414434886520726 0.0983297036472223 0.0658829495445131
2 0.3956956661281598 0.09734380298737567 0.041279616641249996 0.029543656260602246
2 0.4104907436348267 0.39761662149902993 0.046476262917777865 0.05158234736759475
5 0.4454307477188893 0.49016870924797795 0.04934668977951393 0.04075397477225664
2 0.3917985610735074 0.5671379478152325 0.04636716014423623 0.04689484736759475
4 0.41752721931788256 0.6663939033501954 0.05363414627652787 0.023730165879248942
7 0.2981972974901395 0.7379464664195541 0.034884146276527785 0.023075401451278843
2 0.3480161127446187 0.765446473042976 0.06010235182361114 0.033323420688572546
2 0.24936171361829929 0.8197668960938012 0.04433188145888893 0.026527783665263982
2 0.29002308120947984 0.8227480523544035 0.04447735182361114 0.03277778366526398
2 0.22003070421590318 0.46512403611233466 0.07834451196784728 0.07923612141421188
2 0.35547724173496564 0.4487773282151191 0.051018292553055566 0.04549603847458741
4 0.3211048545764935 0.5818427993591786 0.05076371941479172 0.03455853847458741
7 0.3176006077106256 0.6995932945498552 0.03949891109416672 0.020114092558271325
4 0.3773210998268409 0.7165104652384278 0.02383754350298606 0.018005955534962936
4 0.4209256294621186 0.7117882489036916 0.04756598423243048 0.031324411069925694
2 0.09458133500920199 0.7097594351165428 0.05952177678548618 0.0754563569862416
7 0.11340668303309098 0.8478050721398513 0.04727504350298615 0.018824411069925873
4 0.03373802003906323 0.8793700414698122 0.015371733282500055 0.05674107332097762
1 0.15208993616722305 0.967028787293461 0.03790004350298615 0.018497028855940557
4 0.2105382158025008 0.9628249261308681 0.03848192496187508 0.043497028855940555
2 0.13764622967020915 0.9810788744094368 0.0712580573706945 0.037842251181126586
2 0.13309505508958375 0.5198536869306414 0.041570557370694504 0.04204365626060227
2 0.07804257275701425 0.4351860210513923 0.04429682028847228 0.09209821996293321
2 0.6300953820275698 0.44197428982534975 0.05080008700597229 0.036121038474587405
2 0.5254085352379517 0.471884989918017 0.07038654160312507 0.07271330290255769
2 0.5603478861116324 0.5308706095181304 0.06191942496187508 0.04431548439090349
2 0.46718172720166723 0.6532961918247827 0.05098192496187508 0.043933538474587405
2 0.4882001291777782 0.516641929210911 0.06838763050895835 0.053908739200226916
4 0.23680520260038254 0.7162872320286506 0.0320500870059723 0.03546627404661713
1 0.2571729071975353 0.7529067783077863 0.030160278685347208 0.021349210344286364
1 0.2003734740675352 0.5261061761308682 0.025436411094166722 0.019623019237293704
2 0.059250326272395945 0.13087054328391082 0.08179551386770836 0.026274812521204494
2 0.17934853998760442 0.3270957572563941 0.057304660144236144 0.04727679328391084
2 0.2388690103523267 0.3354191779449667 0.027653527735416718 0.04780258293962456
2 0.39302918028020856 0.31816473447572136 0.04095230832062509 0.015481156260602268
4 0.130015461531007 0.0521577554422956 0.05519664627652778 0.023784729581579955
4 0.7776081212939935 0.5415799641421193 0.04327852773541672 0.04834821996293322
2 0.8283718407087852 0.5761385026167067 0.05599673328249999 0.05815972958157989
2 0.7703424415824658 0.6318775819281341 0.046403527735416714 0.04845734736759475
4 0.7207600156706603 0.6145338253047122 0.025509146276527873 0.022748019237293703
4 0.8437098192416326 0.7655829485330228 0.044186411094166544 0.020277783665263983
2 0.8420765436904174 0.8631027892771955 0.05817617591180557 0.0176438569862416
4 0.695890568291702 0.7869618968115915 0.03161367591180557 0.01671627404661713
4 0.6749793094579868 0.8276042549789594 0.015952308320625087 0.014608137023308387
2 0.5336308768966674 0.9835528603403617 0.04335126291777769 0.03289427931927662
4 0.23310420003493135 0.9891976812142687 0.047529616641249994 0.021604637571462602
7 0.18258394918191007 0.399025320958725 0.03074216014423614 0.046349210344286365
2 0.08385420203170164 0.3159548714142119 0.04429551386770836 0.02496528366526398
2 0.10431282560680585 0.35648066769334763 0.036373911094166676 0.0200049651536097
4 0.028623147795139213 0.3913070462791357 0.03986258700597225 0.035739092558271415
3 0.21864285685760426 0.10365082277282353 0.07474673328250007 0.05881449400955021
2 0.08623170678135432 0.18333334437236992 0.04098867591180557 0.01704365626060227