4 0.9118766230042432 0.217740055458267 0.0238486768820259 0.04869203866963616
1 0.9493302020537161 0.23849799813013037 0.026400673916276672 0.03466590133672707
2 0.8138104906084598 0.054021906110722176 0.05618101581733086 0.07561816534054513
2 0.7651992356655439 0.0769048754375861 0.04616934585538672 0.05988407733927246
7 0.7189463181750579 0.08027477609799549 0.037974843878220456 0.050418170671545234
4 0.663074367072744 0.24298331409131396 0.022349843878220456 0.050236357336090796
2 0.632044542966187 0.19885150608685964 0.02298651384016459 0.0658613573360908
4 0.6070657420913346 0.044581629415950744 0.03861151384016459 0.06604317067154522
4 0.5874124752854206 0.12407822541372357 0.038518671939110405 0.02543635200509069
2 0.5569954634224226 0.18000096140990557 0.044861513840164416 0.06611589600572701
3 0.548361904144613 0.06578392007476928 0.05704317885919252 0.05844884667409056
2 0.4512640696579327 0.07012542739495171 0.03166117688202626 0.04878294533736345
2 0.4087237425856262 0.039928850055679255 0.02528384288963732 0.04558522000318168
7 0.4285003903044487 0.13004532005886094 0.03328734387822045 0.05036362667090888
3 0.9163665103429424 0.35692073412631237 0.053281508897248385 0.04278748400699968
0 0.9239999382135515 0.30385936879372144 0.06342051285158128 0.06164657200827239
5 0.8520413665784524 0.24752700545031284 0.04208934091247087 0.0364102146721816
2 0.7984852850575217 0.23830599944299494 0.023912343878220454 0.05025453866963616
2 0.8310776091640786 0.2824559887809947 0.025729511862998322 0.0565227200031817
6 0.7138291007611217 0.32095432009863184 0.04141817885919252 0.05826703333863614
2 0.40070831273785057 0.10236521538827019 0.04189833992388792 0.031722714672181594
3 0.21091364228161505 0.11813402402927138 0.06667284684397004 0.06480793467536325
3 0.06393387152136837 0.2149079320098632 0.055608012851581255 0.06155566534054513
2 0.023900415019028044 0.055750560669954395 0.04780083003805609 0.08025112133990879
2 0.4830910953239142 0.34406291406745143 0.052928681824942106 0.0724568026734543
4 0.9651767420541535 0.44424855880008474 0.036412343878220454 0.05039998933799979
4 0.8831163171492937 0.4823747201224943 0.022349843878220456 0.050236357336090796
3 0.8270480478719218 0.5731718954487219 0.029236513840164235 0.0659340826702726
4 0.8052406679475965 0.3986167907781312 0.016643671939110406 0.02518181333545453
4 0.7705619204190544 0.3864889607733587 0.026146005931499162 0.028415901336727157
2 0.8465315128144002 0.3443838241167674 0.037176347832553344 0.06914998933799979
4 0.6938694278334283 0.3504236440960865 0.021458505931498985 0.028361357336090798
2 0.6774340029285686 0.38931342142740477 0.04747717787060921 0.053652258672817955
2 0.013847641293031857 0.29318692600254537 0.027695282586063713 0.1051238520050907
3 0.1021965809894582 0.40763178134945377 0.0663545118629981 0.0569954346753633
1 0.0422485780237087 0.4210033906747269 0.030035009885831743 0.047202264003817974
4 0.13325162692139478 0.5854209740213172 0.04454317885919248 0.058303396005727134
2 0.4412855973010806 0.33419701806172447 0.04942167984777566 0.0630454400063634
2 0.3566811511416826 0.47312261071767947 0.06612901878308027 0.08978975334181775
3 0.2602146694304713 0.38524025537077095 0.0427896778706093 0.05359771467218159
4 0.2632640735750844 0.44467889003818006 0.0443521778706093 0.05361589600572714
4 0.17231146832815739 0.5475760760264079 0.028217841901054187 0.04093408267027243
4 0.26826329688333866 0.5713595687062254 0.02340300790866543 0.03775453866963616
3 0.378890437682079 0.6953612373885883 0.03299818380210837 0.08159544533736351
4 0.16449630973491997 0.5091857380251351 0.0383568458553869 0.059793170671545326
4 0.20814815064739095 0.47373913403086226 0.04684050790866543 0.038027258672817865
2 0.21681749650277782 0.414436859365044 0.037592841901054184 0.04104317067154515
7 0.14124449353702834 0.4276266553548626 0.0226045118629981 0.056486357336090795
4 0.6955208166550022 0.48253671009704097 0.0482411818249421 0.07240225867281787
2 0.6681187168452827 0.5603798994270865 0.04811384783255335 0.06927725867281787
2 0.7514365997353576 0.7215815761059498 0.06482118676785795 0.09602157200827222
2 0.8963737094309089 0.598208805458267 0.02965300790866543 0.03782726400381797
2 0.6041225424347144 0.5963713960852688 0.05184634288963732 0.04589430267345414
5 0.5146753818643106 0.566410628739633 0.039410009885831696 0.04731135200509069
2 0.4389140365032153 0.6225873560629971 0.042407675893442943 0.0442227146721816
4 0.34283487395564527 0.6019288633831795 0.0224771778706093 0.0533613573360908
7 0.26840126524867713 0.7214322940404072 0.021649506920082294 0.033048857336090795
2 0.24374877513450882 0.6742482113701346 0.03197951186299815 0.05659544533736351
2 0.1866127543742622 0.7720675460295896 0.026719008897248563 0.04247840133672707
2 0.18507942927912197 0.7329686833624987 0.03303267589344294 0.04411362667090888
2 0.5307620023970958 0.7854515300763601 0.07805601581733086 0.07587270401018138
2 0.5518305305717164 0.6520395934118145 0.0440975098858317 0.04736589600572714
4 0.4204558551725649 0.6919367927275426 0.03328734387822045 0.05036362667090888
7 0.3059795196973014 0.7007658053787251 0.02027800790866543 0.037718176002545435
4 0.29186528156029945 0.644324901376498 0.01651633794672147 0.02205681333545435
4 0.29833545745374246 0.6006294453771344 0.029907675893442943 0.04407726400381797
2 0.28694172372818383 0.9186163767106799 0.07254084486680376 0.05550566000954511
7 0.15301239270154451 0.9061152820257714 0.017471342889637365 0.04549431333545471
4 0.11907379140895018 0.9898352066756815 0.05401633794672147 0.020329586648637134
1 0.03787948262543235 0.8735107726766358 0.018715507908665396 0.03769999466899989
4 0.04567207798652764 0.8165431573440449 0.04202567391627662 0.0348477146721816
2 0.021258951540833928 0.8895988493395907 0.042517903081667856 0.06947725334181776
2 0.47407165061020995 0.8723333647358149 0.04221667490485963 0.039535214672181594
2 0.5549104737281838 0.9217344754137237 0.08921900889724857 0.04320565467854465
2 0.5697488369209573 0.38493390941276906 0.03478617688202625 0.04881930800445433
2 0.5373899816740302 0.48851289540895115 0.06992518083635879 0.06796929734245402
2 0.4808508215979181 0.45659018606776963 0.044606845855386726 0.059865896005727136
2 0.3573403843357686 0.5528555640515431 0.044224843878220545 0.05049089600572696
2 0.49129889026726764 0.5262759774029059 0.052674013840164416 0.06620680267345413
4 0.2863262528913874 0.780262401376498 0.03558467292769345 0.030087489337999783
1 0.25190217334762294 0.7618845713717255 0.019896005931498983 0.028343176002545434
1 0.4712769144503744 0.8066447300684059 0.01976867193911023 0.025218176002545434
2 0.8509405567319895 0.9267423381205854 0.025122016805914173 0.07994203866963616
2 0.6638318289751108 0.8190463747612684 0.04747717787060921 0.053652258672817865
2 0.6591562578343033 0.7611520587603138 0.044768671939110403 0.025509077339272324
2 0.6817382064651593 0.609780462762541 0.01565417490485981 0.039226132001908984
4 0.9304954055531258 0.854195723464312 0.024039677870609212 0.05337953866963616
4 0.4785083660841609 0.24552541673295147 0.04859400889724856 0.04273294000636341
2 0.4468564594680899 0.19747826806172442 0.05678851087441501 0.05219884667409058
2 0.389749613612703 0.25621692138763386 0.04872134288963732 0.04585794000636341
4 0.404995270228774 0.30407316605663376 0.022893671939110228 0.025254538669636162
4 0.26342187695857583 0.19143571137013468 0.020405341901054187 0.04084317600254535
2 0.16779104197760386 0.19813915002386256 0.0179170118629981 0.05643181333545444
4 0.23562584631249744 0.33649367270049846 0.01689833992388783 0.03143181333545444
4 0.19642142486767875 0.3587044800286351 0.014635502965749536 0.014226132001908986
2 0.02608503233891792 0.5043789646721816 0.05217006467783584 0.04135225334181776
2 0.005115310494947866 0.6400619260025453 0.010230620989895732 0.05663180800445424
4 0.016780415438957537 0.7966664620066816 0.02847250988583174 0.04718408267027243
7 0.5942687454770136 0.8190185554184961 0.04489600593149916 0.028634077339272323
2 0.6710448096977389 0.9105798940960865 0.023594008897248563 0.04244203866963616
2 0.6334638966558772 0.8929469514242232 0.020150673916276673 0.03459317600254508
4 0.5941202123594772 0.9742848477084525 0.038165844866803765 0.051430304583094964
3 0.8839015898495258 0.7700201707908579 0.05767984882113666 0.07407384667409041
2 0.800301228176808 0.9034861041135857 0.017280341901054187 0.04080681333545435