7 0.2817291983272633 0.31950575305221773 0.04078213025772479 0.034859678878243726
7 0.7446629675491401 0.2607271330827999 0.052292840343633 0.04637038896415202
3 0.5492586985544059 0.7604770703287868 0.048997421980838854 0.07268722749876275
3 0.8566096896208361 0.3668686697175313 0.0608423247398008 0.0608423247398008
7 0.0760059842846261 0.6424508508590826 0.03905585594746528 0.03165279172311415
7 0.12208420341564592 0.3910454811168075 0.051146420171816497 0.024495388964152022
4 0.7909050452296171 0.5592741757104251 0.07844590456798421 0.039949970601357875
4 0.865890677862191 0.6830635577771722 0.0642196302577247 0.03608798620519007
4 0.3916242559928938 0.07614525667026235 0.07310330732694625 0.027204309135968607
4 0.27888532281923684 0.6577836810259503 0.0618316146538926 0.049986711894930556
7 0.1456003527837059 0.9289040072360892 0.06224769448207601 0.028193599050060313
7 0.803390677862191 0.6797880715719822 0.03938340456798421 0.03790279172311397
3 0.4530764173467414 0.7272341231331773 0.0954696302577247 0.03772572930778502
3 0.8912989501362855 0.30288141282012637 0.09522396879233526 0.033038229307785195
3 0.7923468730216355 0.20290466700399784 0.08132524310259495 0.03542624491161739
2 0.05229516734674141 0.7062300678423958 0.05228619629109834 0.07597600180902227
2 0.3476397241078608 0.49687383649844585 0.07860967887824381 0.04307497060135788
2 0.36751289009580584 0.3717886273170487 0.057805855947465276 0.032635437584671044
5 0.6893314998884584 0.6886950028250751 0.07326708163720567 0.03032930913596843
5 0.9060497676399972 0.43996533299194285 0.0610946302577247 0.03592421189493056
2 0.1213428177308542 0.569620860470021 0.048758404567984304 0.03839411465389268
2 0.33165952001484633 0.5626249892574078 0.06660100180902226 0.05179487336031983
4 0.0208199355505358 0.877579445386587 0.0416398711010716 0.0336180834462283
4 0.2720134458408724 0.8188030681810801 0.0612584045679843 0.039049211894930734
4 0.17697758480502448 0.7636851209854706 0.05936171189493056 0.06232293758467104
4 0.30901107756893526 0.9648868521022781 0.06668953301668674 0.023751760515449406
5 0.38653629127288813 0.8608411612382467 0.050976001809022266 0.050976001809022266
2 0.3030985922682563 0.9932188127540134 0.036012743102595036 0.013562374491973372
2 0.4100501136378398 0.6513400084792847 0.04259029172311415 0.03962906603337366
2 0.6887406004088568 0.8046066078680292 0.042917840343632996 0.04587906603337366
4 0.6661141644060653 0.38430407394683136 0.04810330732694616 0.02589411465389251
4 0.6440111923343694 0.28287104873206065 0.06027575870642714 0.020299211894930558
4 0.6189392712580417 0.32777743498267925 0.02918288896415202 0.05139208163720586
4 0.5011176854369644 0.24404648688255862 0.06405585594746518 0.03296298620519007
5 0.680061556988262 0.23775662256735033 0.03946529172311415 0.03946529172311406
4 0.5476220347141675 0.6123294973980082 0.058133404567984215 0.03888543758467104
2 0.8435343210102145 0.7359462183380503 0.09957727611928177 0.056639503618044526
2 0.8580970307574386 0.9513598563976913 0.045223968792335256 0.030417840343633172
2 0.9316883389888961 0.9074294719560949 0.03239642017181623 0.023512743102595123