7 0.29609375 0.3040898215916972 0.034375 0.04338790145127884
7 0.23671875 0.7731101509031246 0.0453125 0.05314484736759475
3 0.74296875 0.591570040458322 0.0734375 0.04943949400955017
3 0.34375 0.8901290145127883 0.0578125 0.059831356986241604
7 0.6234375 0.10692716723001147 0.0328125 0.040208337748947984
7 0.36796875 0.14488100189891656 0.0234375 0.052380955534962845
4 0.53828125 0.8312971954529799 0.0375 0.08099702885594055
4 0.6640625 0.9106895734906137 0.0328125 0.0683333377489479
4 0.0484375 0.40716022477225655 0.025 0.0743105192372937
4 0.6390625 0.31372280425332005 0.0484375 0.06262897477225655
7 0.91328125 0.18736123401238522 0.0265625 0.06499008293962456
7 0.6609375 0.847299196085952 0.0375 0.04037202885594056
3 0.709375 0.4927406708582086 0.034375 0.09963790145127885
3 0.27890625 0.9230208708660577 0.0296875 0.097911710344286
3 0.178125 0.8202827620657176 0.0328125 0.0839583377489479
2 0.68828125 0.085754060876742 0.075 0.052619057711881065
2 0.475 0.3783061155085802 0.040625 0.08110615626060227
2 0.3484375 0.39341770561978084 0.03125 0.05890377404661713
5 0.66953125 0.7319742964487717 0.028125 0.07441964664195541
5 0.41875 0.9427480722246694 0.034375 0.06526290145127867
2 0.54921875 0.15121039136929584 0.0359375 0.0496924651536097
2 0.5421875 0.36346485470880696 0.0484375 0.06887897477225655
4 0.86328125 0.05436519553779784 0.0296875 0.04947421034428627
4 0.80234375 0.31161221114689447 0.0359375 0.0637549651536097
4 0.74609375 0.21355416786298367 0.0609375 0.05994048439090331
4 0.95 0.3558309810171604 0.0203125 0.06633432813030113
5 0.84453125 0.43027293110982756 0.05 0.051746038474587405
2 0.98359375 0.35075410061727375 0.021875 0.03670139183263199
2 0.6328125 0.4470982994439966 0.040625 0.04360615626060227
2 0.7875 0.7353126059747513 0.0453125 0.04533234736759475
4 0.9984375 0.8083037057894169 0.003125 0.04073412740466189
4 0.3609375 0.6961979652384277 0.025 0.0493105192372937
4 0.25859375 0.6715302927357566 0.0171875 0.05997520072563951
4 0.30390625 0.6481126401033515 0.0515625 0.028363102176918176
4 0.21875 0.5248264183263198 0.03125 0.06515377404661712
5 0.2125 0.7066394135169964 0.0390625 0.041989092558271324
4 0.59296875 0.5855506750345597 0.0359375 0.05906746515360979
2 0.7171875 0.8906697393698628 0.053125 0.10029266587924894
2 0.93671875 0.9131796895473482 0.0296875 0.047911710344286006
2 0.89296875 0.9849182140573014 0.0234375 0.03016357188539729