7 0.318875157735803 0.7512969283803475 0.05064845318850324 0.04331489532659738
7 0.7940289659672605 0.714641874712466 0.06224105042954129 0.05606946846486114
3 0.510581216644629 0.25749564304548656 0.06519563206674697 0.08266833605604171
3 0.8883665434205946 0.5862097098185771 0.07243492198083885 0.0719126740119446
7 0.05660196630594468 0.472203614741389 0.04587906603337355 0.041643292553055745
7 0.14719823157109263 0.7136663757593057 0.056489017412854545 0.0356478656913195
4 0.7881629047951269 0.40866397843593816 0.08715916327441153 0.05508884992374998
4 0.8415855551792397 0.2698930723757646 0.07433161465389268 0.04854790919430565
4 0.47241848032789724 0.9707587092498962 0.07869156603337349 0.042407011967847554
4 0.2567115089335699 0.41506718123013914 0.07194359905006031 0.06253767401194459
7 0.0753674129357273 0.17383884992375007 0.06931656603337355 0.042188806420763926
7 0.7789251028952475 0.2864253025241326 0.04760534034363299 0.04480466014423614
3 0.41857077905995793 0.3116726903481948 0.10442855042954129 0.05705139342673622
3 0.9253032994134884 0.6426058333936814 0.0869953889641522 0.05196384992375016
3 0.8525507948909328 0.7621539607685077 0.0885578889641522 0.05200021751493065
2 0.02814605353955953 0.41429954255305557 0.05629210707911906 0.08430357123840296
2 0.3546056970840678 0.5620532436348267 0.08888543758467105 0.058250217514930466
2 0.3960385232942067 0.6819124551658338 0.064792840343633 0.04520470364722229
5 0.6639618441888203 0.30095796836795197 0.07877345318850323 0.043969511967847284
5 0.9232162562200366 0.5033251278465981 0.07128850180902262 0.05003767401194459
2 0.11504523010075463 0.536140134593021 0.057062227498762795 0.046585365691319505
2 0.3265492961341282 0.5003883918112155 0.07827548620519006 0.06424564437666688
4 0.22119116802410996 0.25701763867708355 0.06972600180902226 0.050001306420763926
4 0.135969641000317 0.3309077739356946 0.07407930913596857 0.07351154160312508
4 0.23386266564926075 0.1047829914506252 0.07055151741285455 0.0359751740119445
5 0.3286185656946893 0.19224858349059057 0.06248671189493056 0.06075696846486114
2 0.22304135232942066 0.07246080072118075 0.042180855947465276 0.03063305737069446
2 0.38997106626051614 0.3947027426848962 0.05253850180902227 0.04960126291777787
2 0.6425958565132921 0.18625903552229223 0.05434666327441171 0.054325130508958354
4 0.6932244617833889 0.6082626285121882 0.05336401741285464 0.03557513050895835
4 0.6893005223896955 0.7129864961033686 0.06249335594746519 0.031105836056041624
4 0.6569317576903744 0.6739051590973965 0.04036605042954129 0.05556032218833344
4 0.5527212132537269 0.7817702508530213 0.07112472749876275 0.04691267401194441
5 0.7334699242441464 0.7507780900431951 0.049331614653892505 0.047966027735416715
4 0.5349150740624322 0.40511617866468796 0.06503850180902226 0.049892203647222286
2 0.8104074762555674 0.22301741916538265 0.11009869629109836 0.07591049620027786
2 0.8672317656038322 0.03426469690079934 0.03741146879233561 0.028961454597152804