7 0.7321346566532521 0.3142163180348585 0.0424713428896375 0.04720463978475227
7 0.7455259249792219 0.7965386664632819 0.05391817885919252 0.06021406203449331
3 0.252448451139495 0.547895882755439 0.08041701186299814 0.05988873035529281
3 0.625381862735663 0.9023242477281975 0.06986151384016441 0.06875430810555158
7 0.4225063527754691 0.07268390529563022 0.03921900889724857 0.04393409057054058
7 0.6750994535737719 0.14388885546224595 0.03354201186299814 0.057705492142117176
4 0.4355925094659023 0.8164531759737945 0.05187551779449713 0.08663101282028159
4 0.2996669383250947 0.8807062287026632 0.046615014828747546 0.07235018899896417
4 0.9717449377936221 0.4509927642725328 0.037558349809719616 0.07972604135632881
4 0.3855342292769344 0.2794818689017001 0.05898768083635879 0.0698073858558109
7 0.12137227570316253 0.11645329177061363 0.03861151384016446 0.06729881596343472
7 0.3095884249792219 0.8168427818458163 0.04553267589344294 0.04578768899896417
3 0.2970340978697343 0.4511086199351574 0.051013354752635465 0.10374573821317572
3 0.687624536157648 0.931517288051069 0.04686968281352506 0.07860018899896418
3 0.8001935203403171 0.8511319671252358 0.04887785178688588 0.08961046360606986
2 0.3586693458553869 0.04278238957986451 0.0836693458553869 0.06315927956950458
2 0.5448229990485979 0.36599079549466723 0.05337435079830275 0.08514128742738744
2 0.6705697569572633 0.39770521422975164 0.04160917984777566 0.0643193651776464
5 0.31262590026464254 0.6992914088102868 0.04068334980971962 0.07987159057054054
5 0.5448786206443283 0.9436449146012551 0.04798651384016441 0.06773546360606986
2 0.49279894813656444 0.1265494598865254 0.045978344866803765 0.05672518899896399
2 0.4781156601132933 0.34248482899311333 0.060804848821136306 0.07613016046291676
4 0.18957183596955512 0.0085701712162837 0.04164367193911027 0.0171403424325674
4 0.22101147285114378 0.2566180653442622 0.049612680836358794 0.06937073821317571
4 0.28691370406806344 0.16431709532805153 0.07142401384016442 0.06882708271265772
4 0.06702430980928205 0.28101025144774205 0.032488847832553215 0.07013271753501123
5 0.16615682958094555 0.37032100041428473 0.060168178859192525 0.06050516046291676
2 0.3785414244477493 0.4152203157585469 0.04884867688202608 0.05062073821317572
2 0.19314372980840702 0.686853528950332 0.051973676882026164 0.050766287427387445
4 0.6266711542189751 0.7034501000855624 0.03335101087441501 0.05301799214211709
4 0.7326346527361005 0.6914701768023642 0.030671679847775656 0.06380994292790554
4 0.6899550628122126 0.6621487038906694 0.054462006920082115 0.03528683664159917
4 0.788591539580508 0.5471893298216828 0.04349001482874755 0.07220463978475226
5 0.7758235786295434 0.7332916497140589 0.0456600098858317 0.04891268899896417
4 0.40480678859192487 0.5603679958661708 0.04623301285158128 0.062975188998964
2 0.24845726539740126 0.8533475161300504 0.0715168557412186 0.10937930810555194
2 0.03922684543545738 0.8474379261786824 0.01147601087441492 0.05199914764263518
2 0.063966860264205 0.9167315816792005 0.024074169961943913 0.016716619106588126