7 0.3136876251069531 0.7562322457768579 0.04720463978475227 0.041943459092057725
7 0.7858194902845994 0.7308544418702849 0.06192211124870504 0.05641513605166182
3 0.5092314890417452 0.2698497795586642 0.06308650496239884 0.08141513605166191
3 0.8808131207637271 0.6061021459477777 0.07195208271265799 0.07075042069139811
7 0.05700109326113693 0.4726084373844454 0.045569365177646426 0.040335494985435004
7 0.14430407837394074 0.7145351761016743 0.05621576674922304 0.03440374373179385
4 0.7843127640631359 0.42727480080405816 0.08677656203449331 0.054017561757624934
4 0.8376647040955572 0.2895762240027385 0.07242296360606985 0.04735838479802066
4 0.46369181741568594 0.9788610667056826 0.0768193651776464 0.04124477711788899
4 0.2557875037240536 0.42050168276559186 0.07151543507002263 0.06137542069139794
7 0.0786043813076969 0.17674200791755879 0.06900686517764643 0.04101745658477531
7 0.7759630707209457 0.30420937384445396 0.047350188998963996 0.04506845909205772
3 0.4184759024001461 0.3204060575344827 0.10247433664159918 0.05603470282385157
3 0.923542122211469 0.6628893550398355 0.09600601282028158 0.05116534639736088
3 0.8437925020714238 0.7794798099752581 0.08819351282028158 0.0509380258642473
2 0.028040378102626506 0.4145087808788124 0.05608075620525301 0.08306856426490725
2 0.3521444652632089 0.5688148138026888 0.08692211124870504 0.057142561757624756
2 0.39110845781961084 0.6896417908414352 0.06446491439185813 0.04400606426490725
5 0.661172824649887 0.3165154940609982 0.07852741439185813 0.04441524122451135
5 0.9167378122438901 0.5234404101335427 0.06937073821317555 0.0488299565847754
2 0.1142099716733497 0.5376400554894186 0.05523546360606986 0.046858279625171126
2 0.3245503122438903 0.5062095137235465 0.07627570967712849 0.06307431301126591
4 0.22247635173819233 0.2622883659934022 0.06944351282028158 0.05039245658477522
4 0.1369883079006641 0.3341202503957114 0.07209763192686944 0.07387542069139794
4 0.2358218759310134 0.11012647241989289 0.07035104135632882 0.036375420691397944
5 0.3302203852366383 0.19970946113712182 0.06050516046291676 0.05949467194503919
2 0.22495930459089522 0.07460650956691144 0.04386131596343468 0.03716503087881238
2 0.38880121091998265 0.4032496497752084 0.05069351282028158 0.04984688730530316
2 0.6415217582721676 0.20094431835503537 0.05240156203449331 0.05301735141192578
4 0.6876067762642449 0.622385060833188 0.05316354135632899 0.03587531551854841
4 0.6819496275881525 0.7270498287798766 0.06232021753501123 0.03146060015828454
4 0.6509564927657989 0.6870325825408002 0.03848461124870504 0.055733174452321774
4 0.5466799075719418 0.79273936177026 0.06915241439185812 0.044142456584775405
5 0.7262603997140589 0.7666722699252457 0.04742296360606986 0.04663095909205772
4 0.5321145632773476 0.41680734758449506 0.06468323821317572 0.04869356426490725
2 0.8078166923087329 0.24176920981697356 0.10959763192686936 0.07496655925034235
2 0.7855008523573648 0.03224344563120861 0.05087329528527036 0.020204851411925795
2 0.8666224197685416 0.054161561228899355 0.037247442927905536 0.029170674452321667