4 0.8563994069428336 0.12142412821194899 0.06421298620519025 0.0628545240041051
4 0.895698765830975 0.44518888113881516 0.0755665660333733 0.04105224687674216
3 0.6621625695398765 0.5172900983541113 0.09875840456798421 0.036501102262936416
3 0.6316307010407967 0.23499522794080246 0.0520405348257091 0.0690318011314682
3 0.568076134102912 0.2994889991162372 0.05442855042954129 0.05498748184962743
3 0.33145920341564594 0.385639080792914 0.03945864767057934 0.06739657825883114
3 0.4057664846233104 0.41420496320827543 0.10632524310259495 0.03185905405833438
3 0.9696530014703381 0.1822576099633805 0.022605340343633172 0.04386817466803503
7 0.6618527103130509 0.4188207820973327 0.04053646879233561 0.028352258976990542
4 0.28117592039895917 0.405665234481906 0.057226001809022264 0.04875566256778665
3 0.08261343114155133 0.76477609318775 0.06199538896415206 0.050345433645025396
4 0.9147308853461075 0.05221104077973561 0.024577276119281777 0.05168976502711464
7 0.5433129087518558 0.07115037567786621 0.057478307326946344 0.02376475292686624