4 0.8788219483633867 0.21720711806862134 0.0661904843909035 0.06392125889134022
4 0.5661830499073328 0.1316676085581087 0.0462599303072194 0.073912688998964
3 0.4925446863824872 0.3458520789886041 0.04239088584218216 0.09713186517764641
3 0.7640675115175635 0.41543694871436454 0.07055060217691818 0.054764582712657627
3 0.7003522410991433 0.46706791521591845 0.05659722958158007 0.057234611248705033
3 0.611170723127794 0.6828683895753553 0.06698909255827132 0.0421190334984459
3 0.5851141654159129 0.6067767704687674 0.04104664065150558 0.10330909057054054
3 0.8227852247722567 0.08668055603412807 0.04538691106992587 0.04891268899896402
7 0.5874306004476377 0.36041119271850847 0.029489092558271323 0.04037244292790536
4 0.5916866023465543 0.7279796823794262 0.05341766587924894 0.05552656203449331
3 0.240057158877309 0.8660381846557378 0.05363592068857255 0.06177656203449331
4 0.9466071598887993 0.170445588084832 0.052380955534962935 0.02583906203449331
7 0.9199851840202345 0.5248762229071856 0.026909729581579712 0.05585189371369381