4 0.83828125 0.146875 0.0578125 0.05546875
4 0.52578125 0.10390625 0.03671875 0.06875
3 0.4640625 0.3265625 0.03125 0.09140625
3 0.73515625 0.36015625 0.0640625 0.04453125
3 0.675 0.41953125 0.05 0.0484375
3 0.59921875 0.6453125 0.0625 0.03359375
3 0.56953125 0.5734375 0.028125 0.09921875
3 0.7765625 0.0234375 0.0421875 0.046875
7 0.5578125 0.32734375 0.02578125 0.03671875
4 0.58125 0.69296875 0.0453125 0.05
3 0.2421875 0.8765625 0.046875 0.05546875
4 0.90234375 0.0921875 0.04921875 0.01953125
7 0.8953125 0.44765625 0.01953125 0.05390625