4 0.1899099363479284 0.8871759577312849 0.06511034684397003 0.06551720364722229
4 0.10432928612046691 0.568297364741389 0.07678267589344294 0.04549564437666689
3 0.32436060182406695 0.48990418028020866 0.09853034190105418 0.0428797906531944
3 0.3941915766523771 0.7670492149494794 0.05592634783255326 0.06998649810013902
3 0.44695447931411536 0.7019340144363893 0.05697951186299797 0.0575228656913195
3 0.6679116250557715 0.6079521975663894 0.041800180836358794 0.06809668977951393
3 0.5903941201128557 0.5827326855985422 0.10621550790866544 0.03993662860909737
3 0.07052592497922187 0.8305421383927432 0.02365767589344294 0.04425914627652787
7 0.3376829555881192 0.5869973858272919 0.04027217292769345 0.03059668977951393
4 0.7154577871090501 0.5872045928929868 0.05678851087441501 0.052835365691319504
3 0.8584040434976596 0.22603396960222294 0.0631021778706092 0.05454333605604171
4 0.1420573681728704 0.9578690110179167 0.02710101087441492 0.05214438145888885
7 0.5044963597699134 0.9264989097629865 0.0588311719391104 0.026345600873680652