4 0.1633974534531763 0.8792484760643055 0.06166475334181776 0.06391833605604162
4 0.093300392743451 0.5636065986894792 0.075490896005727 0.04393314437666671
3 0.3158106447326333 0.4787185331506595 0.09574885200509069 0.03971842306201392
3 0.3729259001034043 0.7532451012549302 0.052362478675999566 0.06995013050895835
3 0.4291935340944956 0.6862926841768399 0.053761346674090583 0.05592399810013902
3 0.6538748134149962 0.5865063172512495 0.03982611600890866 0.06653418977951393
3 0.5778026620782691 0.5632701454235065 0.10510567067154533 0.03837412860909737
3 0.04321167544554029 0.825780596789618 0.027071577339272457 0.04436824905006951
7 0.3255225467456782 0.5746122613991664 0.03940794533736351 0.03059668977951393
4 0.7020668654121327 0.5642851719246522 0.05526930267345413 0.0512728656913195
3 0.861929477363135 0.19952907485069374 0.05995680267345449 0.051381968464861184
4 0.11264402279594861 0.949979856573264 0.024037484006999676 0.05210801386770854
7 0.47553437412472155 0.9079306416237843 0.058085220003181705 0.02478310087368065