2 0.9559585121552786 0.9046315281269488 0.08699216014423641 0.04631247334499946
7 0.964730781011719 0.558755954129494 0.07053843797656185 0.041479522676635835
3 0.8396762826725006 0.7408224721116767 0.08074216014423641 0.04623974801081765
2 0.9733722767370316 0.7986178854630395 0.05325544652593663 0.04280566534054504
3 0.9701621836049654 0.4682582234643122 0.059675632790069245 0.06798747867599957
3 0.7890832966371182 0.14430146077335873 0.0905172036472223 0.06353633601209037
7 0.7903178351061111 0.0966724827736769 0.07888871941479181 0.03372156667727224
7 0.8142449911662848 0.050869634110404016 0.04614895459715278 0.03646475867281791
7 0.7989441395301048 0.836416235439177 0.06359102773541672 0.04760225334181776
7 0.6706015871934035 0.8591350254216777 0.06351829255305556 0.044477253341817756
5 0.8416004989531602 0.6557116754455403 0.07438305737069442 0.041479522676635835
7 0.5166920711414936 0.689420867401315 0.05072735182361114 0.03183180267345413
2 0.7844952073500353 0.584753738104677 0.062101262917777865 0.05070907200827239
4 0.9005715361878824 0.43770711012090346 0.05599673328250034 0.056886346674090406
4 0.8338561616628475 0.42365315344522214 0.04189786569131968 0.055160214672181594
1 0.8636501515948612 0.2943474614496765 0.040080792553055744 0.044204533338636144
2 0.8244772424005558 0.2220361094445858 0.07765352773541671 0.04776588534372683
7 0.7094899816669795 0.31520375942867745 0.05846711664125017 0.028797709341181487
2 0.8479466436141674 0.9283679254455404 0.07136716014423605 0.04613066000954476
2 0.5831554853697923 0.8268759614099055 0.09498649810013901 0.054215880012726814
2 0.6686338180073615 0.573252069422314 0.06380923328249999 0.05697725334181776
2 0.6606011528291323 0.463032184754905 0.06293771751493064 0.08664657200827222
4 0.7621629996187503 0.4306293121021317 0.06388196846486113 0.060102253341817756
4 0.20011432845659743 0.2756919853596352 0.07162173328249999 0.057068160009545024
4 0.12057556487322954 0.4489380340149539 0.05410692496187504 0.04280566534054522
2 0.18944250617135489 0.8574414246896808 0.11166615824437506 0.09971019334818117
3 0.18780335172670193 0.6527902873567717 0.09218880642076392 0.06824201734563573
3 0.035202415746910146 0.5057414700031817 0.04829333605604171 0.06148294000636341
7 0.27763218398302153 0.820977760701771 0.05072735182361114 0.03183180267345449
2 0.48560964456409794 0.8975964467297697 0.06042966014423605 0.04600339067472703
2 0.37953625683694503 0.6354953413828615 0.06526263050895835 0.0523079346753633
2 0.4084054860353824 0.6006845367202247 0.06235583605604163 0.06164657200827221
4 0.4385787228332642 0.35344645739177005 0.08557513050895835 0.05254429201145401
7 0.31728364466100717 0.2762743353755435 0.05396145459715278 0.03655566534054513
4 0.3594555737069448 0.41032261871417963 0.0811058360560418 0.06186474801081765
7 0.20873018151447958 0.47808118869349875 0.05777743882958335 0.06627952800763595
4 0.04105106582316007 0.4214573766709089 0.06406380642076395 0.06791475334181776
2 0.02976546086541689 0.2721477200031817 0.04811149810013893 0.05367044000636341
2 0.3004501285121881 0.7275186620384982 0.08288654160312507 0.07125792934436319
7 0.37925119500093823 0.9252572753819068 0.05861258700597229 0.03504770934118149
7 0.34463719281673677 0.780362398710998 0.03353985182361115 0.03163180800445424
4 0.4974309652338199 0.5665737133990879 0.05072735182361114 0.03183180267345431
4 0.45427776443638923 0.42392258939367905 0.05715918977951393 0.03971702800763595
4 0.5620668549577432 0.1557185767424965 0.04037173328249999 0.05670453333863614
4 0.6234291143601393 0.5102429920830416 0.06035692496187508 0.04287839067472685
2 0.8792946418112155 0.36247984345158546 0.08768314437666688 0.07599997334499946
7 0.6220933116421883 0.9562003820814506 0.06500805737069441 0.0413704346753633
4 0.28310224040378545 0.8882107140356347 0.06820579255305556 0.04453179734245438
4 0.21667584697704928 0.7859027793602715 0.035247822188333354 0.03789998933799978
4 0.4451768277910073 0.5027015700588608 0.052908100873680655 0.05841248400699968
2 0.8640449694147916 0.04285768678385825 0.07790810087368065 0.0587033853437268
2 0.7522126502636811 0.7413668174331318 0.10149107123840277 0.06522610534690845
2 0.8773086888295835 0.0758156374522218 0.04785692496187508 0.04273294000636334
5 0.40096570079743066 0.1468146493873157 0.04818423328249999 0.056795440006363364