7 0.10009194535249041 0.283229575986637 0.07209316861791085 0.038336341343090476
3 0.29078914734428024 0.15912736262732 0.07836134933607006 0.04153406667727224
2 0.18784997882456528 0.057974489974546614 0.05337043969514967 0.042805665340545127
3 0.055252144024630544 0.3650068346594549 0.06599770472226432 0.06482611600890867
3 0.10270996876742033 0.733229575986637 0.08940793364502549 0.060411336012090366
7 0.08421449882164962 0.7771977519891824 0.07985112646343313 0.029052248010817648
7 0.0422178963623216 0.8105011479949094 0.04394998789975159 0.034884077339272325
7 0.3669244004675382 0.0847989772835932 0.06118293969514967 0.04289657200827235
7 0.496761891392352 0.10907117659932128 0.061164758976990544 0.039771572008272346
5 0.2560919604778009 0.23844269263209253 0.07520907825883114 0.03681020401018138
7 0.5745697705862595 0.32224279125559446 0.05174430718159222 0.031849984006999676
2 0.28081068022717987 0.32409838196213814 0.05965680113146821 0.04912839067472685
4 0.11494985177195698 0.41978469398472795 0.053434072208706995 0.05374316534054522
4 0.1714180203898678 0.456630165977092 0.03938066256778665 0.05514203333863606
1 0.09236230034590123 0.5661511639879097 0.03774543969514967 0.04262385200509069
2 0.10065658937712096 0.6488727573201825 0.07837953005422929 0.04465906667727211
7 0.24570546896381207 0.6018693933004561 0.05795794574527387 0.025672709341181488
2 0.5666522105759968 0.169980857256549 0.09246930113146803 0.04951019867918123
2 0.38658850243588694 0.37599614194782055 0.06125566256778665 0.055396572008272395
2 0.3504788064942213 0.4811109032861386 0.05517837939029935 0.08501134667409058
4 0.241062899878363 0.47535234663431963 0.05970225292686617 0.05694089067472703
4 0.7095053903121974 0.8199252185710044 0.07061248184962743 0.05238066000954511
4 0.8532775953290492 0.6877746952180508 0.05179884933607006 0.04122498400699968
2 0.9475885931877499 0.28195086187146046 0.1048228136245001 0.09654883068109026
3 0.8707776709556019 0.4727127692155054 0.0878636143631848 0.063518154678545
3 0.9601906706610144 0.6662167738701877 0.05188975292686635 0.05684998400699968
7 0.852494782686508 0.2846315138845053 0.05173521682251305 0.030287484006999675
2 0.6867919937534841 0.1388933945735497 0.05805793969514959 0.04286020934118149
2 0.6821828035673552 0.4209973699077315 0.06434430113146802 0.0491829346753633
2 0.6424617734149299 0.4425547439131403 0.0597295240041051 0.06162839067472703
4 0.5156094236860763 0.6627956132638668 0.08308521077238851 0.04783861067790855
7 0.5990946102579681 0.7774570025859582 0.05331589754067192 0.033430665340545215
4 0.613129318299882 0.6382217799172766 0.07689884328594587 0.05870338534372692
7 0.7818338665044842 0.6284456958943685 0.051935204722264317 0.06466248400699967
4 0.9286184837945349 0.7454957412078694 0.08785452400410491 0.06195565467854482
2 0.8747400257526209 0.8851945878819599 0.05654998184962743 0.052217028007635946
4 0.9346962878528693 0.8501196065404603 0.04398634933607006 0.041134077339272324
2 0.7935743006404887 0.3634474045592322 0.08007838544042371 0.06811474801081766
7 0.7978067618056608 0.15088376989182314 0.0595477168225127 0.03037839067472694
7 0.7728845507386847 0.298840011895323 0.032985216822512695 0.030069308004454332
4 0.5448055234149299 0.4436910772597306 0.050172716822512696 0.030269302673454134
4 0.5292583123479538 0.5915382312619578 0.056468168617910666 0.03815452800763595
4 0.32187812528508275 0.8025591892902746 0.03625566256778665 0.05510567067154497
4 0.40421688485124835 0.4515773972788207 0.05803975897699054 0.039735209341181486
2 0.10524357454639806 0.4972466226527734 0.08322156615858281 0.07127611067790873
7 0.5814954396951497 0.035424043921094536 0.06428975897699055 0.039807934675363234
4 0.8739925327847038 0.2195332252148691 0.06742384933607007 0.041406797342454116
4 0.8957862404338343 0.3396002772120056 0.03302157825883114 0.036319308004454334
4 0.5686975413689108 0.521543357256549 0.04876475292686635 0.05681362133990877
2 0.017930968669224466 0.7990642086648638 0.026880662567786616 0.05499658267027243
2 0.3730067497054124 0.19020409261618415 0.10033634328594587 0.05897610534690845
2 0.009913935589933066 0.763998865332591 0.01117384933607006 0.040752269334818084
2 0.1452752395500716 0.9319665206476827 0.0955761204133089 0.046421561346272
5 0.47071105590504614 0.8688007126034574 0.04563066256778665 0.05521475867281822