2 0.811946016669318 0.052606254522986375 0.08315794533736351 0.03306185079830275
7 0.9211964840467705 0.3819037767661078 0.06905908267027243 0.029363847832553257
3 0.7484573233609078 0.23352599068282193 0.07692612667090888 0.03436968281352515
2 0.859157918682363 0.15057818091072092 0.048837489337999786 0.03634867688202612
3 0.9565623667249973 0.46846070068238443 0.05848520934118149 0.060168178859192525
3 0.8731713481062677 0.8180203488954984 0.0833761213399086 0.05181185079830257
7 0.886970766112313 0.8630927683631509 0.07521817600254507 0.02180601581733086
7 0.9241258681174036 0.9020889427737192 0.04251476400381797 0.029844008897248385
7 0.6818959846833174 0.1503832268426575 0.05666817067154532 0.0382295118629981
7 0.5530988226845901 0.1545056996566202 0.05819430800445424 0.035168178859192475
5 0.775184002705271 0.3158264961200294 0.07063976400381797 0.030990014828747636
7 0.4546356927116343 0.34961792840208195 0.0471477200031817 0.025347509885831787
2 0.7409640913828615 0.3948627387056556 0.055160214672181594 0.04285334486680377
4 0.8938265567313607 0.5127571873365115 0.04587612133990859 0.05028384288963732
4 0.8347970020687242 0.5400253414811247 0.033376121339908596 0.0497745069200823
1 0.9001958300843143 0.6574794383250948 0.03326703333863605 0.040399506920082116
2 0.8839264874283593 0.7356853513669565 0.07385567067154497 0.0389298488211363
7 0.7464986654200869 0.6691769891999473 0.05488749466899989 0.019415844866803766
2 0.7026164700031817 0.05205581478937897 0.06756930800445424 0.03555018083635884
2 0.47870789735836244 0.2037934338392894 0.0894988520050907 0.041129018783080354
2 0.6336061247214975 0.4295322159682426 0.055232940006363404 0.04910334486680377
2 0.6582890460693605 0.5375184709111585 0.047784066677272106 0.0800350098858317
4 0.7646026807367695 0.5473165766523771 0.053688621339908774 0.05060217787060921
4 0.2718270241088132 0.8122585553606578 0.0645715773392725 0.046360346843970036
4 0.1466986600890868 0.6619163626613009 0.048837489337999786 0.036348676882026254
2 0.09434253536758933 0.2560682692773719 0.09782042934436312 0.08519735376405232
3 0.1505032707272245 0.4520147806460784 0.08030566534054513 0.05637201680591399
3 0.03852253341817792 0.6262733399238878 0.05684998400699968 0.053854511862998146
7 0.18823798603595288 0.2723882890490354 0.0471477200031817 0.025347509885831697
2 0.36491757001909003 0.15542757661519602 0.05510567067154524 0.038165844866803675
2 0.3399924847230883 0.42928157068369704 0.0582852146721816 0.042980678859192524
2 0.37701122672658816 0.4565589950942652 0.052162484006999674 0.05366351087441501
4 0.4773219514242231 0.6886631823564147 0.07856135200509069 0.04068334980971962
7 0.3847719194382225 0.7879681625847512 0.050309082670272606 0.028599843878220454
4 0.38551571208622326 0.6505636630790427 0.07089430267345423 0.052865014828747545
7 0.22190719808240528 0.6157854619767289 0.04442270934118149 0.059595175893442945
4 0.06289637209576833 0.7076970948668037 0.08651930267345423 0.053501684790691506
2 0.10516678278163108 0.8507586867678579 0.05207157733927246 0.04585101087441501
3 0.0849190121339484 0.9876100879467214 0.059684082670272566 0.024779824106557057
4 0.045337249442994956 0.8092768409124709 0.04885567067154524 0.0379111768820259
2 0.23763909671386144 0.3571744659310615 0.07100339067472686 0.062240014828747636
7 0.25554257001909003 0.1509708868815886 0.0549602200031817 0.025665844866803723
7 0.2642828653723618 0.2981323883644634 0.02999658267027261 0.02777217292769336
4 0.4724509960614062 0.47138018186212305 0.0471477200031817 0.025347509885831697
4 0.47180720074790533 0.6173784313678314 0.051907945337363516 0.03178851087441501
4 0.6525866754455403 0.852761468933992 0.028724984006999677 0.05270850593149916
4 0.6086521253978152 0.4995754605310351 0.053506808004454245 0.03497717787060921
2 0.8954986920750875 0.5893515208346087 0.07728975334181776 0.06561968281352507
7 0.47873407467377244 0.07182585083548379 0.059720445337363516 0.03210684585538688
4 0.1741931200270442 0.20622211958138306 0.06444430800445433 0.035422846843970034
4 0.13957376670908897 0.31803902866891204 0.02850680800445433 0.03395850593149898
4 0.44049301873804225 0.5434806749420409 0.04120680267345413 0.05165534190105418
2 0.9689350973901792 0.8994069531538423 0.06212980521964155 0.04817751482874755
2 0.6651090213637714 0.251213556386422 0.09273294000636341 0.05063135277546911
2 0.9767872441119948 0.8644098706443284 0.041024989337999786 0.03603034190105418
2 0.810545720798812 0.9930781210828483 0.09260567067154532 0.01384375783430336
5 0.5015877967854491 0.8950232703031361 0.038099984006999675 0.05309050790866543