2 0.8765625 0.032885100911877393 0.0484375 0.06577020182375479
7 0.52109375 0.03054356286306282 0.0421875 0.06108712572612564
3 0.71171875 0.14575741646328194 0.046875 0.08343323821317572
2 0.7671875 0.017817699857029475 0.0453125 0.03563539971405895
3 0.4265625 0.027621924111767827 0.071875 0.05524384822353565
3 0.09921875 0.22272256244877803 0.065625 0.09680653349844608
7 0.05078125 0.2241973252690596 0.034375 0.0812885413563289
7 0.0109375 0.199490577750259 0.021875 0.047893844499481995
7 0.8109375 0.18332372891206 0.046875 0.06468323821317572
7 0.83828125 0.3140814232877075 0.04375 0.066100188998964
5 0.62421875 0.14748904446120997 0.04375 0.078600188998964
7 0.66875 0.479008718158693 0.034375 0.05628854135632899
2 0.553125 0.20861278908452646 0.053125 0.06497433664159917
4 0.3984375 0.09628622518800636 0.05625 0.058869885855810856
4 0.3859375 0.1648371720448532 0.05625 0.04480738585581086
1 0.25234375 0.14059065095240403 0.0453125 0.042735463606069855
2 0.178125 0.18310994478993226 0.05 0.08357878742738745
7 0.27890625 0.2971659826316045 0.0296875 0.060757717535011226
2 0.9046875 0.12895725248570858 0.046875 0.07718323821317571
2 0.8078125 0.4053442781262717 0.05625 0.0994948858558109
2 0.54453125 0.3285442994236087 0.059375 0.06839043507002263
2 0.43125 0.3408517084387833 0.0890625 0.06664815260503384
4 0.3953125 0.2378380244022181 0.0609375 0.0669007096771285
4 0.25234375 0.821059400952404 0.0578125 0.07769266046291676
4 0.4328125 0.8962476838316775 0.0453125 0.056797963606069854
2 0.85078125 0.8080304764308608 0.1015625 0.11879284946188093
3 0.640625 0.8185999110865986 0.0703125 0.09389985731976366
3 0.49140625 0.9669561360652079 0.0578125 0.023005160462916764
7 0.81015625 0.7192976162156131 0.0328125 0.05465326674922295
2 0.88359375 0.5025959596816376 0.046875 0.06312073821317572
2 0.6171875 0.6212540301931864 0.053125 0.06966183664159917
2 0.58046875 0.594057983460174 0.0640625 0.06704625889134022
4 0.32578125 0.5731077444184287 0.053125 0.08841183664159917
7 0.24921875 0.7008924501666158 0.0359375 0.056361315963434674
4 0.3859375 0.6523371720448532 0.0640625 0.08423375889134022
7 0.46015625 0.804349128207325 0.06875 0.05945208271265763
4 0.40625 0.963109852152477 0.065625 0.0389940334984459
2 0.25546875 0.9787263517381923 0.0546875 0.021297111248705036
2 0.7140625 0.6995545045526231 0.075 0.08786818114108108
7 0.91484375 0.6105154675395206 0.034375 0.06097604135632899
7 0.7671875 0.650986417911024 0.0328125 0.03746576674922295
4 0.54296875 0.5043983240307146 0.0328125 0.05152826674922295
4 0.39765625 0.5549163624915593 0.0421875 0.06133991439185813
4 0.11796875 0.45544301716350777 0.0578125 0.04331766046291676
4 0.48125 0.3775854210113959 0.04375 0.061412688998963995
2 0.321875 0.12094593093619337 0.0796875 0.09433650496239876
7 0.93984375 0.36013232382582683 0.04375 0.066100188998964
4 0.8796875 0.7105903961994022 0.0453125 0.07242296360606985
4 0.77734375 0.783325882964836 0.0375 0.03612159057054036
4 0.47890625 0.5605070829220546 0.0578125 0.054255160462916764
2 0.01171875 0.14867294044670606 0.0234375 0.08077911910658786
2 0.71484375 0.23545561724907021 0.065625 0.10461903349844608
2 0.02734375 0.1346639443756475 0.04375 0.05047518899896399
5 0.1140625 0.6204687036812724 0.059375 0.051202935070022625