2 0.9687536631695505 0.1512164103018349 0.030580061757624576 0.0848659237011061
7 0.6291850463182186 0.0742315758885615 0.03329588479802066 0.0708579707790068
3 0.7947144210871094 0.23485325040044652 0.03504024122451135 0.07713524431795715
2 0.8669494707705402 0.11430101703953802 0.03734688730530315 0.04906479139585782
3 0.5401763706122557 0.04769062093786729 0.061148100158284535 0.06197389448011292
3 0.1977197491420702 0.16664953206036698 0.05401756175762475 0.08527502678536121
7 0.15061742860895677 0.15801882589185678 0.022585705331134066 0.07847955600635444
7 0.10901495031656913 0.12371596387914793 0.032477530878812375 0.04273297077900677
7 0.8838965930321485 0.2941930685816655 0.039182171945039104 0.0584670649348082
7 0.8916218279884539 0.4255112524290414 0.0360571719450391 0.058412517856907445
5 0.7098620479675712 0.21697422929712812 0.0317788489046432 0.0723931972400564
7 0.7053015462517116 0.5432912674465751 0.026409387305303157 0.048873876623205345
2 0.6337685608996949 0.2585929391190863 0.04382420783841638 0.056986385551659156
4 0.5015517913036536 0.11573150892515845 0.05140938730530316 0.049310253246410876
4 0.47995558762187224 0.17860365584090335 0.05100021034569906 0.03524775324641087
1 0.35577629005001243 0.12411893303330168 0.04006271034569897 0.03505683847375849
2 0.2783787157559753 0.14775525608578466 0.03807431301126609 0.07406479139585782
7 0.35797895071228053 0.28032802272487617 0.02043217194503919 0.0581397824674041
2 0.9782543467930722 0.2630442544576363 0.0316424565847754 0.0677056972400564
2 0.8502132294795219 0.5052163433384319 0.04321645407749273 0.08977161201270878
2 0.6097209586298393 0.3713969021874554 0.05007420783841656 0.05709547970746058
2 0.4984197457768579 0.35696048092198124 0.08265938730530316 0.049855724025417644
4 0.4789219365265156 0.2504241087630027 0.05319920783841638 0.057150026785361255
4 0.2591325545649818 0.7744444411509764 0.050346992478152594 0.06647047970746059
4 0.42171277408188085 0.8873825921239111 0.03734688730530315 0.04906479139585791
2 0.8335906484550601 0.9000379196373258 0.08880173871722903 0.0999375446422686
3 0.6318091881093613 0.862158269882207 0.05870506175762476 0.08535684740221221
3 0.467500298692487 0.980943857141445 0.05444345909205772 0.038112285717109985
7 0.8081838200043879 0.8051112033225458 0.026409387305303157 0.048873876623205345
2 0.908841734889798 0.614778303971169 0.039091243731793665 0.0553420649348082
2 0.6370864068348374 0.6678179346548594 0.045477636051661816 0.06013865909060954
2 0.6063986964891385 0.632924737414803 0.05623327962517113 0.054079573863261746
4 0.36441813347787244 0.5553007491859259 0.041381169437756785 0.08036933847375849
7 0.27371422862159206 0.6583518368489054 0.029579851411925873 0.050490923701106104
4 0.4115181055020539 0.6443592950460105 0.05369931301126609 0.07433752678536117
7 0.46073215848419 0.8060740909060952 0.062346887305303154 0.049501168019063256
4 0.38423315762626026 0.964596108359261 0.05535274122451135 0.070807783281478
2 0.23763930245341075 0.9481995409888206 0.046858279625171126 0.05391593262955965
3 0.08542358458586437 0.9760403486200282 0.056096887305303114 0.047919302759943605
4 0.2849605833322231 0.988791538960226 0.038272889812585566 0.02241692207954813
2 0.7187659673388209 0.7645077483718516 0.06307431301126591 0.07450116801906326
7 0.9237884364600084 0.7259203555132965 0.026636707838416384 0.056686376623205345
7 0.775578256993122 0.7311418693130142 0.02742631802583091 0.030151150162155815
4 0.5825771000917775 0.5388065446389734 0.026409387305303157 0.048873876623205345
4 0.4361794732113157 0.5526490819776415 0.03279577962517113 0.053670470779006864
4 0.18324102665567027 0.3936250892845374 0.05403428213245363 0.03217730032431163
4 0.5419484369222269 0.40379061647364045 0.03596624373179367 0.05528751785690744
2 0.424435361836767 0.12219396874711663 0.06638116943775678 0.08080571509696392
7 0.9825710884132951 0.49190959414921076 0.03458560015828453 0.06151024431795715
4 0.87635715848419 0.8133288522668856 0.03780152837152997 0.06468979139585791
4 0.7668063137361818 0.8590486810014116 0.03367631802583091 0.03026024431795733
4 0.513423934810656 0.5774229853862082 0.054397994985435 0.04467730032431163
2 0.10756009890464333 0.07371596387914794 0.050528848904643334 0.07272047970746054
2 0.7847376790046681 0.32135381208884384 0.052773310503983595 0.09618525324641088
2 0.14173051042484128 0.06728473173605543 0.03872753087881238 0.042842064934808154
2 0.02133675705962898 0.2502454618505531 0.030852846397360866 0.09424092370110611
5 0.15582438347787242 0.5516597317360554 0.05426160266556703 0.03998980032431163