7 0.7515691287029282 0.5077847588228865 0.07055793969514959 0.045052514828747545
7 0.8672860740554187 0.787512068100696 0.07057612041330899 0.04817751482874773
4 0.726842360356164 0.690085264260094 0.07056703005422946 0.046615014828747546
4 0.8230229896482675 0.835420327492236 0.05802157825883114 0.03829317885919252
3 0.6178566831540462 0.35850895349940975 0.09241475897699054 0.04281885277546911
4 0.12201291802873564 0.421691974791129 0.09871930113146817 0.05244852076024671
4 0.2895771470496927 0.34531652270023194 0.08311248184962743 0.05493685079830275
4 0.03790608362158436 0.4712237425856262 0.0707215661585828 0.07317751482874754
7 0.3367531706610143 0.6637826798105946 0.05178066861791084 0.03960101087441501
7 0.23211112245641238 0.6758608685556189 0.07369203005422928 0.04674234882113648
3 0.8572878635776178 0.546455986579765 0.07528180113146803 0.05149351581733086
3 0.298835535024199 0.7278425212173572 0.07069429508134392 0.06849001482874754
3 0.4943550297596417 0.2181943127006695 0.08313975292686618 0.05962435079830275