7 0.4270328275927424 0.2333775872411085 0.04588681301126592 0.07598564732681172
7 0.6266223359725196 0.011387737128169054 0.0501196719450391 0.022775474256338107
4 0.6026262094877691 0.16289224004135366 0.048966348904643374 0.07460515785015547
4 0.6886820667721898 0.015681124002224302 0.03922763605166182 0.031362248004448604
3 0.35293741270733214 0.43020635558637277 0.04339831050398359 0.09767863680346807
4 0.6366019881885034 0.8464481926863071 0.05447220282385157 0.10300317363517095
4 0.4916722699252457 0.7335904188676093 0.057142561757624756 0.08756018415851478
4 0.7194204998669861 0.8956221690793708 0.07244931301126592 0.07753273677523324
7 0.7565063450772127 0.5295652585983794 0.04221624373179385 0.05705363680346807
7 0.8138307632613282 0.6170050744398647 0.04749477711788863 0.07763915258848364
3 0.4142707516493527 0.11751736881113961 0.05222774122451135 0.07947466837349917
3 0.8308614873970808 0.5299300086689667 0.0677163489046432 0.07569722099021767
3 0.28470555291562916 0.6133898528849497 0.06031302586424747 0.08930469468185827