7 0.7504942280834905 0.5003661492282321 0.07027826674922295 0.03361247867599957
7 0.8967526821790477 0.7633644938733695 0.06886131596343467 0.0367192973424542
4 0.7450318244449994 0.6847047865611412 0.06878854135632899 0.03515679734245403
4 0.8575595955374485 0.8169167552116875 0.05599744292790554 0.02876134667409076
3 0.5996852069910412 0.3685996232495493 0.09491439371369381 0.026090880012726636
4 0.10572753763678441 0.49615628998250083 0.09698631596343472 0.037046561346272176
4 0.2671980386702417 0.3990165659611836 0.08321491439185813 0.0431329293443631
4 0.029180116006215957 0.5565494446610457 0.058360232012431915 0.06502611067790856
7 0.34802839185617607 0.7088450046149115 0.04996576674922295 0.03337612133990877
7 0.2437753854460353 0.7342637226289108 0.07191354135632881 0.03519316000954511
3 0.8610121970662439 0.5248474338797328 0.0721318651776464 0.03988066000954511
3 0.31670130914351835 0.7779222686187295 0.06519266046291676 0.058539753341817755
3 0.460158288255957 0.24607173726927564 0.08179796360606986 0.04623974801081765