7 0.22614958859804862 0.50546875 0.047474984006999676 0.0515625
7 0.5655537025382331 0.94609375 0.03993520401018138 0.075
4 0.0928440032225051 0.81640625 0.04943747334499946 0.0859375
4 0.6901548078851416 0.84609375 0.03037839067472703 0.059375
3 0.5897972019812281 0.13828125 0.07443747334499946 0.0859375
2 0.13069327995704744 0.31640625 0.07183973201781738 0.13125
2 0.44941819732654575 0.05 0.05428860534690845 0.1
2 0.5210193826384558 0.2078125 0.08510225334181776 0.0625
2 0.7080284866327288 0.25 0.07781701201463562 0.1078125
2 0.8920307692950473 0.28203125 0.06046588001272681 0.09375
2 0.9110058465945488 0.53125 0.07788973734881743 0.1140625
2 0.7888666699156858 0.62109375 0.06818747334499946 0.0859375
2 0.04896618654523286 0.89453125 0.09335110534690846 0.1
2 0.7383008592059604 0.93828125 0.08112382535009015 0.1234375
2 0.6669393152848658 0.35703125 0.03978975334181776 0.0625
2 0.19032862523873162 0.696875 0.0475658906747269 0.059375
2 0.11174109591823105 0.60234375 0.04431362133990877 0.0484375
2 0.12514107192873056 0.525 0.027217028007636035 0.05625