7 0.45546875 0.2434439103282914 0.0484375 0.042469301131468205
7 0.075 0.6683136627641784 0.0734375 0.03323974687674216
4 0.12109375 0.17117049717132962 0.084375 0.04111587939029935
4 0.196875 0.7738546147559682 0.0578125 0.023773843285945874
3 0.88515625 0.5362565615813966 0.0796875 0.0676511083130606
2 0.62734375 0.11119397082953349 0.1296875 0.058566999803608286
2 0.9484375 0.37885715203867204 0.096875 0.044313602262936236
2 0.8046875 0.48047471507399686 0.05625 0.08313975292686618
2 0.79453125 0.6758463024080144 0.1015625 0.06777837334017515
2 0.79609375 0.8656809620489347 0.090625 0.05052724082661797
2 0.55078125 0.9327331484244347 0.109375 0.06626132513557295
2 0.4390625 0.8279143590986274 0.0796875 0.05983860831306061
2 0.04140625 0.14194660548439014 0.0828125 0.08485678903121974
2 0.1046875 0.8415784459416656 0.1359375 0.0695408612399266
2 0.68125 0.6546303534412867 0.0609375 0.034729524004105096
2 0.2578125 0.2453750907518631 0.0578125 0.04252384328594587
2 0.3375 0.14881773243880256 0.046875 0.040897710772388504
2 0.41875 0.14600128376666244 0.05625 0.02063975292686626