7 0.4640625 0.2343061060629971 0.046875 0.041170440006363405
7 0.07265625 0.6367829320098631 0.071875 0.030523841343090476
4 0.13515625 0.14532268535168097 0.08125 0.038445429344363104
4 0.18984375 0.7475215320257715 0.0578125 0.02254770934118149
3 0.88125 0.5477542721196309 0.078125 0.06497156667727229
2 0.63984375 0.11291400608685964 0.1265625 0.05459768801718101
2 0.9515625 0.39466618212917587 0.096875 0.04018974267981754
2 0.803125 0.48903270544235866 0.053125 0.08030566534054522
2 0.78671875 0.6810293014401314 0.1 0.06366360534690844
2 0.78046875 0.8700190761059495 0.0875 0.047893154678544644
2 0.53515625 0.9234146067393147 0.10625 0.06373633068109044
2 0.42734375 0.8143475947246792 0.078125 0.05715906667727211
2 0.0515625 0.11309998400699968 0.090625 0.08230451734563582
2 0.0953125 0.809702811346272 0.134375 0.06562609468490806
2 0.67421875 0.6547202454248595 0.059375 0.03194089067472703
2 0.26875 0.2257834393698165 0.05625 0.041279528007636034
2 0.3515625 0.13455955004772507 0.0453125 0.038027258672817865
2 0.43125 0.13626804805854276 0.0546875 0.01938634667409058