7 0.4650472413175971 0.24716478582687032 0.047111349336070064 0.04198892319868044
7 0.059731464779409285 0.6119975463182186 0.07205680718159235 0.0333413489046432
4 0.14844152429869267 0.13793557218246605 0.08305793969514967 0.04459709765100213
4 0.1676752541052166 0.7268760517284949 0.05795794574527387 0.0266821719450391
3 0.8538041725267357 0.5796245624825407 0.07850679508134384 0.06789820533113407
2 0.6430409519917898 0.14060621192854464 0.12689884328594586 0.06149509263643713
2 0.9304308259211401 0.43651707165374065 0.09868293969514959 0.045051738717228854
2 0.7807166513513011 0.5173314994712745 0.05516019867214013 0.08284124373179384
2 0.7538445582617468 0.7040813417120003 0.10039088544042371 0.07009720282385157
2 0.7371514410698918 0.8872204506457735 0.08779089149054772 0.05254598997087001
2 0.49471850137474205 0.922361014119258 0.10819429508134384 0.06876202335696498
2 0.39614516686939494 0.8085365433487176 0.07846134328594587 0.06008570533113407
2 0.06817730737798408 0.10043792069139797 0.09266928903121974 0.0854948822907382
2 0.07280766081927076 0.7819379732778227 0.13477497579950318 0.07265991316955045
2 0.6454280702637993 0.670452836301724 0.059574987899751616 0.03610263605166182
2 0.27451769008793314 0.2252119148189032 0.054932939695149674 0.04377874373179384
2 0.3593926598373121 0.141729476576528 0.04553975897699045 0.040380959092057724
2 0.43748584358053344 0.14947143190766204 0.05481476502711473 0.023466243731793845