7 0.7526951627473528 0.5173081823041377 0.04144320616851012 0.04924113680346807
7 0.32998872524982426 0.9024985845396853 0.03250458279171564 0.07369510523343692
4 0.813414879876207 0.839221708683084 0.043632997564368024 0.0852696420651398
4 0.23129390097952526 0.7888371739175197 0.02600912094116259 0.05926858418674961
3 0.4811664050334198 0.11089637151256271 0.06698867694751698 0.08194722099021767
2 0.8852600211066136 0.3449109955853742 0.060021656654977565 0.12992969468185844
2 0.6345601862830078 0.046157214766063694 0.043905732953871277 0.09231442953212739
2 0.5321192045469524 0.18753519524655576 0.08220457386326192 0.059419773606936135
2 0.3429612471606262 0.20401558190884952 0.06893300649282175 0.1039132262518895
2 0.15942204423852688 0.21158370015529177 0.05152731818121907 0.09041216837349912
2 0.08732135308755037 0.4522611790380172 0.06750687418757347 0.11163472099021768
2 0.18539856859155143 0.5565930922910189 0.05917617694751698 0.08149219468185827
2 0.8386682500065905 0.9126746192346626 0.0841216298696164 0.07982327886860788
2 0.16334669602883106 0.8809861475385734 0.07109552434972924 0.13837923151356152
2 0.36054243912567696 0.3145967661379514 0.03541139448011297 0.06137711575678066
2 0.7454479042259361 0.7089419454583172 0.04314207386326192 0.057144642065139806
2 0.8413019208650276 0.6276548771271704 0.03985343262955965 0.04758763154179633
2 0.8457905978125446 0.5493478666038267 0.022829573863261742 0.055961573663405775