7 0.23671875 0.5484375 0.0390625 0.04453125
7 0.63046875 0.928125 0.02890625 0.0703125
4 0.15390625 0.8671875 0.03671875 0.0796875
4 0.73671875 0.81484375 0.02109375 0.05546875
3 0.53515625 0.14375 0.06171875 0.07578125
2 0.11640625 0.378125 0.05078125 0.12265625
2 0.38671875 0.07578125 0.0375 0.09609375
2 0.47890625 0.2203125 0.07734375 0.05078125
2 0.665625 0.2359375 0.06171875 0.096875
2 0.8484375 0.24140625 0.0453125 0.08515625
2 0.90390625 0.4796875 0.06015625 0.10390625
2 0.7984375 0.584375 0.0546875 0.07578125
2 0.12265625 0.94921875 0.07890625 0.08671875
2 0.7984375 0.90625 0.0609375 0.1296875
2 0.64140625 0.34453125 0.03125 0.0578125
2 0.23046875 0.7375 0.03828125 0.05390625
2 0.140625 0.6578125 0.0375 0.04375
2 0.14140625 0.58046875 0.01796875 0.053125