5 0.8864712560808329 0.5760139531701401 0.0174784407294446 0.01259999394987581
5 0.7979360861529509 0.5538758536376784 0.019113675911805572 0.015734084308955332
5 0.8654158333031592 0.4738065585563344 0.01446254350298588 0.01726931323171641
5 0.8752084073913536 0.489372471222317 0.01290004350298588 0.01726022287263689
5 0.752696974545694 0.5174252692305271 0.017478440729444423 0.01259999394987581
5 0.7262987819163884 0.4769593505144204 0.014389808320624909 0.014144313231716587
5 0.9258078194354511 0.49688953455222934 0.0206034407294446 0.012618174668035031
7 0.9246804241088536 0.5453270345522293 0.01740570554708327 0.00947499394987581
5 0.9472996533072913 0.580346929166035 0.014389808320625263 0.014144313231716587
5 0.9746447097280552 0.5130094382412214 0.014389808320624909 0.01414431323171641
5 0.8662542475314581 0.3371014440949539 0.020676175911805574 0.015743174668035032
5 0.8570961466577774 0.39495939589035195 0.020567073138263937 0.011055674668035032
5 0.7958858897239234 0.40703266989445713 0.015988675911805573 0.015715903590796287
5 0.8740479105254858 0.371426447120016 0.015988675911805573 0.0157159035907962
5 0.7092041605254857 0.37238548000291566 0.01904094072944442 0.01260908430895542
5 0.7359855192829511 0.329266739078102 0.02383754350298606 0.017323855386194253
5 0.7709222573151038 0.4056156156397309 0.014280705547083272 0.00945681323171641
7 0.7013903541047218 0.43960934143923414 0.012827308320624908 0.014135222872636887
5 0.7054569922131245 0.600501389643836 0.019113675911805572 0.015734084308955332
5 0.6712099319926385 0.5616434227231275 0.017478440729444423 0.01259999394987581
5 0.6535684903132635 0.5476854618525431 0.014462543502986059 0.01726931323171659
3 0.6782223449866661 0.5959729709277294 0.025400043502986237 0.017332945745273776
5 0.7214443617041661 0.6519638956939602 0.02223867591180557 0.015752265027114732
5 0.6097256117041662 0.652613856368153 0.0206034407294446 0.012618174668035031
5 0.5830728459365966 0.6230854376520462 0.014389808320624909 0.01414431323171641
5 0.5724262866660411 0.6106490701656035 0.015988675911805573 0.01571590359079611
5 0.5708287254956245 0.5450422508837628 0.0190409407294446 0.012609084308955331
5 0.6405963648382982 0.5344814799047197 0.01755117591180557 0.01572499394987581
5 0.5732276800927774 0.5090956605246831 0.017478440729444423 0.01259999394987581
5 0.5648891564414232 0.4646189526791609 0.019113675911805572 0.015734084308955332
5 0.5622557721327427 0.4099541785768599 0.026962543502986235 0.017342036104353475
5 0.5291113913394438 0.6593320098607532 0.0159159407294446 0.01259090359079611
3 0.4729704941129855 0.6549717627876195 0.026962543502986235 0.017342036104353475
4 0.5041490653513885 0.5907365459651067 0.0174784407294446 0.01259999394987581
3 0.5313486514074302 0.529649055040293 0.026926175911805572 0.015779536104353654
5 0.5660645710509715 0.7497297508837628 0.017478440729444423 0.01259999394987581
5 0.5155365877684716 0.8062660971947707 0.0206034407294446 0.01261817466803521
5 0.3701344752112841 0.7438393409482549 0.022165940729444424 0.012627265027114731
5 0.4375038131671868 0.7356359555078312 0.023764808320624907 0.014198855386194253
7 0.806681838621493 0.21168380845813858 0.0174784407294446 0.01259999394987581
2 0.4052582768823954 0.5436620789462022 0.02391027868534721 0.020448855386194252
2 0.3666873925737149 0.48920638310273257 0.019150043502986058 0.01729658430895533
2 0.5411905511993396 0.811584856269957 0.015988675911805573 0.015715903590796287
2 0.6249856293715966 0.7353263624182771 0.025400043502986237 0.017332945745273776
2 0.647406143239305 0.7117615973911625 0.017587543502986237 0.01728749394987581
2 0.7426108468865272 0.6487161758463854 0.023983013867708357 0.023573855386194255
2 0.7062538131671868 0.734072413746137 0.025400043502986237 0.017332945745273776
2 0.7154294446260758 0.7090224167711991 0.023764808320624907 0.014198855386194253
2 0.7634844317082979 0.7587360704601911 0.02540004350298606 0.017332945745273953
2 0.9522787472471176 0.5342304532683361 0.01907730832062491 0.014171584308955331
7 0.9679596050546524 0.4646173900366195 0.014280705547083272 0.009456813231716588
2 0.5097295309664579 0.4516604104264873 0.022275043502986237 0.01731476502711473
2 0.5522073184855204 0.4725041755517978 0.016025043502986235 0.01727840359079611
2 0.5613972144777077 0.648208157499621 0.026998911094166723 0.018904536104353477
2 0.5118868705378814 0.6945837086310892 0.014280705547083272 0.009456813231716588
3 0.6458248062333327 0.7461411425707023 0.01755117591180557 0.01572499394987581
3 0.6338527895158327 0.689968410622879 0.019186411094166543 0.01885908430895533
3 0.6002428153513885 0.5901774888817103 0.025400043502986237 0.017332945745273776
3 0.46181740140743005 0.5300535760193361 0.017660278685347208 0.02041249394987581
3 0.2462086255718745 0.6312944100337038 0.025290940729444423 0.012645445745273775
7 0.29459222739548563 0.5997671540817755 0.01428070554708336 0.00945681323171641
7 0.5945175325819786 0.7019144195998696 0.012790940729444599 0.012572722872636888
3 0.8510812295796871 0.45201791696759075 0.014535278685347208 0.02039431323171641