2 0.31726638937497675 0.7715905534817591 0.034049668320799496 0.028282130257724702
2 0.24250398387445876 0.7457440264579661 0.02609161910658786 0.0247476944820761
2 0.250476995661283 0.7931512929663095 0.025509422249741044 0.0122476944820761
2 0.2139316817647629 0.6361709526226764 0.022893844499481997 0.023021420171816586
0 0.22523736290584404 0.5615803883983252 0.03961046360606986 0.04727779172311415
0 0.16892320450984194 0.4254924021931351 0.061631012820281585 0.05154921189493056
0 0.03617288254829658 0.3250719210763277 0.07234576509659316 0.032383132066747145
2 0.14071262138289944 0.3417824655129752 0.025800520678164407 0.01849769448207601
2 0.232812384203181 0.2980534769329359 0.022893844499481997 0.023021420171816586
2 0.2582854191493691 0.28920742141501193 0.019696069892376135 0.021295145861556987
0 0.34053930107623853 0.2214677227490644 0.05665241439185813 0.04505355042954129
0 0.37504692597379463 0.4221980630926975 0.060796258891340216 0.0670923247398008
0 0.4482467156774937 0.7338149937799636 0.06006851282028158 0.0514673247398008
3 0.4143768298216829 0.7884272506773685 0.016352746071058633 0.016443871551297562
0 0.48090074214662637 0.9407134469684669 0.06290241439185813 0.04538109905006031
0 0.5570822524857085 0.9360912239922599 0.05091183664159917 0.05566350180902226
3 0.3305904888368575 0.6704784328349727 0.01627997146395268 0.014881371551297562
3 0.4173178550479612 0.5403206213241549 0.02216609842842345 0.007396420171816587
2 0.3687476143535861 0.624705587402957 0.019768844499481998 0.022857645861557075
2 0.3959844722925222 0.30895443464399497 0.029071069892376223 0.02178646879233561
3 0.34467668341739277 0.3007834085247132 0.025291098428423454 0.007560194482076099
3 0.3436599929706866 0.28898277136958345 0.016352746071058633 0.016443871551297562
3 0.45166089164677914 0.18969982360814705 0.020603598428423454 0.007314533016686786
2 0.6253551410276066 0.44549720149102257 0.03077911910658777 0.02499335594746519
2 0.7120375037240537 0.45082318860072396 0.02565497146395259 0.015372694482076099
2 0.6552202694398194 0.5104980817487474 0.02750856989237622 0.021704581637205678
2 0.6643576749403374 0.5329053482570908 0.01784247146395277 0.01496325870642714
1 0.6984159594722407 0.3733599298942966 0.019477746071058632 0.016607645861557073
0 0.7382939427230177 0.4083424395052351 0.04146406203449331 0.05360967887824373
1 0.9244946542621729 0.5637680031637593 0.024601893713693812 0.026228307326946164
2 0.7972364873891153 0.6393301679085089 0.034049668320799496 0.028282130257724702
2 0.7501238928896334 0.6587894968321812 0.022748295285270358 0.019896420171816587
2 0.5317291497140589 0.7742153437345352 0.025582196856846907 0.013810194482076099
3 0.21041061373441358 0.8631019448207603 0.02238442224974104 0.012083920171816587
3 0.09475138048363659 0.8241479081860289 0.013082196856846862 0.01315509724103805
2 0.5339232739879334 0.2731098671402834 0.016352746071058633 0.016443871551297562
2 0.5591009024001461 0.33786508593261894 0.016207196856846906 0.013318871551297563
3 0.7901646577768295 0.4212419092020817 0.017769696856846907 0.013400758706427318
0 0.8280199146012551 0.5500972495457148 0.05367296360606986 0.048014776119281774
0 0.4152309702256076 0.5010534034363305 0.027508569892376045 0.021704581637205678
2 0.29739711497275867 0.37427181818108013 0.02736302067816441 0.018579581637205855
2 0.3057597326316045 0.29561122964646935 0.019259422249741042 0.011920145861557074
2 0.37639960256676186 0.5781171924459111 0.017988020678164407 0.018088258706427142
2 0.6196552586864523 0.36609962856024414 0.028634422249741043 0.012411468792335612
2 0.8419219028144308 0.5038364032091879 0.016352746071058633 0.016443871551297562
2 0.6991222808123588 0.40863901062699115 0.019550520678164318 0.018170145861557074
2 0.6743962626153939 0.3846316225673503 0.01449914764263518 0.010111984396167806
2 0.8071829139820826 0.7956996766149362 0.028852746071058633 0.017098968792335613
2 0.6145330335029552 0.9132579115769308 0.013300520678164496 0.01784259724103805
3 0.6715428587720148 0.9671508734718615 0.02216609842842345 0.007396420171816231
3 0.7248476412370035 0.9964610786965297 0.020894696856846907 0.007077842606940621
2 0.9207039125343405 0.7460449146291486 0.016352746071058633 0.016443871551297562
2 0.8199996294501792 0.9577017096316229 0.017915246071058634 0.016525758706427494
2 0.5156761182825276 0.6480689235627185 0.019332196856846905 0.013482645861557074
2 0.005783253516911266 0.6884383802577247 0.011566507033822532 0.02606453301668683
2 0.022583243799256192 0.5744544453865872 0.02452911910658786 0.024665807326946166
2 0.05376908540325407 0.44295213986866316 0.019623295285270292 0.019732645861557076
0 0.9700877140203547 0.15656633480096518 0.0512371683207995 0.029182888964152064
3 0.8713419989665427 0.14121025045022592 0.016207196856846906 0.013318871551297518
3 0.916472562448778 0.14749122794898872 0.02380137303552914 0.009040807326946298
2 0.049533311415320753 0.1976020183173657 0.016498295285270283 0.019568871551297516