5 0.7094153994635375 0.5246572216960894 0.019296031570031145 0.010467063140062294
5 0.7076176810335687 0.5341687295885971 0.01800654735504672 0.015063557878390376
5 0.66195584151456 0.5846461427004245 0.019751057878390377 0.018279563140062294
5 0.6132453257295445 0.5827798058122517 0.019296031570031145 0.010467063140062294
5 0.5951708889401938 0.5281756057981344 0.021040542093374803 0.013683068401734033
5 0.5947844810900383 0.4811640979056266 0.02242103157003115 0.010649073663405773
5 0.6072298151356137 0.6544650900131188 0.022512036831702886 0.012211573663405773
5 0.5098619914722077 0.6381869136059375 0.024074536831702888 0.012302578925077867
5 0.470017512448308 0.7212493135635851 0.01488154735504672 0.01488154735504672
5 0.5897946022496653 0.3685730926439547 0.019296031570031145 0.010467063140062205
4 0.6771048864505322 0.3736785506211671 0.017824536831702886 0.011938557878390377
3 0.3876082888978415 0.5849470634929981 0.019842063140062205 0.019842063140062295
5 0.3262612652203182 0.5814650186982002 0.014881547355046631 0.01488154735504672
5 0.38750333113239066 0.44855453718463884 0.019296031570031145 0.010467063140062294
3 0.33494820755368937 0.34030169240395836 0.02738154735504663 0.015609589448421436
5 0.33199053654935423 0.28952044240395836 0.017824536831702886 0.011938557878390377
3 0.390061370806691 0.23675248719875625 0.024165542093374803 0.01386507892507769
5 0.40627717598365826 0.3267404503670533 0.017915542093374804 0.013501057878390376
5 0.3480137098315894 0.7126772213431535 0.011938557878390377 0.017824536831702886
5 0.21920835744074987 0.46619560544519845 0.011938557878390377 0.017824536831702886
5 0.23383927581424907 0.5155130659826597 0.01800654735504672 0.015063557878390199
3 0.2483035942159831 0.5350520212584489 0.024074536831702888 0.01230257892507769
5 0.7515735364081799 0.41402355858426204 0.01175654735504672 0.014699536831702886
5 0.46094301820408995 0.20205199253101522 0.017915542093374804 0.013501057878390376
5 0.4777349470303457 0.32884971096098414 0.01184755261671846 0.016262036831702888
5 0.3606208546687396 0.6061164082030913 0.01956904735504663 0.015154563140062294
5 0.1388460232540003 0.44579137115962686 0.021040542093374803 0.013683068401734033
7 0.5312624944559794 0.26537176890996167 0.021040542093374803 0.013683068401734033
6 0.672038683876166 0.3136133058828389 0.03803062101845249 0.03803062101845249
2 0.6940780967762319 0.5843430348361516 0.023513094710093264 0.029399073663405773
2 0.6701015414580903 0.643748126915409 0.020949536831702885 0.012120568401734033
2 0.6146636125612475 0.5936718031814159 0.017733531570031148 0.010376057878390377
2 0.6167196652485532 0.5347595347655643 0.014699536831702886 0.01175654735504672
2 0.5640195994776549 0.5182314584007355 0.024893584186749605 0.02636507892507787
2 0.7288563732257655 0.4412153901401757 0.021950594710093262 0.029308068401734035
2 0.7043785599445289 0.5727684980044486 0.014699536831702886 0.01175654735504672
2 0.43654485978923707 0.7522031819512017 0.031143584186749607 0.02672909997176518
6 0.45266414150044254 0.6117301003952882 0.042247684158514785 0.05696263154179633
2 0.5434781282756758 0.6769918083725005 0.016262036831702888 0.01184755261671846
2 0.5282017387707846 0.7108053662508909 0.017824536831702886 0.0119385578783902
2 0.4856733335514651 0.667032250423523 0.016262036831702888 0.01184755261671846
2 0.3939639756871921 0.6402338029696544 0.019296031570031145 0.010467063140062117
2 0.4420990968468191 0.5245486188111397 0.01809755261671846 0.016626057878390377
2 0.43463593636582765 0.4771653845961552 0.018188557878390375 0.0181885578783902
2 0.2450035599445289 0.5995240449359722 0.026456084186749607 0.026456084186749607
2 0.3291895731692957 0.5240697476515128 0.016171031570031146 0.01028505261671846
2 0.34373719155691235 0.5584979555581379 0.01497255261671846 0.01644404735504672
2 0.39624129430068766 0.4370710056146077 0.015063557878390376 0.01800654735504672
2 0.3664180154320797 0.3557145898013573 0.014699536831702975 0.01175654735504672
5 0.6983553440748087 0.6577805348361515 0.01488154735504672 0.01488154735504672
5 0.6508440362670056 0.5688314269012915 0.01488154735504672 0.01488154735504672
5 0.5924554126177172 0.5353888663214781 0.014699536831702886 0.01175654735504672
5 0.673136994244218 0.4805200848220341 0.01488154735504672 0.01488154735504672
5 0.746566059944529 0.5703113559393087 0.01175654735504672 0.014699536831702886
5 0.5283558442865702 0.44427031363417235 0.01019404735504672 0.014608531570031147
5 0.44233285722898835 0.6766116477503348 0.016353042093374803 0.01341005261671846
5 0.43318537038316796 0.6810639293203659 0.01175654735504672 0.014699536831702886
5 0.45494624929412825 0.7182076135494678 0.013228042093374626 0.013228042093374803
2 0.34956923357969993 0.645171202927302 0.022603042093374805 0.013774073663405773
7 0.3001622258283665 0.49675608973077007 0.008449536831702974 0.01139252630835923
2 0.5242668547393269 0.5221145925733676 0.029399073663405773 0.023513094710093264
5 0.5345049466774098 0.6978958425733676 0.01175654735504672 0.014699536831702886
5 0.5843229361540662 0.6918586741998685 0.019296031570031145 0.010467063140062294