7 0.580071901999433 0.2020957231269434 0.01153770072563951 0.017824536831702976
3 0.5084870786784552 0.21201748372087428 0.016443455534962938 0.02434755261671846
3 0.5574404446503716 0.26731890472520936 0.017624009618646852 0.013501057878390376
3 0.22472216997078234 0.40215955240495693 0.019459328130301136 0.021404563140062293
7 0.3316343688823232 0.4342201654603146 0.009975200725639422 0.017733531570031148
7 0.3182613496450295 0.4584921233669398 0.008358137023308565 0.01608002630835923
7 0.2694989235141614 0.6443162313017998 0.014499009618646853 0.01331904735504672
7 0.2670832516444625 0.6238217207784562 0.014553573320977708 0.01488154735504672
7 0.28182779792359824 0.6051095181335028 0.011428573320977709 0.014699536831702886
3 0.34096220654645315 0.7275452312312127 0.016552582939624562 0.02747255261671846
3 0.2555331380347989 0.730397944470097 0.016334328130301133 0.02122255261671846
3 0.5888541026402544 0.5110457888978415 0.013318455534962937 0.024165542093374626
3 0.8362846633473604 0.48709786761115775 0.017896828130301044 0.021313557878390378
7 0.8495510443802191 0.39862690181202476 0.013154764427970278 0.019478042093374802
5 0.7897494253282599 0.6315612281768537 0.013318455534962937 0.024165542093374803
7 0.7602801801375834 0.6235821282050886 0.013045637023308566 0.016353042093374803
3 0.525674479327126 0.9528013784168501 0.013318455534962937 0.024165542093374626
7 0.3432538489272393 0.9085145101704079 0.011483137023308564 0.016262036831702888
7 0.3676660610856241 0.8371323338338137 0.011374009618646852 0.013137036831702887
5 0.6578124337657805 0.5315017730422389 0.016334328130301046 0.02122255261671846
5 0.908117479411944 0.6494151280639142 0.010029764427970277 0.019296031570031145
5 0.8952330442954011 0.7269485938630472 0.014771828130301045 0.02113154735504672
5 0.8392905791417913 0.7597009097045325 0.013209328130301401 0.021040542093374803
3 0.587051044380219 0.3833380178511541 0.02080357332097762 0.015245568401734032
7 0.41717999928220983 0.47286470748310216 0.010029764427970277 0.019296031570031145
5 0.4416864367610053 0.5557072995623595 0.01606150961864685 0.01341005261671846
3 0.5426164757837468 0.7142394073560453 0.011810519237293704 0.025637036831702886
1 0.5774503550873251 0.34441973101945117 0.021567465153609612 0.037120568401734035
3 0.7668774097191633 0.5691676439901041 0.016334328130301046 0.02122255261671846
2 0.8111010917556631 0.7823270676252752 0.03601191106992552 0.048877115756780574
5 0.8163094361280331 0.7004323255177829 0.01153770072563951 0.017824536831702886
2 0.5951586332254755 0.756441588883724 0.04064484736759475 0.04758763154179633
1 0.4532662551878415 0.8742143758566014 0.009866073320977619 0.014608531570031147
3 0.4402082383976186 0.7325428153473752 0.01935020072563951 0.018279563140062294
1 0.5637102589008567 0.46887369944942014 0.00830357332097762 0.014517526308359407
1 0.36373007315134165 0.6584157996329467 0.013373019237293704 0.025728042093374804
1 0.3654810569092729 0.7203620627871263 0.006577382213985139 0.009739021046687312
1 0.34164425282558886 0.7080139812312127 0.008249009618646852 0.01295502630835923
1 0.9618352125369029 0.8372938306382803 0.013209328130301401 0.021040542093374626
2 0.46145572270370394 0.9946883221362264 0.014662700725639511 0.010623355727547334
7 0.44389868967141216 0.9182905995482422 0.009866073320977619 0.014608531570031147
2 0.38660454484355533 0.9000796548663835 0.013154764427970278 0.019478042093374625
7 0.25530993794213164 0.6247016813159172 0.011537700725639422 0.017824536831702886
7 0.7068054613557766 0.7425904624624253 0.01142857332097762 0.014699536831702886
1 0.4356150299522489 0.39330601009982064 0.009811509618646852 0.013046031570031147
3 0.47695679256612067 0.4199819021649606 0.01822421034428636 0.030688557878390376
2 0.5400793298595816 0.29370709947765494 0.01655258293962447 0.02747255261671846
1 0.6711854530030741 0.5072298151356136 0.008249009618646852 0.01295502630835923
1 0.8625346501005164 0.5872644675829228 0.017624009618646852 0.0135010578783902
2 0.7554786074495778 0.5144878492658934 0.00830357332097762 0.01451752630835923
2 0.33125985744957787 0.48977992072198634 0.009975200725639333 0.017733531570031148
7 0.25461302269585473 0.5549884207925736 0.010029764427970277 0.019296031570031145