4 0.4567717852482766 0.6481765583104396 0.014335220003181704 0.024092471463952592
4 0.4711070052514583 0.6253940297743924 0.012772720003181703 0.024019696856846906
4 0.441428595918231 0.623230062239381 0.017478401336727244 0.025800520678164497
5 0.6839813646165023 0.4015884644301302 0.018968176002545432 0.01962329528527036
2 0.16227853994272992 0.42966188296032676 0.012663632001908986 0.014644696856846906
2 0.31576661927118466 0.47276768176025374 0.012681813335454439 0.016207196856846906
2 0.27991093527213917 0.46406261579681896 0.014298857336090797 0.02096747146395277
2 0.35164103194622975 0.4126863604201355 0.012699994668999893 0.017769696856846907
2 0.31638533195418395 0.35241879445670077 0.009574994668999892 0.01762414764263518
2 0.2872074566359105 0.24006218961813658 0.01431703866963625 0.022529971463952768
4 0.3288586072963199 0.2881208540099947 0.012663632001908986 0.014644696856846906
2 0.36665805195736556 0.33131008188408817 0.012699994668999893 0.017769696856846907
2 0.39637227661522967 0.3975729367226524 0.017478401336727158 0.025800520678164497
2 0.47136318594845694 0.4018473678637336 0.012663632001908986 0.014644696856846906
2 0.46940179129536547 0.30170181864952184 0.012645450668363622 0.013082196856846907
2 0.5119710992998197 0.27085423304138 0.009574994668999892 0.01762414764263518
2 0.4124683492600488 0.5593473447043698 0.014298857336090797 0.020967471463952593
2 0.3416194999204582 0.6021662373846063 0.012699994668999893 0.017769696856846907
2 0.3354416779121859 0.6628490262597356 0.011173857336090798 0.020821922249740867
2 0.4903558972390498 0.7177463496667685 0.009574994668999892 0.01762414764263518
2 0.5231593065722772 0.7200558664159915 0.01580681333545435 0.016352746071058633