5 0.40009910436953494 0.7801676933504222 0.025327382213985138 0.0106851944820761
5 0.4254215081830665 0.9067235492978876 0.017569445916316085 0.01183825870642714
5 0.2583753958393472 0.7594347122336148 0.01767857332097771 0.014963258706427318
5 0.1284771086307042 0.5569570861597615 0.01767857332097771 0.01496325870642714
5 0.07526033939341048 0.5792138664629148 0.014553573320977708 0.014799484396167805
3 0.22797611162592907 0.5989575576656305 0.021021828130301134 0.021377033016686652
7 0.16660956960796264 0.4063329664174863 0.01767857332097771 0.014963258706427318
5 0.24378962850097005 0.41507388059640904 0.016006945916315997 0.011756371551297561
3 0.2982291357573642 0.24573738240543133 0.014771828130301135 0.021049484396167807
5 0.2748015594411616 0.22181188150092018 0.017624009618646852 0.013400758706427318
4 0.17476435390619877 0.24004954715018095 0.02387400961864685 0.013728307326946344
5 0.4056324079898827 0.2631063461093842 0.01455357332097762 0.014799484396167805
4 0.40908479020386784 0.25389512041964374 0.015897818511654192 0.008631371551297562
3 0.3902504554501448 0.3225665552907814 0.027053573320977707 0.015454581637205766
3 0.38019091997078236 0.4089168130926975 0.01767857332097771 0.01496325870642714
4 0.37423109664980464 0.42269270804974335 0.02409226442797028 0.019978307326946342
3 0.4303918166127378 0.38337125847928466 0.019131945916316083 0.011920145861557074
5 0.48049848793428235 0.2036328488229177 0.014662700725639511 0.017924484396167804
4 0.4691070870311577 0.4401878245126582 0.019186509618646853 0.013482645861557074
3 0.5091194734214941 0.5495119148562913 0.02091270072563951 0.018252033016686653
5 0.46231639529119306 0.5674087437799635 0.016006945916316084 0.011756371551297561
5 0.5254860286863045 0.6411605042954132 0.016006945916316084 0.011756371551297561
5 0.6272915761465666 0.7067622501115416 0.017624009618646852 0.013400758706427141
5 0.6603148964723193 0.6576187432141367 0.020694445916315907 0.012002033016686653
5 0.6739582781381503 0.44622754183465574 0.019131945916316083 0.011920145861557074
7 0.6898808893007432 0.5057629941186479 0.01924107332097762 0.015045145861557075
5 0.7049280251429254 0.41106464778212093 0.01299107332097762 0.01471759724103805
5 0.7835738363981856 0.5795490541591276 0.01778770072563951 0.01808825870642732
5 0.7725594361280331 0.6932430619610437 0.016006945916316084 0.011756371551297561
5 0.7064954704262693 0.5230700028250752 0.01299107332097762 0.01471759724103805
3 0.9316021086307043 0.5990470838964541 0.022147818511654548 0.008958920171816587
5 0.6889904787789718 0.7553911798942966 0.016225200725639332 0.018006371551297563
5 0.713105046657654 0.8717088986866323 0.019131945916316083 0.011920145861557074
5 0.544940378416152 0.7564513116223595 0.01142857332097762 0.014635710085908294
5 0.5939036680718658 0.7887592005865115 0.011374009618646852 0.013073210085908293
3 0.2389607739617991 0.3068110012431954 0.02236607332097771 0.015208920171816586
3 0.25577625172928053 0.29595206637205784 0.011592264427970279 0.019323210085908295
3 0.3256944260460501 0.1540378833099425 0.02214781851165428 0.008958920171816497
3 0.7064930143431523 0.3438362042045561 0.028506945916316084 0.012411468792335522
3 0.6097221964644701 0.22371073269868713 0.02220238221398514 0.010521420171816587