7 0.9308976237838316 0.24273796504930273 0.023628414772652206 0.01202911910658786
7 0.9816691911542718 0.29045202708379597 0.012800008928453722 0.017769696856846907
7 0.9381919265437751 0.27278933808483197 0.017432961850553142 0.014863020678164496
2 0.8857448108776182 0.18668486413967994 0.03012387662320535 0.026382717535011313
2 0.9092117642067548 0.3652657824604795 0.030232970779006864 0.03263271753501131
2 0.8065737337679456 0.28777002108794003 0.03796365016215582 0.02830909057054054
3 0.7346499151796895 0.1976308645539647 0.02680796185055314 0.015299668320799587
3 0.8257970665596612 0.21673192906965735 0.03311250892845372 0.01871576674922295
7 0.6873209476470935 0.17666123903723605 0.017432961850553142 0.014863020678164408
7 0.6851408388807956 0.16717707712657726 0.012690914772652384 0.011519696856846862
7 0.6216238096598025 0.13294331823523708 0.019022735389503255 0.01649829528527027
7 0.553045359173335 0.20950151012968524 0.023655688311602675 0.01359161910658786
7 0.5770265556026126 0.31382729114693186 0.01123750892845372 0.017696922249741044
4 0.7532072260573079 0.3439258217498938 0.026835235389503255 0.016862168320799585
4 0.7048845487027537 0.24550328432250632 0.023710235389503433 0.01671661910658786
4 0.7091589914785834 0.22459147084027098 0.020530688311602673 0.013446069892376133
2 0.6747373526805133 0.315250704091048 0.02543637662320535 0.026164393713693723
2 0.7225009224865854 0.4457044915184354 0.047420470779006865 0.03343323821317572
7 0.5269799168045426 0.40375877832665036 0.03944432954530477 0.023694365177646403
3 0.42092083157719495 0.387872605043452 0.023873876623205347 0.02609161910658777
7 0.3975963798729116 0.4250986232404171 0.020530688311602673 0.013446069892376223
7 0.49652084943410235 0.35699078618453317 0.02688978246740419 0.019987168320799498
4 0.43487996591103817 0.3048610519002989 0.023655688311602675 0.01359161910658786
4 0.4471481408299603 0.3187244987571457 0.017487508928453722 0.017988020678164407
4 0.4742424748394919 0.28949291707794533 0.026835235389503255 0.0168621683207995
7 0.35550611160896706 0.28318079693790016 0.014307961850553141 0.01471747146395277
7 0.31343343425441295 0.18504935793893612 0.0206397824674041 0.019696069892376135
7 0.31127664488715 0.1294350587247244 0.015870461850553054 0.014790246071058588
7 0.2893004590111793 0.2238014888323483 0.014253414772652384 0.011592471463952769
7 0.2627788693196048 0.2202205705115487 0.020530688311602673 0.013446069892376223
7 0.2967408120954344 0.20069147456432462 0.020530688311602673 0.013446069892376133
7 0.2826686294658745 0.24538539040392485 0.017432961850553052 0.014863020678164408
7 0.2795748571447402 0.288244978493266 0.020530688311602673 0.013446069892376133
7 0.13074189082996024 0.3039876408182096 0.0237647824674041 0.01984161910658786
7 0.3944788827122854 0.20055238750844068 0.019022735389503432 0.01649829528527036
4 0.36729481980607215 0.1453361945805353 0.017351141233702093 0.010175520678164407
4 0.35667491964391634 0.17142565963434722 0.02217500892845372 0.018206344499481997
4 0.45446358319875274 0.12359393527491036 0.026889782467404012 0.019987168320799588
2 0.5093595888807956 0.1589899338271683 0.028615923701106105 0.02943494292790545
2 0.43799310349129217 0.1713036892038518 0.03963524431795697 0.0346318651776464
3 0.6231357167218171 0.1807087301458959 0.028479556006354302 0.02162244292790545
2 0.5878936919650507 0.13919116418246116 0.0411159237011061 0.03001713978475227
7 0.6047363185882562 0.11495529755707268 0.012690914772652384 0.011519696856846862
7 0.5654829038156037 0.12407343237942622 0.025190914772652385 0.012101893713693723
2 0.5204567759745823 0.10555671877335637 0.03171365016215581 0.028017992142117133
7 0.5409738275167099 0.09478403866573251 0.014362508928453721 0.0178424714639527
4 0.49297092979018603 0.2020121877561097 0.025272735389503254 0.016789393713693722
4 0.47068287256601565 0.17986320595307478 0.017432961850553142 0.014863020678164408
2 0.5167629857965406 0.18279130686269757 0.03478410308425524 0.02503854135632886
4 0.5423027280859027 0.24262222518349716 0.025218188311602673 0.013664393713693723
7 0.5826004456184986 0.26326436496824945 0.017405688311602673 0.013300520678164496
2 0.5977345219173925 0.29211711103930804 0.06167388555165907 0.04502570967712849
4 0.611033362826783 0.33652208250326077 0.025381829545304768 0.023039393713693724
3 0.5569361980541306 0.3449488585581087 0.022038641233702094 0.010393844499481997
4 0.5130577386392096 0.4398589441662505 0.023819329545304767 0.02296661910658777
7 0.48674070048976253 0.424559275845451 0.02055796185055314 0.015008569892376044
3 0.44152761201600416 0.461547699542934 0.02686250892845372 0.018424668320799496
4 0.3958469192401745 0.48053098593686416 0.011128414772652384 0.011446922249741042
4 0.06579082102388811 0.17273333271265773 0.023655688311602717 0.01359161910658786
7 0.08740276826394458 0.1440282899085868 0.014253414772652384 0.011592471463952725
7 0.07513459334502245 0.13016484305173995 0.01422614123370205 0.010029971463952726
4 0.07011981087761839 0.14869651923042237 0.019022735389503408 0.01649829528527027
4 0.18382775487126396 0.17432156554914996 0.018913641233702004 0.01024829528527027
2 0.19515103855648402 0.19752362510244387 0.02691705600635439 0.021549668320799586
2 0.22297602962803031 0.21602106803034932 0.031659103084255055 0.024892992142117175
2 0.20332600284266905 0.266710272745079 0.03171365016215581 0.028017992142117087
2 0.17180326745316568 0.2808797806029619 0.036428423701106105 0.02979881596343468
2 0.12972486160896704 0.2726648662111037 0.03810001785690749 0.03612159057054054
4 0.11338284131642758 0.2234268455329393 0.011182961850553053 0.014571922249741043
4 0.06617660470910817 0.19542597001621065 0.014307961850553053 0.01471747146395277
4 0.07408456209543438 0.19032109305173994 0.014362508928453744 0.017842471463952726
2 0.0712441599046837 0.308253455748187 0.03176819724005646 0.031142992142117087
4 0.08498333157719493 0.3722260645156926 0.020585235389503388 0.016571069892376132
4 0.05909298742139357 0.37727528349844597 0.014253414772652384 0.011592471463952769
4 0.07163389772981908 0.3755137303552929 0.017514782467404077 0.019550520678164495
4 0.1420867195644861 0.4155437249786093 0.009620461850553052 0.01449914764263518
5 0.17249123985702558 0.4654367171207266 0.022038641233702007 0.010393844499482085
5 0.2654327163180752 0.471329306243525 0.023655688311602675 0.01359161910658777
2 0.28602763433713846 0.4113014888323483 0.030096603084255057 0.024820217535011225
2 0.3191674168045425 0.39407975558157127 0.033385244317957155 0.03434076674922304
2 0.37142539204777625 0.3566375676160646 0.04580342370110611 0.030235463606069858
4 0.384447543427748 0.37209990177646435 0.020530688311602673 0.013446069892376133
4 0.30962482143092523 0.3584504706353832 0.011101141233702094 0.009884422249741042
4 0.29540836282678307 0.32182161186787756 0.023655688311602675 0.01359161910658786
4 0.31201521022899525 0.26629935793893617 0.014362508928453721 0.01784247146395277
4 0.4030493133132504 0.24708278515107587 0.023655688311602675 0.01359161910658786
2 0.42559074066780445 0.34430454156121665 0.03478410308425506 0.025038541356328815
2 0.54554868466145 0.3702206863083677 0.04429547077900686 0.03328768899896399
2 0.6016214066582728 0.3829968221641785 0.031768197240056396 0.031142992142117087
2 0.5782696814150391 0.42178534036114357 0.034838650162155815 0.02816354135632899
2 0.6397196501654511 0.4848525746453779 0.034838650162155815 0.02816354135632899
5 0.5592821278443167 0.5241098196829792 0.023601141233702095 0.010466619106587772
7 0.6580214111224997 0.3770229580199894 0.014307961850553141 0.014717471463952681
7 0.6746088932655923 0.4121984786981539 0.01587046185055314 0.014790246071058633
4 0.7340714423720878 0.32035988916107055 0.018968188311602675 0.01337329528527036
4 0.7524066107981882 0.4345872090534467 0.026835235389503432 0.0168621683207995
2 0.7666912532497061 0.4673098178209523 0.02688978246740419 0.019987168320799498
2 0.7263429427791248 0.494360315339753 0.030096603084255234 0.024820217535011225
2 0.7481400763021891 0.5446342971427879 0.03955342370110611 0.029944365177646405
4 0.8285190974055074 0.46393441480163367 0.014307961850553141 0.014717471463952591
4 0.8306446590939048 0.4765435767122925 0.017432961850553142 0.014863020678164317
3 0.8028333047918338 0.457264883784387 0.017596603084255237 0.02423802067816432
4 0.8190543685088258 0.3790499925518927 0.02053068831160303 0.013446069892376223
4 0.8689998214309252 0.38450377997928015 0.018913641233702094 0.01024829528527027
4 0.8750316331193225 0.39729487840770356 0.020530688311602673 0.013446069892376133
2 0.9877401388013654 0.4353835374228782 0.011319329545304768 0.02238442224974104
3 0.9424764573896216 0.5200645984239142 0.0300420560063543 0.021695217535011226
4 0.9349912398570256 0.500950725388385 0.023710235389503252 0.016716619106587772
2 0.9079474987854793 0.4824896697640325 0.03489319724005639 0.03128854135632899
2 0.8728457958633801 0.47772724110415066 0.03494774431795733 0.03441354135632881
7 0.9432071144516361 0.56779362303102 0.03006932954530477 0.023257717535011223
7 0.8826787175358912 0.5415179133538917 0.015843188311602675 0.013227746071058633
5 0.8474446010589556 0.5891356219975628 0.02368296185055314 0.01515411910658777
4 0.9474894655072964 0.6360170841558906 0.01592500892845372 0.017915246071058634
4 0.9141530397775952 0.7540928420137734 0.02688978246740419 0.019987168320799498
4 0.8874638547124036 0.7153192863894209 0.01907728246740419 0.01962329528527036
7 0.8323302954596382 0.7831210624442688 0.014362508928453721 0.01784247146395259
2 0.8658092228141923 0.8808522411041506 0.028643197240056394 0.030997442927905537
2 0.8169138011416811 0.8152422036767633 0.038018197240056395 0.03143409057054072
2 0.778106445621794 0.7540114511955639 0.041197744317957155 0.034704639784752266
7 0.7638218031702759 0.7212888424280581 0.020585235389503253 0.016571069892376045
2 0.7284570474882331 0.6868025264646235 0.04909206493480802 0.039756012820281586
2 0.6891860418061903 0.652134273983424 0.038018197240056395 0.03143409057054072
4 0.6490695564166868 0.6659035215022249 0.023655688311602675 0.01359161910658777
2 0.6501019967568844 0.5619608841986719 0.03640115016215582 0.028236315963434677
2 0.6030769922926575 0.5683713959854961 0.030178423701106107 0.029507717535011226
2 0.6929752893705582 0.569430935894083 0.03335797077900686 0.03277826674922295
2 0.7185656245979058 0.5815692169113296 0.023819329545304767 0.02296661910658777
4 0.6284355024389272 0.5937909270027427 0.020530688311602673 0.013446069892376044
4 0.6052337816599205 0.6239856951997078 0.020530688311602673 0.013446069892376223
4 0.6161167345820198 0.6276201174494489 0.014307961850553141 0.014717471463952591
2 0.4736234971639215 0.7281016528099217 0.03949887662320535 0.026819365177646402
2 0.4339161148586732 0.7184334003287223 0.044240923701106105 0.030162688998963995
5 0.4238592763849147 0.7570592526860871 0.020530688311602673 0.013446069892376044
4 0.458296731742646 0.8446705686495217 0.022093188311602674 0.01351884449948173
4 0.4425059107187579 0.6742660233642516 0.026780688311602675 0.013737168320799497
5 0.3656434017903042 0.6878875676160645 0.019104556006354478 0.02118579528527036
7 0.301368441968346 0.6074872841176185 0.02058523538950343 0.016571069892376045
4 0.36479574229265754 0.5572732684018529 0.02058523538950343 0.016571069892376045
2 0.3279366704579905 0.5188079278313122 0.03790910308425506 0.02518409057054054
2 0.29002361323382014 0.4959311999572188 0.03174092370110611 0.029580492142117266
4 0.2548810000032953 0.49351252129733697 0.020530688311602673 0.013446069892376044
4 0.26408267614003333 0.548673056243525 0.020530688311602673 0.013446069892376044
4 0.28259689691904016 0.5182599642252423 0.020503414772652384 0.011883569892376045
2 0.2425798230557783 0.571128099047596 0.03472955600635448 0.021913541356328992
2 0.21782133076641602 0.5113335680303492 0.03176819724005649 0.031142992142117264
4 0.14484175243892725 0.5712671861034799 0.036455697240056484 0.03136131596343468
2 0.17087814691904019 0.5130565798171736 0.04286933847375849 0.04102741439185813
4 0.1930628384770538 0.4515390370131026 0.014307961850553053 0.014717471463952591
4 0.24432137540868473 0.4265604617440431 0.02058523538950343 0.016571069892376045
2 0.19870095820040037 0.3525022235308673 0.03952615016215581 0.028381865177646404
4 0.19302370251835752 0.31939862510244393 0.03163182954530477 0.023330492142117087
2 0.23748676867098167 0.32537895140496087 0.03968979139585782 0.037756865177646405
2 0.25767653774570515 0.33335627129733697 0.03174092370110611 0.02958049214211709
2 0.24703904667415885 0.31565934904759596 0.03171365016215581 0.028017992142117087
4 0.14179816761532144 0.25289817576439766 0.0206397824674041 0.019696069892376135
2 0.09687758523064291 0.4970997859796453 0.0333579707790068 0.03277826674922295
2 0.26785078409555246 0.6911516546719485 0.03958069724005649 0.031506865177646406
2 0.26935478287773645 0.6497817919755013 0.0428420649348082 0.03946491439185813
2 0.3211842897775953 0.7264748786171006 0.03968979139585782 0.037756865177646405
2 0.34982748701765176 0.698097321545006 0.03489319724005639 0.03128854135632899
4 0.5049122276821609 0.5481615957378271 0.022065914772652385 0.011956344499482085
4 0.44692244967898376 0.5556251852749103 0.02376478246740401 0.01984161910658777
4 0.42496562906213275 0.5592938407754284 0.02055796185055314 0.015008569892376044
4 0.4495156156694521 0.586239484489122 0.009565914772652385 0.011374147642635179
4 0.45129630398105486 0.5738122590962279 0.017351141233702093 0.010175520678164319
4 0.3828133108809137 0.6449017009906761 0.026780688311602675 0.013737168320799497
4 0.3620332065788426 0.6259504937947471 0.025218188311602673 0.013664393713693813
4 0.4176968254914103 0.6621641296505578 0.02376478246740401 0.01984161910658777
4 0.4500593120987297 0.6894736463997809 0.02373750892845372 0.01827911910658777
4 0.4707985060923752 0.7107686035957099 0.023655688311602675 0.01359161910658777
4 0.5258735641273246 0.6015241902373092 0.01592500892845372 0.017915246071058634
7 0.7185348023594971 0.8521000407326472 0.0394170560063543 0.022131865177646405