5 0.6173419273553156 0.17709747726853325 0.014471676959604097 0.014307961850553053
4 0.6969899749271754 0.23080490421605032 0.027335389812585476 0.027026150162155815
5 0.7225666364473733 0.2242236676087309 0.00987510517284953 0.017351141233702093
4 0.5326439815910928 0.32554288554836386 0.022738818025830908 0.03006932954530477
4 0.5840018931112908 0.31941166233372514 0.016170569279472247 0.019022735389503432
4 0.4311245971887837 0.40576044520816623 0.016534282132453625 0.03152273538950325
4 0.3506163947606435 0.45667233441327343 0.02113085391920828 0.02847955600635448
3 0.5701967720368167 0.5963735827884203 0.017642141066226812 0.01592500892845372
4 0.5092736439027137 0.6226400279998818 0.013091033386094787 0.020530688311602673
4 0.46770826952953426 0.6164485292176979 0.016079641066226814 0.015897735389503252
3 0.6439705558186231 0.7702298685022353 0.013181961599340219 0.023655688311602675
4 0.5563986964891384 0.6320519841683921 0.009966033386094964 0.020476141233702096
4 0.34930159883813633 0.5456666505658976 0.02154003087881238 0.0425420560063543
7 0.3131284181176085 0.5637757224005646 0.013045569279472247 0.018968188311602675
4 0.5704444761143096 0.6853951724799948 0.014517141066226813 0.01587046185055314
4 0.6224101413954312 0.6464787228043065 0.014471676959604097 0.014307961850553141
4 0.5407031518202725 0.7098633384704632 0.012909176959604095 0.014280688311602674
7 0.4799989840318684 0.7704911469124497 0.016079641066226814 0.015897735389503252
4 0.32116955331134056 0.786459245939515 0.017960389812585565 0.02686250892845372
7 0.6166471893630024 0.8509616712621788 0.012909176959604095 0.014280688311602674
2 0.3865860208496826 0.13636951704283332 0.017823997492717503 0.02217500892845372
2 0.4652482299417403 0.18303205722087512 0.01300010517284953 0.01740568831160272
2 0.38687082884638363 0.2535024699649326 0.013091033386094875 0.020530688311602673
2 0.3012288455394311 0.2621586753226639 0.013091033386094875 0.020530688311602673
2 0.403723359725196 0.29596270535443603 0.016170569279472247 0.019022735389503432
2 0.3845414507122805 0.28079167288703194 0.01612510517284953 0.01746023538950343
2 0.5537173480467136 0.24470198863261902 0.01598871285298138 0.012772735389503432
2 0.5406945108205526 0.22651505032101626 0.017596676959604096 0.014362508928453721
2 0.7257551355894435 0.3874776440697806 0.014562605172849529 0.017432961850553052
2 0.6674569022824909 0.3966111363591428 0.016216033386094786 0.02058523538950343
2 0.6876390216411054 0.4461571688265469 0.019341033386094962 0.02063978246740401
2 0.5648380191338228 0.46587755924947 0.01782399749271768 0.02217500892845372
2 0.41461097941301495 0.9653439508902093 0.02572742570596276 0.02543637662320535
2 0.21795231043747654 0.5667995365245939 0.01612510517284953 0.01746023538950343
2 0.24523256129540635 0.40407739407307586 0.01474446159934022 0.02368296185055314
2 0.2498829573761981 0.376047851459402 0.017823997492717503 0.02217500892845372
2 0.27370089060400843 0.33585922808260743 0.016079641066226814 0.015897735389503433
2 0.28542800079142283 0.3095149163942102 0.014517141066226813 0.015870461850553054
2 0.39351121773453235 0.91109678165333 0.019477425705962937 0.025327282467404188
2 0.3260449214163138 0.8466700430174157 0.00987510517284953 0.017351141233702093
4 0.551090104710631 0.34226278124629284 0.021267246239076342 0.03316705600635448