4 0.3244764797107558 0.44634173669130817 0.03311250892845372 0.018524506920082295
4 0.2838338888013653 0.4009045612921568 0.030151150162155815 0.02777217292769336
5 0.4090718478125446 0.6163133384781941 0.02058523538950343 0.016452670950527094
4 0.6118788425342435 0.28449162999868743 0.028452282467404187 0.019896005931499074
4 0.5668821680223586 0.4437101211014388 0.01899546185055314 0.014826503954332538
5 0.5018400004103324 0.6763833582498575 0.020503414772652384 0.011765170950527093
5 0.6372179874213936 0.4004495524320893 0.012745461850553141 0.014571835969555202
3 0.5624405353133685 0.7429607045995361 0.02058523538950343 0.016452670950527094
7 0.7676655978125446 0.630924914104807 0.012800008928453722 0.0176968359695552
4 0.7759804784929398 0.4233034150933902 0.017460235389503254 0.016325336958138335
4 0.7457026432655922 0.41112440866759953 0.014307961850553141 0.014635502965749581
4 0.32520713677277047 0.49406165368750254 0.025300008928453722 0.018206171939110227
5 0.16321960552318235 0.5476602030794803 0.01746023538950343 0.016325336958138335
6 0.5362805990270653 0.18134011368706507 0.053779564934808025 0.0396646778706093
0 0.707148252435632 0.11168548277415655 0.05054547077900686 0.03328734387822054