2 0.471875 0.5827669874634719 0.0265625 0.03343074905006951
2 0.80234375 0.0009188818401385565 0.0171875 0.001837763680277113
2 0.71953125 0.007405924393194148 0.0265625 0.014811848786388295
2 0.66640625 0.0025554234432636157 0.0265625 0.0051108468865272315
2 0.53515625 0.15785660002065927 0.0265625 0.03811824905006946
7 0.25625 0.6080982150463887 0.0140625 0.02532730832062491
7 0.5546875 0.33630825513090234 0.0296875 0.04287848423243057
4 0.85234375 0.7559427290110061 0.0171875 0.020712543502986236
4 0.30546875 0.4007026359242012 0.0140625 0.01907730832062491
4 0.1046875 0.6616258713909027 0.0171875 0.026962543502986235
4 0.35703125 0.6893462554152427 0.0171875 0.02852504350298606
2 0.60546875 0.6046575584175342 0.0328125 0.030451219414791807
2 0.60703125 0.29446494082635366 0.0265625 0.039680749050069505
2 0.4671875 0.2922510902370135 0.0359375 0.03677395459715278
2 0.575 0.39755422644555505 0.0328125 0.03357621941479163
2 0.8453125 0.6193876331713188 0.021875 0.03332164627652787
2 0.91484375 0.505269275363784 0.0265625 0.039680749050069505
2 0.88359375 0.5606841271873951 0.0265625 0.02405574905006951
2 0.90703125 0.6476386133196866 0.025 0.028706881458888844
2 0.921875 0.6215118712034714 0.0171875 0.026962543502986235
4 0.928125 0.7026164008387492 0.0125 0.011228440729444423
2 0.8046875 0.7140831905420132 0.0234375 0.03023301386770836
4 0.68828125 0.7191363260849647 0.015625 0.014426175911805571
2 0.60859375 0.8248973232351731 0.0265625 0.03343074905006915
2 0.50859375 0.9537873490707287 0.0203125 0.03953527868534721
2 0.45625 0.6807869133752774 0.034375 0.036737587005972114
2 0.3265625 0.48380542344326366 0.0265625 0.027180749050069508
2 0.24765625 0.37314198679788174 0.0265625 0.03499324905006951
2 0.275 0.401411803952222 0.0265625 0.03655574905006951
2 0.24296875 0.21856358957142338 0.0328125 0.03201371941479163
2 0.2359375 0.24763349373173593 0.025 0.033394381458888844
2 0.171875 0.21709331497013876 0.0234375 0.03179551386770836
2 0.3703125 0.21559963089020803 0.0234375 0.03648301386770836
2 0.378125 0.09979279293430524 0.0296875 0.03350348423243059
4 0.265625 0.05631750949930533 0.0140625 0.01907730832062502
2 0.62265625 0.2331637649145481 0.0328125 0.03045121941479163
2 0.7484375 0.31929867382451327 0.0421875 0.03848192496187508
2 0.7984375 0.2673536609067354 0.03125 0.039789851823611146
2 0.7765625 0.14676905718326325 0.0203125 0.02703527868534721
2 0.8328125 0.5337410739007632 0.025 0.027144381458888846
2 0.81484375 0.4669718011993396 0.025 0.03183188145888884
2 0.82421875 0.44565984565225625 0.0140625 0.026889808320625087
4 0.8328125 0.4563973239007632 0.01875 0.017623911094166545
2 0.809375 0.42569283776847155 0.0296875 0.03819098423243048
2 0.69921875 0.4962255029467008 0.0203125 0.03641027868534721
2 0.7640625 0.5329974979127077 0.0140625 0.01751480832062491
4 0.66953125 0.4078539871791314 0.0109375 0.014317073138263936
2 0.60625 0.524170624621944 0.021875 0.02707164627652787
2 0.37421875 0.4897274619122566 0.0203125 0.02703527868534721
7 0.45390625 0.3886539647620483 0.0140625 0.015952308320625087
2 0.303125 0.250757187310972 0.0265625 0.019368249050069508
4 0.2640625 0.16104137709048588 0.021875 0.019259146276527785
7 0.38984375 0.029988786000451063 0.009375 0.01584320554708334
2 0.365625 0.7516462336637497 0.0265625 0.03499324905006951
7 0.2078125 0.985788110372986 0.0125 0.0190409407294446
7 0.4453125 0.9685414865135413 0.0171875 0.01758754350298588
2 0.5 0.5461748708222218 0.0203125 0.02391027868534721
2 0.653125 0.11526709688652723 0.0171875 0.023837543502986103