3 0.1164382134011821 0.34692458530187725 0.027217471463952682 0.01499008293962456
5 0.13375199193722936 0.3603596027250724 0.02074914764263518 0.010084328130301046
5 0.15582389102760658 0.4056076153389442 0.01933219685684682 0.013154764427970278
4 0.18213167990273607 0.4101487823993196 0.02096747146395268 0.014771828130301045
4 0.1965324358985921 0.23493052758999616 0.02296661910658786 0.02420139183263199
4 0.1771274644346394 0.24964779201796644 0.027508569892376135 0.02124008293962456
5 0.2257275144774206 0.5459027439247321 0.017915246071058634 0.01622520072563951
5 0.3911835022763116 0.34279012369164663 0.02721747146395277 0.01499008293962456
5 0.5108581474377474 0.3690301867610053 0.020894696856846907 0.013209328130301134
5 0.48114922270680704 0.42076630155179523 0.016352746071058633 0.016170637023308565
5 0.5446637591007372 0.4637871260538994 0.022311647642635178 0.010138891832631992
5 0.5258752177444083 0.4987623267795387 0.01784247146395277 0.014662700725639511
5 0.49476645885306814 0.5638069734214941 0.024019696856846906 0.013318455534962937
5 0.4432724253546221 0.6311234481937508 0.021040246071058633 0.016334328130301046
3 0.44068258044085534 0.5025172985565705 0.022893844499482084 0.022638891832631992
3 0.6377310165443353 0.34120030872337137 0.02587329528527036 0.019623019237293704
5 0.6914232508285695 0.2769269883976186 0.01784247146395259 0.01466270072563942
3 0.756789231598147 0.3471824354950609 0.019768844499482085 0.022529764427970278
5 0.7018063250641718 0.4224205376719792 0.02096747146395277 0.014771828130301045
5 0.6068533899941493 0.4850147961094997 0.02565497146395259 0.014935519237293703
3 0.9695738678682428 0.434129330871072 0.01762414764263518 0.00997520072563951
3 0.9379599948327135 0.4430331049176891 0.010175520678164319 0.017514882213985138
4 0.939575998761655 0.45857625936419283 0.019332196856846905 0.013154764427970278
3 0.7530220686540311 0.44481140364389554 0.019768844499482085 0.022529764427970278
3 0.8179429013666887 0.3739061374018267 0.025727746071058277 0.016498019237293705
3 0.56851217390688 0.5713714475607785 0.01962329528527036 0.01940476442797028
5 0.6213846168347855 0.5414458453838602 0.017988020678164317 0.01778770072563951
5 0.5913889017809735 0.532353587579312 0.02111302067816432 0.017896828130301044
3 0.41254250207142373 0.7382737492822098 0.02423802067816432 0.018005955534962936
3 0.4304962894988112 0.6877281122589013 0.019768844499482085 0.022529764427970278
5 0.3816221418561761 0.6987945870311577 0.024019696856846906 0.013318455534962937
5 0.4087668387130229 0.6853670040915333 0.024092471463952592 0.014880955534962936
3 0.32118340963885644 0.5729885443802192 0.028925520678164496 0.018169646641955417
3 0.6172406565384845 0.8481224313187099 0.02252997146395259 0.01482639183263217
4 0.6217505281262717 0.7847866176163789 0.027290246071058632 0.01655258293962447
4 0.7223926910703878 0.6837746999230312 0.024165246071058633 0.016443455534962938
4 0.687401260962764 0.6647171650766409 0.01962329528527036 0.01940476442797028
4 0.8516500055860805 0.5880033537365627 0.024092471463952592 0.014880955534962936
4 0.8688139268023642 0.6716417437550962 0.02423802067816432 0.018005955534962936
4 0.8807853496712778 0.4146104937550962 0.022675520678164317 0.01795139183263199
4 0.8528465942945942 0.3446080178017133 0.02118579528527036 0.019459328130301046
3 0.6712969954518859 0.20665169393258145 0.027363020678164318 0.018115082939624473
4 0.5570012090579559 0.1654041897562302 0.02721747146395277 0.01499008293962456
4 0.5323115781645438 0.1428669908446893 0.01642552067816432 0.017733137023308566
3 0.4979751195208726 0.109746955998299 0.027363020678164318 0.01811508293962456
4 0.48749353784167215 0.08359368376578043 0.01762414764263518 0.009975200725639422
4 0.470483666253885 0.14736600708675812 0.027363020678164495 0.01811508293962456
3 0.6891266583960022 0.10853165246276916 0.025727746071058634 0.016498019237293705
5 0.546570977254921 0.1883878219702153 0.024019696856846906 0.013318455534962848
4 0.22718719892827063 0.7322668298595817 0.022457196856846905 0.013263891832631991
0 0.19692827233530347 0.5781076087155222 0.06511988585581086 0.05843254809323426
0 0.09676991460125513 0.5012673449205242 0.06490156203449331 0.05374504809323426
0 0.27442834181339487 0.40458577396179907 0.052037688998963993 0.04549603847458741
0 0.369329927007252 0.2928546110777749 0.05992296360606986 0.0473313569862416
4 0.30424846671095096 0.6016591814035277 0.02096747146395277 0.014771828130301045
4 0.2579578176205738 0.5572569061757842 0.01955052067816441 0.017842264427970277
4 0.26802633044085533 0.50854658766413 0.02260274607105863 0.01638889183263199
2 0.4226988678682428 0.4532266266868715 0.029216619106587773 0.024419646641955416
2 0.33710166212005577 0.5326537210592415 0.01962329528527027 0.01940476442797028
1 0.4023564427230177 0.3540996459241652 0.020894696856846907 0.013209328130301134
0 0.18486265012834374 0.8874007631620259 0.05345463978475227 0.042425602176918174
0 0.24454801923493158 0.8619171243246189 0.050329639784752266 0.04231647477225664
0 0.32461650889584936 0.8677008436545798 0.05352741439185813 0.043988102176918176
0 0.4659842175395205 0.8970832648913063 0.051819365177646404 0.04080853847458741
0 0.4827779193587661 0.8044592552726595 0.05828768899896399 0.045714293283910835
0 0.5173818976471443 0.9155678808632228 0.07227741439185813 0.044642866604888455
4 0.5116991319313786 0.8533679812260424 0.016352746071058633 0.016170637023308388
4 0.6111320134439634 0.6276016001931837 0.02721747146395259 0.014990082939624472
4 0.6252844046764576 0.6419269950210406 0.025727746071058634 0.016498019237293705
4 0.6878593333363394 0.6046427606301371 0.02565497146395259 0.014935519237293703
4 0.5009074127392283 0.281240010081983 0.026164393713693813 0.025873019237293703
7 0.48655166025802893 0.32152026970062986 0.02074914764263518 0.010084328130301135
4 0.42690267845499397 0.3462226585380369 0.014863020678164317 0.01767857332097771
4 0.7328230386702417 0.37609860917885835 0.024019696856846906 0.013318455534962848
0 0.6862283668347855 0.5391814517371298 0.06795378742738745 0.0522916754978958
4 0.6835699396226458 0.6297518880347989 0.024165246071058633 0.016443455534962938
0 0.7798798593911874 0.6552479066391204 0.04720463978475209 0.04220734736759475
4 0.8018789838744589 0.7020584192529922 0.025946069892376043 0.021185519237293705
4 0.8725724735353765 0.7081695207969382 0.01918664764263518 0.010029764427970277
4 0.8897235862318237 0.7083505700712988 0.017915246071058277 0.016225200725639332
4 0.8761854710541772 0.7478222978387802 0.014717471463952591 0.01455357332097762
4 0.8598156083577301 0.7476139667132541 0.017915246071058634 0.01622520072563951
4 0.8920566817647628 0.5912721974759604 0.02074914764263518 0.010084328130301046
2 0.9562155351555852 0.5032339949362225 0.030560795285270358 0.019786710344286362
0 0.7945203639393015 0.4246427473832933 0.06475601282028158 0.05062004809323426
4 0.7602309470662438 0.507737989578745 0.017915246071058634 0.01622520072563951
4 0.6931911503332315 0.4734200424813026 0.01627997146395277 0.014608137023308565
4 0.6788782473139129 0.41230149320694204 0.02074914764263518 0.010084328130301046
2 0.7657831261404103 0.6229810436624289 0.022748295285270358 0.01951389183263199
4 0.43330026592516263 0.594032675961232 0.024019696856846906 0.013318455534962937
0 0.611652090160765 0.7336606272350257 0.08499573821317571 0.0497668762235353
0 0.6754640713446274 0.9545063513743101 0.05345463978475227 0.042425602176918174
1 0.7693661985139859 0.5627975118112636 0.01471747146395277 0.01455357332097762
1 0.9100426641869703 0.3223312245178025 0.020894696856846907 0.013209328130301134
1 0.7715258579434453 0.6001611025554363 0.022893844499482084 0.022638891832631992
1 0.8828529638154669 0.4706968026481036 0.030560795285270358 0.019786710344286362
1 0.6097366031859344 0.2891393009188231 0.016425520678164496 0.017733137023308566
4 0.7339765463232368 0.8034869991973916 0.022457196856846905 0.013263891832632168
4 0.7438609685729778 0.7922221169834067 0.014571922249740864 0.01142857332097762
0 0.9062368440897064 0.738973087494494 0.04080909057054072 0.03886409255827132
0 0.9616671685301966 0.48666405382923 0.029216619106588126 0.024419646641955416
2 0.9613011414418914 0.5280157401268991 0.022893844499482084 0.022638891832631992
2 0.6767486288264976 0.19008175282558887 0.026018844499482087 0.022748019237293703
3 0.19869617183996544 0.7746006627992061 0.021113020678164406 0.017896828130301044
3 0.236515157157657 0.6157241706037546 0.02721747146395277 0.014990082939624472
3 0.871296995451886 0.1996675400342319 0.022311647642635178 0.010138891832631992
3 0.9062582688206469 0.6882736830479903 0.02074914764263518 0.010084328130301046