4 0.6439216750608185 0.24657139075426873 0.014217036104353653 0.026726132001908987
4 0.5136438226014904 0.21224074940322407 0.02832498789975162 0.03470226400381797
7 0.5609500937769252 0.27295153007636014 0.015743174668035032 0.02049431333545444
5 0.34050123839073093 0.2938254620464524 0.01418067466803503 0.020476132001908988
5 0.13250238602959877 0.3234385946849082 0.01259999394987581 0.01733295066836362
2 0.3736222897185908 0.37546636071767947 0.04565793364502548 0.059902258672817864
4 0.4470961511549093 0.3700708833943154 0.01259999394987581 0.017332950668363534
5 0.6666092204367501 0.37575036075745033 0.011055674668035032 0.02043976933481808
5 0.7794223169441497 0.4575372574394951 0.018822722872636886 0.012718176002545434
4 0.7094688861277947 0.39500034742995005 0.02361930718159222 0.0315227200031817
4 0.5138109524827692 0.4521026807367695 0.012618174668035031 0.020457950668363624
5 0.3077104225267357 0.5583055853755435 0.014198855386194253 0.023601132001908987
5 0.6992116004162245 0.6808378500954502 0.01885908430895533 0.018968176002545432
1 0.26972408831597616 0.6414629833704529 0.018886355386194254 0.023655676002545433
2 0.3963774919067723 0.6273106713876339 0.02519998789975162 0.03466590133672707
1 0.430975205704223 0.5894294107256337 0.007876132513557366 0.011028406667727175
1 0.4339365792407898 0.6175907733927245 0.007876132513557366 0.011028406667727354
1 0.4228718142136752 0.6393385040579064 0.007885222872636887 0.012590906667727353
1 0.4393462419067723 0.6278106580601336 0.007876132513557366 0.011028406667727175
1 0.44661436212368955 0.45288338339431533 0.009438632513557366 0.011046588001272539
1 0.4034819856602564 0.4805083967218156 0.007876132513557366 0.011028406667727354
1 0.35109732904439817 0.48693057204804324 0.011001132513557365 0.011064769334818082
1 0.3182257417103806 0.4967050140435889 0.010982951795398054 0.00793976933481808
1 0.40239672951193634 0.3984589653882702 0.012563632513557365 0.011082950668363534
1 0.5163183289462022 0.42400495273708766 0.007885222872636887 0.012590906667727175
1 0.6212103620254936 0.3900668520846325 0.00945681323171641 0.014171588001272717
1 0.5969370698710159 0.3991600414146781 0.009438632513557366 0.011046588001272718
1 0.6178171964326449 0.4361242394175416 0.00945681323171641 0.014171588001272717
1 0.6303581030485033 0.4292384400859051 0.011001132513557365 0.011064769334818082
1 0.5947069493595112 0.37960151941435993 0.010992042154477844 0.00950226933481808
1 0.626838193309387 0.36278673675204154 0.007867042154477666 0.009465906667727175
1 0.6850279432111911 0.298615696093223 0.009438632513557366 0.011046588001272718
1 0.6880519074996211 0.5846077400938594 0.007885222872636887 0.012590906667727353
1 0.6996661183702054 0.6027128500954502 0.00945681323171641 0.01417158800127254
1 0.7044627026791609 0.5840173940960864 0.00947499394987581 0.017296588001272716
1 0.7401911244203296 0.6203730647676318 0.009456813231716588 0.014171588001272717
1 0.7458553171405414 0.5868429494350408 0.007876132513557366 0.011028406667727175
1 0.7716330637226958 0.31915601010499517 0.00947499394987581 0.017296588001272716
2 0.742913166083828 0.2867884054344044 0.026717036104353654 0.02687158267027261
2 0.5297909973677214 0.2569629034054512 0.026753397540672096 0.03312158267027261
2 0.38988361485416406 0.26627317405313394 0.026798849336070064 0.04093408267027261
2 0.24280460265571974 0.1653362880330894 0.023619307181592396 0.0315227200031817
2 0.24867631099222134 0.4990209447008166 0.022074987899751618 0.03462953866963616
2 0.538456428478664 0.5133310820734966 0.0298602168225127 0.030032945337363514