5 0.18906113109072759 0.44421978409225715 0.020530688311602718 0.012854556006354479
5 0.2036554651002592 0.41350557224170414 0.020530688311602673 0.0128545560063543
3 0.3448338441590966 0.4688361801972231 0.029905688311602674 0.013018197240056395
5 0.530426876222759 0.7537900584452817 0.015761367694751626 0.008085235389503254
4 0.5124093076345029 0.667412227682161 0.012800008928453722 0.017405688311602673
5 0.5664849273578494 0.5672798141273245 0.014307961850553141 0.014307961850553141
4 0.5548167702958346 0.5198417524389273 0.020639782467404187 0.0191045560063543
5 0.5648247901813371 0.39392413474417554 0.017405688311602673 0.012800008928453722
5 0.5451162621781599 0.40442130398105486 0.012772735389503253 0.015843188311602675
5 0.5637453056026126 0.27679118182207624 0.020503414772652384 0.01129205600635439
5 0.49610779220993206 0.3037451939969409 0.014307961850553141 0.014307961850553141
5 0.6413481542226409 0.2605973916440344 0.018913641233702094 0.0097022824674041
5 0.5966532629889387 0.2707496875041191 0.018913641233702094 0.0097022824674041
3 0.7116021530048249 0.21797746916074429 0.020639782467404187 0.01910455600635439
3 0.6762941241908688 0.3615189634787014 0.023710235389503433 0.01603410308425506
5 0.7342645369349262 0.4409513189985885 0.01282728246740401 0.018968188311602675
5 0.7335338798729116 0.39332234253753884 0.025218188311602673 0.012936376623205436
5 0.7477600211066135 0.38370188068698574 0.020476141233702096 0.009729556006354478
5 0.13970205925606058 0.408373787338668 0.02055796185055305 0.014417056006354479
7 0.1939822305215347 0.29652262378383165 0.020530688311602763 0.012854556006354389
7 0.2249071278443167 0.49357885592692413 0.017487508928453722 0.017487508928453722
4 0.2710083806836905 0.268623720375265 0.025218188311602673 0.012936376623205436
3 0.39130724391421534 0.26730490787608885 0.02058523538950343 0.01597955600635448
4 0.47861237500164766 0.23219747646434494 0.02063978246740401 0.01910455600635439
4 0.4182185714309252 0.33634523417498274 0.019022735389503432 0.01595228246740401
5 0.6945883823085436 0.476789407472347 0.020503414772652384 0.011292056006354478
5 0.7376292702958347 0.5166507483817375 0.017432961850553142 0.014362508928453721
2 0.6972030933483178 0.595457586855496 0.04747501785690744 0.03519320616851011
5 0.827675797488233 0.6376978595836674 0.023628414772652206 0.011346603084255058
5 0.8260002491925164 0.5994575198920928 0.023655688311602675 0.012909103084255236
5 0.8722127759778775 0.547104087262533 0.01740568831160303 0.012800008928453722
7 0.9378474586074376 0.500659735396094 0.017378414772652208 0.01123750892845372
5 0.9114252804421046 0.5378284987887746 0.020503414772652207 0.0112920560063543
7 0.9386480738665572 0.4100483721655692 0.018913641233702094 0.009702282467404188
7 0.946865722810897 0.3419568912402926 0.017432961850553142 0.014362508928453721
5 0.773591864044599 0.33560925406378034 0.020530688311602673 0.012854556006354479
5 0.7209467362068729 0.8012302999238651 0.017323867694751627 0.008112508928453721
5 0.444185007713933 0.4147741972433517 0.018940914772652383 0.01126478246740419
7 0.38713616680454255 0.37203331818451435 0.014253414772652384 0.011182961850553142
3 0.8419639886392096 0.4008018315804902 0.020585235389503253 0.01597955600635448
4 0.8343696769508122 0.3884381992752419 0.022093188311602674 0.012881829545304768
4 0.8633225657488823 0.295773412343611 0.017487508928453722 0.017487508928453722
4 0.885856084823606 0.30240919602883104 0.012690914772652207 0.011155688311602675
3 0.969323149758414 0.26346369846446305 0.0159795560063543 0.02058523538950343
3 0.9112300060890799 0.19106259294457595 0.020585235389503253 0.015979556006354388
3 0.693343076705931 0.19017975162814837 0.020530688311602673 0.012854556006354434
3 0.748030576705931 0.18922517776488648 0.011210235389503432 0.015815914772652383
4 0.9627304561718055 0.4174381323118389 0.017432961850553142 0.014362508928453721
2 0.5879174168045426 0.36852866842939563 0.023655688311602675 0.012909103084255058
2 0.5769623258951521 0.3249832199715232 0.011182961850553142 0.014253414772652384
2 0.5881452877457052 0.31072980519887083 0.018968188311602675 0.0128272824674041
2 0.6009452966741589 0.2933241168872681 0.017351141233702093 0.00967500892845372
2 0.7057828011383858 0.2829030397775953 0.02058523538950343 0.01597955600635448
2 0.6755225568204286 0.3162337370176518 0.017378414772652385 0.01123750892845372
2 0.6555452475676633 0.38687351948505583 0.014362508928453721 0.017432961850553052
3 0.7348936026805133 0.27067972930701406 0.020530688311602673 0.012854556006354479
2 0.8884883867727705 0.46481373864250486 0.020639782467404187 0.019104556006354478
2 0.9148872455390684 0.47372508848034905 0.015843188311602675 0.012772735389503253
2 0.9873253072274657 0.48495686891915835 0.00805796185055314 0.014198867694751626
2 0.9241082869349263 0.4376375840161222 0.014253414772652207 0.011182961850553142