3 0.261684632546042 0.312222670593472 0.024165246071058633 0.016170513867708357
3 0.2937865031003719 0.27940951738309006 0.018133569892376133 0.020712543502986146
3 0.32808872849326604 0.2770469303771178 0.024019696856846816 0.013045513867708358
3 0.1685960661683225 0.4293575788378471 0.016643844499481995 0.02223867591180557
3 0.2872583289886041 0.4750856932948956 0.027144696856846905 0.013118249050069508
3 0.30916971629215706 0.47535779701836783 0.027290246071058632 0.01624324905006951
3 0.27599549730940365 0.50193913402434 0.022675520678164408 0.017696646276527873
3 0.27585210214796785 0.5324442516155207 0.01806079528527036 0.019150043502986235
3 0.46459357857431927 0.6219028758562148 0.028707196856846907 0.013154616641249995
5 0.16724123552257936 0.5513962329981597 0.02401969685684686 0.013045513867708358
5 0.2274402191876411 0.3662023089862151 0.013227746071058633 0.01591594072944442
5 0.23792622476921244 0.6920926617597567 0.017696922249741044 0.011337543502986236
5 0.11656280107172934 0.7394969514630207 0.019186647642635134 0.009811411094166722
4 0.10778496050118876 0.7021606056233333 0.02714469685684686 0.013118249050069508
4 0.20424258353671804 0.7077364987657291 0.02096747146395268 0.014535278685347208
7 0.19969847869815383 0.6773404839480902 0.020749147642635135 0.009847778685347208
5 0.37616474110415066 0.8726679016917706 0.017769696856846907 0.012900043502986236
3 0.504651460086904 0.8438681416237843 0.02543664764263518 0.009956881458888844
3 0.7211647179447869 0.8075448626540966 0.02111302067816432 0.017660278685347208
3 0.6661390777457499 0.9191012649145481 0.022748295285270358 0.01925914627652787
4 0.5941185285315381 0.9176491741088537 0.022457196856846905 0.013009146276527873
5 0.7195572144301302 0.672279509880555 0.020894696856846907 0.012972778685347209
3 0.9103706131062227 0.7726392665300688 0.02387414764263518 0.009920513867708359
3 0.9601457113297582 0.38043227631371446 0.02118579528527036 0.01922277868534721
4 0.9290926104201354 0.3350113267505548 0.014426373035529138 0.008139808320624997
4 0.9758199071531479 0.29716518142395754 0.01598887303552914 0.008176175911805573
3 0.8357814121155466 0.38019849981256876 0.024092471463952592 0.014608013867708358
3 0.9443323126536658 0.2759993494519784 0.015916098428423453 0.006613675911805572
5 0.8242766778313122 0.31789852156406184 0.01925942224974122 0.011373911094166722
3 0.647928193547078 0.2594353241851036 0.025582196856846907 0.013081881458888934
5 0.57863453804656 0.2829468657882287 0.014717471463952591 0.014389808320625086
4 0.7273609824222074 0.25211182703489526 0.01598887303552914 0.008176175911805573
4 0.8288827870131026 0.18170644842579792 0.011738020678164674 0.017442073138263892
7 0.6731380169541108 0.41448584688652723 0.015988873035529316 0.008176175911805573
7 0.5164514851082946 0.6942129805296176 0.01918664764263518 0.009811411094166545
5 0.501085388541898 0.48184026709874955 0.019259422249741042 0.011373911094166545
4 0.4416525765074047 0.4316051841768399 0.01598887303552914 0.008176175911805573
1 0.38983524958571525 0.14187119016076358 0.030633569892376134 0.02100348423243057
1 0.2206615262597357 0.33820459555534704 0.02431079528527027 0.019295513867708357
1 0.21872449875714572 0.44774324971565954 0.022893844499481997 0.02238414627652787
0 0.14601474482820428 0.46507752650114575 0.05988873035529285 0.07943423328249999
1 0.2170229117012618 0.5455449700803818 0.011446922249741042 0.011192073138263935
1 0.250132972288013 0.6519216034391319 0.022748295285270358 0.01925914627652787
1 0.2674510589296122 0.7047011113229165 0.015988873035529316 0.008176175911805573
1 0.10446952356913934 0.8492719949660069 0.02118579528527027 0.01922277868534721
1 0.514127005786459 0.7114732157119787 0.024165246071058633 0.016170513867708357
1 0.5678790903611436 0.5725730634515273 0.027363020678164318 0.017805749050069507
1 0.5037094667064418 0.31988512775607597 0.026018844499482087 0.022456881458888845
1 0.6088678475998539 0.2939746315557981 0.02431079528527036 0.019295513867708357
1 0.6190347520669146 0.17642345564399253 0.024238020678164496 0.01773301386770836
1 0.8077654582293864 0.09773149192878405 0.022821069892376044 0.020821646276527783
1 0.9074744755977818 0.37461934061826313 0.02587329528527036 0.019331881458888932
1 0.7678940529337561 0.5178634603936452 0.034049668320799496 0.027326219414791807
1 0.799488655291121 0.5077429247744438 0.024238020678164496 0.01773301386770836
1 0.917590145985496 0.5918068406182632 0.02431079528527036 0.019295513867708357
1 0.9533436712117744 0.8388993929549645 0.02899829528527036 0.019404616641249817
1 0.7691698784077035 0.8643027025098604 0.027290246071058632 0.01624324905006915
2 0.2857043294028888 0.32417715672576364 0.03255994292790545 0.028852351823611143
2 0.38906692390237085 0.3436700795034372 0.04342466832079968 0.02754442496187508
1 0.5042532380037787 0.5834391346899301 0.011446922249741042 0.011192073138263935
1 0.4258564102535198 0.5962131980445482 0.01762414764263518 0.009775043502986237
1 0.430772888541898 0.48347680870187465 0.01449914764263518 0.009702308320624908
1 0.4420357202210985 0.4566233679724302 0.011446922249740865 0.011192073138263935
1 0.45473692741702754 0.47744436103857596 0.009666098428423453 0.006468205547083272
1 0.3478897679875681 0.5174719086256248 0.011301373035529316 0.008067073138263936
2 0.6422497359368642 0.38939558111895783 0.029216619106587773 0.024092116641250085
1 0.677718393299409 0.16019773717913138 0.00817637303552914 0.007994337955902786
1 0.6544885626536658 0.28274553761597165 0.00824914764263518 0.009556837955902786
1 0.6223459966902312 0.24751720564399254 0.011301373035529316 0.008067073138263936
1 0.7061923037623257 0.21741017192465223 0.009738873035529316 0.008030705547083272
1 0.672859842842343 0.6100165524336105 0.009738873035529139 0.008030705547083272
1 0.6846342508240604 0.6277307292953467 0.012863873035529317 0.0081034407294446
1 0.8942703083104396 0.44375120032565896 0.00981164764263518 0.009593205547083272
1 0.9070122109154735 0.532613678574166 0.009738873035529139 0.008030705547083272
1 0.8325194791124385 0.5116667053596521 0.009738873035529139 0.008030705547083272
1 0.8986025514860142 0.5703500679168396 0.009738873035529139 0.008030705547083272
2 0.9106187462759465 0.3917522892314923 0.024238020678164673 0.01773301386770836
1 0.8225173945377542 0.649548565067048 0.008249147642634824 0.009556837955902786
2 0.7518602921803892 0.6605782904657633 0.02943494292790554 0.028779616641249995
2 0.9830287855653606 0.23364754208128388 0.02601884449948173 0.022456881458888845
2 0.5479089228689136 0.244557166225069 0.02743579528527036 0.019368249050069508
2 0.5410938426374552 0.21577820279420096 0.02743579528527036 0.019368249050069508
1 0.40227563088890295 0.9127292040284718 0.02118579528527036 0.01922277868534721
1 0.3673719379609975 0.885386107238854 0.028925520678164496 0.017842116641249815
3 0.4659249462331651 0.7008636772429858 0.02721747146395277 0.014680749050069507
1 0.6201391796933391 0.11617628666604114 0.025946069892376043 0.020894381458888934
1 0.9563892028527029 0.16544305594899225 0.026018844499482087 0.022456881458888932
1 0.12069599110415066 0.8786140028497915 0.02431079528527027 0.019295513867708537
1 0.79357487303102 0.9349054900289229 0.02431079528527036 0.019295513867708537
1 0.9554348641396799 0.8670062091593742 0.027290246071058632 0.01624324905006951
3 0.28909050268608716 0.43046352431694423 0.024019696856846906 0.013045513867708358