4 0.6315379089535493 0.45234375 0.023510222872636887 0.0125
4 0.6081958577238853 0.46875 0.023501132513557364 0.0109375
4 0.6048935957218328 0.43828125 0.023528403590796287 0.015625
5 0.39159066158582795 0.703125 0.01728749394987581 0.0171875
2 0.39551755396013855 0.16953125 0.014126132513557366 0.0109375
2 0.44640840914994107 0.32265625 0.017251132513557366 0.0109375
2 0.4352572857115701 0.2859375 0.020385222872636888 0.0125
2 0.3872697584860111 0.36328125 0.018822722872636886 0.0125
2 0.3238067013044188 0.33203125 0.017242042154477666 0.009375
2 0.20727773145684392 0.3109375 0.023510222872636977 0.0125
4 0.2590629452542945 0.34921875 0.014126132513557366 0.0109375
2 0.30457997833358597 0.384375 0.017251132513557366 0.0109375
2 0.37347996925839966 0.41015625 0.0235284035907962 0.015625
2 0.3809475564942213 0.48515625 0.015688632513557364 0.0109375
2 0.27864016793053975 0.49140625 0.014126132513557366 0.0109375
2 0.2500020835233885 0.5375 0.017242042154477666 0.009375
2 0.5383464451560986 0.4140625 0.020385222872636888 0.0125
2 0.5800930627407372 0.33828125 0.017251132513557366 0.0109375
2 0.6409623850476401 0.3265625 0.018804542154477667 0.009375
2 0.7035810805965224 0.48125 0.017242042154477843 0.009375
2 0.7076782281371943 0.5140625 0.014144313231716587 0.0140625