7 0.4692129805296176 0.5115778679640937 0.01740570554708327 0.010376057878390198
7 0.46744849914697867 0.6209983705949295 0.012754573138263937 0.011665542093374804
7 0.39928038060586757 0.5919941390813681 0.01740570554708336 0.010376057878390377
7 0.5229542699485412 0.5890273047534442 0.014317073138263936 0.01175654735504672
5 0.44121396067798563 0.5717495285156722 0.01606141109416672 0.01966005261671846
5 0.46464754141569375 0.7749501232257654 0.01755117591180557 0.016626057878390377
5 0.392264048349548 0.7589996285580245 0.020567073138263937 0.012120568401734033
7 0.7790627188461109 0.4083666518826119 0.015952308320624907 0.01497255261671846
7 0.7397807068782635 0.48274502560248755 0.020603440729444422 0.013683068401734033
7 0.6222139600123956 0.35776887045375516 0.02053070554708327 0.010558068401734034
5 0.6762293127859372 0.35622105198143394 0.022093205547083272 0.01064907366340595
5 0.6556083414712844 0.334679980948864 0.02053070554708327 0.010558068401734034
5 0.6969957544653123 0.37151212301400394 0.009738675911805572 0.016171031570031146
7 0.739111825703715 0.309815759817472 0.01755117591180557 0.016626057878390377
5 0.32798922169590244 0.46189013915195537 0.02387391109416672 0.020115078925077867
5 0.3171796614754164 0.42214509968941644 0.017478440729444423 0.013501057878390376
5 0.28353136008864543 0.4225322365634717 0.023692073138263936 0.012302578925077867
5 0.3044263947579164 0.3650760523343698 0.01755117591180557 0.016626057878390377
5 0.3528820785535067 0.3671159654461971 0.022093205547083272 0.01064907366340595
5 0.29023726139916645 0.33608650234848725 0.020603440729444422 0.013683068401734033
5 0.36439819396048573 0.5109492654320797 0.02223867591180557 0.01689907366340595
5 0.22840548936333288 0.5390148102974648 0.01602504350298615 0.01809755261671846
5 0.3591261996600689 0.6702332601704079 0.017442073138263937 0.011938557878390377
5 0.6001733462209371 0.46444380468285706 0.022129573138263935 0.012211573663405773
7 0.6870739341768399 0.4616820967056447 0.015879573138263936 0.01184755261671846
7 0.6402898531547914 0.45504568885548924 0.008067073138263936 0.01139252630835923
7 0.4893111942448261 0.3203004205808121 0.0206034407294446 0.013683068401734033
5 0.5061532021286108 0.33614522845920247 0.017442073138263937 0.011938557878390377
5 0.4202507632990275 0.39685594432892257 0.01755117591180557 0.016626057878390377
7 0.10467900826503436 0.4434076367328809 0.017478440729444468 0.013501057878390376
5 0.32360823337940925 0.5828928838902835 0.01591594072944442 0.01341005261671846
5 0.277243686076701 0.49100922077845616 0.019150043502986148 0.018279563140062294
5 0.7892507639646176 0.6428704544993304 0.01755117591180557 0.016626057878390377
2 0.7025515041809718 0.5697599072148709 0.04771145459715278 0.03866765785015556
7 0.53891115074184 0.3404000889543113 0.01591594072944442 0.01341005261671846
7 0.7437408550546524 0.514268041387503 0.011192073138263935 0.011574536831702887
7 0.7630909203091315 0.48957885452756533 0.011192073138263935 0.011574536831702887
2 0.7907801624253469 0.47632769660682267 0.017478440729444423 0.013501057878390376
7 0.6008961255718746 0.6686685730987085 0.014244337955902787 0.008631547355046721
7 0.6440830811189577 0.6617962177946843 0.011155705547083273 0.010012036831702886
7 0.6123473443210761 0.41195584151456 0.012681837955902785 0.008540542093374803
7 0.664366398841979 0.29451000725722326 0.015806837955902785 0.008722552616718459