2 0.2640625 0.34921875 0.0234375 0.03046875
2 0.28203125 0.27734375 0.02109375 0.02265625
2 0.23828125 0.28828125 0.009375 0.02421875
2 0.384375 0.24140625 0.02109375 0.02109375
0 0.45546875 0.24609375 0.04140625 0.034375
0 0.58046875 0.18203125 0.04375 0.0546875
0 0.6640625 0.0421875 0.0234375 0.07890625
2 0.6578125 0.14921875 0.0140625 0.025
2 0.70703125 0.23359375 0.0203125 0.0203125
2 0.7171875 0.25625 0.01953125 0.0171875
0 0.78828125 0.3296875 0.03984375 0.05078125
0 0.6 0.378125 0.06015625 0.05390625
0 0.3109375 0.47109375 0.04453125 0.053125
3 0.25625 0.44375 0.01484375 0.015625
0 0.1171875 0.51796875 0.0390625 0.05625
0 0.12734375 0.58984375 0.04921875 0.04453125
3 0.3609375 0.3546875 0.01328125 0.0140625
3 0.49140625 0.4265625 0.00703125 0.0203125
2 0.40703125 0.3875 0.02109375 0.01796875
2 0.709375 0.3890625 0.01875 0.02578125
3 0.7125 0.3390625 0.00390625 0.0234375
3 0.72421875 0.3375 0.01484375 0.0140625
3 0.828125 0.4328125 0.0046875 0.01953125
2 0.5984375 0.6171875 0.02109375 0.028125
2 0.6015625 0.7 0.0109375 0.0234375
2 0.53984375 0.65078125 0.01796875 0.025
2 0.51875 0.6609375 0.01328125 0.01640625
1 0.6734375 0.68125 0.015625 0.01875
0 0.64375 0.72109375 0.0484375 0.034375
1 0.51171875 0.91015625 0.0234375 0.021875
2 0.4296875 0.79453125 0.02421875 0.03046875
2 0.40703125 0.7515625 0.0171875 0.0203125
2 0.2796875 0.55390625 0.01015625 0.0234375
3 0.16796875 0.25546875 0.01015625 0.01953125
3 0.1953125 0.14296875 0.0109375 0.0125
2 0.75546875 0.5171875 0.01484375 0.01484375
2 0.69609375 0.5453125 0.0109375 0.0140625
3 0.6359375 0.77109375 0.0125 0.01640625
0 0.675 0.971875 0.03671875 0.03515625
0 0.5171875 0.8171875 0.0421875 0.0484375
0 0.528125 0.421875 0.01875 0.025
2 0.63984375 0.3 0.0140625 0.025
2 0.71484375 0.30234375 0.01015625 0.01796875
2 0.45234375 0.39140625 0.01640625 0.01640625
2 0.6734375 0.6046875 0.00859375 0.02578125
2 0.56171875 0.82734375 0.01484375 0.0140625
2 0.63984375 0.68359375 0.01640625 0.01875
2 0.66015625 0.65859375 0.00859375 0.01328125
2 0.28125 0.81640625 0.01328125 0.02734375
2 0.15390625 0.64296875 0.01640625 0.0125
3 0.1078125 0.70078125 0.00703125 0.02109375
3 0.08125 0.75390625 0.01171875 0.01953125
2 0.33828125 0.9203125 0.01484375 0.01484375
2 0.1296875 0.84140625 0.0140625 0.01640625
2 0.39765625 0.528125 0.01171875 0.01796875
2 0.31640625 0.04375 0.02421875 0.0171875
2 0.4265625 0.05546875 0.02265625 0.02109375
2 0.5546875 0.075 0.01796875 0.0171875
0 0.9015625 0.93359375 0.025 0.0703125
3 0.9078125 0.8265625 0.0125 0.015625
3 0.90703125 0.8703125 0.00546875 0.021875
2 0.78671875 0.0515625 0.01796875 0.01484375