5 0.2246551660489972 0.5667744983844794 0.01471747146395277 0.014389808320624909
5 0.24172488792723462 0.7040387622521876 0.019332196856846905 0.012936411094166544
5 0.3901452713018462 0.6910692496187504 0.016571069892376222 0.020676175911805574
5 0.4258965266785296 0.7630721893982643 0.013300520678164318 0.017478440729444423
5 0.476765513858248 0.8127461874984032 0.014863020678164317 0.01751480832062491
5 0.49122396609177843 0.8717399810013895 0.010175520678164319 0.01740570554708327
5 0.3699825128247908 0.9056766102760768 0.014644696856846906 0.012827308320625263
5 0.3301387628247908 0.9047492367009724 0.013300520678164496 0.0174784407294446
5 0.5969111557099149 0.5840419188810422 0.010248295285270359 0.018968205547083273
5 0.6206653711780117 0.7457067707046534 0.01449914764263518 0.009702308320624908
5 0.6762989410703877 0.7266671363959729 0.011956344499482085 0.022129573138263935
5 0.5870181172490703 0.7292816836986811 0.010175520678164319 0.01740570554708327
5 0.7939745543860074 0.4838276325962507 0.011738020678164318 0.017442073138263937
5 0.797352111458102 0.5120617353697924 0.016207196856846906 0.012863675911805572
5 0.4510121507475162 0.6604199680836116 0.010102746071058632 0.015843205547083274
5 0.3745310415657258 0.522554985751042 0.02296661910658786 0.023946646276527872