5 0.5662098725732315 0.6749161602411453 0.015843176002545433 0.019113675911805572
7 0.5703706612428678 0.652950241263194 0.017296588001272716 0.009775043502986237
7 0.6029751705920035 0.5358166394395829 0.01887726933481808 0.011373911094166545
3 0.6362882046069573 0.4249148538203814 0.026798857336090796 0.02093074905006951
3 0.6554921906031392 0.4525852589306245 0.026780676002545432 0.019368249050069508
5 0.7144228426161842 0.35514590805694385 0.023564769334818082 0.011483013867708359
7 0.7559649052753208 0.40963273309506876 0.017296588001272716 0.009775043502986237
3 0.5963273706238201 0.30165984498666615 0.020548857336090798 0.020785278685347207
5 0.49546375728041153 0.37820612082222177 0.014298857336090797 0.020639808320625085
5 0.4715717239417755 0.4178141346899301 0.023582950668363623 0.013045513867708358
5 0.4734154872692756 0.4607283333031593 0.023601132001908987 0.014608013867708358
4 0.42547742659932125 0.4860562948341663 0.012699994668999893 0.017478440729444423
4 0.604075688613957 0.3741160732351731 0.017351132001908985 0.014462543502986147
2 0.6354984112826387 0.35854497141156194 0.018986357336090796 0.02074891109416672
2 0.651441584619684 0.3308375454997564 0.029978401336727245 0.025690984232430568
2 0.46339450258595827 0.5835846050546524 0.031577264003817974 0.028852351823611143
2 0.4467797145926397 0.5347658985576385 0.01893181333545435 0.01606141109416672
4 0.5206450232734119 0.4291685555677426 0.020603401336727067 0.025472778685347208
7 0.5150955519573657 0.30198845972805516 0.01424431333545435 0.015952308320625087
3 0.4246710939688196 0.21974096381211766 0.026726132001908987 0.014680749050069507