4 0.45110419576422256 0.13144107060933488 0.024255853919208193 0.02908000494291585
4 0.5918104491294349 0.31064445646515926 0.01786946159934022 0.024137836958138335
4 0.6737651427820864 0.2831150226630509 0.02581835391920819 0.029143671939110227
5 0.5120942053976411 0.36851530627487883 0.012909176959604095 0.014571835969555113
1 0.36222223753009464 0.3434091714076376 0.021085389812585655 0.027390170950527093
2 0.2364229524946472 0.510062113612703 0.019477425705962937 0.025764003954332714
2 0.19876617663039972 0.5974321210270768 0.01143760517284953 0.017633168973360824
2 0.5363524078257813 0.4198085508376714 0.01474446159934022 0.02401050296574958
2 0.5137463189502678 0.5799157212939069 0.043142246239076344 0.03453150889724856
2 0.4617124575092121 0.5445803991645162 0.01800585391920819 0.028825336958138336
2 0.5384029896416658 0.5102425498490882 0.028716033386094787 0.021458505931499162
2 0.7066194437191585 0.41443134825248273 0.013091033386094963 0.020821835969555023
2 0.7452500347062431 0.42768342334762294 0.01300010517284953 0.017696835969555024
2 0.7815368756933276 0.4410309989370547 0.016216033386094963 0.02094916996194396
2 0.7617986887045936 0.3684848368837762 0.016170569279472247 0.019386669961943957
2 0.7217336298499627 0.3240782622829276 0.0193864974927175 0.022639003954332715
2 0.4595040659807669 0.24502606813787695 0.016306961599340218 0.024074169961943958
2 0.4606309937983008 0.39402198365119656 0.020721676959604095 0.014890170950527092
2 0.29172186942512146 0.4063667692401909 0.016170569279472247 0.01938666996194378
2 0.3840982713784079 0.637480164981847 0.014835389812585652 0.02713550296574958
2 0.377052649512511 0.6650785829666246 0.029125210345699058 0.035521005931499164
2 0.4881038097790677 0.6566519762368228 0.016216033386094963 0.02094916996194396
4 0.3976797350893192 0.7875292445256115 0.017642141066226812 0.016325336958138335
2 0.6835276215366924 0.5644141022068154 0.02287521034569906 0.035266337946721474
4 0.653201275535043 0.5071255256288005 0.009829641066226812 0.016007001977166268