4 0.779317256933887 0.6281176648677588 0.025063632513557366 0.011810519237293704
4 0.7902643681738137 0.49253482893290934 0.031386355386194255 0.02452877404661713
7 0.7375842748878678 0.5485194449048256 0.018822722872636886 0.013154764427970278
5 0.6771109040817755 0.33230167866275684 0.018813632513557367 0.011592264427970279
5 0.6110869700439665 0.12995543946253005 0.015679542154477664 0.009920637023308565
2 0.6026148981298471 0.3773661528020412 0.05489657825883114 0.037847229581579975
4 0.6209512867917246 0.4491146672300115 0.015679542154477845 0.009920637023308565
5 0.6556206817001179 0.6683383823836211 0.020357951795397965 0.008521828130301046
5 0.5947281126146688 0.7928001798438833 0.00947499394987581 0.017514882213985138
4 0.6444150161072691 0.7140501864673052 0.02979658430895533 0.019786710344286362
4 0.5525143832991242 0.5272098961786192 0.018804542154477844 0.010029764427970277
5 0.4098370456705192 0.3378150355641805 0.021929542154477843 0.010138891832631992
5 0.35901787159165927 0.745498560791924 0.01571590359079611 0.016170637023308565
1 0.32168306069763375 0.31285718638248716 0.02040340359079611 0.016334328130301133
2 0.3569069675098838 0.4367684015360968 0.03136817466803503 0.02140377404661713
1 0.4012791362259905 0.4656672170525263 0.009411361436318443 0.006577382213985139
1 0.37467118443059244 0.4725521341129017 0.009411361436318443 0.006577382213985139
1 0.3504933410464507 0.4646751467267734 0.010973861436318445 0.006631945916316084
1 0.36447402781473415 0.4792287200477511 0.009411361436318443 0.006577382213985139
1 0.5396149283804682 0.46112110470880696 0.009420451795397966 0.00813988221398514
1 0.5039001421779188 0.42158488955519735 0.009411361436318443 0.006577382213985139
1 0.4885705788480064 0.37025800253188873 0.009429542154477666 0.00970238221398514
1 0.4723370456705192 0.3399975836574147 0.0063045421544778435 0.009593254809323427
1 0.5852410457687149 0.4087972020764018 0.009438632513557366 0.011264882213985139
1 0.5806484736582039 0.5266295428205747 0.012527271077238921 0.005124009618646852
1 0.6324286213952676 0.6253324268486583 0.012536361436318444 0.006686509618646852
1 0.6184888412428424 0.6037476035276806 0.009420451795397966 0.00813988221398514
1 0.5863030551384889 0.6291915476298982 0.012536361436318444 0.006686509618646852
1 0.5956098774453917 0.6412376798438832 0.009429542154477666 0.00970238221398514
1 0.6388422478587007 0.5974256816579817 0.007867042154477666 0.009647818511654194
1 0.6605536213952676 0.6263145734906137 0.007848861436318444 0.0065228185116541935
1 0.734499660622879 0.6757813493513294 0.009420451795397966 0.00813988221398514
1 0.4521502480550924 0.7206201010806099 0.010973861436318445 0.006631945916316084
1 0.436438889643836 0.7349182140573014 0.012536361436318444 0.006686509618646852
1 0.45596559446429624 0.7363815103364371 0.015661361436318445 0.006795637023308565
1 0.42603265476914653 0.7775322999921508 0.012536361436318444 0.006686509618646852
1 0.46118890476914653 0.7787599832945951 0.009411361436318443 0.006577382213985139
1 0.730070714975801 0.7654886900955022 0.015661361436318445 0.0067956370233083875
2 0.7568377480550923 0.7312600230351267 0.02200226502711473 0.022638891832631992
2 0.7479359676080797 0.5152803589699761 0.02981476502711473 0.02291171034428636
2 0.7143518288480064 0.3781424575186974 0.037618174668035034 0.021622028855940556
2 0.787185861730906 0.2158086378259168 0.02824317466803521 0.021294646641955416
2 0.45867452147002236 0.270756510336437 0.03134999394987581 0.01827877404661713
2 0.4952740550402931 0.561155821043543 0.026717036104353654 0.02749008293962447