3 0.2146420450177155 0.6185430393482648 0.016389003954332716 0.01956887155129756
4 0.27854408304098666 0.40750704206179833 0.03383117193911023 0.026719630257724704
4 0.5844903355124446 0.4352347308896648 0.014635502965749581 0.014799484396167805
7 0.8792749590109793 0.2464333389848367 0.019386669961944138 0.016607645861557073
5 0.9278092539915137 0.4618027114406454 0.014444501977166268 0.010111984396167627
5 0.8781023671471061 0.6003019674335391 0.022575336958138337 0.018333920171816585
7 0.7700736443331435 0.7232713986866321 0.017633168973360824 0.011838258706427318
4 0.7084185613293379 0.7215993560590069 0.02439250494291585 0.024665807326946166
4 0.5621709610253267 0.6336379313646348 0.02582767095052709 0.0216226944820761
4 0.5358485415576744 0.6190055433049937 0.02595500494291585 0.0247476944820761
2 0.5372479209877081 0.4428934226582074 0.025700336958138337 0.0184976944820761
2 0.44221394669087066 0.5595276447299031 0.02582767095052709 0.0216226944820761
2 0.8524935776037793 0.411860265149547 0.017951503954332537 0.019650758706427317
2 0.778888934333581 0.5187034073930594 0.030706171939110228 0.02655585594746519
2 0.7054341882879137 0.5335637675243963 0.024137836958138335 0.018415807326946164