0 0.5715925510055213 0.4307549394095874 0.03975348423243048 0.030142033338636055
3 0.9354342326169099 0.29127755279276696 0.0112284407294446 0.012627269334818081
4 0.8779107137152085 0.20235086545190364 0.015843205547083274 0.00955681333545444
4 0.9209528521079516 0.23956051145763063 0.009593205547083272 0.009484088001272716
4 0.9350699034947224 0.24206789345953963 0.014171602773541635 0.004851132001908986
4 0.9142307266329863 0.2527599454566761 0.015879573138263936 0.011119313335454439
4 0.9090347335668405 0.26441506078926713 0.0126454703647223 0.006395450668363623
4 0.91668423261691 0.2910593767902216 0.0126454703647223 0.006395450668363623
4 0.9147762405006947 0.2761974454566761 0.012572735182361327 0.0032704506683635336
4 0.9623967761198962 0.30877413546303945 0.009593205547083272 0.009484088001272716
4 0.9046212969214587 0.3432485854550853 0.018968205547083273 0.009593176002545344
7 0.9643054214464932 0.35722072612981226 0.014207970364721944 0.006413632001908987
4 0.9043297029816323 0.29716392612185805 0.01569773518236133 0.0033068133354544394
4 0.8620506307932988 0.25918212078290376 0.0157704703647223 0.006431813335454439
4 0.8375773076550349 0.24796281011294932 0.0126454703647223 0.006395450668363623
4 0.9284763710096531 0.32790539612503966 0.0095204703647223 0.006359088001272717
4 0.9400860182361115 0.32335425612663055 0.006395470364721945 0.006322725334181811
2 0.814339176196146 0.22269918077654038 0.015806837955902608 0.00799431333545444
4 0.8128844725489237 0.1601991807765404 0.009593205547083272 0.009484088001272673
4 0.8026756307932988 0.2584912301081769 0.012609102773541636 0.004832950668363534
3 0.7679726692622918 0.21044408143694976 0.012718205547083273 0.009520450668363623
4 0.7672453174386806 0.1791940814369498 0.0126454703647223 0.006395450668363533
4 0.7643196859797918 0.1541668094366316 0.0095204703647223 0.006359088001272673
7 0.7499318372903127 0.2406946554344044 0.006504573138263936 0.011010225334181811
4 0.7802375863403821 0.2676026007717679 0.0095204703647223 0.006359088001272717
2 0.7778542026972918 0.09808953210531333 0.0220204703647223 0.006504538669636228
2 0.7236037670018404 0.14978784476445006 0.01591594072944442 0.012681813335454439
4 0.7508384142282987 0.14541851810149534 0.012572735182360972 0.0032704506683635783
4 0.7416452521842014 0.15312193010022268 0.012572735182360972 0.0032704506683635336
4 0.760485517951771 0.12366169676954072 0.009702308320624908 0.014171588001272672
2 0.716154289703264 0.13173727876349556 0.009484102773541636 0.004796588001272672
3 0.6926258707253126 0.12755830876031388 0.0188954703647223 0.006468176002545345
2 0.7276184665650002 0.12093613876508638 0.009593205547083272 0.009484088001272673
2 0.6951521118915973 0.16898274009385933 0.0095204703647223 0.006359088001272673
2 0.6927544637152085 0.2001963774267684 0.006431837955902786 0.007885225334181812
2 0.7153925299196182 0.1996787567631774 0.011155705547083273 0.00950226933481808
3 0.6840334271460765 0.1946276300922685 0.009738675911805572 0.015734088001272673
7 0.6899918332062501 0.14861569609322298 0.0095204703647223 0.006359088001272673
4 0.7542387840036808 0.29151226810149533 0.020639808320624908 0.014298857336090797
2 0.9282042672861808 0.349771305458267 0.009484102773541636 0.004796588001272717
2 0.9304577515186114 0.37947698679181247 0.0095204703647223 0.006359088001272717
3 0.8897963839274308 0.37744177211963087 0.012645470364721944 0.006395450668363533
2 0.8868343848773614 0.3508520001193127 0.012718205547083273 0.009520450668363623
2 0.8711730172861809 0.3491076867838583 0.009593205547083272 0.009484088001272716
2 0.9961421489356945 0.3209110561345847 0.007715702128610858 0.006395450668363623
2 0.9997850605048265 0.33190310013522106 0.00042987899034692135 0.006340906667727175
2 0.9929012405006947 0.2771065121339483 0.009556837955902609 0.007921588001272717
4 0.9762241931979864 0.36595083613140306 0.015734102773541637 0.0048693133354544395
2 0.9805668542921531 0.3847462894652667 0.011119337955902609 0.00793976933481808
2 0.9387612139995489 0.40066164345953964 0.015879573138263936 0.011119313335454527
2 0.9749169195466323 0.41045481413108487 0.0095204703647223 0.006359088001272717
4 0.9478277426848962 0.4210741407940396 0.0063954703647222996 0.006322725334181811
2 0.9587645894745143 0.3876167507956304 0.0126454703647223 0.006395450668363533
4 0.9604368454584378 0.42590709146240313 0.0096659407294446 0.012609088001272539
3 0.9283335134864587 0.45599403345794887 0.012718205547083273 0.009520450668363623
3 0.9686143277910073 0.5087923167965849 0.0159159407294446 0.01268181333545435
2 0.9758813139232991 0.4854457234643121 0.015770470364721945 0.006431813335454351
2 0.9518450550895838 0.5265610721275851 0.015843205547083274 0.009556813335454351
2 0.956805312023438 0.5383343661282213 0.012609102773541636 0.004832950668363622
3 0.9237739532659726 0.49499289879053976 0.009738675911805572 0.01573408800127272
4 0.8774619977188893 0.48508154945094917 0.015843205547083274 0.009556813335454351
3 0.8486271764804865 0.42070087611390383 0.018895470364721945 0.0064681760025454334
2 0.8578196853142017 0.3794128047819492 0.009520470364721945 0.006359088001272717
2 0.8686669195466322 0.4092184834499946 0.0079579703647223 0.006340906667727353
2 0.8855459482319794 0.42972188745222184 0.008030705547083272 0.009465906667727175
2 0.9082385658231601 0.43154801678863075 0.0173329703647223 0.0064499946689998925
7 0.8805499769173266 0.4499707527848127 0.009520470364721945 0.006359088001272539
4 0.8968114097629865 0.4774963161202672 0.014280705547083272 0.009538632001908987
4 0.8968847981557296 0.5142059754534944 0.011046602773541636 0.004814769334818081
4 0.9334769147969796 0.5427491461250398 0.01569773518236097 0.0033068133354543505
4 0.9334217101998267 0.5068207367918124 0.012681837955902608 0.007957950668363623
1 0.8924336874984032 0.5243076814528582 0.0110829703647223 0.006377269334818081
3 0.8753020453059379 0.5936207554503128 0.009775043502986237 0.01729658800127254
3 0.9009384781515977 0.6212554067870399 0.009775043502985881 0.017296588001272716
4 0.9152906124602783 0.5667497201224944 0.009556837955902609 0.00792158800127254
4 0.9339860610735073 0.5646241461250396 0.011010235182361328 0.0032522693348180807
4 0.9645827508530214 0.6040320914624031 0.01569773518236133 0.0033068133354543505
2 0.9962902321419447 0.6051860588000848 0.007419535716110559 0.012590906667727175
4 0.9413628031897228 0.5795497121259942 0.012718205547083273 0.009520450668363623
2 0.926030050339931 0.6590372174569943 0.0173329703647223 0.0064499946689998925
2 0.9295908082237159 0.644238920790858 0.0142079703647223 0.0064136320019091645
4 0.8657094929692366 0.6177213267822674 0.025400043502986237 0.017478401336727244
4 0.8815163309251393 0.6257156401177218 0.011119337955902609 0.00793976933481808
4 0.9526841225282645 0.6968372094604941 0.009593205547083272 0.00948408800127254
4 0.9445975591736463 0.6178582341263124 0.012718205547083273 0.009520450668363623
2 0.9198352549370838 0.6948929014560399 0.019113675911805572 0.015843176002545433
2 0.9141489526003828 0.719038926121858 0.015806837955902608 0.007994313335454351
4 0.9198729289490284 0.7636247201224944 0.015734102773541637 0.00486931333545435
2 0.9212724279990979 0.7901963107892671 0.011192073138263935 0.011064769334818082
2 0.9347368223757645 0.865332670790858 0.012790940729444599 0.012645450668363622
2 0.8847731899669451 0.8663133681174037 0.0126454703647223 0.006395450668363623
3 0.8301227107685076 0.9008241807765405 0.0096659407294446 0.012609088001272539
7 0.8274120188047924 0.7172486121100858 0.012718205547083273 0.009520450668363623
2 0.871597123478195 0.6693383707829037 0.012790940729444599 0.012645450668363622
2 0.7944027631052091 0.8761963507717679 0.0159159407294446 0.01268181333545435
2 0.7851712738387853 0.7815832847708133 0.012936411094166544 0.018895450668363623
2 0.7730524803357992 0.7642594247692225 0.0188954703647223 0.0064681760025454334
3 0.8002494535503131 0.6911582794398132 0.0096659407294446 0.012609088001272539
3 0.8168381947165978 0.7327463427752677 0.0204579703647223 0.0064863573360907974
3 0.6866974062476048 0.7788753607574505 0.025181837955902786 0.008103401336727245
2 0.7310286344961117 0.7707997787634955 0.015843205547083274 0.009556813335454351
5 0.7888573586605562 0.6714997601049951 0.018968205547083273 0.009593176002545434
4 0.8162913744281255 0.6421395241088131 0.0157704703647223 0.006431813335454351
2 0.8269392401194452 0.6969361121100859 0.012790940729444599 0.012645450668363622
4 0.8043005207046534 0.6638690734404497 0.012609102773541636 0.004832950668363622
4 0.8485778507767714 0.687034400779722 0.0126454703647223 0.006395450668363623
4 0.8220893923798964 0.757019636775904 0.01740570554708327 0.009574994668999892
4 0.7188630220358335 0.2145588694302683 0.012790940729444422 0.012645450668363622
4 0.734198387727153 0.2694100014321773 0.01569773518236115 0.0033068133354544394
4 0.739667790937535 0.3030582954328136 0.012718205547083273 0.009520450668363534
4 0.7705729520317016 0.3221628314369498 0.015879573138263936 0.011119313335454439
4 0.7557298552420836 0.3555747681014953 0.012718205547083273 0.009520450668363623
4 0.7660679431979863 0.3635054467695407 0.0095204703647223 0.006359088001272717
2 0.7928850163362503 0.37475202943981334 0.011373911094166545 0.01887726933481808
2 0.8266424204965628 0.3821741781110403 0.022311411094166546 0.01900453866963616
2 0.7944488227570143 0.44193952943981324 0.011264808320625087 0.014189769334818081
2 0.804258927430417 0.3936292987746314 0.009593205547083272 0.009484088001272628
4 0.7765508483082295 0.3441014661043588 0.008030705547083272 0.009465906667727264
4 0.7743006301277087 0.48231908143694985 0.006540940729444422 0.01257272533418181
2 0.7967568583762157 0.4739889607733588 0.012572735182360972 0.0032704506683636225
2 0.8372545718070837 0.4689929254455403 0.011155705547083273 0.00950226933481808
2 0.8564403296908685 0.4543764421148584 0.0095204703647223 0.006359088001272539
2 0.9186688791777783 0.5105542641231307 0.012645470364721944 0.006395450668363623
2 0.8451242360353823 0.6057662194461766 0.009520470364721945 0.006359088001272717
4 0.8874558999793407 0.5453377967854491 0.0110829703647223 0.006377269334818081
4 0.8588756518792018 0.49189462344840373 0.0095204703647223 0.006359088001272539
4 0.8724848634102088 0.5396963241167674 0.004869337955902608 0.007867044000636269
2 0.8650172023160421 0.5208645081158128 0.015843205547083274 0.009556813335454351
4 0.8063331865484727 0.5498611174410859 0.015843205547083274 0.009556813335454351
4 0.8128552902719448 0.5280679334420404 0.011010235182361328 0.0032522693348180807
4 0.8206859740675352 0.5289400901097677 0.007885235182361328 0.0032159066677273527
4 0.824900695382188 0.508682134110404 0.009447735182361328 0.0032340880012725393
7 0.8117305077868755 0.6139690707749497 0.0063954703647222996 0.006322725334181811
2 0.8012287656706603 0.5990071421069041 0.023764808320624907 0.014335220003181704
2 0.7989038526766326 0.6333457794398132 0.012718205547083273 0.009520450668363623
2 0.7868571411456255 0.5855622601049951 0.0142079703647223 0.006413632001908987
4 0.769578722167674 0.5814560154359952 0.006468205547083272 0.009447725334181811
3 0.6589555723757646 0.8621236654200869 0.009702308320624908 0.01417158800127254
2 0.6664212738387854 0.7802015034213596 0.0143534407294446 0.012663632001909165
2 0.6597355159550007 0.7949634374204051 0.01606141109416672 0.01893181333545435
4 0.8005955988769105 0.7395866887730406 0.009484102773541636 0.004796588001272717
4 0.7430506301277087 0.48195545476604096 0.012609102773541636 0.004832950668363622
4 0.7219347770698267 0.2794208007638137 0.0126454703647223 0.006395450668363533
4 0.7175739321800696 0.2598440974299501 0.015843205547083274 0.00955681333545444
4 0.7154302039315628 0.2684105754296319 0.011010235182360972 0.0032522693348180807
2 0.7224608007211808 0.23490773209735916 0.015843205547083274 0.00955681333545444
4 0.7094899816669795 0.31520375942867745 0.009593205547083272 0.009484088001272716
4 0.7307298552420837 0.35528386676476825 0.012609102773541636 0.004832950668363622
4 0.7446468848773614 0.3491974987666772 0.0095204703647223 0.006359088001272717
2 0.7391969718833337 0.3834997734324954 0.0126454703647223 0.006395450668363623
2 0.7201923987450698 0.37234409742995006 0.009484102773541636 0.004796588001272717
3 0.7332197288171878 0.3951457980983136 0.0220204703647223 0.006504538669636251
2 0.7460470371378128 0.40935374876667724 0.02536367591180557 0.015915901336727066
4 0.7317858218070837 0.4677656854312227 0.0126454703647223 0.006395450668363623
4 0.7539692931217366 0.4477168147676317 0.012609102773541636 0.004832950668363622
2 0.7821865185204518 0.5191196474379043 0.0110829703647223 0.006377269334818081
4 0.755696100492431 0.4883509054344044 0.009593205547083272 0.00948408800127254
2 0.7144009128971185 0.593310578095132 0.012863675911805572 0.015770450668363623
4 0.7260657647207297 0.6246878474299502 0.01257273518236115 0.0032704506683636225
3 0.7167102549370838 0.692529328095132 0.018968205547083273 0.009593176002545256
4 0.7576067054501742 0.637551474100859 0.006468205547083272 0.009447725334181811
4 0.7402562045002437 0.6639048887650864 0.0126454703647223 0.006395450668363623
4 0.7165459475663895 0.6519134187619047 0.01726023518236115 0.0033249946689998923
4 0.7014833388089241 0.6087810367599957 0.009593205547083272 0.00948408800127254
3 0.675882620344063 0.5491242260900413 0.012790940729444422 0.012645450668363622
2 0.6623643277910074 0.5052287754216778 0.011119337955902786 0.00793976933481808
2 0.6669070106366671 0.5326179787555414 0.011192073138263935 0.011064769334818082
2 0.714617812023438 0.5355162594286774 0.0142079703647223 0.006413632001908987
4 0.6352205995425004 0.5135043520846325 0.006540940729444422 0.01257272533418181
4 0.6483933999793408 0.542556052752996 0.009447735182360972 0.0032340880012727167
2 0.6691072499030908 0.6271492287555414 0.009593205547083272 0.009484088001272716
7 0.6624033082237158 0.6411299127545869 0.0095204703647223 0.006359088001272717
2 0.6672187480032298 0.6802378660884505 0.009593205547083272 0.00948408800127254
2 0.6823722757386464 0.7272764980903595 0.0095204703647223 0.006359088001272539
2 0.6261300081681251 0.19004867075108703 0.006431837955902786 0.007885225334181767
3 0.668044751234271 0.17882081675681402 0.012754573138263937 0.011082950668363534
4 0.6542011099917363 0.22161684408813231 0.011155705547083273 0.00950226933481808
4 0.696899062689028 0.3111520587603139 0.0126454703647223 0.006395450668363533
4 0.6807292020317017 0.3211174047580867 0.028306837955902785 0.008139764003817973
4 0.6847977997712502 0.26102478942549573 0.025472778685347208 0.020603401336727067
2 0.6995889580156253 0.3596077400938593 0.00944773518236115 0.0032340880012726283
2 0.692940220933403 0.4095168334261321 0.0063954703647222996 0.006322725334181811
4 0.6428863227570142 0.4401759400859051 0.009484102773541636 0.004796588001272539
4 0.6201748681598614 0.40398390141626894 0.0235829703647223 0.006522720003181703
4 0.6168498464083684 0.39535378874917804 0.009556837955902786 0.007921588001272717
4 0.6171946853142016 0.37661287941595073 0.01257273518236115 0.0032704506683636225
4 0.7040582524685419 0.3502872840944956 0.011119337955902786 0.00793976933481808
2 0.7035504126127781 0.39558160276095017 0.009738675911805572 0.01573408800127272
7 0.6271567924561464 0.6703992420830417 0.018859102773541636 0.004905676002545434
7 0.6157107993900006 0.6819816320814509 0.015734102773541637 0.00486931333545435
2 0.644381313257709 0.7057463960852688 0.022093205547083272 0.009629538669636162
4 0.5986765021842014 0.15145833808081446 0.012754573138263937 0.011082950668363534
3 0.6283458183886113 0.1510225334181779 0.025181837955902786 0.008103401336727111
3 0.610486171162153 0.1555009480824053 0.008176175911805573 0.015715906667727264
4 0.7019119113785072 0.2245151247612684 0.006577308320624908 0.014135225334181812
4 0.6111966456109377 0.25313901674885986 0.012609102773541636 0.004832950668363534
2 0.6444825775066668 0.3074179840865415 0.0126454703647223 0.006395450668363623
5 0.6431623457427783 0.6198179867520415 0.012790940729444422 0.012645450668363622
7 0.6227952943560074 0.6172378794159508 0.006468205547083272 0.009447725334181811
4 0.6145983218070837 0.46640208541531436 0.0126454703647223 0.006395450668363623
4 0.5884118026210418 0.18023731874599633 0.0142079703647223 0.006413632001908987
4 0.5894112581681251 0.18962140941276906 0.012609102773541636 0.004832950668363534
4 0.6067468413743753 0.3304100414146781 0.01569773518236115 0.0033068133354544394
4 0.5975900469214587 0.3396759534134054 0.011046602773541636 0.004814769334818081
4 0.5878331872140627 0.32316061541213276 0.015879573138263936 0.011119313335454439
7 0.5781107354667017 0.20745379941117825 0.006468205547083272 0.009447725334181811
4 0.5655009794827779 0.1690361894095874 0.015806837955902785 0.00799431333545444
2 0.5645021771460765 0.19323675807604196 0.007994337955902786 0.007903406667727264
1 0.553402329406528 0.2532475574076784 0.03172277868534721 0.02067612667090888
4 0.5562552256830557 0.27514982940799654 0.0110829703647223 0.006377269334818081
4 0.561342769186042 0.29239187340863293 0.012609102773541636 0.004832950668363534
4 0.5707372594023961 0.3604515300763601 0.009556837955902786 0.007921588001272717
4 0.5740622811538891 0.369081642743451 0.0079579703647223 0.006340906667727175
4 0.54924346589941 0.3430185820734966 0.0157704703647223 0.006431813335454439
4 0.5352361704965628 0.37878335940481495 0.009629573138263936 0.011046588001272718
3 0.5052213621759378 0.36437541406745144 0.012863675911805572 0.015770450668363623
3 0.46917475940239617 0.35926974339590617 0.008248911094166544 0.018840906667727177
4 0.484147102392292 0.4320805347310426 0.018931837955902787 0.008030676002545433
3 0.47758863107763927 0.452311218730088 0.02053070554708327 0.009611357336090798
4 0.5474848634102087 0.5359146067393148 0.0126454703647223 0.006395450668363623
4 0.5702489097629865 0.47369641740926927 0.0126454703647223 0.006395450668363623
2 0.5783516972820489 0.4527026647437692 0.025254573138263937 0.011228401336727246
4 0.5972848416587156 0.5279026594127691 0.009593205547083272 0.00948408800127254
2 0.4305850380877434 0.37912771005727014 0.011373911094166545 0.01887726933481808
3 0.4577456437110766 0.3044640647278608 0.018931837955902787 0.008030676002545345
2 0.4513482137152085 0.1973873613939972 0.009665940729444423 0.012609088001272672
2 0.41735442021222235 0.17980896272277014 0.011228440729444423 0.012627269334818081
2 0.4690448599917363 0.21946235606299708 0.02053070554708327 0.009611357336090798
7 0.4849484958190282 0.533624853397497 0.0110829703647223 0.006377269334818081
7 0.49763098698531305 0.5751674633990879 0.0142079703647223 0.006413632001908987
4 0.4879468624602783 0.5617771253978152 0.0126454703647223 0.006395450668363623
2 0.5378559434823268 0.5584526780712695 0.012827308320624908 0.014207950668363622
4 0.5347302902719449 0.5248316560709514 0.012609102773541636 0.004832950668363622
3 0.5138650910900349 0.13172654606936046 0.01904094072944442 0.012718176002545345
2 0.5261118243725349 0.1881038154041786 0.012609102773541636 0.004832950668363534
2 0.5148859964846183 0.3098151834022696 0.0110829703647223 0.006377269334818081
2 0.5062182048814933 0.23942086740131505 0.012609102773541636 0.004832950668363534
7 0.6088061827487505 0.653783906747269 0.009447735182360972 0.0032340880012725393
2 0.5879689655181604 0.7652299367440873 0.0188954703647223 0.0064681760025452565
2 0.6029205118709381 0.7029208407463144 0.02223867591180557 0.01587953866963616
2 0.6191092095342368 0.727321404081769 0.009484102773541636 0.004796588001272539
2 0.6186546146444798 0.707790154081769 0.0095204703647223 0.006359088001272539
5 0.600885233185591 0.6825901594127691 0.012718205547083273 0.009520450668363623
4 0.5632222322356603 0.7087072167409056 0.0157704703647223 0.006431813335454351
4 0.5558571418112155 0.3587163074076784 0.006322735182360972 0.0031977253341818113
2 0.539162563923299 0.48036404073836036 0.0126454703647223 0.006395450668363623
2 0.5754468624602783 0.5627952800763601 0.009447735182360972 0.0032340880012725393
4 0.5844393495425004 0.5129134587444055 0.0063954703647222996 0.006322725334181811
2 0.5333976475107989 0.19912313140513307 0.0157704703647223 0.006431813335454439
2 0.5299810535709724 0.1530021094048149 0.012681837955902785 0.007957950668363533
7 0.4770041367772224 0.2929725813971789 0.009484102773541636 0.004796588001272717
1 0.4899243237069448 0.4118407600652243 0.006468205547083272 0.009447725334181811
4 0.49063218531420166 0.3751401913987697 0.012790940729444422 0.012645450668363534
2 0.5215250415062158 0.6957254114019514 0.012863675911805572 0.015770450668363623
2 0.4801545058870145 0.6632214467297699 0.009593205547083272 0.00948408800127254
7 0.452973756836945 0.6363498640594972 0.0157704703647223 0.006431813335454351
2 0.4627117795383686 0.6184992927275427 0.0095204703647223 0.006359088001272717
2 0.4589685304882991 0.5919004300604518 0.0126454703647223 0.006395450668363623
2 0.4255734958190283 0.5329339627227702 0.02238414627652787 0.022129538669636163
4 0.35772550028434047 0.2017652313812705 0.018859102773541636 0.004905676002545345
7 0.33843129283739604 0.24527887404517976 0.00952047036472221 0.006359088001272717
4 0.3612869113785071 0.2205515940483614 0.0110829703647223 0.006377269334818081
2 0.3860693590418057 0.24505215471831582 0.01584320554708336 0.00955681333545444
2 0.3654302039315627 0.2643379567154523 0.01584320554708336 0.009556813335454528
2 0.3570364756830558 0.27283170938095236 0.012681837955902785 0.007957950668363623
2 0.3603978650257294 0.28302432204804323 0.01428070554708336 0.009538632001908987
2 0.4030769807170489 0.33819362738699754 0.009629573138263936 0.011046588001272718
4 0.38336519918191003 0.39732317938413403 0.012609102773541636 0.004832950668363622
7 0.38336389276114613 0.3301538607176795 0.00944773518236115 0.0032340880012727167
4 0.3791141102760768 0.4160186353834977 0.0110829703647223 0.006377269334818081
4 0.3517528296908684 0.44850387137967973 0.011228440729444423 0.012627269334818081
4 0.3451027861878823 0.4312436460454979 0.01257273518236115 0.0032704506683636225
3 0.41142268968260465 0.6632027180537703 0.0204579703647223 0.0064863573360906205
2 0.37105095640010466 0.6064981847151341 0.012936411094166721 0.018895450668363623
2 0.4155458388089241 0.6054538527211794 0.020567073138263937 0.011173857336090798
3 0.37377787252826444 0.6901010253819069 0.018931837955902787 0.008030676002545433
2 0.4669830118709381 0.7013390647278609 0.012681837955902785 0.007957950668363623
2 0.502193813257709 0.7040918947326332 0.015843205547083274 0.009556813335454351
4 0.33220731515757 0.6490033107097253 0.0173329703647223 0.0064499946689998925
4 0.2963600809251394 0.6189067307049528 0.018895470364722212 0.0064681760025454334
4 0.2764833388089241 0.6038357140356346 0.015734102773541637 0.00486931333545435
7 0.33732926662059076 0.5670538767106799 0.015770470364722212 0.006431813335454351
3 0.35662412727791715 0.5571248933799978 0.012790940729444422 0.012645450668363622
2 0.3539348851617018 0.5422538713796797 0.009665940729444423 0.012609088001272539
2 0.3313695541396532 0.5458964920432707 0.012790940729444422 0.012645450668363622
2 0.29600870991548633 0.30180104670590724 0.019150043502986148 0.017405676002545258
4 0.3476439450978475 0.30552603071290696 0.015734102773541637 0.0048693133354544395
2 0.361289524220035 0.35489023138127057 0.009593205547083272 0.009484088001272716
2 0.35493042144649334 0.35013000604708877 0.0126454703647223 0.006395450668363533
4 0.3666868454584378 0.41899818471513417 0.00944773518236115 0.0032340880012727167
3 0.2811156342117713 0.5679618487030438 0.009775043502986058 0.017296588001272716
3 0.27929725465274347 0.4898368487030438 0.01591594072944442 0.012681813335454529
2 0.25110017268076434 0.5199692440324531 0.016134146276527782 0.02205681333545435
3 0.27320894918191 0.3960413953691802 0.014353440729444422 0.012663632001908986
7 0.2999896547289934 0.4057254780394528 0.012645470364722211 0.006395450668363623
2 0.2791504778672573 0.4164175300365892 0.022165940729444424 0.012754538669636162
3 0.24764198546670152 0.20360844736631667 0.018968205547083273 0.009593176002545344
7 0.22876600531833358 0.26509084003022587 0.015843205547083274 0.00955681333545444
2 0.2674284618153474 0.248357873368862 0.01904094072944442 0.012718176002545345
2 0.24186541736243078 0.25743288136536213 0.009665940729444423 0.012609088001272717
2 0.2518976468452087 0.42000560669954395 0.012754573138263937 0.011082950668363623
3 0.21043619224805585 0.38359539202736237 0.0188954703647223 0.006468176002545345
3 0.2225004343642712 0.3985755020289532 0.01740570554708327 0.009574994668999892
7 0.2620350598392364 0.385757876034362 0.011046602773541636 0.004814769334818081
2 0.22124379283739604 0.24391527402927143 0.009593205547083362 0.009484088001272716
2 0.3247883265567364 0.3302533107097253 0.01584320554708336 0.00955681333545444
4 0.31452232057281276 0.29186297270845263 0.015770470364722212 0.006431813335454439
4 0.31881043028020856 0.3083146760423162 0.011046602773541636 0.004814769334818081
2 0.30830738174322936 0.2261834287078163 0.011155705547083361 0.00950226933481808
2 0.2717601244281255 0.6358033293682256 0.022093205547083362 0.009629538669636162
4 0.2611479731176046 0.5489845820337257 0.015843205547083274 0.009556813335454351
3 0.1296063791777782 0.5013726906826811 0.015988675911805573 0.01580681333545435
3 0.08541931487322954 0.4485289540101814 0.018931837955902787 0.008030676002545433
3 0.07673203305375026 0.3101840693427723 0.015915940729444446 0.012681813335454439
2 0.2855284176467712 0.45554366470399826 0.011228440729444423 0.012627269334818081
4 0.5546473192416326 0.742973128739633 0.0157704703647223 0.006431813335454351
4 0.5000143706284034 0.7446805320655424 0.014135235182360973 0.0032886320019089865
4 0.49955977573864646 0.7251492820655424 0.011046602773541636 0.004814769334818081
4 0.188381967133681 0.5098669906906352 0.01885910277354168 0.004905676002545434
4 0.20765472473312524 0.2976488013605897 0.015734102773541637 0.0048693133354544395
4 0.16728429787138915 0.30811358668840805 0.015770470364722212 0.0064318133354545285
4 0.20245742524621546 0.24213459802672607 0.0095204703647223 0.006359088001272717
4 0.20227624050069465 0.2679067573599533 0.009629573138263936 0.011046588001272718
4 0.36165385334222255 0.4040998907144978 0.012609102773541636 0.004832950668363622
4 0.3807116714464933 0.3504299980505886 0.011264808320625087 0.014189769334818081
4 0.5109245418874655 0.2738413207351787 0.0126454703647223 0.006395450668363623
4 0.4746415497712502 0.25857940006363345 0.0188954703647223 0.006468176002545345
2 0.48617911502572947 0.2844879193984515 0.0110829703647223 0.006377269334818081
2 0.45240483349059063 0.3434538393936791 0.0110829703647223 0.006377269334818081
3 0.326637848023889 0.14126353604390707 0.011155705547083361 0.009502269334818125
4 0.43927101348645864 0.4503032760582245 0.0126454703647223 0.006395450668363623
4 0.5781354513661116 0.544081642743451 0.00944773518236115 0.0032340880012725393
2 0.5934156124602782 0.5630043654121327 0.012681837955902785 0.007957950668363623
2 0.6049713615103477 0.5896941347469509 0.009556837955902786 0.00792158800127254
4 0.6860577073500351 0.583608314091314 0.0126454703647223 0.006395450668363623
4 0.6812435739912852 0.6116696794239049 0.014280705547083272 0.009538632001909164
4 0.6787186392457645 0.637414566756814 0.01591594072944442 0.01268181333545435
4 0.8845854731176047 0.5562389341183582 0.012609102773541636 0.004832950668363622
7 0.9381124762517367 0.6747985774585852 0.0126454703647223 0.006395450668363623
2 0.9067117802039586 0.399507676121858 0.0095204703647223 0.006359088001272628
2 0.9001708394745143 0.38693495078767626 0.011010235182360972 0.0032522693348180807
4 0.8433383048052434 0.327695763446813 0.012609102773541991 0.004832950668363622
4 0.8670297247331252 0.3053213241167674 0.012609102773541636 0.004832950668363622
2 0.5091126944322573 0.5315629140674515 0.013009146276527873 0.022020450668363622
4 0.49010812129399356 0.5204072380649061 0.01740570554708327 0.009574994668999892
7 0.48409320421590313 0.4633214440642698 0.01726023518236115 0.0033249946689998923
4 0.42537216764677127 0.45717089405631556 0.006468205547083272 0.009447725334181811
4 0.3601101903481948 0.43844761871417964 0.012609102773541636 0.004832950668363622
2 0.42529747283326425 0.3532919160566338 0.012718205547083273 0.009520450668363623
2 0.4066149823325695 0.0875214653882702 0.022093205547083272 0.009629538669636228
3 0.5521086670780904 0.06344017007476929 0.012754573138263937 0.011082950668363557
4 0.7817260447372572 0.1973264634388588 0.025327308320625085 0.014353401336727157