4 0.5934328898845191 0.6731679078694983 0.016007001977166268 0.009647735389503254
4 0.6145438859301866 0.654799737414803 0.020821835969555023 0.0128545560063543
4 0.5420322159682426 0.6379201546230874 0.014508168973360824 0.011182961850553142
4 0.550492020303136 0.5006656164736405 0.017633168973360824 0.01123750892845372
4 0.533052510911596 0.455861631084137 0.017760502965749582 0.014362508928453721
4 0.52039334342111 0.45173719277253427 0.017633168973360824 0.01123750892845372
4 0.5246152698088445 0.49787185308095977 0.016261669961943958 0.015897735389503252
4 0.5088947693145529 0.49525536769145634 0.014508168973360824 0.011182961850553142
4 0.48331910775556597 0.5190104675293006 0.019450336958138338 0.01751478246740401
4 0.5027548572612744 0.5170076367661799 0.020758168973360823 0.011292056006354478
4 0.49830477920038463 0.5419121793798537 0.016007001977166268 0.00964773538950343
7 0.48683803859192487 0.5862116042987757 0.020758168973360823 0.0112920560063543
4 0.44660567494204084 0.44186158644186835 0.020821835969555204 0.012854556006354479
3 0.5904856675276671 0.4092417755642499 0.02088550296574958 0.0144170560063543
5 0.4328362880976332 0.5829269172049891 0.020758168973360823 0.011292056006354478
4 0.3515650889724857 0.4277115373353727 0.014508168973360736 0.011182961850553142
4 0.5979771739534577 0.43981961972005135 0.017760502965749582 0.014362508928453721
4 0.6212793641813568 0.5518656521874554 0.016134335969555026 0.012772735389503253
4 0.31925394916232863 0.5544007224005647 0.014699169961943958 0.01587046185055314
3 0.5765239852084335 0.3348321107915976 0.02719916996194378 0.016088650162155816
3 0.44350323817418297 0.34656272321134346 0.014890170950527092 0.02055796185055314
1 0.268634525246052 0.5191666059236288 0.01125583498097189 0.008003414772652206
1 0.3242505138773455 0.46626947686479153 0.009757001977166358 0.009538641233702095
1 0.3773781724705829 0.42894280072805335 0.012882001977166269 0.009593188311602673
1 0.4071001645619175 0.39198827150706017 0.014380834980972068 0.008057961850553052
2 0.37911442741349877 0.4523939374975285 0.014635502965749492 0.014307961850553141
1 0.48449299410568203 0.3753831984545772 0.012818334980972068 0.008030688311602674
1 0.6690403849416032 0.6510668112780649 0.011446835969555025 0.012690914772652384
4 0.6190563365010278 0.420670199265356 0.014508168973360824 0.011182961850553142
4 0.625240010911596 0.45747076988220703 0.014635502965749581 0.014307961850553141
2 0.5782270425462576 0.6065434695578955 0.011383168973360825 0.011128414772652384