3 0.15828992659932128 0.48749559871137604 0.012681813335454439 0.01628009724103805
4 0.2834882792409588 0.6651967955683012 0.028361357336090798 0.02178646879233561
4 0.5720882499204583 0.555598309024427 0.011082950668363623 0.013073210085908293
7 0.9153104439051862 0.6500421913183166 0.015770450668363623 0.013318871551297563
5 0.8967075366009121 0.4370851679125683 0.01257272533418181 0.0069050972410380496
5 0.806683067950366 0.3231255664876588 0.01887726933481808 0.011920145861557074
7 0.6647870166295472 0.2384307411820311 0.015715906667727174 0.008631371551297562
4 0.6060114532940928 0.25712650949939675 0.018968176002545432 0.019732645861556986
4 0.4906126252785025 0.37794802182386866 0.02205681333545435 0.016771420171816497
4 0.4692825179424117 0.39936599841812026 0.02207499466899989 0.0183339201718165
2 0.5235962059198218 0.5628243108334493 0.022020450668363622 0.013646420171816586
2 0.39573538259868496 0.47973625113165375 0.02205681333545444 0.016771420171816587
2 0.838149601925549 0.5041774926523692 0.012681813335454706 0.01628009724103805
2 0.736006393937003 0.42520704489093275 0.026798857336090796 0.021704581637205678
2 0.660188781269912 0.4323035719147256 0.020457950668363624 0.013564533016686652