3 0.17484929006204258 0.4511110882971021 0.014262494668999893 0.01767857332097762
4 0.3253385440404072 0.28641612731984367 0.0315227200031817 0.02452877404661713
4 0.5917731607256337 0.4138863297747637 0.011101132001908987 0.014444445916316084
7 0.9434442013844521 0.34376971489915564 0.015806813335454705 0.016170637023308565
5 0.8927100467456782 0.5510936307784048 0.014153406667727353 0.00830357332097762
5 0.7868605834261321 0.6563937443880684 0.020476132001908988 0.014771828130301045
7 0.634526471435359 0.7297097372164922 0.01729658800127254 0.00997520072563951
4 0.5787850014321773 0.7082092486492376 0.022129538669636163 0.022638891832631992
4 0.48429811008113255 0.5809870389379236 0.025218176002545434 0.019623019237293704
4 0.4668469807447237 0.558930989663563 0.0252363573360908 0.021185519237293705
2 0.5447618007240428 0.4038044908446893 0.023637494668999892 0.018005955534962936
2 0.4064810980664969 0.4758481603521355 0.025218176002545434 0.019623019237293704
2 0.8450168867361331 0.4824180418483304 0.015806813335454705 0.016170637023308565
2 0.7332714120782692 0.551190378416152 0.028397720003181703 0.02441964664195524
2 0.6588981207431328 0.5405009042768677 0.020494313335454352 0.016334328130301046