7 0.18011855357401774 0.37703870208998563 0.01129205600635439 0.020376132513557365
3 0.2232118088490235 0.23539610275391562 0.01905000892845372 0.01729658430895542
3 0.23223620698258438 0.30018076541989813 0.012936376623205436 0.025072722872636975
5 0.1986873214309252 0.3425591629605701 0.019022735389503387 0.01573408430895542
3 0.2332550105533068 0.1970603105994379 0.016088650162155816 0.0266534035907962
5 0.3002652325501296 0.20682567515901437 0.014307961850553053 0.014144313231716587
3 0.42428911363756183 0.17251378679172455 0.01907728246740419 0.018859084308955422
3 0.4063845933450224 0.12418537110067995 0.016088650162155816 0.0266534035907962
3 0.5588374375008238 0.11704906109041724 0.014526150162155815 0.026644313231716545
3 0.5338238007313486 0.11797575683569113 0.014471603084255057 0.023519313231716587
4 0.5473777861208521 0.10227348878351436 0.012854556006354479 0.020385222872636933
3 0.590323216721817 0.1481127087292851 0.011346603084255058 0.023501132513557323
4 0.47960390503341976 0.13625812422393793 0.012827282467404189 0.01882272287263693
4 0.4549311875008238 0.11765356996921181 0.017596603084255237 0.02353749394987581
3 0.7198022110397742 0.11455025410521662 0.019022735389503432 0.01573408430895542
4 0.8047754545469523 0.21404573917629782 0.033467064934808374 0.03769089754067192
3 0.5597766002448813 0.1975041755517978 0.019268197240056396 0.02979658430895542
3 0.46190611607319393 0.25509902781473415 0.02225682954530477 0.022002265027114644
3 0.5036708762194637 0.27907233811958443 0.012936376623205348 0.02507272287263689
3 0.5421975880700167 0.26478712432213375 0.014526150162155815 0.026644313231716586
5 0.5186197662353497 0.22820927488786785 0.017405688311602673 0.01259999394987581
3 0.3215344862035776 0.33090806977282006 0.020694329545304768 0.02199317466803503
3 0.6655242195644862 0.4046803504162246 0.019213650162155815 0.02667158430895533
7 0.5473821457012242 0.46004962734719596 0.017569329545304768 0.021974993949875808
4 0.5215366659937637 0.5086325730924697 0.022284103084255057 0.023564765027114732
3 0.34554295617180547 0.43232057884800634 0.016088650162155816 0.026653403590796286
4 0.4170048989476351 0.4108132175098838 0.022420470779006864 0.031377265027114555
5 0.3750395413991531 0.44308536202549365 0.014307961850553053 0.01414431323171641
5 0.36659975000329525 0.47906831382089177 0.01746023538950343 0.01572499394987581
3 0.3942377804421045 0.5515563921779189 0.016088650162155816 0.026653403590796286
3 0.21220257630218917 0.5080887141902342 0.01603410308425506 0.023528403590796287
3 0.2778979399397511 0.6826887383907309 0.019022735389503432 0.015734084308955332
4 0.32074968750411914 0.5996353438751211 0.017596603084255057 0.02353749394987581
5 0.4474797828777365 0.6340507296101322 0.017405688311602673 0.01259999394987581
4 0.5977446099874093 0.5284996454975686 0.019213650162155815 0.02667158430895533
5 0.6440838218379623 0.5141689799047198 0.01595228246740419 0.018840903590796286
3 0.8576048051988708 0.5887003055312723 0.020612508928453722 0.01730567466803503
3 0.851847908690163 0.7394997362494315 0.014471603084255236 0.02351931323171641
3 0.8487053177807725 0.6957724621471306 0.011346603084255235 0.023501132513557364
5 0.770225761774418 0.7165394801011116 0.00967500892845372 0.017242042154477666
5 0.34720922727841913 0.8291455818730686 0.014307961850553053 0.01414431323171641
5 0.3927632349890569 0.7702927566392994 0.014280688311602674 0.012581813231716588
3 0.40850523742468886 0.8530052626894236 0.014580697240056395 0.02976931323171641
3 0.44466092573629157 0.8402961844305924 0.014471603084255236 0.02351931323171641
3 0.5055262877490004 0.799321205606027 0.016088650162155816 0.026653403590796286
5 0.5878808660764892 0.7355672569338869 0.019077282467404012 0.01885908430895533
5 0.46640924067109973 0.8026734645830176 0.01282728246740401 0.018822722872636886
4 0.604600761774418 0.717503058163551 0.020694329545304768 0.02199317466803503
3 0.5954149021973413 0.8409814647794093 0.016088650162155816 0.026653403590796286
3 0.6336512877490005 0.7985757961614984 0.014498876623205348 0.02508181323171641
5 0.6889388056059079 0.7638826335937118 0.01595228246740419 0.018840903590796286
3 0.5738069090972001 0.9153183894474444 0.016115923701106104 0.028215903590796287
3 0.6301387297140512 0.9103036365205781 0.0191045560063543 0.020421584308955687
3 0.6015637163213705 0.9362485129840113 0.014526150162155815 0.02664431323171641
5 0.8046126241941639 0.8499196066627406 0.01595228246740419 0.018840903590796286
1 0.7663252402640627 0.6267275463578902 0.0272170649348082 0.03765453610435347
1 0.8420655799556371 0.6286304139425287 0.025490923701106283 0.028270445745273775
1 0.9395330949731708 0.8178878357818935 0.019186376623205346 0.025109084308955688
1 0.8828915827983062 0.8853980435292197 0.02724433847375849 0.0392170361043533
1 0.46355084213050174 0.5636518711988758 0.01913182954530477 0.02198408430895533
1 0.49878673295716675 0.37987176883774365 0.008003414772652383 0.010982951795398144
1 0.5379680097425279 0.32808655504029305 0.009538641233702095 0.009429542154477666
1 0.6505907406678044 0.32040079918656056 0.011155688311602675 0.012563632513557365
1 0.6376583181845143 0.3900002268796577 0.008003414772652383 0.010982951795398144
1 0.6748970397743 0.2257377389799061 0.008003414772652383 0.010982951795398054
1 0.7474072394499884 0.2784354921031641 0.009565914772652385 0.010992042154477666
1 0.8363373258951521 0.33025654645608604 0.009593188311602673 0.012554542154477665
1 0.4847343210271834 0.6478950609922214 0.009538641233702095 0.009429542154477843
1 0.4163116034945874 0.6295450367917246 0.011155688311602675 0.012563632513557365
1 0.5143360462704172 0.6078831393492484 0.007948867694751626 0.007857951795397966
1 0.5239371428618504 0.6843820068356912 0.009593188311602673 0.012554542154477665
1 0.6252462727314667 0.6088002238545955 0.011128414772652384 0.011001132513557365
1 0.7306393360447171 0.8362888987190225 0.009565914772652385 0.010992042154477844
1 0.5763433482195817 0.7700058894474443 0.011101141233702094 0.009438632513557366
1 0.4307193823118389 0.9677081121236896 0.023873876623205347 0.025136355386194253
1 0.8507974720001181 0.48640655250621023 0.033576159090609535 0.0439408975406721
1 0.3248842138857385 0.8550540969001832 0.022311376623205436 0.02512726502711473
1 0.5365466424581087 0.9913087177062756 0.008003414772652383 0.010982951795398321
1 0.5576188474088027 0.9029138382177802 0.007948867694751626 0.007857951795398322
1 0.5869614740320083 0.8777456665748075 0.006440914772652384 0.010973861436318445
1 0.5675938652657103 0.8684842960633027 0.007976141233702095 0.009420451795398322
1 0.5418222978952703 0.823326332167656 0.011101141233702094 0.009438632513557366
1 0.6676426838539664 0.9546121727231274 0.011128414772652384 0.011001132513557365
1 0.6776995223277249 0.9154951305686497 0.004851141233702094 0.009402271077238922
1 0.6835228283340793 0.895150814311871 0.011128414772652384 0.011001132513557365
1 0.34329724878877454 0.9190029674116879 0.008003414772652383 0.010982951795398321
3 0.49610464895093037 0.8915541574014252 0.0144170560063543 0.02039431323171641
3 0.39835294156460416 0.8975910548439012 0.017351141233702006 0.00947499394987581
3 0.40495749757095856 0.8772421934075828 0.017623876623205526 0.02509999394987581
3 0.5504939143722059 0.774062130372258 0.014444329545304769 0.02195681323171641
1 0.7240462370176518 0.6769684408735 0.011101141233702094 0.009438632513557366
1 0.8926831887219351 0.6377099772724412 0.011073867694751983 0.007876132513557366
3 0.622611790992116 0.2674439708295335 0.02058523538950343 0.015743174668035032
3 0.5846424123403157 0.3840592990883647 0.01603410308425506 0.02352840359079611
3 0.800549830359379 0.3218718747149173 0.017405688311602673 0.01259999394987581
3 0.7475892824739947 0.939304814410067 0.014307961850553141 0.01414431323171641
3 0.7894825020351854 0.8664122150739969 0.01907728246740419 0.01885908430895533
3 0.8163080547951289 0.8959406337901037 0.01595228246740419 0.018840903590795932
3 0.8516961298762069 0.8824548507108123 0.016034103084255236 0.023528403590795933
3 0.6238029549572848 0.8705007931364364 0.01913182954530477 0.02198408430895533
3 0.3859325823912691 0.7140882084346976 0.012936376623205436 0.02507272287263689