7 0.7448946418245045 0.3029614082443368 0.013327670950527093 0.02074900961864685
3 0.5148994412164821 0.13422129881102443 0.01814250494291585 0.024037700725639422
7 0.6188560652464895 0.33054571650437203 0.010202670950527093 0.02063988221398514
3 0.48530607760377914 0.3843924244015876 0.019641337946721647 0.022529764427970278
4 0.6654511754363324 0.4593354046161398 0.01151050296574958 0.014444445916316084
3 0.4054461171471062 0.5688368570710598 0.01814250494291585 0.02403770072563951
7 0.5863605361204669 0.5860764646902735 0.016389003954332716 0.019295637023308564
4 0.48219695954245195 0.6144246647829408 0.013200336958138336 0.017624009618646852
4 0.37229006034075474 0.6932812963639536 0.011637836958138336 0.017569445916316085
4 0.6357636754363324 0.45829869427185344 0.013136669961943959 0.01606150961864685
4 0.6133355771094876 0.3865228979927178 0.016325336958138335 0.017733137023308566
4 0.5679302352084334 0.34437011432745385 0.01938666996194378 0.01627976442797028
2 0.507663897261712 0.3204216936388813 0.01151050296574958 0.014444445916315996
1 0.39815624608284833 0.38993060707105964 0.00838550296574958 0.014335318511654283
2 0.460176085018153 0.4186210914619631 0.017951503954332714 0.01935020072563951
2 0.44785249855430626 0.4033681136944816 0.016325336958138335 0.017733137023308566
4 0.5419393740671884 0.6063691173226787 0.014762836958138337 0.01767857332097762
4 0.5177140123944708 0.4713393528947084 0.016325336958138335 0.017733137023308566
1 0.3709092910633828 0.6019568919174499 0.009757001977166358 0.00970238221398514
4 0.5414924106075848 0.38479421768549843 0.013073002965749581 0.014499009618646853