5 0.3915326443328663 0.28653299657714 0.02714469685684682 0.013582338935304606
5 0.40286178846084475 0.16145208353527823 0.019332196856846905 0.013264003954332715
5 0.2553061999572187 0.30827405091203347 0.017915246071058634 0.016325336958138335
5 0.15088633539874485 0.5106576101898429 0.017915246071058544 0.016325336958138335
5 0.09607040280992166 0.4889298488211364 0.014644696856846861 0.013073002965749581
3 0.24405198448912208 0.46844754695770074 0.022893844499481997 0.02276633794672165
7 0.20538339846669545 0.6594744535737719 0.017915246071058544 0.016325336958138335
5 0.2797648143062957 0.6492492193911026 0.017769696856846907 0.013200336958138336
3 0.3538123980524107 0.8160175667293643 0.016571069892376132 0.020949169961944136
5 0.3323205417661044 0.8400943952845455 0.01784247146395277 0.014762836958138337
4 0.23326445760570466 0.8228021245242989 0.024165246071058633 0.01658000494291585
5 0.4582623035529287 0.7984400889724856 0.01471747146395277 0.014635502965749581
4 0.461751176588458 0.8063799229648744 0.015988873035529316 0.008449169961944137
3 0.435220755786459 0.7390186680219586 0.027363020678164318 0.018269838935304605
3 0.41566592700274274 0.6540069980600147 0.017915246071058634 0.016325336958138335
4 0.40801609284234297 0.64043924657714 0.025946069892376043 0.021331171939110403
3 0.46828365880577766 0.6787642589344296 0.020894696856846907 0.013327670950527093
5 0.5373355274980808 0.8554660217860108 0.01642552067816432 0.017824169961943782
4 0.5007472483428609 0.6223842663488035 0.01940497146395259 0.014826503954332715
3 0.526085388541898 0.5134695227745941 0.022748295285270358 0.01964133794672147
5 0.4777013924708394 0.4959026793906651 0.017769696856846907 0.013200336958138336
5 0.5320570986333112 0.42403960824985754 0.017769696856846907 0.013200336958138336
5 0.6248396040099947 0.3568613785158127 0.01784247146395277 0.014762836958138337
5 0.6629603422231705 0.4052007194282837 0.022457196856846905 0.013391337946721472
5 0.7007643649682495 0.6141592253597827 0.019332196856846905 0.013264003954332715
7 0.7089364298982268 0.5552298943331435 0.017915246071058634 0.016325336958138335
5 0.7351051317174725 0.648308732279865 0.011592471463952769 0.014508168973360824
5 0.793578949542934 0.4807020796181266 0.01962329528527036 0.01951400395433254
5 0.7688443151348652 0.36818749216569674 0.017769696856846907 0.013200336958138336
5 0.7236881346129567 0.5371165642950875 0.013154971463952591 0.014571835969555025
3 0.9368730312221345 0.46002877676610776 0.02394692224974122 0.01189250494291585
5 0.6794692919755014 0.3076227238769079 0.01806079528527036 0.019450336958138338
5 0.6905629956567738 0.1942287273369491 0.020894696856846907 0.013327670950527093
5 0.5383905277074778 0.3088921107213155 0.011592471463952769 0.014508168973360736
5 0.582101986351149 0.2763634536109529 0.011592471463952592 0.014508168973360736
3 0.2870936248930469 0.7563759698853942 0.022602746071058544 0.01651633794672147
3 0.3055717971427879 0.7680456403416297 0.013446069892376133 0.020821835969555204
3 0.38999180065744454 0.9063852401513494 0.023946922249741043 0.01189250494291585
3 0.7436668025194714 0.7149378167665453 0.028707196856846907 0.013646005931499162
3 0.6626608591772812 0.8340605484777566 0.024019696856846906 0.01345500494291585