3 0.26887596443582706 0.6116564471108001 0.02531824874635875 0.011956171939110227
3 0.6387050796378064 0.526191202016535 0.028352320533113408 0.008958505931498984
7 0.6872238330030187 0.33883844064782853 0.023664820533113407 0.008767504942915848
7 0.5947983037735589 0.4419408774156864 0.019022784639736123 0.010139003954332714
3 0.726240868896396 0.3356842657429687 0.02380121285298138 0.01345500494291585
7 0.38057066772189707 0.3912245888981236 0.019113712852981468 0.013264003954332715
3 0.6021775801000249 0.21168037444993687 0.025227320533113405 0.008831171939110228
6 0.11194400283648687 0.5945856467302393 0.09069920783841652 0.05987901878308026
0 0.3430646560434146 0.3387826798105946 0.05140938730530316 0.05047484387822054
1 0.5521595450645773 0.0518079673395742 0.022329641066226813 0.01651633794672147
6 0.6425635170222519 0.6050337850203407 0.04475021034569906 0.036157675893442945
1 0.5809270542357774 0.12650687840426955 0.02568196159934022 0.024456171939110226
2 0.4051758626281899 0.40351900045711053 0.022511497492717504 0.02276633794672147
3 0.182147539587794 0.4266858809129085 0.009966033386094874 0.02069450197716627
2 0.7380147578510519 0.5252733477581911 0.03041492570596276 0.026209672927693363