5 0.671992994105682 0.35954224924414047 0.02088550296574958 0.014298857336090797
1 0.9275864195048333 0.3979940325430057 0.014762836958138337 0.017351132001908985
1 0.6459716635733344 0.373132581914413 0.016325336958138335 0.01736931333545444
1 0.6360727401513493 0.341201329248913 0.022384335969555025 0.01275453866963625
1 0.6557512287826428 0.28704054057927675 0.021076503954332537 0.018986357336090796
1 0.7361204555881192 0.5713968119032773 0.019514003954332716 0.018968176002545432
1 0.7544579145990985 0.7720598832352318 0.014380834980972068 0.007976132001908987
1 0.37993146399107625 0.615404087285184 0.028825336958138336 0.017514764003817972
1 0.48370369870521807 0.9370058199395483 0.04020850593149898 0.028579533338636054
1 0.625432306386422 0.6555365492520947 0.012818334980971891 0.007957950668363623
1 0.6161355608350462 0.67674847792014 0.009820668973360824 0.011046588001272539
1 0.6299142179454089 0.6312541645846856 0.011255834980972068 0.00793976933481808
1 0.8748951596190017 0.35170992588323263 0.015943334980972067 0.007994313335454528
1 0.933694428439263 0.8356303925445964 0.016007001977166625 0.009556813335454706
1 0.9815244333821788 0.8585224525382331 0.005069501977166624 0.00942954400063627
1 0.5812870114430686 0.8381677832590944 0.012818334980972068 0.007957950668363623
1 0.5134138315581118 0.3809279952657758 0.014380834980972068 0.007976132001908987
1 0.8920866126984819 0.5242479972151873 0.009820668973360824 0.011046588001272539
1 0.8449384041817941 0.3262650305538234 0.017633168973360824 0.011137494668999891
1 0.534483723839727 0.265003003262276 0.017633168973360824 0.011137494668999891
2 0.3850713142579063 0.3003512519494114 0.014635502965749581 0.014226132001908986
2 0.6734546068041639 0.8941536065802312 0.04684050790866543 0.038027258672817865
2 0.5571770549035472 0.6492961872613214 0.027199169961943957 0.01593408267027261