5 0.6971869562555708 0.5780333301140357 0.017505748746358664 0.011537700725639333
5 0.6518206319615338 0.5514237008952755 0.012954641066226813 0.01606150961864685
5 0.6694400409744492 0.5371801516209149 0.02223871285298138 0.013263891832631991
3 0.522146189166812 0.7345858865599724 0.028443248746358663 0.011919646641955417
3 0.38528869833801205 0.6539484670525263 0.022329641066226813 0.01638889183263199
4 0.4972718727903338 0.621884989918017 0.02223871285298138 0.013263891832631991
5 0.19293502843803695 0.4110540950053421 0.015852320533113407 0.008358137023308565
5 0.22969924254465962 0.4107738420101173 0.017460284639736125 0.00997520072563951
4 0.62481316574334 0.3776488949974929 0.025227320533113405 0.008685519237293705
3 0.43571121331519985 0.3186483733131285 0.022329641066226813 0.01638889183263199
3 0.04499030727178527 0.6577058617955651 0.02527278463973608 0.010248019237293704
4 0.1237996173800574 0.7175471424656041 0.02857964106622681 0.016607146641955416
5 0.46324752843803696 0.4204936155085802 0.011392141066226814 0.016006945916316084
5 0.48453750673042456 0.3876091936388813 0.016034176959604095 0.014608137023308565
5 0.5539467362764535 0.36735374654143893 0.019113712852981378 0.013154764427970278
4 0.5019881165221276 0.5673066173226787 0.016079641066226814 0.016170637023308565
4 0.2370440442731545 0.23898068756361351 0.025272784639736125 0.010248019237293704
4 0.1773505147144904 0.7585193720471841 0.031613712852981465 0.01359127404661713
2 0.6984121386254514 0.45529523456053944 0.019022784639736123 0.010029764427970277
1 0.7220973427029442 0.36696934454200597 0.009602320533113407 0.00813988221398514
1 0.5955465852476037 0.765302662420688 0.014289820533113406 0.00830357332097762
2 0.4036057554767833 0.3738343811176768 0.02223871285298138 0.013263891832631991
2 0.35120216950426375 0.40094002894075853 0.017460284639736125 0.00997520072563951
2 0.3312473706787627 0.44169151451278826 0.019022784639736123 0.010029764427970277
2 0.3504292796916782 0.4275025289407585 0.020721676959604095 0.014771828130301045
2 0.37806253470624307 0.47226195743387933 0.026971676959604098 0.014990082939624472
2 0.2582083389420205 0.31792414309857636 0.025591033386094874 0.021185519237293705
2 0.23297030971256075 0.21772324645662094 0.03175010517284953 0.01827877404661713
2 0.20351247875460604 0.289424631665831 0.02242056927947216 0.01951389183263199
2 0.16075902593075447 0.38803325725639415 0.028716033386094873 0.021294646641955416
2 0.09831886190327407 0.35691717731199446 0.038091033386094854 0.021622028855940556
2 0.18926680766749668 0.5102455631541767 0.017551212852981467 0.01310020072563951
2 0.05765544332344715 0.5987128077118811 0.02867056927947218 0.01973214664195542
2 0.30077965452707595 0.7362401226801563 0.022511497492717504 0.022638891832631812
2 0.32290470711350067 0.7284102645127882 0.02848871285298138 0.013482146641955416
2 0.36463286902941006 0.5844072933687288 0.02581835391920828 0.028998019237293705
2 0.4410877204413358 0.5370263510806099 0.01594324874635884 0.011483137023308564
2 0.4746503782006101 0.5123909388295579 0.015806856426490868 0.006795637023308565
2 0.5256302050019297 0.5610938228576415 0.01598871285298138 0.013045637023308566
2 0.5166369528903585 0.38638399953666386 0.022284176959604097 0.01482639183263199
2 0.43510815657214 0.4468825007177902 0.019113712852981378 0.013154764427970278
2 0.246320789720808 0.5114558882892529 0.01598871285298138 0.013045637023308566
2 0.38591345328607 0.2293204892850448 0.022329641066226813 0.01638889183263199