4 0.653782150165451 0.4354334508452945 0.034675008928453724 0.01818771034569906
4 0.6998583092560606 0.3903649917532368 0.03012387662320535 0.02586381802583091
5 0.5516587682672398 0.6047266716158347 0.020585235389503253 0.016216033386094963
4 0.3735839557647684 0.24915393619731113 0.02847955600635439 0.021130853919208194
4 0.40504068709708196 0.41534122585161215 0.019022735389503255 0.016170569279472247
5 0.4515263547124035 0.6599573923863751 0.022065914772652385 0.011573997492717503
5 0.3371907138824432 0.36577914654301014 0.011210235389503432 0.015943248746358753
3 0.38402916315438984 0.724389616917839 0.020612508928453722 0.017778533386094787
7 0.18248207427359428 0.5951664328320989 0.0128272824674041 0.019113712852981378
4 0.19323616234031568 0.3816805943522968 0.017432961850553052 0.014562605172849529
4 0.22466344034349292 0.3706150622198432 0.014335235389503431 0.016034176959604095
4 0.6490304204579905 0.4839846111118513 0.026835235389503432 0.016397889812585477
5 0.8102894744357501 0.5503500940230924 0.017432961850553142 0.014562605172849529
6 0.461253325488115 0.1474346603330637 0.05536933847375849 0.04065374373179385
0 0.2917005304388092 0.06413173000824729 0.053670470779006864 0.03279577962517115