7 0.63046875 0.1890625 0.00859375 0.015625
3 0.55859375 0.19296875 0.01171875 0.021875
3 0.6 0.25078125 0.015625 0.0109375
3 0.25859375 0.35 0.01484375 0.01796875
7 0.36015625 0.3921875 0.00703125 0.01484375
7 0.34296875 0.41484375 0.00703125 0.01328125
7 0.27421875 0.590625 0.0125 0.0109375
7 0.2734375 0.57109375 0.0125 0.0125
7 0.290625 0.55390625 0.01015625 0.0125
3 0.33359375 0.6796875 0.01171875 0.025
3 0.25 0.67421875 0.0125 0.01875
3 0.60234375 0.49140625 0.00859375 0.02109375
3 0.84765625 0.49296875 0.0140625 0.01953125
7 0.87109375 0.4078125 0.009375 0.0171875
5 0.784375 0.6296875 0.009375 0.02109375
7 0.75703125 0.61875 0.0109375 0.0140625
3 0.4875 0.9171875 0.01015625 0.021875
7 0.3140625 0.85625 0.00859375 0.0140625
7 0.346875 0.7890625 0.00859375 0.0109375
5 0.6671875 0.51875 0.01171875 0.01875
5 0.8984375 0.6578125 0.00546875 0.01953125
5 0.8765625 0.7328125 0.0109375 0.0171875
5 0.81796875 0.759375 0.00859375 0.01796875
3 0.615625 0.3671875 0.01796875 0.0109375
7 0.4390625 0.43828125 0.00703125 0.01875
5 0.453125 0.521875 0.01328125 0.0109375
3 0.5328125 0.6859375 0.0078125 0.02265625
1 0.6109375 0.32890625 0.015625 0.03359375
3 0.7703125 0.56640625 0.01328125 0.01796875
2 0.78671875 0.77890625 0.0265625 0.04296875
5 0.8015625 0.69921875 0.0078125 0.015625
2 0.57890625 0.7328125 0.03203125 0.040625
1 0.42578125 0.83359375 0.0078125 0.01328125
3 0.4296875 0.69375 0.01640625 0.0140625
1 0.5828125 0.4484375 0.00546875 0.01328125
1 0.36484375 0.61484375 0.009375 0.0234375
1 0.3578125 0.675 0.0046875 0.01015625
1 0.33671875 0.66015625 0.00546875 0.0109375
1 0.92890625 0.84609375 0.009375 0.01953125
2 0.41953125 0.95625 0.0125 0.01484375
7 0.41171875 0.87578125 0.0078125 0.01171875
2 0.35703125 0.85234375 0.009375 0.0171875
7 0.2625 0.57109375 0.009375 0.01640625
7 0.68984375 0.7296875 0.00859375 0.01328125
1 0.46640625 0.3625 0.00703125 0.0109375
3 0.50390625 0.39296875 0.01171875 0.028125
2 0.58046875 0.27578125 0.01171875 0.025
1 0.68359375 0.496875 0.00625 0.0109375
1 0.86171875 0.59375 0.01484375 0.0109375
2 0.76484375 0.51171875 0.00625 0.01171875
2 0.3515625 0.446875 0.00703125 0.015625
7 0.26953125 0.50234375 0.00703125 0.01796875