5 0.1977354853862081 0.5034772079820335 0.015897735389503433 0.016170637023308565
2 0.7637405405817836 0.4108111137792997 0.053861385551659244 0.04404266587924912
2 0.7467747775928448 0.6912972219466677 0.04591251785690744 0.03595734736759475
2 0.6519122909855254 0.7137500861044854 0.02368296185055314 0.014880955534962936
4 0.6875946465054125 0.6556573331092606 0.017378414772652385 0.01153770072563951
4 0.6573849951254408 0.6694370909138089 0.012718188311602674 0.012936509618646851
4 0.4318241132272296 0.49525551333166196 0.017378414772652385 0.011537700725639333
4 0.39519686647364044 0.5439459844757215 0.017405688311602673 0.01310020072563951
2 0.4132804391190863 0.6406126533501955 0.022065914772652385 0.011701391832631813
4 0.336889488632619 0.5583060956383143 0.017405688311602673 0.01310020072563951
4 0.3514780941525061 0.49947673266162285 0.015897735389503433 0.016170637023308565
2 0.22422011890927243 0.45521332277282356 0.04610343262955983 0.04689484736759475
2 0.2761547658250173 0.4336037068009072 0.01595228246740401 0.019295637023308564
2 0.22962859334172717 0.3624901094333124 0.01592500892845372 0.017733137023308566
2 0.3041803542987758 0.4736210715916972 0.0190772824674041 0.01940476442797028
2 0.27413434415250604 0.4967758293962454 0.02384660308425506 0.024255955534962938
2 0.4771344334370434 0.675634983294595 0.025300008928453722 0.018060519237293703
2 0.42772872280430646 0.6184747585223385 0.031795470779006865 0.03234127404661713
2 0.6023138912304068 0.5113592068857252 0.03508411201270896 0.041825401451278846
2 0.5038997106294418 0.5539881617877158 0.03001478246740401 0.019786710344286362
2 0.2963075787312306 0.38043406678237374 0.014280688311602674 0.012991073320977709
2 0.20676165786949827 0.5732812764936879 0.02217500892845372 0.01795139183263199
2 0.391834312902918 0.4407664207733905 0.017405688311602763 0.01310020072563951
2 0.2840002678536122 0.5252282116102306 0.017432961850553052 0.014662700725639511
2 0.38040588920181184 0.4122594748570746 0.020612508928453722 0.017896828130301044