5 0.7830549236783195 0.4989880789751108 0.014799484396167628 0.014635502965749581
2 0.2394288336733707 0.3402761956279254 0.05360967887824382 0.04116351087441492
2 0.21132600859488565 0.6236298650955778 0.04530585594746528 0.03147017589344294
2 0.3015482168717716 0.6573735123201085 0.02409259724103805 0.01345500494291585
4 0.27595839665452654 0.5952701017497048 0.017678822930778538 0.010075336958138337
4 0.3031416943705344 0.6120928458182059 0.013073210085908293 0.011446835969555025
4 0.5533984011770823 0.46313012790997793 0.017678822930778538 0.010075336958138337
4 0.581782350747541 0.5165442879860901 0.017760710085908293 0.011637836958138336
2 0.547921927862191 0.6122533774156864 0.020803822930778537 0.010202670950527093
4 0.6368040434205946 0.5376897761230921 0.017760710085908116 0.011637836958138336
4 0.631403892470655 0.4771024446021611 0.014799484396167628 0.014635502965749581
2 0.7639231433751662 0.44753566692183233 0.04439845318850324 0.043906508897248564
2 0.7162602493226314 0.41985367730195566 0.014963258706427318 0.017760502965749582
2 0.7727426226829512 0.35362649943134633 0.014881371551297562 0.01619800296574949
2 0.6823865383322121 0.45631510072394066 0.01808825870642732 0.017887836958138337
2 0.7074750695398765 0.483357761788636 0.023021420171816586 0.02276633794672147
2 0.4802464269576799 0.639177974753948 0.024256371551297562 0.01658000494291585
2 0.5382536787667022 0.5884802963890471 0.02959896879233561 0.029271005931498985
2 0.38287786126299056 0.45916416399326376 0.03321529172311397 0.038773339923887915
2 0.4727758429456248 0.5139697277196975 0.03050637155129756 0.01683467292769336
2 0.7043644369073025 0.3642085137658023 0.014635710085908294 0.01151050296574958
2 0.7622234452750456 0.5692196659332491 0.02269387155129756 0.01651633794672147
2 0.6012494029861045 0.4128462850203406 0.017760710085908116 0.011637836958138336
2 0.6935420443251059 0.5112108477581911 0.01784259724103805 0.013200336958138336
2 0.6167039846233104 0.3857107820545911 0.019486984396167806 0.014826503954332715