0 0.31328125 0.0890625 0.034375 0.03359375
2 0.25390625 0.259375 0.03515625 0.02421875
2 0.23671875 0.4859375 0.0140625 0.01953125
2 0.40859375 0.5828125 0.0234375 0.03671875
2 0.2390625 0.64375 0.01484375 0.034375
2 0.2203125 0.7625 0.01875 0.0328125
0 0.51328125 0.4375 0.0328125 0.02890625
6 0.5984375 0.39140625 0.0546875 0.05390625
6 0.59453125 0.48125 0.02890625 0.06328125
0 0.48125 0.73359375 0.040625 0.05625
1 0.5125 0.94453125 0.0171875 0.02890625
1 0.6734375 0.6875 0.015625 0.01875
3 0.5375 0.72578125 0.01484375 0.0125
3 0.51796875 0.734375 0.01015625 0.01796875
1 0.5171875 0.70703125 0.00546875 0.01328125
2 0.60234375 0.61875 0.015625 0.01484375
2 0.54375 0.65 0.0125 0.0171875
3 0.68828125 0.52109375 0.00703125 0.01953125
2 0.75703125 0.5203125 0.01484375 0.0125
2 0.5453125 0.2671875 0.0171875 0.03359375
2 0.521875 0.39453125 0.0125 0.02890625
4 0.659375 0.26875 0.00703125 0.0109375
4 0.64921875 0.24296875 0.00546875 0.01015625
4 0.64296875 0.26875 0.0046875 0.01015625
2 0.459375 0.19921875 0.02109375 0.01328125
2 0.5015625 0.20078125 0.01171875 0.01796875
4 0.4203125 0.309375 0.00625 0.00859375
4 0.43671875 0.296875 0.00546875 0.01171875
4 0.41953125 0.28515625 0.0046875 0.009375
2 0.290625 0.165625 0.0140625 0.03515625
2 0.60078125 0.25546875 0.0171875 0.01015625
1 0.59765625 0.29765625 0.00703125 0.0109375
1 0.5640625 0.321875 0.009375 0.00859375
1 0.5828125 0.32109375 0.00625 0.009375
1 0.58203125 0.30546875 0.00625 0.009375
2 0.4359375 0.3140625 0.01328125 0.01015625
4 0.45546875 0.315625 0.00546875 0.0140625
2 0.478125 0.3140625 0.01015625 0.0171875
3 0.628125 0.31015625 0.01484375 0.0078125
4 0.6578125 0.33359375 0.0078125 0.02109375
4 0.434375 0.5265625 0.01171875 0.021875
4 0.44921875 0.51875 0.00390625 0.01171875
4 0.4453125 0.51484375 0.00390625 0.009375
4 0.42890625 0.5125 0.00546875 0.01484375
4 0.45625 0.49765625 0.00703125 0.01796875
4 0.4859375 0.596875 0.01328125 0.01796875
4 0.5484375 0.54453125 0.00546875 0.01953125
4 0.728125 0.59921875 0.00703125 0.01484375
4 0.6578125 0.55859375 0.0125 0.01328125
4 0.33359375 0.62421875 0.00390625 0.01171875
4 0.30859375 0.61796875 0.0078125 0.0109375
2 0.3640625 0.571875 0.0125 0.0140625
3 0.4234375 0.4703125 0.009375 0.01953125
2 0.41015625 0.39453125 0.0140625 0.0171875
2 0.4921875 0.36328125 0.009375 0.01171875
4 0.54296875 0.33828125 0.0125 0.01328125
4 0.55234375 0.3390625 0.0140625 0.01328125
4 0.52109375 0.29140625 0.00859375 0.009375
2 0.56328125 0.4421875 0.02109375 0.02890625
4 0.371875 0.46015625 0.00625 0.01640625
4 0.365625 0.4328125 0.00546875 0.015625
4 0.615625 0.475 0.0078125 0.0140625
4 0.47109375 0.359375 0.00859375 0.00703125
4 0.5375 0.3625 0.00625 0.01484375
4 0.56015625 0.48515625 0.00625 0.0140625
2 0.57578125 0.52109375 0.0125 0.015625
4 0.459375 0.5453125 0.0078125 0.01484375
4 0.61328125 0.55703125 0.0078125 0.01484375
4 0.665625 0.51328125 0.00703125 0.0125
4 0.53046875 0.5609375 0.009375 0.01328125
4 0.52890625 0.54921875 0.00703125 0.00859375
2 0.5125 0.56796875 0.009375 0.0140625
4 0.4484375 0.63046875 0.00390625 0.01796875
4 0.43984375 0.609375 0.00546875 0.01171875
4 0.44140625 0.66640625 0.00625 0.0171875
4 0.44921875 0.61171875 0.00703125 0.0140625
4 0.46875 0.5953125 0.01484375 0.01640625
4 0.4421875 0.4734375 0.0046875 0.02109375
4 0.4203125 0.5140625 0.01171875 0.015625
4 0.53671875 0.5234375 0.00390625 0.01015625
4 0.63671875 0.50078125 0.00703125 0.0109375
2 0.49140625 0.49140625 0.0046875 0.01328125
1 0.48828125 0.47265625 0.01015625 0.00859375
4 0.5140625 0.46171875 0.00546875 0.0203125
4 0.50703125 0.41484375 0.00546875 0.015625
4 0.5015625 0.41171875 0.00546875 0.01796875
2 0.340625 0.5125 0.009375 0.025
4 0.38828125 0.39296875 0.009375 0.00703125
4 0.365625 0.34375 0.00390625 0.01328125
4 0.63359375 0.396875 0.00546875 0.0140625
4 0.65 0.3921875 0.01015625 0.0078125
4 0.33984375 0.39765625 0.0078125 0.01171875
4 0.34453125 0.7203125 0.00703125 0.01796875
4 0.53125 0.690625 0.0046875 0.01328125
3 0.32421875 0.36328125 0.01015625 0.01796875
1 0.703125 0.41796875 0.01328125 0.01953125
4 0.66484375 0.47734375 0.0046875 0.0125
4 0.66953125 0.640625 0.00546875 0.01875
4 0.3109375 0.6734375 0.00546875 0.0125
4 0.3109375 0.69765625 0.003125 0.0140625