2 0.6693743007247581 0.8375973895456401 0.02543637662320535 0.025145445745273776
2 0.8975287540538945 0.6589082664018567 0.017405688311602673 0.01259999394987581
2 0.9722402021047298 0.8209901098841943 0.018913641233702094 0.009484084308955332
2 0.9725502991032002 0.5701815888069555 0.02368296185055314 0.014198855386194253
2 0.9106349058409033 0.4697503176315208 0.020585235389503253 0.015743174668035032
2 0.8119422613607904 0.41094346507399687 0.03311250892845372 0.01737839754067192
2 0.9658973299490465 0.32332022434557495 0.01913182954530477 0.02198408430895542
2 0.8010790791382677 0.19145312168985515 0.03001478246740419 0.01892271682251274
2 0.9347682865245938 0.19614464598854783 0.028506829545304768 0.02203862646343313
4 0.8795934115229462 0.4371150796335733 0.014307961850553141 0.01414431323171641
4 0.8685644082765354 0.3871741669675909 0.014253414772652207 0.011019313231716588
4 0.9176701099808188 0.4251736158361227 0.017378414772652208 0.011037493949875809
2 0.6257711619299833 0.26435533226585195 0.017432961850553142 0.01416249394987581
2 0.719154743503883 0.37710479625969434 0.02368296185055314 0.014198855386194253
5 0.7327280941525061 0.48328661856659716 0.020530688311602673 0.012618174668035031
2 0.8649383965054126 0.627063368762989 0.017351141233702093 0.00947499394987581
4 0.9229594021874554 0.5939099802975033 0.017378414772652208 0.011037493949875809
4 0.8400316741015527 0.8116019952264221 0.017378414772652208 0.011037493949875809
4 0.6754179748329012 0.6914536425707023 0.014253414772652384 0.011019313231716588
2 0.6526372195578956 0.5501655672387373 0.019022735389503432 0.015734084308955332
4 0.7384537629823482 0.6770229830279778 0.018968188311602675 0.012609084308955331
2 0.7148389849791711 0.667003088414172 0.014335235389503254 0.015706813231716587
7 0.560142207790068 0.3092729225267357 0.01123750892845372 0.017251132513557366
4 0.5823599013766765 0.46306554303824043 0.014253414772652384 0.01101931323171641
4 0.5494246704514 0.4562251905789124 0.011128414772652384 0.011001132513557365
2 0.5340957252399384 0.5180393893492484 0.022093188311602674 0.012627265027114731
7 0.4782587824641088 0.4972683470965748 0.022065914772652385 0.011064765027114731
2 0.511711805188985 0.8471092658126815 0.017351141233702093 0.00947499394987581
4 0.5029231862764172 0.8807575579671593 0.017351141233702093 0.00947499394987581
2 0.37486637012379315 0.8854092174116879 0.023655688311602675 0.012636355386194254
2 0.36632934699187986 0.7096597836684666 0.017405688311602673 0.01259999394987581
4 0.42626345454036185 0.7413456000234412 0.00964773538950343 0.015679542154477845
2 0.3048463762128731 0.6787643076725717 0.033057961850553055 0.014253397540672097
2 0.3723008831127319 0.6041455818730685 0.02996023538950343 0.015797716822512697
2 0.27902817004436287 0.6320347534178457 0.012772735389503432 0.015697722872636887
2 0.23156283481701526 0.6432495093697739 0.017432961850553052 0.01416249394987581
7 0.19653899837185163 0.6958023376286052 0.02209318831160272 0.012627265027114731
6 0.3999098656628615 0.39537002469147614 0.022311376623205436 0.025127265027114643
4 0.3194802516215578 0.26379329264545703 0.017378414772652385 0.011037493949875809
7 0.11482752799988191 0.490788105582586 0.017432961850553052 0.01416249394987581
7 0.12260484618110094 0.5782517441462675 0.01746023538950343 0.01572499394987581
2 0.2595048283241935 0.5430767925472612 0.012745461850553141 0.014135222872636887
2 0.28225613027006285 0.8617267985973853 0.03311250892845372 0.017378397540672098
7 0.31060722686149617 0.7849915817748727 0.015761367694751626 0.007903403590796287
3 0.2246776351413268 0.696419961165172 0.014417056006354479 0.020394313231716588
2 0.15425781533525468 0.8249676628623742 0.01913182954530477 0.02198408430895533
5 0.11373400121122541 0.9205256025575238 0.008057961850553052 0.01410795179539832
3 0.3708360202892441 0.4306989915139889 0.011210235389503432 0.015688632513557364
2 0.20455387012379314 0.886400066551366 0.020476141233702096 0.009493174668035209
4 0.18496670413662003 0.4356869942444634 0.017378414772652385 0.011037493949875809
7 0.22297303895693057 0.598763711165172 0.017351141233702093 0.00947499394987581
2 0.2726382536501527 0.3554813437769252 0.023682961850553054 0.014198855386194253