5 0.7891371970662439 0.5825699913310334 0.020821922249740867 0.012120568401734033
5 0.7844154638154668 0.5493934702843459 0.020821922249741043 0.012120568401734033
3 0.6326153693159848 0.5624864625330126 0.030269696856846905 0.01422909997176518
5 0.3678657028572121 0.780510607511337 0.015988873035529316 0.008722552616718459
4 0.4113845705160578 0.7039249916839692 0.013300520678164318 0.017915542093374804
5 0.3891350430134679 0.5929573996047118 0.014717471463952681 0.01488154735504672
4 0.41535509470887905 0.5513992311606255 0.02111302067816432 0.018370568401734032
5 0.44376053867024173 0.42928130745486737 0.017769696856846907 0.0135010578783902
5 0.4594390425991831 0.4458618627024217 0.013227746071058633 0.016353042093374626
5 0.48025031038186344 0.3186014126883043 0.01918664764263518 0.010467063140062117
5 0.5369155332935582 0.36342036000099864 0.01471747146395277 0.014881547355046631
5 0.4106484398275335 0.2824294232822352 0.01762414764263518 0.010376057878390377
5 0.44958250723871035 0.3042813074548673 0.019113873035529316 0.008904563140062206
3 0.3562734629868973 0.22207648123121268 0.021113020678164406 0.018370568401734032
3 0.34630764991894675 0.368769470707869 0.022529971463952768 0.01533657366340586
5 0.2668341656347124 0.4268102128859484 0.01337329528527036 0.019478042093374802
5 0.28226226654433517 0.3814900076101591 0.025582196856846907 0.013956084186749606
5 0.27187057609762916 0.36913422077845615 0.020676373035529317 0.008995568401734034
5 0.8464424288692788 0.5631899307512199 0.020894696856846907 0.013683068401734033
7 0.8293534363128767 0.4423391044569781 0.02082192224974122 0.012120568401734033
7 0.7396615818885974 0.618856830850042 0.01642552067816432 0.01809755261671846
4 0.7634587626153937 0.39384912557425267 0.025582196856846907 0.013956084186749606
3 0.6483988428468521 0.3581629835796999 0.020967471463952593 0.015245568401734032
4 0.5750919294884513 0.30062422838861524 0.021040246071058633 0.016808068401734034
4 0.6018470204732767 0.41577108625288817 0.019477746071058632 0.016717063140062292
5 0.29452036393930137 0.4715080628577136 0.01918664764263518 0.010467063140062294
5 0.24157514640429004 0.49819238922254244 0.01784247146395277 0.015063557878390199
2 0.25483281762057375 0.5835684471009328 0.04684076674922295 0.03545165258848364
5 0.11760464537083277 0.586542986704646 0.022238873035529315 0.009086573663405772
5 0.1309972113342675 0.551288026167185 0.023946922249741043 0.012302578925077867
5 0.10333028370784299 0.4893571735645839 0.017769696856846862 0.0135010578783902
7 0.05460599338497143 0.4254164999294128 0.017696922249741 0.0119385578783902
5 0.06826607899311328 0.4685140525461313 0.019186647642635134 0.010467063140062117
7 0.08044720947224067 0.3415343235928187 0.01911387303552927 0.008904563140062206
7 0.09298790488134545 0.27411160516284977 0.017842471463952726 0.015063557878390376
5 0.26024602543567543 0.31597142342340956 0.020821922249741043 0.012120568401734033
5 0.1708815409465533 0.7713876945406841 0.01598887303552927 0.008722552616718459
5 0.552514800457066 0.48261768103356867 0.019259422249741042 0.012029563140062293
7 0.6210122433849714 0.4584059072854581 0.014571922249741043 0.01175654735504672
3 0.1752138999189467 0.3588043945548015 0.019404971463952682 0.015154563140062116
4 0.18740568486513481 0.34933068401734035 0.022384422249741 0.012211573663405861
4 0.1863761858985921 0.2536996656014889 0.017988020678164407 0.018188557878390375
4 0.16286591129148625 0.2538970866764112 0.013009422249740998 0.011665542093374804
3 0.09520968445085004 0.19277059990117795 0.015008569892376155 0.02113154735504663
3 0.17286595761021384 0.14010760246142673 0.020967471463952725 0.015245568401734032
3 0.38076619478993223 0.20078531015629042 0.020821922249741043 0.012120568401734033
3 0.32978589164677913 0.1852821365211194 0.011665246071058543 0.01626203683170293
4 0.05466595947224066 0.34003273677523327 0.017842471463952726 0.015063557878390376
2 0.4294818689017001 0.39946500483814884 0.02238442224974104 0.01221157366340595
2 0.45239498407934653 0.3616310758707188 0.011592471463952769 0.014699536831702886
2 0.44687273015040513 0.34564205482403143 0.019332196856846905 0.013592063140062205
2 0.4400426873463342 0.32409327851567216 0.01606164764263518 0.01028505261671846
2 0.34157095409555716 0.2854564417686738 0.02096747146395277 0.015245568401734032
2 0.36084533891791076 0.32574751280124375 0.017696922249741044 0.011938557878390377
2 0.3583153442945942 0.3968867654320797 0.014863020678164496 0.01800654735504672
3 0.31822549938082745 0.26529586021276014 0.020821922249741043 0.012120568401734033
2 0.11191122518800638 0.4060364393495994 0.01955052067816441 0.018279563140062294
2 0.08364067597379465 0.4075233446395061 0.01620719685684686 0.01341005261671846
2 0.008150524402218078 0.3968595894484214 0.013154971463952716 0.014790542093374803
2 0.0861321292407823 0.370850097270342 0.014571922249740998 0.011756547355046632