7 0.541130345737827 0.48695785165205213 0.015988873035529316 0.008631371551297562
7 0.52747876054397 0.37881448100526577 0.013009422249741043 0.01159259724103805
7 0.5978833058292403 0.3939205026019918 0.015988873035529316 0.008631371551297562
7 0.4769543757216164 0.4206202007021124 0.014571922249741043 0.011674484396167806
5 0.5600579741500399 0.42253018148023563 0.01493579528527036 0.019486984396167806
5 0.508591711744043 0.22552238466873892 0.01784247146395259 0.01496325870642723
5 0.5807578101724664 0.22800557553277034 0.02074914764263518 0.01043953301668683
7 0.24931533498446007 0.6447857982818348 0.016207196856846906 0.013318871551297563
7 0.2769266046291673 0.5650230551792397 0.020821922249741043 0.012002033016686653
7 0.4116719398230243 0.6668201713034703 0.019113873035529316 0.008795145861557075
5 0.3582023374656595 0.6790202781554467 0.02074914764263518 0.01043953301668683
5 0.38169549544737685 0.6958016644060654 0.019113873035529316 0.008795145861557075
5 0.33567236600170675 0.6661041983272632 0.00846747146395277 0.014471935775648603
7 0.30208292410725857 0.7352160464728124 0.01784247146395277 0.01496325870642714
5 0.6871170878799442 0.5106332898025501 0.024238020678164496 0.018415807326946164
5 0.7037074284504848 0.5473553618288174 0.017696922249740864 0.011838258706427318
5 0.7363379919327201 0.5417294815710927 0.022311647642635178 0.010521420171816587
5 0.7235512016098486 0.6034858531223902 0.01784247146395277 0.01496325870642714
5 0.6752592508240604 0.6091493549314124 0.02074914764263518 0.01043953301668683
5 0.7411218453235423 0.6276260379935278 0.020821922249741043 0.012002033016686831
5 0.6444543988809802 0.4690123558359236 0.02260274607105863 0.016771420171816587
5 0.7743387979713574 0.4159991412274596 0.014863020678164317 0.017924484396167627
5 0.6276927762597356 0.31090992876670215 0.01762414764263518 0.010275758706427319
5 0.41833285462916725 0.5576122676399973 0.022384422249740864 0.012083920171816587
7 0.33301393878956703 0.5753973111721334 0.01606164764263518 0.010193871551297562
7 0.37914407609311995 0.5737628900958058 0.00824914764263518 0.00978443577564878
7 0.5469930097154004 0.6800903759623116 0.020821922249741043 0.012002033016686831
5 0.5291505382514478 0.666928634668739 0.01762414764263518 0.01027575870642714
5 0.6055631809316842 0.5924398897571216 0.01784247146395259 0.014963258706427318
7 0.9085190529337563 0.4888490637741253 0.01769692224974122 0.01183825870642714
5 0.6744821931327932 0.3906892820006339 0.016134422249741043 0.011756371551297561
5 0.7323546592200625 0.4730204251486575 0.017915246071058634 0.016525758706427317
5 0.20725830582924026 0.4143922913844298 0.01784247146395277 0.014963258706427318
2 0.3023204028099217 0.4712796992317744 0.04684076674922304 0.035187227498762755
7 0.4955931755550007 0.6694704585040286 0.016134422249741043 0.011756371551297561
7 0.26925749979060304 0.5348818537997587 0.011446922249741042 0.011510710085908116
7 0.25401564350429673 0.5607416689286211 0.011446922249741042 0.011510710085908293
2 0.22825366418246115 0.579321250565827 0.017696922249741044 0.01183825870642714
7 0.38855965570540574 0.35555180065668396 0.012863873035529317 0.00846759724103805
7 0.34773560256225267 0.37022181026762235 0.011374147642635179 0.009948210085908293
7 0.4130310785743193 0.6119279534156459 0.011301373035529139 0.008385710085908294
7 0.37893652253568205 0.7374535758714545 0.015916098428423453 0.007068871551297562