3 0.7641368709898957 0.6438705830781677 0.02401050296574958 0.015017504942915849
3 0.7367321125869387 0.6826638276409602 0.016452670950527094 0.02094916996194378
3 0.7035057771116753 0.6914830707208781 0.023883168973360826 0.01189250494291585
3 0.8376446496588077 0.5107025974126238 0.014953837946721648 0.02244800296574958
3 0.7133768201150433 0.48764048771707247 0.027071835969555025 0.013582338935304606
3 0.6921239026245573 0.4906872332684481 0.02719916996194378 0.016707338935304607
3 0.7208046595446396 0.45898890570184997 0.02251166996194378 0.01651633794672147
3 0.7158279994685274 0.42748423771707245 0.017951503954332714 0.019450336958138338
3 0.514581175856262 0.37311377821180153 0.028634335969555204 0.013646005931499072
5 0.8206401748676788 0.39028000946590224 0.023883168973360826 0.01189250494291585
5 0.7892124668452827 0.5854187545229864 0.013136669961943782 0.016134335969555026
5 0.7280136175670358 0.26286332220375275 0.017633168973360824 0.011637836958138336
5 0.841162216388172 0.1939143454354574 0.019068334980971713 0.008576503954332714
4 0.8553865424718954 0.22892601539740126 0.027071835969555025 0.013582338935304606
4 0.7586242890118543 0.24141674513144623 0.020821835969555023 0.013327670950527093
7 0.7683839495822581 0.27076866410480693 0.02063083498097189 0.008640170950527094
5 0.5621551487074056 0.10820370262236971 0.017633168973360824 0.011637836958138336
3 0.44030005334631034 0.16036442741349877 0.02538200197716627 0.010393671939110272
3 0.2322063690499104 0.2356178009120335 0.02094916996194396 0.016452670950527094
3 0.26845422825117016 0.11423489083592131 0.022575336958138337 0.018078837946721472
4 0.3401209812169197 0.10306923916276614 0.022320668973360734 0.01182883794672147
5 0.2541384243733872 0.36954447334543533 0.020758168973360736 0.011765170950527093
3 0.04946285323257964 0.30329609634967847 0.025382001977166346 0.010393671939110227
3 0.06369651920300981 0.7029751027754692 0.02101283695813829 0.01801517095052709
4 0.10044976129434442 0.7420349441822317 0.01438083498097198 0.00838550296574958
4 0.06019483441231828 0.7889126027754692 0.015943334980971956 0.008449169961943958
3 0.18590444163641165 0.6805655449805345 0.023946835969555113 0.01345500494291585
3 0.09484174844276314 0.802845110189843 0.015879667984777558 0.006886669961943781
5 0.20695442927912197 0.7401142999234503 0.019195668973360735 0.011701503954332716
3 0.39059725882288643 0.7655957554743885 0.025509335969555114 0.013518671939110405
5 0.45537468323345465 0.7314555188202613 0.014635502965749581 0.014635502965749581
4 0.313765503385679 0.7882891561589606 0.01594333498097189 0.008449169961943781
4 0.22332223410830712 0.8761618878701718 0.011637836958138336 0.017633168973360824
7 0.3411132064651593 0.6164605771094877 0.01594333498097198 0.008449169961943781
7 0.4521567717116488 0.3110965978697343 0.01756950197716627 0.010075336958138337
5 0.5008158117120863 0.5188891932308295 0.019195668973360825 0.011701503954332716
4 0.5672883873015181 0.5583774575652856 0.015943334980972067 0.008449169961943958
1 0.6654898294694024 0.8370528972988929 0.030515170950527092 0.021522172927693362
1 0.8006937949061724 0.6109280904925415 0.024137836958138335 0.01814250494291585
1 0.7855555676435854 0.5023197530401117 0.021140170950527094 0.021140170950527094
0 0.8548613245636677 0.4722767673745677 0.05780718281352506 0.07879084486680377
1 0.7715341714076377 0.4047125825838761 0.011383168973360825 0.011383168973360646
1 0.7231696086697872 0.304923488211364 0.022575336958138337 0.018078837946721472
1 0.6970182855518132 0.25533998227986493 0.015943334980972067 0.008449169961943958
1 0.8355263231179739 0.08256300996019383 0.021012836958138336 0.01801517095052709
1 0.4513582756659815 0.2922829308735399 0.02401050296574958 0.015017504942915849
1 0.41946499403131987 0.4412324254363324 0.027262836958138338 0.018269838935304605
1 0.5239774446021612 0.680255116158523 0.024265170950527094 0.02126750494291585
1 0.42356626772013506 0.7246815953982763 0.024137836958138335 0.01814250494291585
1 0.43197699251126415 0.8447540148659286 0.02407416996194378 0.01658000494291585
1 0.25842013429858757 0.9558467292769344 0.022639003954332715 0.019641337946721647
1 0.11551368718778736 0.698826113649884 0.025764003954332714 0.01976867193911023
1 0.23189205676917046 0.5314078033834914 0.032268671939110226 0.026273339923887917
1 0.2023173033091293 0.5466362139538952 0.024074169961943958 0.01658000494291585
1 0.07257806517212742 0.4850063527754691 0.024137836958138294 0.01814250494291585
1 0.005349391787323443 0.24572633547526354 0.010698783574646886 0.019577670950527093
1 0.17549079543764498 0.1871365385547438 0.027199169961943916 0.016707338935304693
2 0.7385784554765762 0.6373513276409601 0.03239600593149916 0.029398339923887917
2 0.6337636214841873 0.636210638895936 0.04170733893530461 0.028217841901054187
1 0.4814211659704302 0.4187154382879138 0.011383168973360825 0.011383168973360825
1 0.5576308388981236 0.39208395410524444 0.016007001977166268 0.01001166996194396
1 0.5702661486702245 0.5045030410633828 0.012882001977166269 0.009884335969555024
1 0.5628064757425312 0.5339358730786052 0.011383168973360825 0.011383168973360825
1 0.5471323961987666 0.515298619618564 0.009629667984777513 0.006632001977166268
1 0.6465859095446396 0.4559647233826164 0.011255834980972068 0.008258168973360824
2 0.3762867025108266 0.6366749180219585 0.027517504942915848 0.024519838935304607
1 0.3769247365797651 0.8706825034972223 0.006504667984777513 0.006504667984777513
1 0.38130051327151077 0.744088169999125 0.008194501977166358 0.009693334980972069
1 0.4184039238419145 0.7745542614058876 0.01125583498097189 0.008258168973360824
1 0.3399314139560828 0.8183095785923623 0.009693334980971979 0.008194501977166624
1 0.31066299699706945 0.42271323570272495 0.009693334980971979 0.008194501977166268
1 0.29645591695901335 0.4064833992388783 0.01281833498097198 0.008321835969555024
1 0.118378702016535 0.628513613649884 0.008130834980971979 0.008130834980972067
1 0.09137980330912933 0.5421158572240934 0.009693334980971958 0.008194501977166268
1 0.16778313581864338 0.5491417900376186 0.009693334980971979 0.008194501977166268
1 0.09375272821398911 0.5030851907221906 0.009693334980971958 0.008194501977166268
2 0.1106816071497313 0.6829782791632036 0.024074169961943913 0.01658000494291585
1 0.15701141498184698 0.4101920365775774 0.008194501977166358 0.009693334980972069
2 0.22528125391715167 0.3863672174139363 0.030833505931498983 0.02933467292769345
2 0.06308507106644543 0.8524166872621495 0.024265170950527094 0.02126750494291585
2 0.492414426807664 0.763484110227024 0.027326503954332716 0.019832338935304606
2 0.5038320878723594 0.790555946196579 0.027326503954332716 0.019832338935304606
1 0.5307433226236823 0.0724916957022875 0.021012836958138336 0.01801517095052709
1 0.5697912351712524 0.09364645410524448 0.028825336958138336 0.018333505931499027
3 0.5012946086697871 0.2958827747517604 0.02713550296574958 0.015144838935304605
1 0.43971389665587723 0.9045428503411923 0.02582767095052709 0.02133117193911005
1 0.09963272471676696 0.9157271121670092 0.024265170950527094 0.02126750494291585
1 0.8139205785551813 0.05585858851537516 0.024137836958138335 0.01814250494291587
1 0.14060114228161505 0.12154603064607841 0.024137836958138335 0.01814250494291585
1 0.0019524777568785743 0.21900466798477755 0.0039049555137571487 0.016134335969555113
3 0.7178441442216004 0.53164515570185 0.023883168973360826 0.01189250494291585