3 0.7423138862207004 0.797319730323838 0.028506945916316084 0.012411468792335612
3 0.7431571344066018 0.8404113110565327 0.022256945916316086 0.012083920171816231
3 0.7337127017371298 0.7522562138154946 0.022256945916316086 0.012083920171816587
3 0.6848486158022803 0.7395205184289073 0.02376488221398514 0.010603307326946166
3 0.7532836464723194 0.662491028944357 0.022147818511654194 0.008958920171816587
3 0.6947543838584476 0.6351605670494264 0.02845238221398514 0.01084896879233561
3 0.6539756164352525 0.6150218074384879 0.020967264427970277 0.01981453301668683
3 0.6804016740623156 0.8668642684289074 0.028397818511654193 0.009286468792335611
3 0.686904645206375 0.9047737042045562 0.009811509618646852 0.012991322930778537
3 0.6310762858578807 0.8000994923096256 0.01622520072563951 0.018006371551297563
3 0.6079661680718658 0.7894961849826793 0.022311509618646853 0.013646420171816586
5 0.7704835593563436 0.5733842633405247 0.022147818511654194 0.008958920171816587
5 0.7506075689749905 0.5598197303238379 0.022147818511654194 0.008958920171816587
5 0.811743476416719 0.6021577165290279 0.01902281851165455 0.008795145861557075
3 0.8923684830401409 0.5570742678630805 0.02236607332097762 0.015208920171816586
3 0.9404190918404811 0.4586268017842784 0.017787700725639156 0.018088258706427142
3 0.9502628285936373 0.5577603426028813 0.02091270072563951 0.01825203301668683
3 0.8372395281381504 0.4547847495457148 0.020912700725639156 0.018252033016686653
5 0.7776115569940909 0.4140911504956545 0.01924107332097762 0.015045145861557075
3 0.7372048118034144 0.40571208446228085 0.022147818511654194 0.008958920171816587
3 0.774449351459128 0.4374058197629598 0.02392857332097762 0.015290807326946165
3 0.790994499915182 0.3670490541591276 0.025272818511654194 0.00912269448207601
5 0.7035564981010834 0.40551401062699116 0.012936509618646851 0.01315509724103805
5 0.7374156321291672 0.35484894730715116 0.01606150961864685 0.013318871551297563
5 0.6431075822218343 0.45556824230962556 0.019131945916316083 0.011920145861557074
5 0.6508531056354793 0.5475477023955337 0.019131945916316083 0.011920145861557074
3 0.6489111489193901 0.4910929845077094 0.025381945916316085 0.0122476944820761
3 0.6563044974681113 0.525918363860923 0.02236607332097762 0.015208920171816586
3 0.7168749536360464 0.38273160786802923 0.02091270072563951 0.01825203301668683
3 0.5200867444728864 0.48199354420950496 0.028506945916316084 0.012411468792335612
3 0.5229736422959681 0.5338017056748943 0.02236607332097762 0.015208920171816586
5 0.5826239168907394 0.7083347161903437 0.016006945916316084 0.011756371551297561
3 0.4692409739696483 0.7501360345985665 0.017842264427970277 0.01965075870642714
3 0.4633754090861911 0.6715606552453528 0.02705357332097762 0.015454581637205677
5 0.47492303349562787 0.6322491717536962 0.023819445916316084 0.012165807326946165
5 0.4341095497376967 0.5682785249876281 0.022256945916316086 0.012083920171816587
5 0.40253216752371157 0.576015781885033 0.016170637023308565 0.016443871551297562
3 0.4554389127143882 0.5850499451594445 0.014717264427970278 0.019486984396167806
5 0.3910465744172861 0.4118337731786058 0.020694445916315907 0.012002033016686653
3 0.39268843077055554 0.47688224106643007 0.017842264427970277 0.01965075870642714
5 0.2914805617185963 0.7079474553362098 0.014444445916315996 0.011674484396167806
3 0.2959820671608919 0.5790412053362098 0.02236607332097762 0.015208920171816586
3 0.5624428808632228 0.5914404652858325 0.028506945916316084 0.012411468792335612
3 0.5518426867610053 0.5587950616223594 0.014608137023308565 0.016361984396167806
5 0.5996899097191634 0.5558238698538169 0.01767857332097762 0.01496325870642714
5 0.7094865503706689 0.45982969640263993 0.008358137023308565 0.016034435775648604
5 0.6657663214220613 0.38944527532631235 0.009756945916316085 0.011428822930778538
5 0.73311256724571 0.2763554551090673 0.016006945916316084 0.011756371551297561
7 0.7301958983712359 0.29263887437637265 0.019022818511654195 0.008795145861557075
7 0.5984572480162654 0.7256007813192061 0.014280754809323426 0.006986984396167628
7 0.5477479198859643 0.743292892355054 0.012827382213985139 0.010030097241038049
7 0.5775991109929569 0.7401612483025193 0.017514882213985138 0.01027575870642714
0 0.6759522762392338 0.8149742198083884 0.06235615626060227 0.04381859905006032
7 0.6449503020999494 0.7389948959730986 0.019022818511654195 0.008795145861557075
7 0.634434442751455 0.6366954115769309 0.015843254809323425 0.007068871551297562
7 0.7097370323145016 0.5647219142904644 0.009811509618646852 0.012991322930778537
7 0.5930008777831799 0.8818507813192061 0.012609127404661713 0.0037800972410380494
7 0.587948790034232 0.9144585634313817 0.011155754809323426 0.006823210085908471
7 0.5933183363133676 0.895172974896771 0.00970238221398514 0.009866322930778538
3 0.616366455913481 0.8627256450685875 0.023764882213984963 0.010603307326946166
3 0.6117508777831798 0.8828334271807631 0.025272818511654194 0.009122694482076098
3 0.6256546650766409 0.7536372501115416 0.01935020072563933 0.018170145861557074
7 0.8683283262313847 0.3937996619156152 0.014280754809323426 0.006986984396167806
7 0.8715723773198437 0.3681412426483098 0.014335318511654194 0.008549484396167806
7 0.849935479496762 0.31535043532136353 0.019022818511654195 0.008795145861557075
7 0.6761929007334887 0.44947537256735026 0.011483137023308387 0.016198210085908115
7 0.3855976386677711 0.6126969103337355 0.014280754809323426 0.006986984396167628
7 0.3666665893934105 0.5944858208946135 0.016006945916315997 0.011756371551297561
7 0.4118625275051782 0.5553724112382467 0.016006945916316084 0.011756371551297561
7 0.4163267942954011 0.6964887341690251 0.00970238221398514 0.009866322930778538
7 0.46433279619431767 0.3303624451594446 0.006686509618646852 0.012827548620519024
7 0.32651284846390316 0.37714451266315613 0.017460318511654194 0.008713258706427317
7 0.38255445110415753 0.8567335153766896 0.02214781851165428 0.008958920171816587
7 0.2410019012816428 0.6293820420617984 0.016116073320977708 0.014881371551297562
7 0.4955777846767543 0.7131649790806425 0.015897818511654192 0.008631371551297562
7 0.4740177540067153 0.7926510832190855 0.011319445916316085 0.011510710085908116
3 0.7419394079050647 0.6063262381257541 0.02091270072563951 0.018252033016686653
3 0.7054984217000628 0.7085128578680292 0.01924107332097762 0.015045145861557075
3 0.7007637924813026 0.7544428335577698 0.016170637023308565 0.016443871551297562
3 0.7522816524627691 0.7360104160994867 0.014662700725639511 0.017924484396167804
7 0.7618153651693081 0.8664349004956545 0.01735119110699248 0.005588258706427496
7 0.7385861962948341 0.8816537867462731 0.00970238221398514 0.009866322930778182
3 0.754456732955323 0.8754414082975706 0.025218254809323427 0.007560194482076099
3 0.8179562377646464 0.8725078380803254 0.02063988221398496 0.010439533016686653
3 0.7613441392159253 0.8351030133405246 0.014608137023308565 0.01636198439616763
3 0.5024751146211539 0.6501293905460317 0.022256945916316086 0.012083920171816587
3 0.5125594758685649 0.38376408412359664 0.01778770072563951 0.01808825870642732
3 0.45568199329176 0.39878489653892557 0.025381945916316085 0.012247694482076011
3 0.45265619701262433 0.41819331580623087 0.019022818511654195 0.008795145861557075
3 0.2835539890305908 0.5987395516727367 0.019295637023308564 0.016607645861557073
3 0.36579108095589 0.6867961516273082 0.01935020072563933 0.018170145861557074
3 0.31906984837908514 0.7023492305509805 0.025327382213985138 0.0106851944820761
3 0.4159969228811892 0.7731740649017198 0.025381945916316085 0.0122476944820761
3 0.45521567950461106 0.7259206066248338 0.014662700725639511 0.017924484396167804
3 0.5146080376719792 0.7509482620973292 0.022256945916315905 0.012083920171816587
3 0.6167112294119439 0.6287224592929388 0.014608137023308565 0.016361984396167806
3 0.754136851459128 0.43634128674627304 0.025381945916316085 0.0122476944820761
3 0.8475892402965352 0.3825379353213635 0.02403770072563951 0.018415807326946344
3 0.8384225714220612 0.3984938059681499 0.019295637023308387 0.016607645861556986
3 0.92269587850097 0.45065384950028625 0.017842264427970277 0.019650758706427317
3 0.7580282324919868 0.3473197303238379 0.02236607332097762 0.015208920171816498
3 0.6256026236916467 0.4413452900256334 0.020912700725639333 0.01825203301668683
7 0.6013888520921002 0.305455377655733 0.015897818511654192 0.008631371551297562
7 0.5621899428362731 0.30731444877748915 0.009593254809323427 0.006741322930778537
3 0.4785217817663474 0.3498903731331772 0.025272818511654194 0.009122694482076098
3 0.5017410269570239 0.3573686804601235 0.02376488221398514 0.010603307326946254
3 0.5874503484639032 0.39081966756982467 0.025436509618646852 0.013810194482076099
3 0.39407237069642176 0.39242535391130035 0.016116073320977708 0.014881371551297562
3 0.4299453833102934 0.4185684520568495 0.023710318511654192 0.009040807326946166
3 0.49913683821228416 0.521594954770383 0.011592264427970279 0.019323210085908295
3 0.49505697342149413 0.5487749304601235 0.02091270072563951 0.01825203301668683
3 0.45686005817521724 0.4771146144267499 0.022311509618646853 0.013646420171816586
3 0.5428496326773213 0.5473662386915809 0.01924107332097762 0.015045145861557075
3 0.5097171849469068 0.5996347455889859 0.016170637023308565 0.016443871551297562
7 0.5190748267795386 0.5782101249421995 0.009756945916316085 0.011428822930778538
3 0.5249924661651001 0.7225333350281078 0.02091270072563951 0.01825203301668683
3 0.3532811572720926 0.7088382479638351 0.013100200725639421 0.01784259724103805
3 0.3877479265093863 0.6855988217991248 0.025381945916316085 0.0122476944820761
3 0.43806538503957404 0.7015414043408417 0.02560020072563951 0.0184976944820761
3 0.34358372034145124 0.8296453929208809 0.019022818511654282 0.008795145861557075
3 0.35890861997863155 0.8390580144721784 0.016006945916315997 0.011756371551297561
3 0.5642508844066019 0.831035231794176 0.02220238221398514 0.010521420171816587
3 0.6201189384902858 0.844920669378847 0.01935020072563951 0.018170145861557074
3 0.47515861335520954 0.8944592446844748 0.017460318511654194 0.008713258706427496
3 0.5537176337736296 0.953363933173657 0.011374009618646852 0.013073210085908471
3 0.2571303543695349 0.7726750186560499 0.02063988221398514 0.01043953301668683
3 0.28250237660205346 0.7857449067156909 0.014608137023308565 0.01636198439616763
3 0.2829215280533323 0.751328963138126 0.01778770072563942 0.018088258706427142
3 0.2354289691603249 0.7441439049066686 0.02549107332097771 0.015372694482076099
3 0.25360853948607776 0.694222470035531 0.019131945916315996 0.011920145861557074
3 0.3457985286863045 0.6317434814554916 0.02549107332097771 0.015372694482076099
3 0.26822165490983985 0.5447137929663095 0.019131945916315996 0.011920145861557074
3 0.3167682823145016 0.5441272947753317 0.02236607332097771 0.015208920171816586
3 0.3231373334029607 0.5186326498182859 0.020694445916315994 0.012002033016686653
3 0.3510812841286001 0.5028781750330567 0.02688988221398514 0.010767081637205678
3 0.5183630425661206 0.41928882632168046 0.01622520072563951 0.018006371551297563
3 0.31653515853803693 0.4611510204650722 0.02080357332097771 0.015127033016686654
3 0.30831591997078234 0.4051500039567289 0.019241073320977707 0.015045145861557075
3 0.2741046110777749 0.39866098654387433 0.017733137023308566 0.016525758706427317
3 0.176187922333035 0.557892144391219 0.019241073320977707 0.015045145861557075
3 0.1749974445655536 0.5695699508136541 0.014608137023308565 0.016361984396167806
3 0.17495031534679337 0.6157455879687839 0.019131945916315996 0.011920145861557074
3 0.2061531861280331 0.6635589682265086 0.022256945916315996 0.012083920171816587
3 0.20029256652791974 0.6969070567611194 0.016170637023308565 0.016443871551297562
3 0.7269791291339421 0.317516043643678 0.028506945916316084 0.012411468792335522
3 0.6432117643431523 0.3405197744218012 0.019186509618646853 0.013482645861557074
3 0.6737003617107471 0.2967221867917016 0.01924107332097762 0.015045145861557075
3 0.7849553202409348 0.3158583683834788 0.019295637023308564 0.016607645861557073
7 0.7868724843060854 0.30578400553860857 0.012827382213985139 0.010030097241038049
7 0.7499974776826634 0.35316029454818915 0.018913691106992658 0.0056701458615570745
3 0.44909462115975796 0.9236178002023987 0.01924107332097762 0.015045145861557075
3 0.32754952569107965 0.5940011420163698 0.019131945916315996 0.011920145861557074
3 0.5305654314035277 0.3612273428300239 0.014499009618646853 0.013236984396167805
3 0.9740698947430388 0.39151454488687343 0.022256945916316086 0.012083920171816587
3 0.9567286273198438 0.3726040926028813 0.014608137023308387 0.016361984396167806
3 0.8526388057281465 0.6637846132950962 0.022202382213985315 0.010521420171816587
3 0.8128396957466799 0.6828311844168524 0.01924107332097762 0.015045145861557075
3 0.7715375947508881 0.8121568362713031 0.011592264427970279 0.01932321008590847
3 0.7520336266020535 0.8103519968321813 0.019186509618646853 0.013482645861557074
3 0.6143748807784049 0.9197568950685875 0.01778770072563951 0.018088258706427142
3 0.6694517611782913 0.9562985826532586 0.022256945916316086 0.012083920171816587
3 0.6169468092715256 0.8909325322237173 0.022147818511654194 0.008958920171816587