3 0.2984463025772479 0.31338531207664466 0.02721759724103805 0.013892081637205855
3 0.3631052668470277 0.2167725836733707 0.013564533016686831 0.020967597241038048
3 0.17027703697341565 0.3342035023748492 0.019650758706427275 0.018170145861557074
3 0.27168564450276067 0.8341791689286211 0.02137703301668683 0.021377033016686652
5 0.679019030414695 0.5644952741987178 0.02121325870642714 0.01825203301668683
3 0.5790024202833581 0.6441595200148463 0.02721759724103805 0.013892081637205855
4 0.8148137675243963 0.6443355031678187 0.037002033016686656 0.022195904567984214
3 0.8352569058111797 0.24216549355688027 0.019814533016686654 0.021295145861556987
5 0.8525826831736569 0.5428648564017505 0.01784259724103805 0.013400758706427141
1 0.8269973484842336 0.21909648575496413 0.021377033016686652 0.02137703301668683
1 0.5729615394598065 0.812906197988579 0.05237472749876275 0.047932888964152195
1 0.698251466529028 0.7969392820006339 0.04053646879233561 0.03017217887824373
1 0.6194481993433161 0.33964908243017533 0.016198210085908115 0.011756371551297561
1 0.6193829223195231 0.2636631145423509 0.014553822930778537 0.010111984396167806
1 0.6604284034363305 0.4040900407070612 0.012909435775648782 0.00846759724103805
1 0.5266133254171693 0.48160861035847946 0.00978443577564878 0.008303822930778536
1 0.4125408593383673 0.532240453415646 0.012909435775648782 0.00846759724103805
1 0.47711237166283915 0.6432321850982803 0.013073210085908293 0.01159259724103805
1 0.939628981794176 0.5445701192920492 0.011510710085908472 0.011510710085908293
1 0.6912357473980082 0.5434867333801149 0.011510710085908293 0.011510710085908116
1 0.92455725972248 0.645634652308736 0.012991322930778537 0.010030097241038049
1 0.6207118854576491 0.5730347925160835 0.014471935775648781 0.008549484396167628
1 0.810213719469704 0.43697670454729975 0.00994821008590847 0.011428822930778538
1 0.6354981659879451 0.09282167006027488 0.011510710085908293 0.01151071008590827
1 0.7040744255988834 0.13074771596726042 0.013073210085908293 0.011592597241038005
1 0.8281060628655549 0.7783829545472998 0.012909435775648603 0.00846759724103805
1 0.7853287426483098 0.8440798756236273 0.012991322930778537 0.010030097241038049