4 0.37237641721157966 0.5597933802733581 0.022065914772652385 0.011319329545304768
4 0.39456506290950855 0.5422064598186629 0.022038641233702007 0.009756829545304768
4 0.3995156156694521 0.5719894172049891 0.023682961850552964 0.014471603084255057
5 0.5950498526805132 0.29406678895693056 0.017487508928453722 0.017487508928453722
2 0.624085372976348 0.8244224906612139 0.012690914772652384 0.011155688311602675
2 0.5641627224071553 0.6756752991032002 0.015815914772652206 0.011210235389503432
2 0.5775979310112973 0.7118582609537534 0.018940914772652206 0.01126478246740419
2 0.6204224050367151 0.6313310097359374 0.017378414772652385 0.01123750892845372
2 0.6855973916440344 0.6582577483718517 0.015761367694751626 0.008085235389503431
2 0.8018263636408574 0.670445877023652 0.022065914772652205 0.011319329545304768
4 0.7477252447282895 0.6358975531603901 0.012690914772652384 0.011155688311602675
2 0.7006008287378211 0.6045969602224047 0.015815914772652383 0.011210235389503432
2 0.6306292479747004 0.5838384009696395 0.02368296185055314 0.014471603084255236
2 0.6186571278443167 0.5086065758885615 0.014253414772652384 0.011182961850553142
2 0.7189025896948698 0.49628958238138327 0.012690914772652384 0.011155688311602675
2 0.7455293194023304 0.4483020957740639 0.015761367694751626 0.008085235389503431
2 0.46717071997152315 0.5911445661493289 0.018940914772652383 0.01126478246740419
2 0.43065079302400616 0.6686559115229462 0.015815914772652383 0.011210235389503432
2 0.37097578409555243 0.6848070170428333 0.018886367694751716 0.008139782467404188
2 0.29933438352635955 0.5358552739426921 0.015761367694751626 0.008085235389503254
2 0.2928758778443167 0.5029200430174156 0.014307961850553053 0.014307961850553141