3 0.6038249813414996 0.028547808119915773 0.01894999466899989 0.01817014586155703
3 0.2883732513526355 0.12716120703369055 0.012736357336090798 0.020967597241038048
3 0.15406298070495278 0.27412913952997897 0.011228401336727112 0.025573210085908293
3 0.18871015336568034 0.22853667853955956 0.015824994668999892 0.018006371551297563
3 0.3262374253659985 0.22367435888814136 0.011228401336727067 0.025573210085908293
5 0.2761828813653622 0.2216072478522934 0.01893181333545444 0.016607645861556986
3 0.2508465266947714 0.19401119233436945 0.008067038669636251 0.022284435775648738
3 0.8564163687141797 0.3053305568767204 0.014280676002545433 0.019486984396167806
3 0.6498032893857248 0.3521181049314125 0.011210220003181703 0.024010710085908292
3 0.39761408072086113 0.37862413048486737 0.011228401336727156 0.025573210085908293
3 0.24813115404199806 0.2965596602221939 0.015861357336090797 0.021131371551297563
3 0.14158170938095235 0.3435751803485818 0.009665901336727113 0.025491322930778538
3 0.23676748738858838 0.39487100746323184 0.01280908267027261 0.02721759724103805
3 0.28457773138127057 0.3384262556542096 0.011228401336727067 0.025573210085908293
3 0.33068057204804324 0.33679183457788187 0.012681813335454439 0.01628009724103805
3 0.4787464493952699 0.4314381919956851 0.018968176002545432 0.019732645861557076
3 0.5029486600890868 0.6302917718238688 0.011228401336727067 0.025573210085908116
3 0.4717355700986318 0.7022829585040287 0.014335220003181704 0.02417448439616763
3 0.7202463427752678 0.7627413444159629 0.014317038669636161 0.022611984396167805
3 0.4973911927911761 0.8916796511770823 0.014353401336727068 0.025736984396167627
3 0.5501349321291759 0.9233114314802358 0.020457950668363624 0.013564533016686652
3 0.7023048647755858 0.766026796699955 0.017460220003181703 0.02433825870642714
3 0.08051858207349663 0.5375166101313369 0.014389764003818018 0.028861984396167627
3 0.3724008308004029 0.9662403171650272 0.01736931333545444 0.016525758706427494
3 0.6635310767424965 0.5241602012679394 0.014298857336090797 0.021049484396167627
3 0.5402475707351787 0.4766820929456248 0.012827264003817973 0.028780097241038048
3 0.5109776940642698 0.4469470053155253 0.011264764003817974 0.028698210085908293
3 0.4755021760423162 0.286988829150815 0.011246582670272431 0.027135710085908295
3 0.36208894478035847 0.819034446518241 0.014353401336727068 0.025736984396167627
3 0.4319474587841764 0.8435154681149669 0.011264764003817974 0.02869821008590847
5 0.6298704080203628 0.11708136363783975 0.011228401336727246 0.025573210085908293
5 0.5373101906826812 0.08988145579049511 0.011155676002545434 0.01932321008590825
5 0.5020721246817266 0.08469266678091453 0.012718176002545434 0.019405097241038026
5 0.4435601906826811 0.09479468509828022 0.009556813335454351 0.01611632293077849
5 0.41830565201304487 0.07422987958035625 0.008048857336090797 0.020721935775648757
5 0.37153974001431755 0.0860614942342488 0.012681813335454439 0.016280097241038006
5 0.330188581357408 0.16014744742275208 0.0065045386696361614 0.022202548620519024
5 0.4011919720321349 0.21583752544191323 0.011155676002545255 0.019323210085908295
5 0.49597776070177113 0.23275835255656324 0.012718176002545434 0.01940509724103805
5 0.5352311647039982 0.24711742367831951 0.009629538669636162 0.02236632293077854
5 0.5104129780394528 0.26405261816039555 0.015770450668363623 0.013318871551297563
5 0.628335727363135 0.18673544437053438 0.012736357336090798 0.020967597241038007
5 0.7087044800286351 0.17392450588135216 0.012736357336090798 0.020967597241038007
5 0.7901726560311804 0.18841637381460505 0.009593176002545434 0.019241322930778536
5 0.5232771520528157 0.3618759644969224 0.012718176002545434 0.01940509724103805
5 0.747486811386043 0.349343907735803 0.009593176002545256 0.019241322930778536
5 0.6984589653882702 0.3683296031223902 0.0064863573360907974 0.020640048620519026
5 0.5377032787237246 0.3923889801007546 0.012645450668363622 0.01315509724103805
5 0.46035043805695197 0.3956611442796773 0.008030676002545433 0.01915943577564878
5 0.47681977538190684 0.33304163557325006 0.012645450668363622 0.01315509724103805
5 0.3372578360518612 0.36458928595736284 0.011210220003181703 0.024010710085908292
5 0.3259754380569519 0.402703439620836 0.008067038669636161 0.02228443577564878
5 0.35757088339431536 0.43075319651824096 0.009593176002545344 0.019241322930778536
5 0.39405382340067874 0.47574479195025665 0.009629538669636162 0.02236632293077854
5 0.32556745273708765 0.5020040767759657 0.009593176002545344 0.019241322930778536
5 0.38473500942867744 0.6826089456137299 0.015806813335454438 0.016443871551297562
5 0.4987798754375861 0.7422971268668228 0.01268181333545435 0.01628009724103805
5 0.5626054707590412 0.6513988099289382 0.01573408800127272 0.010193871551297562
5 0.696472488104677 0.7350634017429092 0.011228401336727067 0.025573210085908116
5 0.7453457927673136 0.702796456356322 0.012663632001908986 0.01471759724103805
5 0.8160549980505886 0.33011587291009387 0.009574994668999892 0.017678822930778538
5 0.7869760253819068 0.3167870352799943 0.009556813335454351 0.016116322930778536
5 0.7666089813812705 0.3131640682966811 0.006431813335454351 0.015952548620519025
5 0.784269196053452 0.3528883095902538 0.011046588001272718 0.009948210085908293
5 0.7303447647199066 0.3541509164422303 0.009538632001908987 0.014553822930778537
5 0.7566260013924063 0.3957685283825893 0.00950226933481808 0.011428822930778538
5 0.763312353397497 0.43294097976207035 0.009484088001272716 0.009866322930778538
5 0.8302549527370877 0.4755545256690559 0.006431813335454351 0.015952548620519025
5 0.8288828093968608 0.4248142192466208 0.0064318133354547054 0.015952548620519025
5 0.698795867401315 0.464464296699955 0.0064681760025454334 0.019077548620519025
5 0.7446992607415421 0.5128708192011923 0.009556813335454351 0.016116322930778536
5 0.6893850520766783 0.5290590632082984 0.009574994668999892 0.017678822930778538
5 0.6857151594127691 0.5495762810961228 0.012609088001272539 0.010030097241038049
5 0.6814912834181779 0.589665692561512 0.009574994668999892 0.017678822930778538
5 0.6319270880808144 0.5625576379480993 0.0064681760025454334 0.019077548620519025
5 0.6724157280792236 0.5487098219147257 0.012609088001272539 0.010030097241038049
5 0.7247418440881324 0.6116325457954439 0.0064863573360907974 0.020640048620519026
5 0.6937191107574504 0.632801538898039 0.012718176002545434 0.01940509724103805
5 0.6869333087603138 0.6542637810961228 0.014153406667727353 0.008549484396167806
5 0.6392412434356771 0.7208647829051451 0.012663632001908986 0.01471759724103805
5 0.6365338667647682 0.6897376136378398 0.004887494668999892 0.01743316146538909
5 0.6203639741008591 0.7109099287667021 0.012609088001272539 0.010030097241038049
5 0.5083821421069041 0.7613370539360442 0.011082950668363623 0.013073210085908116
5 0.5010059941119949 0.799246489711693 0.00486931333545435 0.015870661465389447
5 0.5268781507797221 0.8057078516520522 0.008012494668999892 0.01759693577564896
5 0.6993305747135433 0.30887271596726046 0.009520450668363623 0.012991322930778537
5 0.679328252068724 0.47095663613907696 0.0064681760025454334 0.019077548620519025
5 0.7422640567313608 0.437952706356322 0.012754538669636162 0.02253009724103805
5 0.6682174820575882 0.3894576526474204 0.0065045386696361614 0.022202548620519024
5 0.6628492767345424 0.4655664512679394 0.007994313335454351 0.016034435775648604
5 0.7141957901018134 0.713027949458917 0.011046588001272539 0.009948210085908293
5 0.7529946607654046 0.6883245205806732 0.012645450668363622 0.01315509724103805
5 0.5847253714194507 0.6041176961795567 0.009520450668363623 0.012991322930778537
5 0.5896492287555415 0.6241845347141675 0.009556813335454351 0.016116322930778536
5 0.5679918574156325 0.5768525113084191 0.006431813335454351 0.015952548620519025
5 0.5510316240849507 0.5972845200148463 0.01257272533418181 0.0069050972410380496
5 0.5783390114178598 0.5927264948000757 0.0064681760025454334 0.019077548620519025
5 0.5302282280792235 0.5561615530315331 0.0064681760025454334 0.019077548620519025
5 0.5282748294079965 0.5226496901866629 0.004905676002545434 0.01899566146538927
5 0.4695810820734966 0.5171267085040286 0.008067038669636161 0.022284435775648603
5 0.45414698607572374 0.534351830055326 0.01417158800127254 0.010111984396167806
5 0.45399244474058753 0.5210705800553261 0.012609088001272717 0.010030097241038049
5 0.3851429947485417 0.5833083084586 0.014153406667727176 0.008549484396167806
5 0.4266310607494962 0.5881695488476616 0.009556813335454351 0.016116322930778536
5 0.4268765087523597 0.6092632988476616 0.011155676002545434 0.019323210085908295
5 0.4428378634229505 0.6373506772963641 0.0064681760025454334 0.019077548620519025
5 0.3721253740849506 0.606660599277203 0.01257272533418181 0.0069050972410380496
5 0.3709537727561777 0.6403362364323326 0.012645450668363622 0.01315509724103805
5 0.3152208460773146 0.553358536861874 0.00955681333545444 0.016116322930778536
5 0.3033748267424965 0.5430351905253471 0.008030676002545345 0.01915943577564878
5 0.27801120007158764 0.5130953850074231 0.0064499946689998925 0.017515048620519023
5 0.2647572220719058 0.5161351758260261 0.0065045386696361614 0.022202548620519024
5 0.3155651967297698 0.4485891497067442 0.012663632001908986 0.01471759724103805
5 0.26743623205758826 0.4104617079382017 0.009574994668999892 0.017678822930778538
5 0.27244135805217945 0.37033135289524755 0.0064499946689998925 0.017515048620519023
5 0.24144534937936152 0.32661565242027774 0.00799431333545444 0.01603443577564878
5 0.2293538820416799 0.29519855608375084 0.0064499946689998925 0.017515048620519023
5 0.15657091004931592 0.3552972523748492 0.011064769334818125 0.011510710085908293
5 0.16953453405472477 0.39448590513381115 0.006431813335454439 0.015952548620519025
5 0.22122430338954285 0.4027211290145294 0.00955681333545444 0.016116322930778536
5 0.22526691339113372 0.414235161126705 0.012627269334818081 0.01159259724103805
5 0.1549907760582246 0.42104508310754385 0.00955681333545444 0.016116322930778536
5 0.15399135005567927 0.4023360266851087 0.00955681333545444 0.016116322930778536
5 0.13682203138922472 0.404799285391536 0.00955681333545444 0.016116322930778536
5 0.10746124805058858 0.36725169776143635 0.00955681333545444 0.016116322930778536
5 0.10324591538031602 0.34089391564926075 0.0048693133354544395 0.01587066146538927
5 0.09199988005249758 0.38213306931273394 0.00946590666772722 0.008303822930778536
5 0.07925443204963409 0.36169441655377194 0.0032704506683635557 0.012663774310259512
5 0.06348398138127051 0.35001328810506943 0.008030676002545345 0.01915943577564878
5 0.09384419072245198 0.40626993215760415 0.009484088001272673 0.009866322930778538
5 0.11525611405949725 0.43250820556335245 0.006395450668363533 0.012827548620519024
5 0.18154418539145187 0.41887175147033806 0.006377269334818125 0.011265048620519025
5 0.20649927940004237 0.4808837505658269 0.012663632001908986 0.01471759724103805
5 0.1830708700668151 0.4828933078927731 0.012572725334181767 0.0069050972410380496
5 0.15622710673931484 0.5272950831075438 0.006431813335454439 0.015952548620519025
5 0.165175392743451 0.5573134537543302 0.008030676002545345 0.01915943577564878
5 0.1795106127466327 0.5800139693581624 0.00799431333545444 0.016034435775648604
5 0.23080948341022375 0.5546554432388806 0.012681813335454529 0.01628009724103805
5 0.22824810475013252 0.6032567175491401 0.00955681333545444 0.016116322930778536
5 0.09535378874917802 0.603185875735169 0.01259090666772722 0.00846759724103805
5 0.20426625942867743 0.6920669120312162 0.011082950668363534 0.013073210085908293
5 0.25859013275776854 0.6579508616016748 0.012699994668999893 0.01784259724103805
5 0.3322634427514052 0.6071862217330116 0.00955681333545444 0.016116322930778536
5 0.30185832741881424 0.6142517712580418 0.011119313335454439 0.016198210085908292
5 0.212958364735815 0.49852495194530794 0.00955681333545444 0.016116322930778536
5 0.2247043867361332 0.5002545482818348 0.009520450668363534 0.012991322930778537
5 0.18086348006840594 0.49473488862546783 0.012609088001272672 0.010030097241038049
5 0.3170309834499946 0.8432841740170037 0.009593176002545256 0.019241322930778536
5 0.2913497307844946 0.8532290620766446 0.009574994668999892 0.017678822930778538
5 0.25424008211326754 0.8215596602221937 0.0064681760025452565 0.019077548620519025
5 0.2601906374522218 0.8626793051792397 0.00799431333545444 0.016034435775648604
5 0.23696222278799445 0.8818763625061858 0.0064499946689998925 0.017515048620519023
5 0.22264518411835818 0.8607383469023537 0.012645450668363534 0.01315509724103805
5 0.20976337611390386 0.8285809441433918 0.006431813335454439 0.015952548620519025
5 0.30076054610913133 0.7886342955683012 0.012718176002545345 0.01940509724103805
5 0.2898866807765404 0.7946762556542095 0.00955681333545444 0.016116322930778536
5 0.24981566410722236 0.7772331281100182 0.009520450668363623 0.012991322930778537
5 0.2532946527689044 0.7403096602221938 0.011119313335454439 0.016198210085908115
5 0.27462476010499515 0.7595166836279421 0.012609088001272717 0.010030097241038049
5 0.3051935074394951 0.766513634102912 0.014189769334818081 0.011674484396167806
5 0.32877645810785866 0.7777853267759658 0.012663632001908986 0.01471759724103805
5 0.3293298940960865 0.690984689620836 0.014171588001272717 0.010111984396167806
5 0.2047571554344044 0.7342544120312161 0.01257272533418181 0.0069050972410380496
5 0.22613271610435884 0.7573676854369645 0.00799431333545444 0.01603443577564878
5 0.2317832794398133 0.7727060803940103 0.014135225334181812 0.006986984396167806
5 0.1915759027689044 0.743544202849819 0.009520450668363534 0.012991322930778537
5 0.17366169676954074 0.7491734051338111 0.0064499946689998925 0.017515048620519023
5 0.15826341609640465 0.7022950831075437 0.012609088001272672 0.010030097241038049
5 0.15240431476763172 0.7362163817280628 0.011010225334181768 0.006823210085908115
5 0.1397770454328136 0.7259339789691008 0.009520450668363534 0.012991322930778537
3 0.6950590560152721 0.07614210312239017 0.011210220003181703 0.02401071008590827
3 0.7373101906826811 0.07939989993388688 0.01887726933481808 0.01192014586155703
3 0.7851980860916321 0.6342611403229484 0.014371582670272609 0.027299484396167806
3 0.8079366994350409 0.7073334701511319 0.012645450668363622 0.01315509724103805
3 0.7372985774585852 0.8845787228646653 0.014189769334818081 0.011674484396167629
3 0.7395599641151765 0.8101961985544058 0.009611357336090798 0.020803822930778537
3 0.2348911927911761 0.9054366932388807 0.009647720003181703 0.023928822930778536
3 0.18521572008272347 0.6000398643152083 0.008139764003818018 0.028534435775648605
3 0.2122049340785873 0.5681380891004377 0.012718176002545345 0.01940509724103805
3 0.10575439206713326 0.48929047207169585 0.012718176002545345 0.01940509724103805
3 0.031554370743132845 0.561971055517924 0.009629538669636228 0.02236632293077854
3 0.04680501137808885 0.3274356032339318 0.01121022000318167 0.024010710085908292
3 0.14420508068109025 0.09875732530562771 0.014207950668363533 0.013236984396167762
3 0.08523970802831689 0.20425373077812314 0.0065045386696362065 0.022202548620519024
3 0.8932811167249973 0.3831346523087361 0.012718176002545434 0.01940509724103805
3 0.5361151487507689 0.591812447988579 0.008103401336727245 0.025409435775648602
1 0.5501327427593594 0.6543976571699761 0.0064136320019091645 0.014390048620519024
1 0.4563196554344044 0.7210705800553261 0.00793976933481808 0.01134693577564878