2 0.8393444018792018 0.5157747579830275 0.036737587005972475 0.035839340912471054
4 0.18863654027194487 0.5259443705699662 0.01900457313826389 0.011701503954332716
4 0.6056571200597226 0.3681026260443548 0.0173329703647223 0.006950336958138337
2 0.8511398063238549 0.7207487594659023 0.0237284407294446 0.01345500494291585
2 0.3882767836224311 0.7198402450942651 0.028706881458888844 0.026146005931498982
2 0.35174052478871587 0.7597184871855998 0.025436411094166722 0.01976867193911023
2 0.29634450997107703 0.7605833088206989 0.02387391109416672 0.019705004942915848
2 0.22320829597152808 0.3681292119767289 0.03815461664124999 0.02965300790866543
2 0.3309668977951392 0.40374040121604465 0.022384146276527784 0.02276633794672147
2 0.3100731695466322 0.41147464676742035 0.019404616641249994 0.028889003954332713
2 0.43285605290538226 0.3883793394667773 0.023946646276527872 0.02283000494291585
2 0.43963338297750026 0.4112902574515548 0.02220230832062491 0.014953837946721648
2 0.4658692278672573 0.4318720128887623 0.028561411094166544 0.019896005931498983
2 0.4545505213702434 0.4485820104173044 0.02238414627652787 0.02276633794672147
2 0.46708688896142403 0.4506538463868595 0.02521820554708327 0.010393671939110227
2 0.46201883567479207 0.5011804284020819 0.02852504350298606 0.018333505931499162
2 0.4731927250174657 0.5117823473754427 0.02536367591180557 0.016643671939110406
2 0.602771122243924 0.5123792080595772 0.022093205547083272 0.01026633794672147
2 0.8181077943560074 0.6429129195420143 0.030269381458888845 0.026209672927693363
1 0.4693416796146185 0.5475288463868595 0.0268534407294446 0.013582338935304606