3 0.3015646893698165 0.2809103962731288 0.022238626670908878 0.03214133794672147
3 0.7779090133672713 0.2815788301124182 0.02063976400381797 0.028952670950527094
3 0.31982981413108486 0.9781992317483923 0.017296588001272716 0.010075336958138337
4 0.6233247947564958 0.6868035465005903 0.014335220003181704 0.02401050296574958
3 0.4211997681014953 0.7644643369953193 0.020603401336727244 0.02582767095052709
1 0.43114419605345217 0.41113108996106884 0.03163180800445424 0.03408583992388792
2 0.30304175612663053 0.9447182282883512 0.028361357336090798 0.021458505931499162
2 0.2480071687619047 0.7113353839158391 0.02692612667090888 0.03233233893530461
1 0.18531243336249864 0.2222927885547438 0.01904090133672711 0.025764003954332714
1 0.4420566134229504 0.6778556749420408 0.00950226933481808 0.011319501977166269
1 0.3201719754137236 0.6049527327369756 0.011101132001908987 0.014508168973360824
2 0.583919038788949 0.9241470376033416 0.029978401336727245 0.026209672927693363
5 0.43564407610594963 0.7978498399610688 0.011137494668999891 0.017633168973360647
5 0.43681239337999783 0.3613857579458465 0.011064769334818082 0.011383168973360825
5 0.5961681173615442 0.23200595855386874 0.012663632001908986 0.014571835969555202
5 0.6117113013605897 0.2256113785158127 0.012663632001908986 0.014571835969555202
5 0.6339317466979532 0.25619021646253415 0.01268181333545435 0.016134335969555113
5 0.6591130126909535 0.20567822189974164 0.018968176002545432 0.019514003954332716
5 0.44301529801877193 0.15626717642491558 0.011137494668999891 0.017633168973360737
5 0.6147186700349984 0.28273812901010426 0.012663632001908986 0.014571835969555113
5 0.7394037807526779 0.6634217377170725 0.012663632001908986 0.014571835969555025
5 0.6533935554184961 0.6536700529263809 0.01111931333545435 0.016070668973360826
5 0.5341601080521794 0.4059581117098987 0.01111931333545435 0.016070668973360826
5 0.4274459367043164 0.2946293394667773 0.012699994668999893 0.017696835969555114
5 0.33927486939049734 0.43471848718559974 0.012718176002545345 0.019259335969555025
5 0.3897186700349984 0.27357008155811186 0.012699994668999893 0.0176968359695552
5 0.7249732753421358 0.09435340273610046 0.017442038669636162 0.022575336958138313
5 0.7748065734404496 0.8202593281352518 0.009574994668999892 0.01756950197716627
5 0.6336066720639516 0.49668788247014534 0.011137494668999891 0.017633168973360824
5 0.822950982733906 0.5286103390096667 0.009556813335454351 0.016007001977166268
5 0.313539072724361 0.4375742317483923 0.012736357336090798 0.020821835969555023
5 0.32816738343408625 0.7552074007217531 0.012699994668999893 0.017696835969555024
5 0.47500109468490825 0.1536660998469006 0.012645450668363622 0.013009335969555114
5 0.5195832714433131 0.8309435242574688 0.014317038669636161 0.02244800296574958
5 0.6864749440244988 0.20835489433314347 0.011082950668363623 0.012945668973360736
5 0.631814716024817 0.2084702994663398 0.011101132001909163 0.014508168973360824
5 0.7745754753739527 0.3306384126219322 0.009574994668999892 0.017569501977166356
5 0.7170389794318591 0.7546542327741566 0.01268181333545435 0.016134335969555026
5 0.7428351267106799 0.35433323919994714 0.012718176002545434 0.019259335969555202
5 0.17777539007795096 0.5811902860832859 0.012699994668999893 0.017696835969555024
5 0.5391021467218156 0.42802411269848195 0.01273635733609062 0.020821835969555023
5 0.6620611254375861 0.7945815544092556 0.011137494668999891 0.017633168973360647
5 0.43418902207986 0.6056941734591661 0.009593176002545434 0.019132001977166267