3 0.6475526354232686 0.6401561638955146 0.022093176002545435 0.01951389183263199
1 0.2105804414385406 0.7679612823993196 0.011010225334181811 0.006631945916316084
1 0.20026910276095017 0.6878199146133047 0.012609088001272717 0.009811509618646852
1 0.22948334074631455 0.578943422417853 0.014153406667727176 0.00830357332097762
1 0.13745892540576937 0.5290103990042081 0.011064769334818082 0.011319445916316085
1 0.1386577987348605 0.4977058353018773 0.01257272533418181 0.006686509618646852
1 0.1694169027291335 0.45442706125526017 0.011064769334818082 0.011319445916316085
1 0.18128055605504292 0.3993030516366133 0.01415340666772722 0.00830357332097762
1 0.15266466004931592 0.3580976982785687 0.014171588001272672 0.00986607332097771
1 0.13676694004613427 0.33520583530187725 0.011064769334818082 0.011319445916315996
1 0.13856579738222502 0.3554637715995464 0.011064769334818082 0.011319445916315996
1 0.14096354404040723 0.29285464419488466 0.01415340666772722 0.008303573320977708
1 0.22076867536599848 0.2330133635248456 0.01573408800127272 0.009920637023308565
1 0.2864305853755435 0.3010614698781151 0.011064769334818082 0.011319445916315996
1 0.27050559337204366 0.2758258569014237 0.014189769334818081 0.011428573320977709
1 0.3206874067074981 0.28970481842683626 0.017332950668363534 0.013100200725639421
1 0.2632299900540884 0.3894072072642434 0.014153406667727176 0.00830357332097762
1 0.2818254487189521 0.3754711928362731 0.011064769334818082 0.011319445916315996
1 0.249186218730088 0.4586755624363866 0.011064769334818082 0.011319445916316085
1 0.23375212273231516 0.47562744945969515 0.011064769334818082 0.011319445916316085
1 0.27838337006681513 0.4826661339432656 0.014153406667727176 0.00830357332097762
1 0.25606402207985995 0.5795783394782286 0.012627269334818081 0.011374009618646852
1 0.2970168334261321 0.6734994650687917 0.012627269334818081 0.011374009618646852
1 0.31900037408495063 0.6148957913849943 0.011064769334818082 0.011319445916315906
1 0.30342082741881427 0.6193476784083028 0.014153406667727176 0.00830357332097762
1 0.2934912967456782 0.572018810622288 0.014153406667727176 0.00830357332097762
1 0.30282993407858727 0.5685664284083028 0.014153406667727264 0.00830357332097762
1 0.34322766740926924 0.5476165221477005 0.012590906667727175 0.008249009618646852
1 0.4881134534134054 0.5730381296820963 0.014189769334818081 0.01142857332097762
1 0.490856645408951 0.5401165022774347 0.011064769334818082 0.011319445916316085
1 0.5044100680696786 0.49587542895645703 0.011064769334818082 0.011319445916316085
1 0.3749396493873157 0.3847246525475872 0.011064769334818082 0.011319445916315996
1 0.6591173914305865 0.6936804679791986 0.0221113573360908 0.02107639183263199
1 0.6265577880728603 0.5150569601746502 0.014153406667727353 0.00830357332097762
1 0.6243958514083147 0.5307638057281465 0.011064769334818082 0.011319445916316085
1 0.649086221395588 0.43611350463968745 0.017296588001272716 0.00997520072563951
1 0.5397737613780889 0.31097215010051643 0.017296588001272716 0.009975200725639422
1 0.5964328413828615 0.34416410681660564 0.012627269334818081 0.011374009618646852
1 0.4830650634547672 0.8780257300449161 0.01900453866963616 0.022529764427970278
1 0.5106429814210414 0.6285242378494644 0.012590906667727175 0.008249009618646852
1 0.43247033871736135 0.3584870455613455 0.014189769334818081 0.011428573320977709
1 0.425284547382225 0.34545133222183433 0.012627269334818081 0.011374009618646852
1 0.3944436273869975 0.38169885626845146 0.014171588001272717 0.00986607332097771
1 0.4258578067313607 0.4618848640729999 0.014153406667727353 0.00830357332097762
1 0.45636346674090567 0.5311606537287135 0.011064769334818082 0.011319445916316085
1 0.4746952960693605 0.4945683893007432 0.014153406667727353 0.00830357332097762
1 0.4643192280394527 0.2745287078123975 0.014171588001272717 0.009866073320977619
1 0.3925709500318167 0.22076135626845148 0.014171588001272717 0.00986607332097771
1 0.35661636338317954 0.354883385124392 0.011064769334818082 0.011319445916315996
1 0.27194882001909004 0.13118547949676193 0.011028406667727175 0.008194445916315995
1 0.3671298860995863 0.7210713803150686 0.014171588001272717 0.009866073320977619
1 0.3264412514321773 0.7170212865756709 0.014153406667727176 0.00830357332097762
1 0.45035037141945056 0.6189061903892024 0.011064769334818082 0.011319445916316085
1 0.5323367154280412 0.6793501278679979 0.009520450668363623 0.012827382213985139
1 0.5472264661043589 0.7499528045470202 0.011064769334818082 0.011319445916316085
1 0.597887895408951 0.5363788886677711 0.011064769334818082 0.011319445916316085
1 0.5766919587046346 0.25966262124457595 0.01573408800127272 0.009920637023308565
1 0.594715252705271 0.26372263866777107 0.014153406667727353 0.008303573320977708
1 0.5762919693666348 0.22528762124457594 0.014153406667727176 0.00830357332097762
1 0.6121840160327713 0.22012640609096623 0.014153406667727353 0.008303573320977708
1 0.7190992767345423 0.4750916698859643 0.011046588001272718 0.009756945916315906
1 0.7103418947326333 0.461329270248784 0.014153406667727176 0.00830357332097762
1 0.7052447673854066 0.3591219295046112 0.011046588001272539 0.009756945916315995
1 0.6830515940483615 0.3325420713372432 0.014153406667727353 0.00830357332097762
1 0.6511192466979531 0.20782481353269483 0.014153406667727176 0.008303573320977708
1 0.8009583514083147 0.5245981073647599 0.014153406667727353 0.00830357332097762
1 0.9303105914226322 0.6255926337736296 0.01417158800127254 0.009866073320977619
1 0.9442912754216778 0.6180703104526519 0.012627269334818081 0.011374009618646852
1 0.9527401220957682 0.6724849919409976 0.012590906667727353 0.008249009618646852
1 0.9706361467615865 0.6656075093641928 0.011028406667727354 0.008194445916316084
1 0.93562534742995 0.6793351926666371 0.007903406667727353 0.008085318511654371
1 0.8608151567472688 0.5639309366761873 0.011028406667727354 0.008194445916316084
1 0.9160662780871778 0.6104587070946074 0.012627269334818081 0.011374009618646852
1 0.9073458060948137 0.6670360893085925 0.012627269334818081 0.011374009618646852
1 0.786760038749178 0.580585212536903 0.015752269334818082 0.011483137023308564
1 0.7089997601049951 0.7489929613557766 0.01417158800127254 0.009866073320977619
1 0.2219088401097677 0.8011730864830036 0.011028406667727175 0.008194445916316084
1 0.27616053544713115 0.8289781387525892 0.011046588001272627 0.009756945916316085
1 0.3247707581158129 0.8421304139803325 0.011028406667727175 0.008194445916316084
1 0.37345315877622226 0.7943179073569105 0.011028406667727175 0.008194445916316084
1 0.5885294347151342 0.3366244253282599 0.012609088001272717 0.009811509618646852
1 0.5725498987109979 0.3067013123515685 0.012590906667727175 0.008249009618646852
1 0.5784453627068619 0.2760143075422451 0.012590906667727353 0.008249009618646852
1 0.5769732220321349 0.21666658939341046 0.012609088001272717 0.009811509618646852
1 0.6484118700270443 0.1766566590861911 0.012627269334818081 0.011374009618646852
1 0.6132919826941351 0.18100934238863536 0.011046588001272718 0.009756945916315995
1 0.9593157440722241 0.4987473915781779 0.01417158800127254 0.009866073320977619
1 0.9428276780712694 0.4922890604526519 0.012627269334818081 0.011374009618646852
1 0.940211755410542 0.5361481878573137 0.011028406667727354 0.008194445916315907
1 0.9063538287316788 0.4474502756062616 0.011046588001272539 0.009756945916316085
1 0.9124947407304063 0.4378570207969382 0.011046588001272539 0.009756945916316085
1 0.9108140620623608 0.42775533449926906 0.012627269334818081 0.011374009618646852
1 0.8835703093968608 0.437303949290059 0.011064769334818082 0.011319445916316085
1 0.9025379380569518 0.38818440301092333 0.011028406667727354 0.008194445916315995
1 0.9039913500556793 0.3787548393085925 0.011028406667727354 0.008194445916315995
1 0.9283555507240429 0.3904091019224642 0.014189769334818437 0.011428573320977709
1 0.8649919373806341 0.3183729000156984 0.014153406667727353 0.008303573320977708
1 0.9020924953850885 0.34990315301092334 0.011028406667727354 0.008194445916315995
1 0.7980766100413618 0.27694185736475985 0.011046588001272539 0.009756945916315995
1 0.8104857033736345 0.26869284774611296 0.011028406667727354 0.008194445916315995
1 0.79019138470718 0.2709646758764141 0.011082950668363623 0.012881945916315996
1 0.7535539033656804 0.21206339103002375 0.012590906667727353 0.008249009618646852
1 0.7659539060311804 0.2030331314113769 0.015734088001272538 0.009920637023308565
1 0.7752289086966805 0.1941119991973918 0.015752269334818082 0.011483137023308564
1 0.7928709420353165 0.2325742984717524 0.011064769334818082 0.011319445916315996
1 0.7256834420353165 0.23492053767197918 0.012590906667727353 0.008249009618646852
1 0.7061981927116343 0.3067236158022803 0.011064769334818082 0.011319445916315996
1 0.6678436700349983 0.23459564465822083 0.014189769334818081 0.011428573320977709
1 0.7360258841104039 0.787909128416152 0.011028406667727354 0.008194445916316084
1 0.7805833114258138 0.6542682491973919 0.014153406667727353 0.00830357332097762
1 0.6718815681094495 0.7831149902117172 0.014153406667727353 0.00830357332097762
1 0.6643048781030861 0.736485526872206 0.012590906667727175 0.008249009618646852
1 0.744255460097041 0.6891442462021669 0.014189769334818081 0.01142857332097762
1 0.8351446367759042 0.7758505833181427 0.01729658800127254 0.00997520072563951
1 0.8604895347708134 0.7374502822296836 0.012590906667727353 0.008249009618646852
1 0.8485162461011772 0.7159845099971649 0.011028406667727354 0.008194445916316084
1 0.8235520614258138 0.6527677473832932 0.01417158800127254 0.009866073320977619
3 0.8257867234245413 0.6433109018297969 0.018877269334818435 0.011592264427970279
1 0.8659271813733163 0.26441208631336754 0.012627269334818081 0.011374009618646852
1 0.9106856980426343 0.2823882707969382 0.011064769334818435 0.011319445916315996
1 0.8530090107017709 0.22891109593201442 0.011028406667727354 0.008194445916315995
1 0.8189698180299076 0.19180296553212783 0.011064769334818082 0.011319445916315996
1 0.8505556253580444 0.15240315963434528 0.014153406667727353 0.008303573320977708
1 0.8395090373567715 0.14341010555066128 0.009465906667727352 0.00813988221398514
1 0.8184243780235445 0.14492796553212783 0.011028406667727354 0.008194445916315995
1 0.8503834500318167 0.2047741914855107 0.011046588001272539 0.009756945916315995
1 0.28062493336249866 0.20513141098510768 0.011064769334818082 0.011319445916315996
1 0.2446687046864991 0.13760909428755191 0.00950226933481808 0.011264882213985139
1 0.19064427601845368 0.12933529201796645 0.011028406667727263 0.008194445916315995
1 0.24424144334818115 0.10089034428755192 0.011064769334818082 0.011319445916315996
1 0.24522214067472695 0.05083578058522107 0.011046588001272718 0.009756945916315995
1 0.30209030601527204 0.10199648730131025 0.014171588001272628 0.00986607332097771
1 0.381123278007636 0.042963738482436606 0.01573408800127272 0.009920637023308565
1 0.38562042134786295 0.09360857922660946 0.012590906667727175 0.008249009618646852
1 0.3684778273392724 0.03090024810108345 0.014153406667727176 0.008303573320977708
1 0.40130850867281787 0.03131691035213548 0.011028406667727354 0.008194445916315985
1 0.3981016926718634 0.024394787756797192 0.014153406667727264 0.008303573320977697
1 0.38783635467059074 0.015374451821947754 0.012590906667727175 0.008249009618646847
1 0.4166880606699544 0.009677523328826921 0.011064769334818082 0.011319445916315993
1 0.4323312420034998 0.010694386305518364 0.011046588001272718 0.00975694591631599
1 0.47076703333863607 0.022638825598412397 0.011028406667727354 0.00819444591631599
1 0.45731306066995436 0.00825886706822467 0.009484088001272716 0.009702382213985134
1 0.47131192600254534 0.0032254152038679097 0.014153406667727176 0.006450830407735819
1 0.5077766846753633 0.04635657859363729 0.01417158800127254 0.00986607332097771
1 0.5499732753421359 0.04566460863070417 0.01417158800127254 0.00986607332097771
1 0.6592306440165447 0.0989036813187097 0.015752269334818082 0.011483137023308564