5 0.1635715260303517 0.716971736771017 0.02387400961864685 0.013728307326946165
3 0.25275058791858396 0.6708160317734914 0.030069445916315996 0.01249335594746519
5 0.18462807049538882 0.6923878165992005 0.020858137023308566 0.016689533016686832
5 0.15692962331312849 0.43712046246075753 0.014608137023308565 0.01636198439616763
5 0.09321680897782544 0.316013424355688 0.02074900961864685 0.013564533016686742
5 0.09223466233587004 0.287888424355688 0.020694445916315994 0.012002033016686741
5 0.18858636188038308 0.37989113862546775 0.017624009618646852 0.013400758706427318
3 0.14886411905195923 0.22856765603832235 0.025654764427970277 0.02006019448207601
3 0.31166421941477895 0.22864514190482815 0.030124009618646853 0.014055855947465279
3 0.24996780598260057 0.34458440242027766 0.016334328130301046 0.021131371551297563
3 0.45891625316486095 0.5903528465636695 0.027108137023308387 0.017017081637205677
3 0.44562507948106356 0.5683516938047075 0.019459328130301046 0.021295145861557074
5 0.5152282513507623 0.5443542718238688 0.02220238221398514 0.010521420171816587
5 0.5305705091553107 0.5130257066950062 0.02387400961864685 0.013728307326946344
5 0.5163616762156862 0.4871592475136092 0.011537700725639333 0.017760710085908116
5 0.5490204087924909 0.5034493108334492 0.02074900961864685 0.013564533016686652
3 0.5339063294810635 0.5637250695398766 0.022638891832631992 0.023021420171816586
5 0.5108705896478646 0.37474113466873893 0.02220238221398514 0.010521420171816499
5 0.6366394598809502 0.524685823723748 0.01767857332097762 0.014963258706427318
5 0.6738393595181303 0.5141267820006339 0.02387400961864685 0.013728307326946165
5 0.6212500728576416 0.5098387516974807 0.01767857332097762 0.01496325870642714
5 0.6473884761230189 0.5859541943705343 0.026999009618646853 0.013892081637205678
3 0.6137004676854984 0.4953634938955645 0.030124009618646853 0.01405585594746519
3 0.6603423439090338 0.5758831535519315 0.026999009618646853 0.013892081637205678
5 0.3922817915546303 0.3183417277259054 0.023819445916315907 0.012165807326946342
5 0.3755134430059091 0.35365843000989755 0.023819445916315997 0.012165807326946342
5 0.2644395668671918 0.6021102973773236 0.02074900961864685 0.013564533016686652
5 0.34007946232802083 0.7061559882413551 0.020694445916315994 0.012002033016686831
5 0.5880606053417792 0.6352415434205947 0.01455357332097762 0.014799484396167628
5 0.5837129004397885 0.7348697291962434 0.01153770072563951 0.017760710085908116
5 0.6622247916394483 0.6297894035519315 0.02387400961864685 0.013728307326946344
5 0.6321305199550838 0.4403927108788778 0.025436509618646852 0.013810194482076099
3 0.6223190434535468 0.67492816316287 0.02576389183263199 0.0231851944820761
5 0.46006454699692584 0.4439315479431505 0.01455357332097762 0.014799484396167805
5 0.27603677657850584 0.508363619403591 0.020858137023308566 0.016689533016686832
3 0.30063007112836104 0.8091891350074232 0.020912700725639423 0.018252033016686653
3 0.2849232255748647 0.8076642565587207 0.013209328130301134 0.020967597241038048
5 0.24409231741534593 0.40046258819592645 0.020858137023308566 0.016689533016686832
5 0.7331523613322289 0.5540657072608332 0.02074900961864685 0.013564533016686652
5 0.6779340932760617 0.4520804833801149 0.01767857332097762 0.01496325870642714
5 0.6509549310250096 0.4863669521724505 0.02074900961864685 0.013564533016686652
3 0.45588050008481795 0.3017031043655856 0.022638891832631992 0.023021420171816586
3 0.36999258538669527 0.1731487364323327 0.027108137023308564 0.017017081637205767
5 0.41023324962148183 0.8324042277259054 0.01907738221398514 0.010357645861557074
3 0.20716278020670292 0.5980679285395596 0.025436509618646852 0.013810194482076099
3 0.2849628871929446 0.6519089015157666 0.025327382213985138 0.0106851944820761
3 0.29838303564899854 0.7224294414298583 0.016334328130301133 0.021131371551297563
3 0.3735864214911807 0.8139751322938897 0.023983137023308565 0.016853307326946166
3 0.6383483259376844 0.7977515094993968 0.02080357332097762 0.01512703301668683
3 0.603182152253887 0.7768967769122513 0.02845238221398514 0.01084896879233561
3 0.1688393131541767 0.19543092944407067 0.02376488221398514 0.010603307326946254
3 0.17308286905195924 0.22729840513381117 0.023983137023308565 0.016853307326946343
3 0.2245089597961321 0.22068987901452938 0.01466270072563942 0.017924484396167804
3 0.2868824742241024 0.23620533638690416 0.026999009618646853 0.013892081637205766
3 0.31982149291324186 0.4622388919048282 0.016443455534962848 0.024256371551297562
3 0.37286464735974556 0.45711097863041655 0.023928573320977708 0.015290807326946343
3 0.34423616115474365 0.35451492311249255 0.013209328130301134 0.020967597241038048
3 0.17802088411290168 0.3687046551338112 0.025381945916315995 0.0122476944820761
3 0.16528527113621022 0.3850256959524141 0.01778770072563942 0.01808825870642732
3 0.1249133085144893 0.842661133537085 0.02063988221398514 0.010439533016686653
3 0.6119494508104575 0.3107428324301753 0.01778770072563951 0.01808825870642732
3 0.5344866497219983 0.2889740530315331 0.023983137023308565 0.016853307326946343
3 0.5395164009031246 0.20887711725588437 0.02387400961864685 0.013728307326946253