3 0.7640625 0.75234375 0.028125 0.0125
3 0.765625 0.79453125 0.021875 0.0109375
3 0.75625 0.70703125 0.021875 0.0109375
3 0.70625 0.6953125 0.0234375 0.009375
3 0.775 0.61640625 0.021875 0.0078125
3 0.71640625 0.590625 0.028125 0.0109375
3 0.67578125 0.57109375 0.0203125 0.01875
3 0.70234375 0.821875 0.028125 0.009375
3 0.70859375 0.86015625 0.0109375 0.0125
3 0.65390625 0.75703125 0.015625 0.01875
3 0.63046875 0.74765625 0.0234375 0.0125
5 0.7921875 0.528125 0.021875 0.0078125
5 0.77265625 0.51484375 0.021875 0.0078125
5 0.8328125 0.55625 0.01875 0.0078125
3 0.9140625 0.509375 0.0234375 0.0140625
3 0.96171875 0.41015625 0.0171875 0.0171875
3 0.971875 0.509375 0.0203125 0.0171875
3 0.85859375 0.40859375 0.0203125 0.0171875
5 0.79921875 0.36875 0.0203125 0.0140625
3 0.759375 0.36015625 0.021875 0.0078125
3 0.79765625 0.3921875 0.025 0.0140625
3 0.81328125 0.32109375 0.025 0.0078125
5 0.7265625 0.36171875 0.0140625 0.0140625
5 0.75859375 0.31015625 0.0171875 0.0125
5 0.665625 0.4125 0.01875 0.0109375
5 0.67265625 0.50390625 0.01875 0.0109375
3 0.671875 0.4484375 0.025 0.0109375
3 0.678125 0.4828125 0.0234375 0.0140625
3 0.7390625 0.3390625 0.0203125 0.0171875
3 0.5421875 0.440625 0.028125 0.0125
3 0.5453125 0.4921875 0.0234375 0.0140625
5 0.6046875 0.665625 0.015625 0.0109375
3 0.49140625 0.71015625 0.0171875 0.01875
3 0.48515625 0.63125 0.028125 0.0140625
5 0.496875 0.59140625 0.0234375 0.0109375
5 0.45625 0.52890625 0.021875 0.0109375
5 0.425 0.5375 0.015625 0.0171875
3 0.47734375 0.5453125 0.0140625 0.0203125
5 0.4140625 0.37421875 0.0203125 0.0109375
3 0.415625 0.4375 0.0171875 0.01875
5 0.3140625 0.6703125 0.015625 0.0125
3 0.3171875 0.5421875 0.0234375 0.0140625
3 0.584375 0.54921875 0.028125 0.0125
3 0.5734375 0.5171875 0.0140625 0.0171875
5 0.62109375 0.5140625 0.01875 0.0140625
5 0.73125 0.41484375 0.0078125 0.015625
5 0.6875 0.3453125 0.0109375 0.0109375
5 0.75546875 0.23203125 0.015625 0.0109375
7 0.75234375 0.24765625 0.01875 0.0078125
7 0.6203125 0.68203125 0.0140625 0.0078125
7 0.56953125 0.70234375 0.0125 0.0109375
7 0.6 0.69765625 0.0171875 0.009375
0 0.69765625 0.7703125 0.0625 0.0421875
7 0.6671875 0.6953125 0.01875 0.0078125
7 0.65625 0.59296875 0.015625 0.00625
7 0.73125 0.52109375 0.0109375 0.0125
7 0.61484375 0.83828125 0.0125 0.0046875
7 0.61015625 0.87109375 0.0109375 0.0078125
7 0.61484375 0.85234375 0.0109375 0.0109375
3 0.63828125 0.81953125 0.0234375 0.009375
3 0.63359375 0.83984375 0.025 0.0078125
3 0.64765625 0.7109375 0.01875 0.0171875
7 0.88984375 0.346875 0.0140625 0.0078125
7 0.89296875 0.32109375 0.0140625 0.009375
7 0.87265625 0.26796875 0.01875 0.0078125
7 0.6984375 0.40546875 0.0109375 0.015625
7 0.40703125 0.5734375 0.0140625 0.0078125
7 0.38828125 0.55625 0.015625 0.0109375
7 0.43359375 0.51640625 0.015625 0.0109375
7 0.43828125 0.6578125 0.0109375 0.0109375
7 0.4859375 0.28984375 0.0078125 0.0125
7 0.34921875 0.33984375 0.0171875 0.0078125
7 0.40546875 0.8171875 0.021875 0.0078125
7 0.2625 0.59296875 0.0171875 0.0140625
7 0.5171875 0.671875 0.015625 0.0078125
7 0.49609375 0.7515625 0.0125 0.0125
3 0.76484375 0.5609375 0.0203125 0.0171875
3 0.72734375 0.66328125 0.0203125 0.0140625
3 0.72265625 0.71015625 0.015625 0.0171875
3 0.775 0.69140625 0.0140625 0.01875
7 0.78359375 0.82109375 0.0171875 0.0046875
7 0.7609375 0.8359375 0.0109375 0.0109375
3 0.7765625 0.82890625 0.025 0.00625
3 0.83984375 0.82578125 0.0203125 0.009375
3 0.7828125 0.7890625 0.0140625 0.0171875
3 0.52421875 0.60859375 0.021875 0.0109375
3 0.53515625 0.34296875 0.0171875 0.0171875
3 0.478125 0.35859375 0.025 0.0109375
3 0.475 0.378125 0.01875 0.0078125
3 0.30546875 0.56171875 0.0203125 0.015625
3 0.38828125 0.64765625 0.01875 0.0171875
3 0.3421875 0.6640625 0.025 0.009375
3 0.43828125 0.73359375 0.025 0.0109375
3 0.4765625 0.68515625 0.0140625 0.01875
3 0.53671875 0.709375 0.021875 0.0109375
3 0.6390625 0.5859375 0.0140625 0.0171875
3 0.77734375 0.390625 0.025 0.0109375
3 0.86875 0.33515625 0.0234375 0.0171875
3 0.8609375 0.35234375 0.0203125 0.015625
3 0.9453125 0.403125 0.0171875 0.01875
3 0.7796875 0.30234375 0.0234375 0.0140625
3 0.6484375 0.39921875 0.0203125 0.0171875
7 0.6234375 0.26328125 0.015625 0.0078125
7 0.58359375 0.26640625 0.009375 0.0078125
3 0.5 0.309375 0.025 0.0078125
3 0.52421875 0.31640625 0.0234375 0.009375
3 0.609375 0.34921875 0.0265625 0.0125
3 0.4171875 0.353125 0.0171875 0.0140625
3 0.4515625 0.37890625 0.0234375 0.0078125
3 0.52109375 0.48125 0.0109375 0.01875
3 0.51640625 0.5078125 0.0203125 0.0171875
3 0.47890625 0.43671875 0.0234375 0.0125
3 0.56484375 0.50546875 0.0203125 0.0140625
3 0.53203125 0.559375 0.0171875 0.015625
7 0.54140625 0.5375 0.0109375 0.0109375
3 0.546875 0.68046875 0.0203125 0.0171875
3 0.37578125 0.6703125 0.0125 0.01875
3 0.41015625 0.646875 0.025 0.0109375
3 0.46015625 0.66171875 0.025 0.0171875
3 0.36640625 0.79140625 0.01875 0.0078125
3 0.38125 0.8 0.015625 0.0109375
3 0.58671875 0.78828125 0.021875 0.009375
3 0.6421875 0.80078125 0.01875 0.0171875
3 0.496875 0.85390625 0.0171875 0.0078125
3 0.575 0.91171875 0.0125 0.0140625
3 0.2796875 0.7359375 0.0203125 0.009375
3 0.30390625 0.74765625 0.0140625 0.0171875
3 0.30546875 0.7140625 0.0171875 0.0171875
3 0.25859375 0.7078125 0.0265625 0.0140625
3 0.27578125 0.6578125 0.01875 0.0109375
3 0.36796875 0.59375 0.0265625 0.0140625
3 0.28984375 0.50859375 0.01875 0.0109375
3 0.3390625 0.50703125 0.0234375 0.0140625
3 0.3453125 0.48203125 0.0203125 0.0109375
3 0.37265625 0.46484375 0.0265625 0.009375
3 0.540625 0.378125 0.015625 0.01875
3 0.3390625 0.4234375 0.021875 0.0140625
3 0.33046875 0.3671875 0.0203125 0.0140625
3 0.29609375 0.36171875 0.01875 0.015625
3 0.1984375 0.52265625 0.0203125 0.0140625
3 0.19765625 0.53359375 0.0140625 0.0171875
3 0.196875 0.58125 0.01875 0.0109375
3 0.22890625 0.62734375 0.021875 0.0109375
3 0.2234375 0.6609375 0.015625 0.0171875
3 0.74921875 0.2734375 0.028125 0.0125
3 0.665625 0.29765625 0.0203125 0.0125
3 0.696875 0.253125 0.0203125 0.0140625
3 0.80625 0.2703125 0.0203125 0.015625
7 0.809375 0.26015625 0.0125 0.0109375
7 0.771875 0.30859375 0.01875 0.0046875
3 0.471875 0.884375 0.0203125 0.0140625
3 0.34921875 0.55546875 0.01875 0.0109375
3 0.55234375 0.31953125 0.015625 0.0140625
3 0.9921875 0.34296875 0.015625 0.0109375
3 0.97890625 0.32421875 0.0140625 0.0171875
3 0.875 0.61640625 0.021875 0.0078125
3 0.83515625 0.63671875 0.0203125 0.0140625
3 0.79375 0.76640625 0.0109375 0.01875
3 0.775 0.765625 0.0203125 0.0125
3 0.6375 0.8765625 0.0171875 0.0171875
3 0.69140625 0.9125 0.021875 0.0109375
3 0.6390625 0.84765625 0.021875 0.0078125