0 0.5469210596518052 0.44734004625586854 0.03975348423243048 0.03059668977951393
3 0.9243765252668747 0.31698758434361185 0.0112284407294446 0.012754573138263937
4 0.8710170955553471 0.22507153485670212 0.017442073138263937 0.011337543502986058
4 0.9138760895714235 0.26437107740975774 0.009593205547083272 0.009593205547083362
4 0.9271027881846525 0.26702395193479245 0.014207970364721944 0.006577308320625086
4 0.9049913988419789 0.27667105565826466 0.0159159407294446 0.012863675911805572
4 0.8992498919081248 0.2882625190891327 0.0126454703647223 0.006540940729444422
4 0.9056447090624651 0.3157699232494452 0.012645470364721944 0.006540940729444422
4 0.9044458849742707 0.30010855565826466 0.012572735182361327 0.003415940729444422
4 0.9513202317638886 0.33481151718927166 0.009593205547083272 0.009593205547083362
4 0.8895826447579165 0.3677681811332299 0.019004573138263935 0.011373911094166722
7 0.9501746526417012 0.38403026718927163 0.014207970364721944 0.0065773083206249975
4 0.8922361724933332 0.3209295487244105 0.01573410277354199 0.005051175911805572
4 0.8525021784772567 0.281702741353716 0.015843205547083274 0.009738675911805572
4 0.8277749354111108 0.2694021098948271 0.012645470364721944 0.006540940729444422
4 0.914165070669722 0.35270687879652857 0.009520470364721945 0.006468205547083272
4 0.926737805852083 0.349872819525973 0.007957970364721945 0.006431837955902786
2 0.8057187506655901 0.243093529822709 0.015843205547083274 0.009738675911805572
4 0.807991071903993 0.17904921361829929 0.009593205547083272 0.009593205547083362
4 0.792364112272847 0.2795213390932646 0.012609102773541636 0.004978440729444422
3 0.7591528751906248 0.22872125208729227 0.012754573138263937 0.011228440729444423
4 0.7614609108098263 0.19672636967847285 0.0142079703647223 0.0065773083206249975
4 0.7596808584731249 0.17245306829170204 0.0095204703647223 0.006468205547083361
7 0.739693707162604 0.25875359099312567 0.006504573138263936 0.0110829703647223
4 0.768726590521354 0.2875695752255562 0.0095204703647223 0.006468205547083272
2 0.7758520255512151 0.11576731040791732 0.022056837955902787 0.008321646276527784
2 0.719201328837847 0.16525751092100754 0.015952308320624907 0.014426175911805571
4 0.7466178140202082 0.16276894376666728 0.01257273518236115 0.003415940729444422
4 0.7370609760643054 0.17036323821958396 0.01413523518236115 0.0034523083206249973
4 0.7580644602967361 0.1411485169049312 0.009702308320624908 0.01428070554708336
2 0.711770688545243 0.14866942296510474 0.009484102773541636 0.004905705547083361
3 0.6884604751143749 0.1426551590973964 0.020494337955902785 0.008285278685347253
2 0.724525261683507 0.13802286369454922 0.009593205547083272 0.009593205547083362
2 0.6882416163569095 0.18564209289298667 0.0095204703647223 0.006468205547083361
2 0.6836080145332984 0.21680117391503534 0.006431837955902786 0.0079579703647223
2 0.7070455145332983 0.21734668778274369 0.011155705547083273 0.009629573138263936
3 0.6751597348980207 0.21035115216354222 0.011301175911805572 0.015879573138263936
7 0.6848263288378471 0.1644574239150353 0.0095204703647223 0.006468205547083361
4 0.7400560766536456 0.31035245858430616 0.02223867591180557 0.016134146276527782
2 0.9136377405976038 0.37536312879652856 0.009484102773541636 0.004905705547083273
2 0.9137280063651734 0.4050688125921188 0.0095204703647223 0.006468205547083272
3 0.8731393739563538 0.4025607552214243 0.0126454703647223 0.0065409407294446
2 0.8714320568020135 0.3751624538346535 0.012718205547083273 0.009665940729444423
2 0.8566428581887845 0.3724732117184382 0.009593205547083272 0.009593205547083362
2 0.9861855410344441 0.34812978799083416 0.0126454703647223 0.006540940729444422
2 0.9898372178961804 0.35915820696878553 0.004832970364721944 0.006359102773541636
2 0.9841152011786803 0.30274455280847307 0.011119337955902609 0.008067073138263936
4 0.9609121308902079 0.3928785903275355 0.015770470364721945 0.006613675911805572
2 0.9643456022048607 0.4132820093054869 0.011155705547083273 0.009629573138263936
2 0.9210131762930551 0.4279069005480216 0.0159159407294446 0.012863675911805572
2 0.9567324707459719 0.4381183551451745 0.0095204703647223 0.006468205547083272
4 0.9291523314032982 0.44763817229951464 0.0063954703647222996 0.0063954703647222996
2 0.94163480081809 0.4150984292333689 0.012645470364721944 0.0065409407294446
4 0.9415250448341663 0.45339786302895907 0.0096659407294446 0.012718205547083273
3 0.9064408768061455 0.48306652602298683 0.012718205547083273 0.009665940729444423
3 0.945011761114826 0.5386813995980911 0.015952308320624907 0.014426175911805571
2 0.952624892573715 0.5138450537584036 0.015806837955902608 0.008176175911805573
2 0.92587990140743 0.5546512385039244 0.015879573138263936 0.011301175911805572
2 0.9302582768823953 0.5680415912774661 0.012609102773541636 0.0049784407294446
3 0.899245319435451 0.5235460556582646 0.011301175911805572 0.015879573138263936
4 0.8534243263693051 0.5107544617184383 0.015879573138263936 0.011301175911805572
3 0.8291523314032982 0.44531064646395907 0.02049433795590261 0.008285278685347208
2 0.8403086901607637 0.4025782858066327 0.009520470364721945 0.006468205547083272
2 0.8481750883371525 0.4340283075581257 0.007957970364721945 0.006431837955902786
2 0.8648898096518053 0.45474085106111184 0.008030705547083272 0.009556837955902786
2 0.8874915082650343 0.4576119311332299 0.01736933795590261 0.008212543502986235
7 0.8589119133752774 0.4764885644919799 0.0095204703647223 0.006468205547083272
4 0.8731010467340272 0.5049590566081952 0.014280705547083272 0.009702308320624908
4 0.8706839083412843 0.5416414390170147 0.011046602773541636 0.004942073138263936
4 0.905948607904444 0.5713841436141675 0.015734102773541637 0.005051175911805572
4 0.9083657462971871 0.534701761205348 0.012681837955902608 0.008103440729444421
1 0.8657782027942009 0.550907336243473 0.011082970364721945 0.006504573138263936
3 0.843829161191076 0.6207470575581258 0.01133754350298588 0.017442073138263937
3 0.8681381769586454 0.6510164390170147 0.011337543502986236 0.017442073138263937
4 0.8866349102411455 0.5951664825200007 0.009556837955902609 0.008030705547083272
4 0.9054394616279161 0.5932591436141674 0.011010235182361328 0.003379573138263936
4 0.934199588052812 0.633793877846598 0.015770470364721945 0.006613675911805572
2 0.9661944704616314 0.6361019134657995 0.0081034407294446 0.012681837955902785
4 0.9121070357161105 0.6090477977744799 0.012718205547083273 0.009665940729444423
2 0.8906846709747217 0.689843202884723 0.018931837955902607 0.008248911094166544
2 0.8957358468865273 0.6743273056582646 0.014207970364721944 0.006577308320624908
4 0.8323279635277772 0.6447112344198619 0.02696254350298588 0.017805749050069507
4 0.8485160079806938 0.6544680941272577 0.012681837955902608 0.008103440729444421
4 0.9155930987863883 0.7279432681392022 0.009593205547083272 0.009593205547083272
4 0.9119790959365968 0.6481284815700702 0.012718205547083273 0.009665940729444423
2 0.882035716377569 0.7255988649288202 0.020748911094166544 0.01922277868534721
2 0.87442258491868 0.7504352107685077 0.015843205547083274 0.009738675911805572
4 0.8772923585700341 0.7950573797464591 0.015806837955902608 0.008176175911805573
2 0.8774371757243744 0.8224193135420494 0.011192073138263935 0.011192073138263935
2 0.8866108475521173 0.8984551366803132 0.012790940729444599 0.012790940729444599
2 0.835811413756527 0.8980544399669451 0.012645470364721944 0.0065409407294446
3 0.7779618929549645 0.9318832728888549 0.009665940729444423 0.012718205547083273
7 0.7869953201010411 0.7452736256623964 0.012718205547083273 0.0096659407294446
2 0.8357789654276384 0.6979453371934035 0.012790940729444599 0.012790940729444422
2 0.7426244582094437 0.905265568291702 0.015952308320624907 0.014426175911805571
2 0.7401553812714576 0.8098439655181604 0.014498911094166544 0.019077308320625264
2 0.7288730423656243 0.7908212085843062 0.018931837955902787 0.008248911094166544
3 0.7610692529467007 0.7173116266123271 0.011264808320624908 0.014317073138263936
3 0.7749310779848257 0.7598446187285424 0.020494337955902785 0.008285278685347208
3 0.640246300249409 0.8036101896826047 0.025181837955902786 0.008394381458888845
2 0.6865400720009022 0.7960892836224313 0.015879573138263936 0.011301175911805572
5 0.7505863478364578 0.6975258034740632 0.019004573138263935 0.011373911094166545
4 0.7801835820688884 0.6685111039109034 0.015806837955902785 0.008176175911805573
2 0.7882493487863883 0.7249793094579868 0.012790940729444422 0.012790940729444422
4 0.7671744357923606 0.690095163181459 0.012609102773541636 0.004978440729444422
4 0.8103607381290618 0.7153322057345146 0.0126454703647223 0.006540940729444422
4 0.7798179465259368 0.7849719052976744 0.019004573138263935 0.011373911094166545
4 0.7098068386214929 0.23304442296510475 0.012790940729444422 0.012790940729444422
4 0.7218152229301734 0.2880410474901395 0.015734102773541637 0.005051175911805572
4 0.7249213859242012 0.3225069664680909 0.012718205547083273 0.009665940729444423
4 0.7541724748300345 0.3419479507005215 0.01591594072944442 0.012863675911805572
4 0.7385286378240622 0.3759774585843062 0.012718205547083273 0.009665940729444423
4 0.7477036160725692 0.3847894141313895 0.0095204703647223 0.006468205547083272
2 0.774774609138715 0.39714459697704924 0.012936411094166721 0.01904094072944442
2 0.8081865211828122 0.4057390001874312 0.02391027868534721 0.020858013867708358
2 0.7716301189223607 0.4650769793858688 0.011264808320624908 0.014317073138263936
2 0.784476264248958 0.41691223631972285 0.009593205547083272 0.009593205547083272
4 0.7598769609623262 0.36553092106524365 0.008030705547083272 0.009556837955902786
4 0.7488277453472565 0.5044115831093409 0.006577308320625086 0.0142079703647223
2 0.771647649507569 0.497907663181459 0.012572735182360972 0.003415940729444422
2 0.8131811860767011 0.4934026543477438 0.011155705547083273 0.009629573138263936
2 0.8338209943973259 0.479812933033091 0.0110829703647223 0.006504573138263936
2 0.8934310773192357 0.5382625190891327 0.0126454703647223 0.0065409407294446
2 0.8122882204616314 0.6325197057345147 0.0095204703647223 0.006468205547083272
4 0.8590190565176732 0.5726368658787507 0.0110829703647223 0.006504573138263936
4 0.8337294222089927 0.5173311168286812 0.0095204703647223 0.006468205547083272
4 0.8435213430868049 0.5668044399669452 0.006468205547083272 0.0095204703647223
2 0.8377441217721524 0.5463464696022229 0.015879573138263936 0.011301175911805572
4 0.7768968875397217 0.5746338173417714 0.015879573138263936 0.011301175911805572
4 0.7844191000206593 0.553703721502084 0.011046602773541636 0.004942073138263936
4 0.7922497838162496 0.5531043094579868 0.00788523518236115 0.003306837955902786
4 0.7989543787060065 0.5337185298227091 0.00944773518236115 0.003343205547083272
7 0.7769319487101385 0.640295184932952 0.0079579703647223 0.006431837955902786
2 0.767920624621944 0.6244519793858687 0.023764808320624907 0.014608013867708358
2 0.7632142876159718 0.6587360604079173 0.012718205547083273 0.0096659407294446
2 0.7541854329425689 0.6100621710652436 0.0142079703647223 0.006577308320624908
4 0.7378882857161105 0.6049928113578478 0.006468205547083272 0.0095204703647223
3 0.607032450325659 0.8872578378589935 0.009702308320624908 0.014280705547083272
2 0.6191161826582284 0.8046817272016671 0.0143534407294446 0.012827308320625263
2 0.6117576243376035 0.8185805730413547 0.017660278685347208 0.020712543502986236
4 0.7591242400289231 0.7672934428167368 0.0095204703647223 0.006468205547083272
4 0.7167783115516663 0.5044472974901395 0.0126454703647223 0.006540940729444422
4 0.7090606497919095 0.29868760676069506 0.0126454703647223 0.006540940729444422
4 0.7056271784772568 0.27828418778274366 0.015879573138263936 0.011301175911805572
4 0.7023021567257637 0.28680520260038256 0.01101023518236115 0.003379573138263936
2 0.7124954275273262 0.2518671581474659 0.015879573138263936 0.011301175911805572
4 0.6941798789903469 0.33351654844007006 0.009593205547083272 0.009593205547083362
4 0.7127473878240622 0.37537739332982695 0.012609102773541636 0.004978440729444422
4 0.7269371743931942 0.370235951650452 0.0095204703647223 0.006468205547083361
2 0.7191058373872219 0.4044472974901395 0.0126454703647223 0.006540940729444422
2 0.7006285943210762 0.3922921363959728 0.009484102773541636 0.004905705547083361
3 0.7125830804533677 0.4160205771254173 0.023619337955902785 0.008358013867708357
2 0.7239563383371524 0.43113708405927137 0.02536367591180557 0.016206881458888843
4 0.7061863036678815 0.48934897435187563 0.0126454703647223 0.0065409407294446
4 0.7300965823532287 0.469581988219584 0.012609102773541636 0.0049784407294446
2 0.7541867393633328 0.5428383034740631 0.0110829703647223 0.006504573138263936
4 0.729914091186944 0.5110064220151742 0.009593205547083272 0.009593205547083272
2 0.6813473449866662 0.6161835780753477 0.014426175911805571 0.015952308320624907
4 0.690776243163055 0.6476699674180214 0.012572735182360972 0.0034159407294446
3 0.6766760691511106 0.7161290266885769 0.019004573138263935 0.011373911094166722
4 0.72248018484243 0.6624780030372228 0.008067073138263936 0.011119337955902786
4 0.7023306857923606 0.6885859081474659 0.0126454703647223 0.006540940729444422
4 0.679184126521805 0.6755403942797574 0.017296602773541635 0.005087543502986236
4 0.6661399190748606 0.6314630859591326 0.009593205547083272 0.009593205547083272
3 0.6448838213353121 0.5707795058870144 0.012790940729444422 0.012790940729444422
2 0.6342197314795481 0.5251942489531602 0.012681837955902785 0.008103440729444421
2 0.6366901148382982 0.5533919841355214 0.011192073138263935 0.011192073138263935
2 0.6842918134515273 0.5568449456665283 0.015806837955902785 0.008176175911805573
4 0.6043322097280551 0.5330970147207297 0.006540940729444422 0.0126454703647223
4 0.6161412254956244 0.5630754554501742 0.009447735182360972 0.003343205547083272
2 0.6321279417762842 0.6486499327487506 0.009593205547083272 0.009593205547083272
7 0.6239699496600689 0.6633118447928478 0.0095204703647223 0.006468205547083272
2 0.6277300760849647 0.7032646975663894 0.009629573138263936 0.011155705547083273
2 0.639920298349548 0.7504488220914242 0.0095204703647223 0.006468205547083272
2 0.6174563376715623 0.20431805128986164 0.006431837955902786 0.0079579703647223
3 0.6598984108098263 0.1943624762517367 0.012754573138263937 0.011228440729444423
4 0.6440363682567707 0.2377669841355214 0.011155705547083273 0.009629573138263936
4 0.6809895479682984 0.32930117391503533 0.012681837955902785 0.008103440729444421
4 0.663583842421215 0.3382761304120492 0.028306837955902785 0.008467116641249994
4 0.6720152446816664 0.27828353457236166 0.02703527868534721 0.02093074905006951
2 0.6806252188461108 0.37853810771062557 0.009447735182360972 0.003343205547083361
2 0.6700682721327427 0.4291011521635422 0.0063954703647222996 0.0063954703647222996
4 0.6178147879003122 0.45758852165458386 0.011046602773541636 0.004942073138263936
4 0.596776242497465 0.4211418753780561 0.0235829703647223 0.006795513867708358
4 0.593851264248958 0.412475390195695 0.009556837955902786 0.008030705547083272
4 0.5950689253431246 0.39374357399128523 0.012572735182360972 0.003415940729444422
4 0.6863121743931941 0.3692903942797575 0.011119337955902786 0.008067073138263936
2 0.6821143304533678 0.4153114090973964 0.012863675911805572 0.01591594072944442
7 0.5865783992232286 0.6913634564001047 0.018931837955902787 0.008248911094166722
7 0.5745868922893744 0.7028094494662505 0.0157704703647223 0.006613675911805572
2 0.6021300108304855 0.7284640661075006 0.022129573138263935 0.011446646276527871
4 0.5918030274510763 0.16463730223979217 0.012754573138263937 0.011228440729444466
3 0.6222717774510762 0.16534647026781304 0.025181837955902786 0.008394381458888933
3 0.6026314246775346 0.16957937537805606 0.009775043502986237 0.01740570554708336
4 0.6916380668699997 0.24121994566652835 0.008176175911805573 0.015806837955902785
4 0.5979965164331595 0.2679623239912853 0.012609102773541636 0.004978440729444422
2 0.6287367169462497 0.32417660961048667 0.0126454703647223 0.006540940729444422
5 0.606528529732187 0.6402373674942714 0.012790940729444422 0.012790940729444599
7 0.5862523973233675 0.6382020888089242 0.006468205547083272 0.0095204703647223
4 0.5867277888502427 0.48344185362656306 0.0126454703647223 0.0065409407294446
4 0.5794114770142359 0.193270795305938 0.015806837955902785 0.008176175911805573
4 0.5791932714671526 0.20264579530593796 0.012609102773541636 0.004978440729444422
4 0.5875843868741317 0.3458873022397922 0.015734102773541637 0.005051175911805572
4 0.5779911813270483 0.3550440966927088 0.012609102773541636 0.004978440729444422
4 0.5697611072388539 0.3392190749412157 0.01591594072944442 0.012863675911805572
7 0.5678375441685762 0.2203599721676741 0.008067073138263936 0.011119337955902786
4 0.5570098001524999 0.18180596523381992 0.015843205547083274 0.009738675911805572
2 0.5541205362847915 0.20518891384704907 0.007994337955902786 0.007994337955902786
1 0.5401840164331595 0.2666167231176046 0.03332164627652787 0.02263871941479163
4 0.5412191863610415 0.28930934070878517 0.0110829703647223 0.006504573138263936
4 0.5447253928580553 0.30658775968673657 0.012609102773541636 0.004978440729444422
4 0.5485757850505205 0.37624629625586853 0.009556837955902786 0.008030705547083272
4 0.5530632632990274 0.3849491490294102 0.0079579703647223 0.006431837955902786
4 0.5286996961446871 0.3570235175705213 0.015806837955902785 0.008176175911805573
4 0.5122200577519441 0.3933785916587157 0.009629573138263936 0.011155705547083361
3 0.48289623366374973 0.37706260742628517 0.014426175911805571 0.015952308320624997
3 0.44704965264170105 0.3723199028291323 0.009811411094166545 0.01896820554708336
4 0.457059125856215 0.4460301597629865 0.019004573138263935 0.011373911094166722
3 0.44957328096645793 0.46539775560267405 0.020567073138263937 0.011410278685347209
4 0.5147605634515273 0.552899062023438 0.0126454703647223 0.0065409407294446
4 0.5420147008943399 0.49021787727791716 0.0126454703647223 0.006540940729444422
2 0.5518806633752774 0.46934233282500043 0.026817073138263935 0.011555749050069508
4 0.5657236514074301 0.546268508736806 0.009593205547083272 0.009593205547083272
2 0.4059882415475344 0.3901243454584378 0.012936411094166721 0.01904094072944442
3 0.4382208197197913 0.3150522634864587 0.018968205547083273 0.009811411094166722
2 0.43838643351124984 0.2071852120996879 0.009702308320624908 0.014280705547083272
2 0.4060285284010067 0.18689024268489618 0.0112284407294446 0.012754573138263892
2 0.45582785343913174 0.2302596893982643 0.020567073138263937 0.011410278685347209
7 0.4507526148382981 0.5490642407850351 0.0110829703647223 0.006504573138263936
7 0.4614894398764232 0.5915244977188893 0.0142079703647223 0.006577308320625086
4 0.45242356440145787 0.578025042171806 0.0126454703647223 0.006540940729444422
2 0.503277549583819 0.576081988885174 0.014426175911805571 0.015952308320624907
4 0.5025151365897912 0.5416706212939935 0.012609102773541636 0.004978440729444422
3 0.5071377399320138 0.14156151852045182 0.019077308320625087 0.014498911094166678
2 0.5151853228539235 0.19881097406753517 0.0126454703647223 0.006540940729444467
2 0.49588784935506924 0.32264786436013926 0.0126454703647223 0.006540940729444422
2 0.4913107585493748 0.25062739399541706 0.012609102773541636 0.004978440729444422
7 0.5689915089306244 0.6745389791015283 0.00944773518236115 0.003343205547083272
2 0.5413730423656243 0.7864570976426394 0.018931837955902787 0.008248911094166722
2 0.5607964960128466 0.7243753249412157 0.023837543502986235 0.01773301386770836
2 0.5742771145539577 0.7497026332618407 0.011046602773541636 0.004942073138263936
2 0.576312393239305 0.7294265008530214 0.0095204703647223 0.006468205547083272
5 0.5589437084937842 0.7032270235544449 0.012718205547083273 0.009665940729444423
4 0.5200442094437147 0.7288985175705213 0.015806837955902785 0.008176175911805573
4 0.5337865864372914 0.37355705413965323 0.00632273518236115 0.0032704703647223
2 0.5098197967340274 0.49650359165871566 0.0126454703647223 0.0065409407294446
2 0.5414678806058676 0.5808792448690976 0.009447735182360972 0.003343205547083272
4 0.5528060773192356 0.5303343842117713 0.0063954703647222996 0.0063954703647222996
2 0.5219438159200693 0.21069337822784767 0.015806837955902785 0.008176175911805573
2 0.5214541598598956 0.1645632606366671 0.014244337955902787 0.008139808320624997
7 0.4595873266536456 0.3038244759673962 0.009484102773541636 0.004905705547083361
1 0.4645813383371524 0.42510006392329897 0.006468205547083272 0.0095204703647223
4 0.46699847672989553 0.38841768151447953 0.012790940729444422 0.012790940729444422
2 0.47660333396874943 0.7145989750174657 0.015988675911805573 0.015988675911805573
2 0.4383227371791314 0.6800960352379517 0.009593205547083272 0.009593205547083272
7 0.4124148538203814 0.6513527861878823 0.015806837955902785 0.008176175911805573
2 0.42375239732336756 0.6344198593261462 0.0095204703647223 0.006468205547083272
2 0.4204825801690273 0.6069851903481948 0.0126454703647223 0.006540940729444422
2 0.39061454863388845 0.5468828385245836 0.023983013867708357 0.023983013867708357
4 0.34454551453329846 0.20890940662885446 0.0188954703647223 0.006686411094166722
7 0.32165222198024285 0.2521502603523267 0.00952047036472221 0.006468205547083272
4 0.3456534196435415 0.22847702422003505 0.0126454703647223 0.006540940729444422
2 0.3700897219802428 0.2532776556789239 0.015879573138263936 0.011301175911805572
2 0.3469970608860762 0.27150032560680587 0.015879573138263936 0.011301175911805572
2 0.3381851053389928 0.2806753038553128 0.01428070554708336 0.009702308320624997
2 0.34029246599631924 0.29088610524208364 0.01428070554708336 0.009702308320625085
2 0.3811707327138191 0.34811803020395865 0.009629573138263936 0.011155705547083273
4 0.35711433045336777 0.4077469501318406 0.012609102773541636 0.0049784407294446
7 0.3602588206697219 0.33981456772302115 0.00944773518236115 0.003343205547083361
4 0.35120916935920105 0.42636966356270867 0.011082970364722212 0.006504573138263936
4 0.3215391999444093 0.4585093631258683 0.011228440729444423 0.012754573138263937
4 0.3157074272429857 0.4403951427611461 0.01413523518236115 0.003452308320625086
3 0.36799205338354113 0.6792407436348267 0.022056837955902787 0.008321646276527872
2 0.3310927718484023 0.618974737650903 0.014498911094166723 0.019077308320625087
2 0.37642345564399254 0.6192481477951393 0.020603440729444422 0.012972778685347209
3 0.32831130433347167 0.7048940538553128 0.019004573138263935 0.011373911094166545
2 0.4225879811952077 0.7180317931217365 0.012681837955902785 0.008103440729444421
2 0.4576714960128466 0.721975063923299 0.015879573138263936 0.011301175911805572
4 0.28868641309093696 0.6609797464846183 0.018931837955902787 0.008248911094166722
4 0.2534398973233675 0.6304557918874656 0.018931837955902787 0.008248911094166544
4 0.23505357323517312 0.6143943807932988 0.015770470364722212 0.006613675911805572
7 0.29918946162791615 0.5791485182361114 0.015806837955902785 0.008176175911805573
3 0.3189752847661801 0.5686656131258683 0.012790940729444422 0.012790940729444422
2 0.3185395268823954 0.553803679330278 0.009665940729444423 0.012718205547083273
2 0.294229857904444 0.5571462316669795 0.012790940729444422 0.012790940729444599
2 0.2742310549021525 0.30810866641250023 0.022347778685347208 0.020821646276527873
4 0.32648388592420113 0.3132332307170489 0.01733297036472221 0.006650043502986147
2 0.3362576230064233 0.36348780385531276 0.009593205547083362 0.009593205547083362
2 0.331679225779965 0.3586912010817711 0.012681837955902785 0.008103440729444421
4 0.3378551841768399 0.42918553903767387 0.00944773518236115 0.003343205547083272
3 0.24215821162791623 0.577821101158021 0.011337543502986058 0.017442073138263937
3 0.24557545877812456 0.4981699687492016 0.015952308320625087 0.014426175911805571
2 0.21516060695451347 0.528728984516771 0.01773301386770836 0.023837543502986235
3 0.24466888184013857 0.40278473356684047 0.014353440729444422 0.012827308320624908
7 0.2717762424974649 0.41357741641250023 0.012645470364722211 0.006540940729444422
2 0.2496648531547913 0.42322452013597245 0.022202308320624996 0.014571646276527872
3 0.23202733073770815 0.2070721900638544 0.019004573138263935 0.011373911094166722
7 0.20869762709048584 0.2690630437873266 0.015879573138263936 0.011301175911805572
2 0.24892323679788175 0.2535841673624308 0.019077308320625087 0.014498911094166723
2 0.22216071504638868 0.26155966831236127 0.011228440729444423 0.012754573138263937
2 0.22221200038124964 0.4272755872903127 0.012754573138263937 0.011228440729444423
3 0.1816967563651733 0.3880305961240279 0.018931837955902787 0.008248911094166722
3 0.19383308045336772 0.4039465368534724 0.017442073138263937 0.011337543502986236
7 0.23473083738722195 0.39317334422416683 0.011046602773541636 0.004942073138263936
2 0.20217552336701367 0.24702438962701406 0.009593205547083362 0.009593205547083362
2 0.30090200446531223 0.33765134925816 0.015879573138263936 0.011301175911805572
4 0.2947799442448261 0.2984251950978475 0.015806837955902785 0.008176175911805573
4 0.2967054669462497 0.3164484964846183 0.012609102773541636 0.004978440729444422
2 0.2916380668699998 0.23190984232430578 0.011155705547083361 0.009629573138263936
2 0.2280580376159717 0.6462801604285765 0.022129573138263935 0.011446646276527871
4 0.22231849031326342 0.5570358224726737 0.017442073138263937 0.011337543502986236
3 0.09143281943545097 0.5047440110179167 0.017587543502986146 0.017587543502986237
3 0.05124488373999962 0.45143651985163197 0.01896820554708334 0.009811411094166545
3 0.051411150741840016 0.3099575346692709 0.015952308320625018 0.014426175911805571
2 0.2526437295796871 0.46315918911392384 0.011264808320624996 0.014317073138263936
4 0.5083066224377424 0.7630189444322574 0.015806837955902785 0.008176175911805573
4 0.4528015048465619 0.7632903949453477 0.014135235182360973 0.0034523083206249084
4 0.45325609973631875 0.7437591449453477 0.011046602773541636 0.004942073138263936
4 0.15215211388836763 0.5155373470739585 0.018895470364722212 0.006686411094166544
4 0.1844964076756942 0.3013300299196182 0.015770470364722212 0.006613675911805572
4 0.14285376833302058 0.31052253875333347 0.015806837955902785 0.008176175911805573
4 0.18424314095819425 0.2450436623284377 0.00952047036472221 0.006468205547083272
4 0.1820623919081248 0.2715697947372571 0.009629573138263936 0.011155705547083361
4 0.33431261008864543 0.4134696200597225 0.012609102773541636 0.004978440729444422
4 0.35664285818878444 0.36083558254066006 0.011264808320624996 0.014317073138263936
4 0.494380553952222 0.28665581297336845 0.0126454703647223 0.006540940729444422
4 0.4588067298640276 0.2701943583762157 0.020494337955902785 0.008285278685347208
2 0.4683629146095484 0.2962119977188893 0.0110829703647223 0.006504573138263936
2 0.4302440123490969 0.3555136093261462 0.0110829703647223 0.006504573138263936
3 0.3163127181805207 0.14571842239642388 0.012718205547083361 0.009665940729444466
4 0.41052896476204825 0.4637073158231601 0.0126454703647223 0.0065409407294446
4 0.5458105417000343 0.5622201638470491 0.00944773518236115 0.003343205547083272
2 0.5594184468102773 0.5820787221676741 0.012718205547083273 0.009665940729444423
2 0.5697376977602079 0.608895795305938 0.009556837955902786 0.008030705547083272
4 0.6518962343293397 0.6053363438429172 0.0126454703647223 0.006540940729444422
4 0.6449734338924994 0.634097123478195 0.014280705547083272 0.009702308320625085
4 0.6420296186380202 0.6598238220914242 0.015952308320624907 0.014426175911805571
4 0.8556394833794092 0.5835016306963896 0.012609102773541636 0.0049784407294446
7 0.9020397450629162 0.7057409598185771 0.014207970364721944 0.006577308320624908
2 0.8882552276798261 0.4247994311332299 0.009520470364721945 0.006468205547083272
2 0.8822779846136802 0.4129352107685077 0.012572735182360972 0.003415940729444422
4 0.829008820669722 0.35072484507718815 0.012609102773541636 0.004978440729444422
4 0.8545361507418401 0.3286504765360771 0.012609102773541636 0.004978440729444422
2 0.475807166225069 0.5473023722439241 0.014571646276527872 0.02220230832062491
4 0.4573299231589232 0.5351472111497573 0.017442073138263937 0.011337543502986236
7 0.4547692740326038 0.477243792171806 0.017296602773541635 0.005087543502986236
4 0.3955215606017357 0.4703930737069448 0.006468205547083272 0.0095204703647223
4 0.33036933928708295 0.4485531348773614 0.012609102773541636 0.0049784407294446
2 0.40268205680201363 0.3642521764804864 0.012718205547083273 0.009665940729444423
2 0.4003617162806597 0.0945209047289934 0.022165940729444424 0.013009146276527783
3 0.5501441639439583 0.07377525968673657 0.012754573138263937 0.011228440729444466
4 0.7742875659200692 0.2165667442035076 0.02532730832062491 0.014644381458888845