3 0.843274579407398 0.6495886838764704 0.024092471463952592 0.015017504942915849
3 0.6833516158013282 0.6884708172608369 0.027290246071058632 0.016707338935304607
7 0.7227929514094701 0.7323454926599883 0.01642552067816432 0.01782416996194396
4 0.6329086217971842 0.5110833049035473 0.022457196856846905 0.013391337946721472
3 0.7354558488427083 0.17477307319233595 0.022893844499482084 0.02276633794672147
3 0.4228530332935582 0.3491085924325268 0.02409247146395277 0.015017504942915849
3 0.566375977464318 0.7799805435348407 0.027363020678164495 0.018269838935304605
5 0.31917791563471243 0.4239401546760858 0.022529971463952768 0.014953837946721471
3 0.1518062092673529 0.7403888725471326 0.02587329528527027 0.01976867193911023
3 0.06196688316972372 0.383715766805914 0.024092471463952724 0.015017504942915849
1 0.3607447932183557 0.18690041110187638 0.04178939371369363 0.026655341901054185
1 0.25574477005899193 0.23976147285114377 0.04193494292790536 0.029780341901054184
1 0.06417777667852967 0.7563866042583438 0.02587329528527029 0.019768671939110406
1 0.18359567245913797 0.5452182939919513 0.00981164764263518 0.00975700197716627
1 0.06298141956365386 0.4291556007983027 0.012936647642635135 0.009884335969555203
1 0.4545289106723137 0.5092940173373866 0.012863873035529317 0.008321835969555203
1 0.573608550457066 0.47344404205196594 0.012863873035529317 0.008321835969555024
1 0.5112070579006641 0.35114327771750997 0.011374147642635179 0.009820668973360735
1 0.3128722576529951 0.44168607018940537 0.011519696856846905 0.012945668973360825
1 0.18517971298689734 0.20870779102620177 0.011446922249740999 0.011383168973360825
3 0.19269669065610304 0.5682883794672148 0.024019696856846906 0.01345500494291585
1 0.332067405709915 0.5841428256266129 0.008176373035529316 0.008130834980972067
1 0.3749419563718687 0.6383329185162502 0.014426373035529317 0.00838550296574958
1 0.3782083132773476 0.4169526670333754 0.011301373035529316 0.008258168973360824
1 0.3623456029810466 0.7239202500371811 0.008103598428423453 0.006568334980972068
1 0.4115535827171669 0.8942128453982765 0.008176373035529316 0.008130834980971714
1 0.338860945413614 0.8920335800752373 0.008176373035529316 0.008130834980971714
1 0.2757637859841545 0.8518913997331697 0.009738873035529316 0.008194501977166624
3 0.6171936147678709 0.7812684709111585 0.01471747146395277 0.014635502965749581