3 0.38046875 0.73671875 0.00859375 0.0234375
3 0.43671875 0.37421875 0.00703125 0.02734375
7 0.6140625 0.315625 0.00703125 0.02265625
7 0.5203125 0.41171875 0.0078125 0.01953125
3 0.6140625 0.278125 0.01015625 0.02265625
7 0.5859375 0.615625 0.01171875 0.01796875
3 0.74296875 0.38984375 0.00703125 0.025
6 0.40859375 0.8875 0.0515625 0.084375
0 0.6390625 0.6484375 0.04453125 0.046875
1 0.9015625 0.42890625 0.01484375 0.02109375
6 0.36015625 0.37578125 0.03125 0.040625
1 0.8265625 0.40546875 0.0203125 0.02421875
2 0.571875 0.59296875 0.0203125 0.02109375
3 0.56640625 0.81015625 0.01953125 0.009375
2 0.4296875 0.27890625 0.02265625 0.028125