3 0.22011990671569084 0.3034419340857401 0.012083920171816587 0.02219324874635875
3 0.24449246494714832 0.35046168659302257 0.012247694482076011 0.02531824874635875
3 0.2589710447753318 0.32813204552679576 0.013646420171816498 0.022238712852981467
3 0.32143674525030164 0.2957992671552659 0.015290807326946255 0.023846676959604095
3 0.3174275966752111 0.2043702851019545 0.017924484396167804 0.014562605172849529
5 0.2552794787419582 0.2875525096334185 0.018170145861557074 0.01925010517284953
5 0.27383912822155987 0.402813796780437 0.011838258706427318 0.01750574874635884
4 0.2292359571452322 0.3579475776592494 0.013318871551297563 0.01598871285298147
5 0.32674504296630946 0.2776486607287751 0.01471759724103805 0.012909176959604095
5 0.3240018232694628 0.2253049107287751 0.010193871551297562 0.015897784639736123
3 0.4192424021931351 0.17636965406485755 0.016361984396167806 0.014517141066226813
3 0.4532931755988834 0.15425296166584723 0.008958920171816587 0.022102320533113406
3 0.4019486815917773 0.10019359897115035 0.009040807326946166 0.023664820533113407
3 0.5276756999091429 0.15521841660126987 0.013646420171816586 0.022238712852981467
3 0.5204297659425166 0.19611620124100596 0.012083920171816587 0.02219324874635875
3 0.5037435549520971 0.16139186025392144 0.015208920171816586 0.022284176959604142
3 0.3672428109449909 0.10981029137016067 0.019323210085908295 0.011483069279472157
5 0.39510221732199746 0.19350332977082046 0.016198210085908205 0.011392141066226814
4 0.3647430099496227 0.25619955806320804 0.008795145861557075 0.018977320533113406
3 0.5838814343053107 0.16766694081616468 0.012329581637205678 0.026880748746358752
3 0.6118150045225559 0.10347640868371107 0.015045145861557075 0.01915917695960414
3 0.6292891095655099 0.10844505351086156 0.019486984396167806 0.014608069279472159
5 0.46178178425988214 0.25650578345260183 0.01471759724103805 0.012909176959604095
3 0.4327283700809595 0.17988945915856475 0.007396420171816587 0.022056856426490735
3 0.5742308746035153 0.29705056393570284 0.016607645861557073 0.019204641066226814
3 0.6271268232694627 0.21648487404397496 0.012083920171816587 0.02219324874635884
5 0.6826807824508598 0.20156691620555844 0.011756371551297561 0.015943248746358753
5 0.728910651288624 0.143103546846944 0.013318871551297563 0.01598871285298147
5 0.7889684040021574 0.2141230890085275 0.008958920171816587 0.022102320533113406
3 0.8483909916322571 0.18344373885024293 0.017924484396167627 0.014562605172849486
3 0.758561608999683 0.3057710314075378 0.012165807326946165 0.02375574874635884
3 0.8018236080951718 0.2802565543687914 0.015208920171816586 0.022284176959604097
3 0.865995650722797 0.34020220421050684 0.015127033016686654 0.020721676959604095
4 0.6904766723195231 0.27567200593900176 0.008631371551297562 0.015852320533113407
5 0.4269608061952924 0.4132247963847256 0.010357645861557074 0.019022784639736123
3 0.33328937132415487 0.4323816248353978 0.015208920171816586 0.022284176959604097
3 0.3582417836940553 0.4606059132360576 0.021213258706427318 0.017778533386094964
7 0.32312315524535284 0.4772765876883793 0.016443871551297562 0.016079641066226814
3 0.49574178369405536 0.4566050718532617 0.0122476944820761 0.025318248746358664
3 0.4974437245580868 0.3845709474800823 0.015208920171816586 0.022284176959604097
7 0.685643087402957 0.37753002263204916 0.01496325870642714 0.017596676959604096
3 0.6675858061952924 0.4062233239648327 0.0122476944820761 0.02531824874635884
3 0.7809865649017198 0.42013740828799967 0.018006371551297563 0.01612510517284953
3 0.7556346828349726 0.33950117372740585 0.01668953301668665 0.02076714106622681
3 0.7764561951594446 0.45313176471449046 0.015208920171816586 0.022284176959604097
7 0.6135877029613607 0.45082878180324926 0.013236984396167628 0.014426212852981379
7 0.49223168136463463 0.5239971603330636 0.016198210085908292 0.011392141066226814
5 0.42964979420950494 0.524253224597971 0.014881371551297562 0.016034176959604095
5 0.4520161171402834 0.5329917271052534 0.012991322930778537 0.00973871285298138
3 0.4368514625722991 0.49744067201154624 0.009122694482076098 0.025227320533113405
7 0.4230180139063515 0.576869759237707 0.008877033016686653 0.020539820533113408
5 0.3946849739922598 0.5886483452102267 0.011920145861557074 0.019068248746358662
5 0.49714823269868713 0.6028806782797524 0.014881371551297562 0.016034176959604095
5 0.5284867639063515 0.5738009320406761 0.014881371551297562 0.016034176959604095
5 0.5964455478275494 0.6164226895625234 0.016198210085908292 0.011392141066226814
5 0.6375585487320606 0.6394821048436451 0.010439533016686653 0.020585284639736124
5 0.45942026062699115 0.704130941211876 0.013318871551297563 0.01598871285298138
5 0.44567866519497557 0.7405230822781028 0.012827548620519024 0.006613712852981379
5 0.45354979816623386 0.8459236361181688 0.012165807326946165 0.023755748746359016
1 0.25964715343633055 0.43061218784666383 0.02211401741285455 0.03496603338609479
1 0.4288398094746528 0.2848497437983008 0.02655585594746519 0.030414925705962936
1 0.5369765360689045 0.3028292024946472 0.02137703301668683 0.020903533386094787
1 0.5226074988683462 0.38696852177411933 0.021704581637205678 0.027153533386094785
1 0.5150140841235966 0.5108151987337235 0.018415807326946164 0.02393760517284953
1 0.8853421149925769 0.24652876055785528 0.021868355947465546 0.030278533386094875
1 0.7740184334007996 0.13787883775488624 0.015290807326946343 0.02384667695960414
1 0.46075370929293874 0.6250655668386967 0.028445904567984216 0.036710389812585655
1 0.3374290739468313 0.6756004274218226 0.028036468792335522 0.028897889812585474
1 0.3859152408392875 0.8244183606496328 0.018415807326946254 0.02393760517284953
1 0.5649111855485062 0.4178177050019297 0.02408595318850324 0.0428239974927175
3 0.192174127655733 0.6062774290711752 0.012165807326946254 0.023755748746358663
3 0.2863025859326189 0.5659813865138803 0.01825203301668683 0.02081260517284953
3 0.2701154211878693 0.6900781160599092 0.01512703301668683 0.020721676959604095
3 0.3018976876962127 0.6993250839274555 0.013564533016686742 0.02067621285298138
3 0.3290710193334185 0.7251374261681812 0.011920145861557074 0.019068248746358662
3 0.3674374785148156 0.7107195735026143 0.010521420171816499 0.022147784639736122
3 0.16321032394683133 0.6806696753102515 0.016443871551297517 0.016079641066226814
3 0.4565708203287867 0.5751110309453195 0.015208920171816586 0.022284176959604097
3 0.46722171528583256 0.5693240321989606 0.012083920171816587 0.02219324874635866
3 0.4724348377416412 0.6090768539857152 0.0074783073269461655 0.02361935642649069
3 0.47389551842890737 0.6966677821989606 0.015045145861557075 0.019159176959604098
3 0.48849028493725066 0.7064148552393565 0.010603307326946166 0.023710284639736123
3 0.42515812528088376 0.7520743477175091 0.011920145861557074 0.01906824874635884
3 0.5511939235627186 0.5293235063347131 0.015208920171816586 0.022284176959604097
3 0.613076447872978 0.5306526741231172 0.010603307326946343 0.023710284639735946
3 0.46189797094004204 0.28858249755922455 0.018088258706427142 0.01768760517284953
3 0.7656504127085847 0.23201528266117905 0.012083920171816587 0.02219324874635875
3 0.6852392164174864 0.16080552388569042 0.016443871551297562 0.016079641066226814
3 0.7461445754171694 0.4868762789002553 0.015208920171816586 0.022284176959604097
3 0.7928701684743359 0.6021004621280657 0.012083920171816587 0.02219324874635866
3 0.7100034367917015 0.6631947379923131 0.013728307326946165 0.02380121285298138
3 0.5825401780852744 0.6496898306287503 0.012083920171816587 0.02219324874635884
3 0.620818106059007 0.663442442069806 0.009122694482076098 0.025227320533113405
3 0.7293908446390462 0.5703025443396615 0.016607645861557073 0.019204641066226814
3 0.2596017243309441 0.8179219712327587 0.016116322930778536 0.009829641066226812
3 0.25572977385597423 0.848549845605938 0.014963258706427318 0.017596676959604096
3 0.2397429257104251 0.8122402725655423 0.012083920171816498 0.02219324874635902