4 0.35703125 0.5359375 0.00703125 0.01484375
4 0.3734375 0.5578125 0.01015625 0.01796875
4 0.3953125 0.4921875 0.00859375 0.0125
4 0.52421875 0.51953125 0.0078125 0.0140625
4 0.56875 0.50859375 0.0109375 0.0140625
4 0.571875 0.496875 0.009375 0.01484375
4 0.528125 0.49453125 0.0140625 0.01328125
4 0.53203125 0.48046875 0.0078125 0.01171875
4 0.5125 0.45234375 0.0140625 0.01640625
4 0.51171875 0.47109375 0.00859375 0.01796875
4 0.4890625 0.4640625 0.0078125 0.01484375
7 0.44765625 0.44609375 0.009375 0.01796875
4 0.5875 0.428125 0.01015625 0.0171875
3 0.60703125 0.56953125 0.01171875 0.01796875
5 0.45625 0.39609375 0.009375 0.01796875
4 0.609375 0.33984375 0.009375 0.0109375
4 0.57734375 0.571875 0.0109375 0.0140625
4 0.46953125 0.57890625 0.0109375 0.01328125
4 0.49296875 0.29140625 0.01328125 0.0125
3 0.67890625 0.56640625 0.0109375 0.02265625
3 0.678125 0.4390625 0.01796875 0.01328125
1 0.5296875 0.2484375 0.00703125 0.01015625
1 0.575 0.30859375 0.009375 0.00703125
1 0.60625 0.3640625 0.0078125 0.01171875
1 0.6390625 0.39765625 0.00703125 0.0140625
2 0.58359375 0.3625 0.0109375 0.0125
1 0.64765625 0.4734375 0.00625 0.0125
1 0.371875 0.61015625 0.01015625 0.01015625
4 0.59375 0.59453125 0.009375 0.0109375
4 0.55859375 0.5953125 0.0125 0.0125
2 0.42109375 0.53046875 0.00859375 0.0078125