3 0.97265625 0.5449116301320394 0.0203125 0.020548857336090798
3 0.84765625 0.2278321234484038 0.0234375 0.015897720003181702
3 0.6875 0.1040935367599957 0.025 0.011228401336727112
3 0.7359375 0.1351259080999045 0.01875 0.018968176002545346
3 0.75078125 0.2782673807685862 0.0265625 0.01124658267027261
5 0.75078125 0.22514238076858623 0.01875 0.020530676002545344
3 0.77734375 0.19576396343885877 0.0234375 0.011210220003181703
3 0.70625 0.8363429627625412 0.0203125 0.017423857336090975
3 0.6421875 0.6262225280871778 0.0265625 0.01280908267027261
3 0.596875 0.3678827694143599 0.0265625 0.01124658267027261
3 0.6703125 0.2038935420909958 0.0234375 0.019022720003181705
3 0.61484375 0.09856060475013254 0.025 0.009665901336727113
3 0.56875 0.2027117554105419 0.0296875 0.014407945337363426
3 0.63046875 0.24639866808558697 0.025 0.011228401336727067
3 0.63515625 0.29410946208622335 0.0171875 0.014262494668999893
3 0.54921875 0.4563907387412239 0.0203125 0.020548857336090798
3 0.34453125 0.5016652340467707 0.028125 0.012827264003817973
3 0.26875 0.47812718936981646 0.0265625 0.014371582670272432
3 0.22421875 0.7416715213637713 0.025 0.015915901336727246
3 0.07578125 0.5235380446769541 0.0265625 0.014371582670272609
3 0.046875 0.5810141900063633 0.0140625 0.023601132001908987
3 0.21875 0.7228578866963623 0.0265625 0.01749658267027243
3 0.41015625 0.05399135005567925 0.03125 0.0159886266709089
3 0.46640625 0.6585521280633152 0.0234375 0.015897720003181702
3 0.50703125 0.5246498427354969 0.0328125 0.014444308004454242
3 0.534375 0.4921555160725421 0.028125 0.012827264003817973
3 0.69765625 0.4393679654280411 0.028125 0.012827264003817973
3 0.13984375 0.3758459793523173 0.028125 0.014389764003817973
3 0.11953125 0.45060962201622645 0.03125 0.014426126670909057
5 0.88359375 0.581375294119949 0.025 0.011228401336727246
5 0.9046875 0.4831832421228125 0.021875 0.014317038669636161
5 0.90859375 0.44572869545667615 0.021875 0.014317038669636161
5 0.89296875 0.3861718821212217 0.0171875 0.012699994668999893
5 0.9125 0.35749289879053975 0.0203125 0.009611357336090798
5 0.896875 0.3104360854550853 0.0171875 0.014262494668999893
5 0.8171875 0.27513383744426767 0.021875 0.008067038669636161
5 0.76484375 0.3542122627704952 0.0203125 0.012736357336090798
5 0.75390625 0.4540849934356771 0.0203125 0.014298857336090797
5 0.7421875 0.49691738343408626 0.0234375 0.011210220003181703
5 0.7234375 0.47248045743154093 0.0140625 0.018913632001908987
5 0.8109375 0.5867798621100858 0.0234375 0.014335220003181704
5 0.83046875 0.6690383787794039 0.0234375 0.014335220003181704
5 0.821875 0.7548758814449039 0.0203125 0.01117385733609062
5 0.6234375 0.4955356020846325 0.0203125 0.014298857336090797
5 0.65234375 0.7271219567552232 0.0203125 0.012736357336090798
5 0.6296875 0.6784208274188142 0.021875 0.008067038669636161
5 0.5921875 0.5147032254137235 0.015625 0.01580681333545435
5 0.58359375 0.43413447807922356 0.01875 0.011155676002545434
5 0.65 0.445063434754905 0.015625 0.01424431333545435
5 0.60625 0.3031481074156326 0.0265625 0.01280908267027261
5 0.5671875 0.29566232407699644 0.021875 0.011192038669636162
5 0.53984375 0.33128165073995114 0.01875 0.011155676002545255
5 0.49609375 0.3737413234006787 0.021875 0.011192038669636162
5 0.46484375 0.3054089467297698 0.01875 0.011155676002545346
5 0.2828125 0.38532207137172547 0.0171875 0.01894999466899989
5 0.22890625 0.5089135653644077 0.0171875 0.015824994668999892
5 0.32734375 0.5670902393777707 0.0125 0.01733295066836362
5 0.25078125 0.7138556040340439 0.025 0.011228401336727067
5 0.28828125 0.7619482060391346 0.0171875 0.015824994668999892
5 0.67734375 0.7969441080919503 0.01875 0.011155676002545255
5 0.68984375 0.7642770587603139 0.0171875 0.011137494668999891
5 0.69140625 0.7432014900938594 0.015625 0.007994313335454351
5 0.6515625 0.7653941160884505 0.0125 0.014207950668363622
5 0.64609375 0.7098617314210415 0.015625 0.01111931333545435
5 0.60546875 0.7414202667488599 0.0109375 0.011064769334818082
5 0.56875 0.7527117554105419 0.0109375 0.011064769334818082
5 0.52890625 0.826466881405133 0.015625 0.009556813335454706
5 0.5796875 0.8200265247453601 0.0171875 0.008012494668999892
5 0.53046875 0.6882038127386785 0.01875 0.008030676002545433
5 0.484375 0.7415737133990878 0.015625 0.011119313335454527
5 0.46328125 0.6858595153962244 0.0171875 0.011137494668999891
5 0.4421875 0.6840515673933609 0.0109375 0.012627269334818081
5 0.4 0.6827794213876338 0.01875 0.011155676002545434
5 0.42421875 0.6291549820575882 0.0203125 0.008048857336090797
5 0.440625 0.6707521360598154 0.0109375 0.012627269334818081
5 0.38046875 0.7302084047183157 0.021875 0.008067038669636161
5 0.35625 0.7002390940483614 0.0203125 0.014298857336090797
5 0.33359375 0.6960692147119525 0.0109375 0.015752269334818082
5 0.26171875 0.6522641233688621 0.015625 0.01424431333545435
5 0.29296875 0.647940250039771 0.01875 0.0064681760025454334
5 0.26953125 0.6328237800365892 0.0125 0.014207950668363622
5 0.21015625 0.5211953893618624 0.015625 0.01268181333545435
5 0.1703125 0.5183880153564535 0.015625 0.006431813335454351
5 0.165625 0.5456772213558171 0.01875 0.011155676002545434
5 0.690625 0.6736611494270865 0.0125 0.011082950668363623
5 0.521875 0.6685725654041785 0.01875 0.009593176002545434
5 0.5609375 0.7315270987428146 0.0234375 0.015897720003181702
5 0.60546875 0.6484515167488599 0.021875 0.008067038669636161
5 0.52578125 0.6514305187380423 0.015625 0.009556813335454351
5 0.27421875 0.7297533240372255 0.0109375 0.011064769334818082
5 0.30390625 0.767598769374589 0.0140625 0.015788632001908987
5 0.378125 0.5848686327179976 0.0125 0.011082950668363623
5 0.3578125 0.5916635253819068 0.015625 0.01111931333545435
5 0.4046875 0.5648652153882703 0.0171875 0.008012494668999892
5 0.38203125 0.5489765860518613 0.0078125 0.012590906667727353
5 0.3890625 0.5771834020528157 0.0203125 0.00804885733609062
5 0.42421875 0.5236862320575882 0.01875 0.008030676002545433
5 0.4578125 0.5178271307288153 0.0203125 0.0064863573360906205
5 0.459375 0.4561265620623608 0.0234375 0.009647720003181703
5 0.440625 0.4426271360598154 0.0109375 0.015752269334818082
5 0.4546875 0.44122826806172444 0.0109375 0.012627269334818081
5 0.38515625 0.3755754487189521 0.009375 0.01573408800127272
5 0.3828125 0.4192981767186339 0.015625 0.01111931333545435
5 0.36171875 0.4213964787157705 0.0203125 0.01429885733609062
5 0.33359375 0.4406004647119525 0.01875 0.008030676002545433
5 0.36015625 0.3651282973822251 0.009375 0.014171588001272717
5 0.325 0.3662817173774525 0.0140625 0.015788632001908987
5 0.41015625 0.2993038500556793 0.015625 0.011119313335454527
5 0.4203125 0.28692202872372463 0.01875 0.009593176002545344
5 0.45 0.2560174740610881 0.01875 0.008030676002545345
5 0.4453125 0.24424418006045173 0.021875 0.008067038669636161
5 0.51875 0.2896299527370877 0.0171875 0.014262494668999893
5 0.5546875 0.2361418734086329 0.01875 0.011155676002545346
5 0.596875 0.2366327694143599 0.01875 0.008030676002545345
5 0.6390625 0.19962366542008692 0.015625 0.00955681333545444
5 0.671875 0.18438047342454125 0.01875 0.009593176002545344
5 0.603125 0.11483049474854168 0.0125 0.014207950668363533
5 0.5640625 0.13234471140990559 0.0171875 0.008012494668999892
5 0.559375 0.18697766740926922 0.015625 0.011119313335454439
5 0.546875 0.1923009667409057 0.0125 0.014207950668363533
5 0.53515625 0.12028960673931484 0.015625 0.011119313335454439
5 0.5546875 0.1166106234086329 0.0171875 0.011137494668999891
5 0.55078125 0.0993776700747693 0.015625 0.011119313335454439
5 0.5875 0.06542993141308724 0.015625 0.011119313335454439
5 0.6140625 0.057926514083359804 0.0171875 0.0064499946689998925
5 0.57109375 0.051176527410860075 0.009375 0.009484088001272673
5 0.5921875 0.035015725413723574 0.0125 0.004832950668363556
5 0.60234375 0.017946404081768966 0.01875 0.011155676002545339
5 0.546875 0.05480096674090568 0.0109375 0.011064769334818102
5 0.52109375 0.08028222473740584 0.0125 0.007957950668363556
5 0.5390625 0.14767881007317846 0.0125 0.007957950668363533
5 0.478125 0.1797822380649061 0.0171875 0.014262494668999893
5 0.47421875 0.15551803473104248 0.0078125 0.01259090666772722
5 0.42578125 0.1322981633911337 0.0171875 0.008012494668999892
5 0.39609375 0.14445271805377025 0.0203125 0.009611357336090798
5 0.37265625 0.1621487480505886 0.015625 0.00955681333545444
5 0.403125 0.21172203405472473 0.0171875 0.014262494668999893
5 0.353125 0.21426523138127052 0.0171875 0.011137494668999891
5 0.34375 0.07587489337999784 0.0109375 0.014189769334818126
5 0.26015625 0.19833969203531657 0.0140625 0.012663632001908986
5 0.2984375 0.25191013470718 0.0203125 0.014298857336090797
5 0.35625 0.3228953440483614 0.015625 0.011119313335454439
5 0.34765625 0.29232659671386146 0.0171875 0.014262494668999893
5 0.46015625 0.1881669027291335 0.015625 0.011119313335454439
5 0.45859375 0.20064872139558804 0.0140625 0.012663632001908986
5 0.4609375 0.15458224339590623 0.0109375 0.012627269334818081
5 0.1125 0.330996556015272 0.01875 0.011155676002545346
5 0.1 0.30663235534690847 0.01875 0.011155676002545255
5 0.1296875 0.26400905068427194 0.01875 0.008030676002545345
5 0.0875 0.27445565467854494 0.015625 0.011119313335454439
5 0.06640625 0.2523352066756814 0.01875 0.008030676002545345
5 0.0859375 0.23537497334499946 0.0140625 0.014226132001908986
5 0.11953125 0.21779712201622653 0.015625 0.00799431333545444
5 0.1671875 0.3089766526893626 0.0203125 0.014298857336090797
5 0.16015625 0.29795733668840807 0.015625 0.011119313335454527
5 0.175 0.25438005935708985 0.0125 0.011082950668363623
5 0.2140625 0.25483459269572595 0.0171875 0.012699994668999893
5 0.1953125 0.27805391669318064 0.0109375 0.014189769334818081
5 0.18984375 0.3123652820257715 0.0125 0.015770450668363533
5 0.18046875 0.33647494402449885 0.0171875 0.014262494668999893
5 0.26953125 0.32813628003658923 0.0109375 0.015752269334818082
5 0.21640625 0.2040806146960441 0.0078125 0.012590906667727265
5 0.19453125 0.22804482602640785 0.015625 0.009556813335454528
5 0.178125 0.23566642202418073 0.0078125 0.015715906667727174
5 0.20546875 0.191453345361226 0.0140625 0.011101132001908987
5 0.1984375 0.17262152936027148 0.01875 0.008030676002545345
5 0.24609375 0.15286356003340756 0.0125 0.015770450668363578
5 0.21015625 0.15010163936186233 0.0078125 0.01259090666772722
5 0.2203125 0.1353760680299077 0.0140625 0.011101132001908987
3 0.9296875 0.6459741434595396 0.025 0.011228401336727067
3 0.93046875 0.6897332341263124 0.0140625 0.020476132001908988
3 0.3625 0.7964055693825431 0.0296875 0.015970445337363515
3 0.28828125 0.8267919560391345 0.0140625 0.01266363200190881
3 0.09921875 0.7722482646801356 0.0125 0.015770450668363623
3 0.17734375 0.766126081357408 0.021875 0.011192038669636162
3 0.04140625 0.2520443053389543 0.025 0.009665901336727067
3 0.353125 0.16973398138127052 0.0296875 0.009720445337363427
3 0.38828125 0.19436181138604303 0.0203125 0.015861357336090797
3 0.46171875 0.07568508406267893 0.0203125 0.014298857336090797
3 0.8671875 0.07649689011772184 0.0140625 0.017351132001908985
3 0.75390625 0.024397493435677108 0.0234375 0.00808522000318167
3 0.628125 0.8830901460852687 0.0203125 0.014298857336090976
3 0.3875 0.5334152207192704 0.025 0.008103401336727245
1 0.32421875 0.5537726267106798 0.015625 0.009556813335454351
1 0.2484375 0.46382833203372564 0.0109375 0.011064769334818082