3 0.8243465359079618 0.15145938076504145 0.009511355386194253 0.02349204215447771
3 0.7350976835468297 0.11994628123257967 0.009502265027114732 0.02192954215447771
3 0.6339578852440318 0.19319340457275483 0.01268180718159222 0.03132272287263693
3 0.7948317527304745 0.1813195975875542 0.01726931323171641 0.01416249394987581
4 0.783644267855785 0.13841448010111151 0.014171584308955331 0.018831813231716586
5 0.8068959363755 0.24062641989445704 0.009493174668035209 0.020367042154477665
5 0.6863203368430382 0.33039342272312744 0.007921584308955332 0.018795451795398144
3 0.6607703701187213 0.23600761846840132 0.020385222872636888 0.012618174668035031
5 0.6110658067888088 0.2870797599589491 0.012627265027114731 0.02194772287263689
5 0.6271271440246305 0.3619888563681529 0.011037493949875809 0.017251132513557366
5 0.5714265898681002 0.32246781411547937 0.015706813231716587 0.01415340359079611
7 0.5631368460164203 0.24048201591087742 0.014135222872636887 0.012581813231716588
7 0.6837266019683487 0.2874383082617468 0.011028403590796288 0.015688632513557364
3 0.33646928600615766 0.08945182279788219 0.014198855386194253 0.023519313231716542
5 0.2741016170936592 0.24685123234060669 0.00948408430895542 0.018804542154477667
5 0.2593169544276767 0.2570938407518631 0.007939765027114642 0.021920451795398053
5 0.1555561501729506 0.28269834963065765 0.007930674668035032 0.020357951795398056
7 0.31372771935659555 0.34349897336361623 0.011028403590796109 0.015688632513557364
3 0.8554748578220813 0.3989429139425288 0.009493174668035209 0.020367042154477665
5 0.6589634721852659 0.4625882991865605 0.011019313231716588 0.014126132513557366
7 0.654793601771957 0.41729852508425963 0.01726931323171659 0.01416249394987581
5 0.6408856378763105 0.44394283831597614 0.011046584308955332 0.018813632513557367
7 0.7219498063960254 0.5458184348233759 0.011028403590796288 0.015688632513557364
7 0.6567702339909267 0.6227627299047198 0.007921584308955332 0.018795451795397967
5 0.5797441256778662 0.5435206574996211 0.01726931323171641 0.01416249394987581
5 0.5840639870159888 0.614591681601922 0.007921584308955332 0.018795451795397967
5 0.5514196586589618 0.643688829142594 0.011028403590796288 0.015688632513557364
5 0.47194123691779294 0.6800899374556545 0.01418067466803503 0.020394313231716588
7 0.4929440833269968 0.6643422176080798 0.007903403590796287 0.015670451795397965
3 0.5946338483541114 0.6856263442679046 0.015734084308955332 0.018840903590796286
3 0.5464145169720223 0.7234081453993726 0.011064765027114731 0.021938632513557366
5 0.6353679326630669 0.7041399949318345 0.007921584308955332 0.018795451795397967
5 0.5428400650784283 0.7804621212970717 0.007921584308955332 0.018795451795397967
3 0.5546951704646226 0.8038314436039744 0.01418067466803503 0.02039431323171641
5 0.6091013902140016 0.8894553262157278 0.00791249394987581 0.017232951795397966
3 0.5752309051429203 0.9763740641154793 0.015734084308955332 0.018840903590796286
7 0.556535447297398 0.9858581484244346 0.011037493949875809 0.017251132513557366
7 0.5114587757526209 0.8923672236582039 0.012563632513557365 0.011010222872636888
7 0.4828570527817881 0.9448791453011769 0.014135222872636887 0.01258181323171641
5 0.4772337666774346 0.9183484615579556 0.007903403590796287 0.015670451795398322
3 0.4760525408779315 0.8496030067374953 0.015743174668035032 0.020403403590795934
3 0.3705559989198455 0.7111495607958297 0.014217036104353476 0.026644313231716586
7 0.4020332578968359 0.7500302536142373 0.00792158430895551 0.018795451795398144
7 0.4343099475919856 0.7920314012531051 0.011037493949875809 0.017251132513557366
7 0.362453649190992 0.9299541029503073 0.01416249394987581 0.01726931323171641
3 0.301701980671277 0.8279603317748727 0.014198855386194253 0.02351931323171641
3 0.32271794173825313 0.680176816747758 0.011055674668035032 0.020376132513557365
5 0.28881564041039326 0.7616268046475095 0.007921584308955421 0.018795451795398144
7 0.3955691135776178 0.5789683198710159 0.009465903590796198 0.015679542154477664
7 0.32205889070498084 0.566895566747758 0.007921584308955421 0.018795451795397967
7 0.3655089088553535 0.5150785366935287 0.007885222872636887 0.012545451795397965
3 0.1955913185944697 0.4496585906536672 0.015752265027114642 0.02196590359079611
5 0.22567372833358598 0.38307507865161466 0.014144313231716587 0.014144313231716587
5 0.8356497337945349 0.7514139289696434 0.009484084308955688 0.018804542154477844
3 0.7548628212267483 0.6971945824622436 0.017342036104353475 0.02666249394987581
3 0.4372884600850175 0.4982541301758663 0.01418067466803503 0.020394313231716588
1 0.20652479429577703 0.5831932533196497 0.020430674668035033 0.020430674668035033
1 0.3887009691602038 0.4727546813073344 0.009447722872636889 0.012554542154477665
1 0.6247202823919203 0.4854445370863122 0.009438632513557366 0.010992042154477666
2 0.6591589149054776 0.49618204918656056 0.01416249394987581 0.01726931323171659
2 0.47852147238165765 0.3339461904807166 0.011028403590796288 0.015688632513557364
7 0.437139510921898 0.7412319705349459 0.007921584308955332 0.018795451795398144
2 0.6616213604543597 0.6508604588274809 0.03147725897699054 0.0392443071815924
3 0.6424184051429203 0.9759831786750557 0.007921584308955332 0.01879545179539832
3 0.7380798422057914 0.7668258264121195 0.007921584308955332 0.018795451795398144