7 0.25469719206062463 0.44518604754508007 0.01584320554708336 0.009920637023308565
4 0.22333808928708296 0.4487822734984629 0.015806837955902785 0.008358137023308565
5 0.24508514950756904 0.4886359471822603 0.014426175911805571 0.01611607332097762
4 0.32442846381211765 0.43902038229880314 0.020567073138263937 0.011646828130301046
4 0.33536465739135374 0.5066443919174499 0.01602504350298615 0.017733137023308566
4 0.43251437395635384 0.3974454959084668 0.01755117591180557 0.016225200725639422
3 0.49990058928708303 0.4584400488110244 0.023692073138263936 0.011755955534962758
7 0.4686869568782635 0.4557862747644073 0.017369337955902786 0.00841270072563951
7 0.4691577759324648 0.5363368703179037 0.012863675911805572 0.01606150961864685
5 0.44303168702663154 0.5166592873782789 0.017478440729444423 0.01310020072563951
4 0.40885736198850653 0.4732441040758347 0.020567073138263937 0.011646828130301046
5 0.5026235861529509 0.5765997717691824 0.0206034407294446 0.013209328130301045
4 0.5475224313270484 0.36080364617861926 0.02685344072944442 0.013427582939624472
4 0.5471743263693052 0.5101315235832808 0.020639808320625085 0.014771828130301045
5 0.621574914325208 0.5049107994439966 0.017478440729444423 0.01310020072563951
7 0.6501720398001731 0.5192014779371175 0.0188954703647223 0.006904764427970278
5 0.6475919004574996 0.5292758823836211 0.014353440729444422 0.01299107332097762
3 0.6327494568782634 0.46151546350914713 0.020639808320624908 0.014771828130301045
5 0.7665769833794093 0.5905085374630972 0.02053070554708327 0.010084328130301046
5 0.864542357904444 0.5806375188587756 0.017442073138263937 0.01153770072563951
5 0.8430128500206593 0.5650298770261436 0.0174784407294446 0.01310020072563951
5 0.8700299449104163 0.5464262099657681 0.020567073138263937 0.011646828130301046
3 0.804206882790069 0.4518651889143759 0.0237284407294446 0.013318455534962758
7 0.7433070568020136 0.38093264082114164 0.015806837955902785 0.008358137023308565
5 0.7660724095755553 0.3770363145049391 0.018931837955902787 0.008467264427970278
5 0.8338404846136802 0.4216246174074967 0.012827308320624908 0.014499009618646853
7 0.8913451665094094 0.36968266069140754 0.01736933795590261 0.008412700725639422
5 0.7829091917762842 0.661448520039902 0.015952308320624907 0.014608137023308565
5 0.9285496533072912 0.618839412505506 0.0112284407294446 0.012881945916316084
7 0.7773111955760064 0.7675893926352402 0.017514808320625085 0.014662700725639511
7 0.919178572569583 0.4167858391845284 0.0174784407294446 0.01310020072563951
7 0.7460683808902081 0.3966667682258034 0.01751480832062491 0.01466270072563942
2 0.5192318175355899 0.46771584509016007 0.020603440729444422 0.013209328130301045
4 0.49379736607256913 0.38472973029937013 0.014317073138263936 0.011428573320977709
4 0.4933064035916316 0.4058234802993702 0.011119337955902786 0.008194445916316084
1 0.5270975625015968 0.5328869773041452 0.012681837955902785 0.008249009618646852
2 0.360584169359201 0.4309003474524129 0.014244337955902787 0.00830357332097762
2 0.3561337119122566 0.3869593744942549 0.015843205547083274 0.009920637023308565
2 0.33082458738722187 0.39936760525696113 0.017696646276527783 0.022475200725639334
4 0.5742277888502427 0.4899653565229055 0.020567073138263937 0.011646828130301046
2 0.8537003493550692 0.3410020999843016 0.019077308320625264 0.014717264427970278
2 0.8637825577519441 0.41172382775178296 0.01755117591180557 0.01622520072563951
2 0.901209822569583 0.4161583566077235 0.015879573138263936 0.011483137023308564
2 0.7629811643252079 0.5098488145049391 0.017442073138263937 0.01153770072563951
2 0.8257714518442704 0.5331523944493387 0.014389808320624909 0.01455357332097762
2 0.8270982157119787 0.5097421763005041 0.015879573138263936 0.011483137023308387
2 0.8151255457840968 0.48664941668185724 0.012754573138263937 0.011374009618646852
2 0.8224659203091317 0.47361370334234615 0.012681837955902608 0.008249009618646852
4 0.7121810773192356 0.5424777760303516 0.015843205547083274 0.009920637023308565
2 0.6737537037441316 0.5810119971744111 0.015952308320624907 0.014608137023308565
2 0.6707020921368745 0.544156837918584 0.02220230832062491 0.01482639183263199
3 0.5342372620647564 0.5620660458157996 0.02220230832062491 0.01482639183263199
0 0.41855771067798564 0.5603720818433162 0.05748649810013902 0.05508929328391084
3 0.6415802494313192 0.4180382820208014 0.012863675911805572 0.01606150961864685