4 0.686356618334169 0.21171875 0.01924107332097762 0.0140625
3 0.6616467950131913 0.22578125 0.011810519237293704 0.025
4 0.5632638587155222 0.22421875 0.014608137023308565 0.015625
3 0.5083010178865314 0.5453125 0.01767857332097762 0.0140625
5 0.5237995323145016 0.5265625 0.010084328130301046 0.0203125
4 0.4496353460168324 0.525 0.01191964664195524 0.028125
5 0.41432283939341047 0.57421875 0.013045637023308566 0.015625
5 0.4492583453838603 0.64765625 0.010138891832631992 0.021875
5 0.5560911879421316 0.60859375 0.010029764427970277 0.01875
5 0.6116392942954011 0.6734375 0.014608137023308565 0.015625
5 0.5826412750581074 0.6984375 0.014608137023308565 0.015625
5 0.501954270248784 0.7046875 0.01778770072563951 0.0171875
5 0.5375445406672041 0.759375 0.014717264427970278 0.01875
4 0.5153743855877282 0.8796875 0.011483137023308564 0.015625
5 0.7313912551878416 0.84609375 0.008467264427970278 0.01875
5 0.7184523226031875 0.43359375 0.01299107332097762 0.0140625
5 0.5203744650687916 0.2890625 0.008467264427970278 0.01875
4 0.3619890461943177 0.30546875 0.009920637023308565 0.015625
3 0.22099696924514292 0.40546875 0.013263891832631991 0.021875
5 0.20550837850097006 0.4015625 0.01466270072563942 0.0171875
5 0.19297117296600722 0.425 0.010029764427970277 0.01875
5 0.3110861896714122 0.890625 0.012881945916315996 0.0109375
5 0.26246764039705156 0.8734375 0.012936509618646851 0.0125
5 0.32696416081547164 0.928125 0.011483137023308564 0.015625
5 0.3695509648991556 0.9390625 0.014608137023308565 0.015625
4 0.6575668639881818 0.7453125 0.01767857332097762 0.0140625
1 0.10610857922660948 0.384375 0.024583337748947987 0.0328125
1 0.668023280585221 0.24453125 0.019786710344286362 0.0296875
1 0.5821750275051782 0.5328125 0.01142857332097762 0.0140625
1 0.6546030990120574 0.56171875 0.009756945916316085 0.0109375
2 0.36330106425048503 0.20078125 0.013045637023308566 0.015625
4 0.4231671375714627 0.18671875 0.016170637023308565 0.015625
4 0.578043121329394 0.2484375 0.01778770072563951 0.0171875
4 0.6007613695152954 0.29140625 0.011592264427970279 0.01875
4 0.41796124928220985 0.44765625 0.014771828130301045 0.0203125
4 0.431187935579879 0.44921875 0.01482639183263199 0.021875
4 0.366587233040141 0.509375 0.016225200725639422 0.0171875
4 0.5717261116259291 0.5859375 0.01611607332097762 0.0140625
4 0.6051660942027339 0.56796875 0.00674107332097762 0.0140625
4 0.6551785070867581 0.478125 0.00674107332097762 0.0140625
2 0.5798461464723194 0.621875 0.016770837748947897 0.0328125
4 0.2511159673462264 0.7734375 0.008467264427970278 0.01875
4 0.18652767769051262 0.74375 0.011483137023308564 0.015625
2 0.4500668441179158 0.89296875 0.017896828130301044 0.0203125
4 0.3495385983790852 0.684375 0.016225200725639422 0.0171875
4 0.28878214765344573 0.7015625 0.011592264427970279 0.01875
2 0.48419634057453675 0.65390625 0.02091270072563951 0.0171875
4 0.5762449752355927 0.47890625 0.014771828130301045 0.0203125
4 0.5895187907520221 0.434375 0.011592264427970279 0.01875
4 0.546430989663563 0.46015625 0.010029764427970277 0.01875
4 0.3532117577197303 0.35546875 0.014771828130301045 0.0203125
4 0.48641861652007046 0.2546875 0.017896828130301044 0.0203125
1 0.43376975463968737 0.64375 0.011264882213985139 0.009375
6 0.43708074919739176 0.77265625 0.042227194735189676 0.090625
2 0.5941814649839736 0.6140625 0.008467264427970278 0.01875
2 0.5372047786863046 0.6125 0.008467264427970278 0.01875
4 0.3985961464723194 0.621875 0.006686509618646852 0.0125
2 0.49650782369949586 0.83828125 0.014935519237293703 0.025
5 0.5461730732361596 0.3109375 0.01142857332097762 0.0140625
5 0.5534126543616857 0.32734375 0.009811509618646852 0.0125
5 0.5748784265942043 0.3390625 0.012827382213985139 0.009375
5 0.6662846765942043 0.3390625 0.014389882213985138 0.009375
5 0.7155108610777748 0.38359375 0.012936509618646851 0.0125
5 0.6575842883897693 0.275 0.010029764427970277 0.01875
5 0.6521626676085297 0.22890625 0.008358137023308565 0.015625
5 0.6631919368458232 0.20390625 0.011701391832631813 0.021875
5 0.7526735551799923 0.415625 0.011374009618646852 0.0125
5 0.7540550059056318 0.3984375 0.014608137023308565 0.015625
5 0.624399733040141 0.509375 0.012827382213985139 0.009375
5 0.6530604463796521 0.51640625 0.009920637023308565 0.015625
5 0.5075024097191634 0.5234375 0.016006945916316084 0.0109375
5 0.34109121443581947 0.41171875 0.011646828130301134 0.0203125
5 0.3207663015517953 0.5015625 0.009811509618646852 0.0125
5 0.3452529247801058 0.38203125 0.011483137023308564 0.015625
5 0.455094172333035 0.54765625 0.014608137023308565 0.015625
5 0.5004513123515685 0.56875 0.014717264427970278 0.01875