7 0.7846875231593637 0.05248152528065133 0.024019696856846906 0.012636355386194254
7 0.8505501176588458 0.07397927537884719 0.014863020678164317 0.017269313231716543
7 0.8053467795695045 0.0765866457921561 0.019477746071058632 0.01573408430895542
7 0.901389179693339 0.12525997424737906 0.024529119106588126 0.023573855386194255
2 0.7207320310172467 0.021595139643836036 0.03255994292790536 0.028306807181592352
2 0.8199786679065149 0.17262130845813858 0.03277826674922295 0.03299430718159235
2 0.6953039995857152 0.14677694682542838 0.04044521753501122 0.029914758976990453
3 0.5937200748547748 0.09657293462698412 0.027363020678164318 0.017342036104353496
3 0.6810188676588458 0.0749655793389857 0.03375856989237604 0.020503397540671965
7 0.5430115994618807 0.09843087129707169 0.019477746071058632 0.01573408430895542
7 0.5372153637299044 0.09143143755385034 0.013082196856846907 0.012572722872636933
7 0.46590328990858687 0.08715754889197296 0.019477746071058632 0.01573408430895542
7 0.44005572745980875 0.1865535608940255 0.02409247146395277 0.014198855386194253
7 0.5072304189399721 0.269779151351301 0.013227746071058633 0.015697722872636977
4 0.6745056561196906 0.2203553473911625 0.02743579528527036 0.018904536104353477
4 0.5885638480141386 0.15364963642238222 0.025800520678164317 0.017332945745273866
4 0.5836387535146568 0.13179736232008127 0.020967471463952593 0.01418067466803503
2 0.5928382791552199 0.22864509124284238 0.027799668320799498 0.026717036104353477
2 0.693444054795783 0.3249610341594459 0.04847604135632881 0.034647710772388506
7 0.5034397930089588 0.3729541483262389 0.04015411910658777 0.02366475897699045
3 0.40489528515107587 0.4047859313073344 0.026237168320799496 0.026707945745273954
7 0.40068297415003984 0.44857229274365296 0.02096747146395277 0.01418067466803503
7 0.45674457547394737 0.34353026873954784 0.029143844499482086 0.022038626463433176
4 0.3792360055815712 0.32366319633444907 0.02409247146395277 0.014198855386194253
4 0.3960425159206535 0.33216149756411306 0.01962329528527018 0.018859084308955422
4 0.4075044007430071 0.29302172951193634 0.02743579528527036 0.018904536104353477
7 0.29945861434907695 0.33897509982704943 0.016352746071058633 0.01571590359079611
7 0.2211837570293133 0.269098937062871 0.022821069892376134 0.020439765027114642
7 0.19381858229837295 0.21846313280814492 0.01791524607105859 0.01572499394987581
7 0.21548172063538323 0.31445688885826917 0.014644696856846906 0.012581813231716588
7 0.19159045636735955 0.3216290394240032 0.02096747146395268 0.01418067466803503
7 0.2127548269216895 0.28946597921734873 0.02096747146395277 0.01418067466803503
7 0.2204068151348652 0.33630916296057006 0.019477746071058632 0.01573408430895542
7 0.23558020491961748 0.37685689490839336 0.02096747146395277 0.01418067466803503
7 0.11414616066780452 0.45414662363476277 0.025946069892376133 0.020457945745273952
7 0.29832629983338427 0.24755066910889015 0.019477746071058545 0.01573408430895542
4 0.2496319346557378 0.2087608798812787 0.01606164764263518 0.00946590359079611
4 0.25175951488719617 0.23766258470173884 0.024238020678164406 0.017323855386194253
4 0.315762048799927 0.1521109040817755 0.029143844499481996 0.02203862646343313
2 0.38022480913900913 0.16033194935951117 0.03099744292790545 0.028297716822512697
2 0.32277833622731433 0.20208363300453666 0.042298815963434676 0.03617384933607006
3 0.4882534789075509 0.13078937422393794 0.029216619106587773 0.023601126463433087
2 0.4395419971045159 0.10841038017586628 0.043570217535011224 0.029932939695149673
7 0.44362802956950453 0.0786910639190876 0.013082196856846907 0.012572722872636933
7 0.4127975605867512 0.10465866628021976 0.025582196856846907 0.012645445745273865
2 0.3659953351938571 0.10649387705260831 0.03412244292790545 0.028315897540671965
7 0.37922092721213974 0.08844331382089174 0.01649829528527036 0.018840903590796175
4 0.38471541004863197 0.20641206382089178 0.025800520678164497 0.017332945745273866
4 0.355299737798891 0.19564273546386465 0.019477746071058632 0.01573408430895542
2 0.39668671712072656 0.17820979576871498 0.035539393713693725 0.02519998789975162
4 0.4455630188161376 0.22090583499632643 0.02565497146395259 0.014207945745273953
7 0.49020343072679645 0.22299050976255738 0.01784247146395259 0.01416249394987581
2 0.5160767260120667 0.24159506401728348 0.06461046360606985 0.04567611436318471
4 0.5473652673683956 0.2757973471947707 0.02609161910658777 0.023582945745273864
3 0.5042531222069597 0.3065251724285399 0.023946922249741043 0.011073855386194254
4 0.5083477708830522 0.4112172176080796 0.02609161910658777 0.023582945745273955
7 0.4770249962759463 0.40983652478967203 0.021040246071058633 0.015743174668035032
3 0.4544265583104396 0.4615444705349459 0.029071069892376046 0.020476126463433175
4 0.42336064888098024 0.4992353680756178 0.011446922249741042 0.011001132513557365
4 0.10223685793893614 0.3158971898915414 0.020821922249741 0.011055674668035032
2 0.12245946670644177 0.33062731040304616 0.027581344499481998 0.022029536104353476
2 0.15474542783131226 0.335909708041914 0.03241439371369372 0.025181807181592398
2 0.16038115177646434 0.38979777732375476 0.03412244292790545 0.02831589754067192
2 0.139706932793711 0.4157062923508694 0.038955492142117173 0.03146816861791084
2 0.09884649234700493 0.42766593686647936 0.03910104135632886 0.03459316861791084
4 0.06350615177646435 0.3903613795866911 0.013154971463952725 0.014135222872636887
4 0.019101180312511633 0.3765534096409204 0.003998295285270292 0.018768180718159222
2 0.06396637820281578 0.4841341054843902 0.034267992142117135 0.0314408975406721
4 0.10472196484441494 0.5370363916869396 0.022675520678164453 0.01731476502711473
4 0.0835383236119206 0.5520074067140541 0.014644696856846861 0.012581813231716588
4 0.0933307005763913 0.5441358193800366 0.018133569892376133 0.02041249394987581
4 0.17334568630836766 0.5507034610669761 0.011592471463952725 0.014126132513557366
5 0.2209313157540377 0.5824665454741275 0.023946922249741043 0.011073855386194254
5 0.30601263709415594 0.5468057805452087 0.02409247146395277 0.014198855386194253
2 0.2968152655063687 0.4835608919815271 0.02921661910658786 0.023601126463433174
2 0.31890643527491036 0.45451828659533283 0.035976041356328814 0.03457498789975162
2 0.34671891211554656 0.39730977459328026 0.048330492142117085 0.03152271077238851
4 0.3650879224546288 0.4057989854638647 0.02096747146395277 0.01418067466803503
4 0.294122605043452 0.4257483919815271 0.011374147642635179 0.009438632513557366
4 0.2663229367226524 0.39934042808588066 0.02409247146395277 0.014198855386194253
4 0.25507291356328865 0.3423591750608185 0.01649829528527027 0.0188409035907962
4 0.3258905277074778 0.28568192818407645 0.02409247146395277 0.014198855386194253
2 0.38968550806277064 0.3634569493595111 0.035539393713693725 0.02519998789975162
2 0.5047818151348652 0.33465471760807963 0.04527826674922295 0.033067030054229285
2 0.5597047555815713 0.32261325986075323 0.034267992142117266 0.03144089754067201
2 0.5570913318840882 0.3671717809379921 0.0371746683207995 0.02677157825883114
2 0.6381979367226525 0.39717692262493154 0.03568494292790536 0.02832498789975162
5 0.585186406738863 0.4670354255517978 0.025582196856846907 0.012645445745273775
7 0.60597828804656 0.29264850390882485 0.016352746071058633 0.01571590359079611
7 0.6367937944567007 0.3166945370863122 0.017915246071058634 0.01572499394987581
4 0.6473609592628436 0.20800988349551597 0.019332196856846905 0.01260908430895542
4 0.7143365975998539 0.3037400191323313 0.025800520678164497 0.017332945745273866
2 0.7411730794028889 0.32624627820751756 0.029143844499482086 0.022038626463433176
2 0.7173203564911941 0.36780251913233125 0.03085189371369381 0.025172716822512698
2 0.7596191724546287 0.4035036697962612 0.042080492142117266 0.031486349336070064
4 0.7937329991714305 0.2970264108192707 0.016352746071058456 0.0157159035907962
4 0.8012008968140656 0.30636050420341243 0.019477746071058632 0.015734084308955332
3 0.7681336856891952 0.30108265174408444 0.01991439371369381 0.02510908430895542
4 0.7473438426374551 0.22383889569396023 0.020967471463952593 0.01418067466803503
4 0.7942359592628436 0.2071553897420319 0.020821922249740867 0.011055674668035032
4 0.8047924696019259 0.2156900524080144 0.020967471463952593 0.01418067466803503
2 0.9282106989237615 0.19777986886118476 0.03226884449948173 0.022056807181592353
3 0.9172068864749834 0.29708952245198095 0.032268844499482086 0.0220568071815924
4 0.9024894150110306 0.28310883568369755 0.024238020678164673 0.017323855386194253
2 0.8710574784932661 0.2793843928652898 0.03739299214211726 0.03145907825883114
2 0.8387180134394541 0.28973154040596183 0.037538541356328635 0.03458407825883123
7 0.9395570754739474 0.3407213477839459 0.03234161910658777 0.023619307181592396
7 0.8747861000810534 0.3426610976857501 0.016279971463952592 0.01415340359079611
5 0.865796397847523 0.40132302537884723 0.02416524607105828 0.015761355386194255
4 0.973608897847523 0.4006957906023535 0.01806079528527036 0.01884999394987581
4 0.99089586652069 0.5201270466524777 0.0182082669586201 0.022038626463433176
4 0.9554282861845331 0.496921350809008 0.019696069892376045 0.020421584308955333
7 0.9390820022718025 0.582195775477043 0.016425520678164673 0.017278403590796288
2 0.9974498313673597 0.6552332996775398 0.005100337265280785 0.0314318071815924
2 0.9391933182352371 0.6181423658361227 0.038955492142117264 0.03146816861791084
2 0.8787802030575907 0.5794207543016083 0.043788541356328634 0.03462043969514959
7 0.8511624712545558 0.5569190404059619 0.022675520678164675 0.01731476502711473
2 0.8058670878799443 0.5407718656397309 0.05189213978475209 0.040915891490547904
2 0.7552121164159915 0.5270002571302788 0.04059076674922295 0.033039758976990366
4 0.7268709466474499 0.5560792239527914 0.024092471463952592 0.014198855386194253
2 0.6818794702210985 0.4625655732888615 0.03888271753501123 0.02990566861791084
2 0.6432001139347922 0.48779737744539176 0.031070217535011223 0.0298602168225127
2 0.7211410233642516 0.44983376913233125 0.03746576674922295 0.03302157825883114
2 0.7500472733642516 0.4496655974893583 0.02609161910658777 0.023582945745273955
4 0.6765948107916391 0.5001064799047198 0.020967471463952593 0.01418067466803503
4 0.6697112640586267 0.5368752268796577 0.019332196856846905 0.012609084308955331
4 0.6806123767550737 0.5360303443661003 0.016352746071058633 0.015715903590796287
2 0.6009891509478947 0.6888786092950191 0.04037244292790554 0.028352258976990542
2 0.5615456612869771 0.6977041634515494 0.046767992142117264 0.03151362041330898
5 0.5695786391610705 0.7359490520152309 0.02096747146395277 0.01418067466803503
4 0.6397862853559636 0.8004019165748073 0.022529971463952768 0.01418976502711473
4 0.5501329722880131 0.6540087056060271 0.02565497146395259 0.014207945745273776
5 0.48896218589408297 0.6996893651487517 0.021331344499482086 0.02199317466803503
7 0.39775283498446007 0.6541137656162899 0.022675520678164494 0.01731476502711473
4 0.4303427030575907 0.5820296873574586 0.022675520678164317 0.01731476502711473
2 0.3810319077723204 0.5635614884889268 0.038737168320799674 0.02678066861791084
2 0.33858969664744987 0.5583381781840765 0.03412244292790545 0.02831589754067192
4 0.30561453080784967 0.5718148709042883 0.020894696856846907 0.012618174668035031
4 0.33901138171747247 0.6177268137226959 0.02096747146395277 0.01418067466803503
4 0.34128020305759066 0.5825478378249969 0.020894696856846907 0.012618174668035031
2 0.33027423655603666 0.6482546510567134 0.03702911910658786 0.023646578258831142
2 0.28210641025351973 0.6039915666495621 0.034267992142117176 0.03144089754067192
4 0.24466637634078897 0.689388711165172 0.03902826674922295 0.03303066861791084
2 0.24093775475300175 0.6261120063447118 0.04727741439185813 0.042451120413308986
4 0.23401135855810865 0.5612909822424108 0.016352746071058633 0.01571590359079611
4 0.2670571449520388 0.5157739491631194 0.022675520678164494 0.01731476502711473
2 0.19378015673886306 0.4693125605012421 0.04044521753501131 0.02991475897699054
4 0.17453785111451056 0.44207334963065764 0.03390411910658786 0.02362839754067192
2 0.21603399234700493 0.426984159935508 0.04080909057054054 0.03772725897699036
2 0.237872605043452 0.42607564490839334 0.03412244292790545 0.02831589754067192
2 0.220956932793711 0.4152335936787293 0.03255994292790545 0.028306807181592397
4 0.10087987324041707 0.4042102561483201 0.022821069892376134 0.020439765027114733
2 0.17064452543116618 0.6437131176828345 0.037465766749222994 0.03302157825883114
5 0.09390655107172934 0.7410608163549746 0.024092471463952724 0.014198855386194253
2 0.4043175121965998 0.7447251300776705 0.04059076674922295 0.03303975897699054
2 0.3884720343225063 0.706525693309387 0.045569365177646405 0.039317030054229284
2 0.46721777253568203 0.7529552657144857 0.04080909057054054 0.037727258976990544
2 0.4795336819651414 0.7153734524827691 0.03739299214211726 0.03145907825883114
4 0.5490520076484858 0.5133518893492484 0.022457196856846905 0.012627265027114731
4 0.5020336124870501 0.5441024404807167 0.025946069892376224 0.020457945745273775
4 0.4838658093438969 0.5567115247896719 0.01940497146395259 0.014171584308955331
4 0.5173332808078497 0.5705831272490001 0.009884422249741042 0.010992042154477666
4 0.5129176085581086 0.559668353146699 0.01762414764263518 0.00947499394987581
4 0.4852164476809072 0.6528234555078313 0.027290246071058632 0.015779536104353474
4 0.4582900746453779 0.6451654916121848 0.02565497146395259 0.014207945745273776
4 0.5227528349844601 0.6533865368899204 0.025946069892376043 0.020457945745273952
4 0.5630696199306482 0.6633109827333902 0.025800520678164497 0.017332945745273776
4 0.5908864048768363 0.6733081514494969 0.024092471463952592 0.014198855386194253
4 0.5914963728261323 0.5521780400131784 0.01806079528527036 0.01884999394987581
7 0.8700302493763182 0.6935650675333249 0.04015411910658813 0.02366475897699054