5 0.8725368221665718 0.34718265231424994 0.020949169961944136 0.015743174668035032
5 0.8606734921285156 0.362734929441613 0.022702670950527092 0.020439765027114642
5 0.7421410094287213 0.44405713143340286 0.021012836958138336 0.01730567466803503
5 0.7204861853221642 0.4876707760472086 0.02401050296574958 0.014198855386194253
5 0.8591030163488036 0.4775423180052945 0.020694501977166622 0.009493174668035032
5 0.6863300667293644 0.32032419476331525 0.017760502965749582 0.01416249394987581
5 0.5949211581361269 0.358064568398078 0.02251166996194396 0.015752265027114732
5 0.6204596690105418 0.4097634237842723 0.025509335969555024 0.012645445745273775
5 0.6251604619767288 0.2184298966569092 0.017760502965749582 0.01416249394987581
5 0.54507903114037 0.1507924238824681 0.020758168973360823 0.011055674668035032
5 0.47613932463802977 0.35659245110802706 0.022320668973360824 0.011064765027114643
5 0.4526487920147849 0.20180495715815122 0.02088550296574958 0.01418067466803503
5 0.4188905573378241 0.27424758371978025 0.020758168973360823 0.011055674668035032
5 0.23608071593106153 0.23491185206654458 0.020758168973360736 0.011055674668035032
5 0.269162471368269 0.26087945442767674 0.022384335969555115 0.012627265027114642
5 0.1410082964634092 0.22108063534222772 0.019450336958138293 0.01729658430895542
5 0.6369892303026986 0.7004156948615112 0.019450336958138338 0.01729658430895533
5 0.6341759536109529 0.5738668304001305 0.02069450197716627 0.009493174668035032
5 0.640579803914964 0.6543537611182898 0.020758168973360823 0.011055674668035032
5 0.6327527164625342 0.6347816045024315 0.014635502965749581 0.014144313231716587
5 0.37041985973273234 0.5223441952542945 0.020821835969555204 0.012618174668035031
3 0.42912103908621646 0.5828276981811608 0.027262836958138338 0.017342036104353475
5 0.23993522779405962 0.2911709424256242 0.013136669961943959 0.015697722872636887
5 0.22442031574078108 0.3129504936552882 0.01782416996194396 0.01572499394987581
5 0.18765780338349142 0.2541567557555366 0.013073002965749491 0.014135222872636887
3 0.64336390570185 0.74184921593875 0.024137836958138335 0.017323855386194253
5 0.6187750825838761 0.7901321798343964 0.019259335969555202 0.012609084308955331
5 0.38716966653908386 0.39669021028140916 0.01782416996194396 0.01572499394987581
7 0.31407170064520334 0.5579453519683486 0.022320668973360734 0.011064765027114731
7 0.277850357755566 0.5124328640685971 0.02069450197716627 0.009493174668035032
2 0.4337382604173044 0.4469492855151783 0.0354573389353046 0.02676248789975162
3 0.5416780944096932 0.4507015202916719 0.021076503954332713 0.01886817466803503
3 0.4560589293906651 0.45801405054229294 0.02401050296574958 0.014198855386194253