3 0.8496626294625791 0.23938264855191438 0.025190914772652208 0.011228401336727067
3 0.8393893770269472 0.32233150855350523 0.015897735389503252 0.015806813335454528
3 0.8125462333576132 0.3960962725573232 0.025245461850553142 0.014353401336727068
3 0.8001922836819247 0.4493758138924595 0.02376478246740419 0.019022720003181705
3 0.7498553185849609 0.385886025899141 0.01595228246740419 0.01893181333545444
3 0.7300865150142384 0.2829701112349136 0.025190914772652385 0.011228401336727067
3 0.7389508206135558 0.4774377265675046 0.025245461850553142 0.014353401336727245
3 0.6598109711827486 0.3306723619112314 0.01905000892845372 0.017405676002545344
3 0.6497149967502939 0.42377747191282217 0.025300008928453722 0.017478401336727067
3 0.6335463003210162 0.5271115572485948 0.023601141233702095 0.009647720003181703
3 0.618466771100023 0.5585433705840492 0.026753414772652383 0.011246582670272431
3 0.6008838047852432 0.5360871152530492 0.017487508928453722 0.017387494668999894
3 0.5724064285690748 0.33715926658977624 0.014389782467404189 0.018913632001908987
3 0.5091660888775003 0.3402393605983668 0.023628414772652383 0.011210220003181703
3 0.5117900771063775 0.5801012919319122 0.025245461850553142 0.014353401336727068
5 0.5027384054338663 0.6435007205999577 0.023573867694751626 0.008085220003181704
3 0.4360092325468344 0.26763820194145727 0.02373750892845372 0.017460220003181703
3 0.4200257224005647 0.29204785594368443 0.014389782467404189 0.018913632001908987
3 0.5598949715897857 0.15758085459104892 0.02055796185055314 0.014298857336090797
3 0.4891012305182395 0.17559560526736667 0.020667056006354302 0.020548857336090798
3 0.44489726298564347 0.19486377327341184 0.025190914772652385 0.011228401336727156
4 0.6002758786485051 0.5907927965865947 0.014171594155801336 0.006413632001908987
4 0.5368973969124496 0.45165811859486693 0.011210235389503253 0.015752269334818082
4 0.5644536067344077 0.3739780139242762 0.0064136412337020944 0.009447725334181811
4 0.5812768680984935 0.3081439285885036 0.015706820616851046 0.0048693133354544395
2 0.6210427516215578 0.25845246391632204 0.009538641233702095 0.009484088001272716
4 0.7865076590873142 0.5159547865611411 0.016006829545304767 0.02205681333545435
4 0.9009343977232284 0.5802616398790965 0.015761367694751983 0.007994313335454351
4 0.3037694768647915 0.30199611529282 0.020612508928453722 0.0174238573360908
3 0.8881440714243347 0.6085411812142327 0.015843188311602675 0.01268181333545435
3 0.6157763733734993 0.449177461250822 0.022065914772652385 0.011192038669636162
3 0.611903530842551 0.22730246125082196 0.022065914772652385 0.011192038669636162
3 0.5870979943146619 0.5073354065881854 0.018968188311602675 0.012718176002545434
3 0.4702615016215578 0.26020696260345744 0.02055796185055314 0.014298857336090797
3 0.467814385955401 0.34384616593732104 0.02686250892845372 0.01749658267027261
3 0.5058347629856434 0.1941547012651395 0.02686250892845372 0.01749658267027261
3 0.6235795961843962 0.09042007924891297 0.026698867694751625 0.008121582670272565
7 0.7992394841683921 0.5290905858927777 0.012609094155801337 0.006395450668363623
3 0.474775272317839 0.5188007126034574 0.019022735389503255 0.015843176002545433
3 0.36580582670263573 0.2747063619510023 0.018968188311602675 0.012718176002545345
3 0.3109797792176979 0.44647282129218374 0.022120461850553053 0.014317038669636161
3 0.36688885998081866 0.4262870432845477 0.0143897824674041 0.018913632001908987
3 0.40438708563108944 0.29144841927913884 0.01899546185055314 0.014280676002545345
3 0.7037813392845373 0.163720671904868 0.017487508928453722 0.017387494668999894
3 0.7094915969951752 0.22225987790423166 0.022011367694751628 0.008067038669636161
3 0.6445347986994585 0.26130474391314035 0.017487508928453722 0.017387494668999894
2 0.7716111363591429 0.6474047812301411 0.012745461850553141 0.014207950668363622
3 0.5553649788933864 0.3904933519255489 0.009647735389503254 0.01573408800127272
7 0.7604364882288772 0.23104398456400474 0.012718188311602674 0.012645450668363622
3 0.5823308534879968 0.32375983792173085 0.022093188311602674 0.012754538669636162
3 0.5387014046230874 0.5102427779280942 0.025163641233702093 0.009665901336727244
3 0.5462917621715693 0.5421922119271396 0.01899546185055314 0.014280676002545433
3 0.4723672926103785 0.4703813939370029 0.01282728246740401 0.018895450668363623
3 0.3247580868489054 0.25096032662318385 0.026698867694751716 0.008121582670272609
3 0.45204156128136014 0.1564916166056846 0.022065914772652385 0.01119203866963625
3 0.4735074581971051 0.1327995779360484 0.023628414772652383 0.01121022000318166
3 0.2774484845754292 0.3609080386298653 0.018995461850553053 0.014280676002545345
3 0.4272188392845374 0.16693876794241175 0.018886367694751625 0.008030676002545345
3 0.5422728693163095 0.267183121260367 0.025245461850553142 0.014353401336727068
3 0.4504984265404799 0.2471529792727755 0.022038641233702094 0.009629538669636162