5 0.6474716999522749 0.3629355657422918 0.017351132001908985 0.014362508928453721
7 0.6255512466184113 0.366459986196987 0.007994313335454351 0.015761367694751716
7 0.5058381832829568 0.37999856046728603 0.008012494668999892 0.017323867694751714
3 0.391639323281366 0.38972634212391116 0.017478401336727067 0.025300008928453722
3 0.41071658728518406 0.36192862459131525 0.015915901336727246 0.02527273538950343
5 0.2999881726209567 0.34202345332584116 0.009629538669636251 0.022038641233702094
7 0.33662565396245625 0.28249449472169896 0.00799431333545444 0.015761367694751626
3 0.290657531269912 0.4723558356310894 0.01894999466899989 0.01751478246740401
5 0.396153005927776 0.5390541862797125 0.02043976933481808 0.0112920560063543
5 0.44136550859327606 0.5484388689092724 0.011210220003181703 0.023628414772652383
5 0.4806552752625942 0.5295894573830309 0.012772720003181703 0.023655688311602675
4 0.5200899452578216 0.5654411826262645 0.01731476933481808 0.01123750892845372
4 0.3551200206079118 0.43909905072805333 0.012699994668999893 0.017405688311602673
2 0.3296205812778662 0.4144302873353727 0.01893181333545444 0.01595228246740419
2 0.2984160346117298 0.4099785665563659 0.02218408267027261 0.02694432954530477
2 0.5975069679344576 0.49334008603483126 0.025345445337363513 0.03012387662320535
2 0.558035387929685 0.5278144975610728 0.014262494668999893 0.017432961850553142
4 0.43492515193350306 0.49753488798399587 0.023655676002545433 0.019159103084255058
7 0.31868198659295793 0.5486416461016708 0.014207950668363533 0.012745461850553141
3 0.2735683865770496 0.6650654870110613 0.011228401336727067 0.025190914772652385