3 0.20544528701310266 0.1916480368082149 0.013737168320799586 0.02714469685684686
3 0.28818501240599687 0.18622848263160446 0.017915246071058634 0.01642552067816445
3 0.3670741457806083 0.1989960022763116 0.016862168320799585 0.027290246071058545
3 0.42123510690547883 0.20195402833115952 0.01984161910658777 0.02431079528527027
3 0.36771415467194846 0.26316766418697035 0.021040246071058633 0.016571069892376132
3 0.2700236714211715 0.30060135173819236 0.013737168320799586 0.027144696856846905
3 0.46131860545773673 0.25567618776061896 0.0168621683207995 0.027290246071058632
3 0.3307835430089587 0.3611899412752756 0.01806079528527036 0.019550520678164495
3 0.4244243810982999 0.35447971484892415 0.01991439371369381 0.02587329528527036
3 0.5299295184018529 0.3503486788692788 0.012029119106587771 0.023946922249741043
3 0.5640326906515938 0.3597215248165028 0.01380994292790554 0.028707196856846907
3 0.54466626054397 0.38098009470887895 0.017988020678164497 0.017988020678164497
3 0.35509864639978084 0.4461813713828994 0.02096747146395268 0.015008569892376223
3 0.3696919933804622 0.5073543118296054 0.013664393713693723 0.025582196856846907
3 0.6055545647205804 0.4611363215495151 0.0168621683207995 0.027290246071058632
5 0.6688358147205804 0.45818894996172793 0.010466619106587772 0.02387414764263518
3 0.31261154755707266 0.593005021506734 0.01827911910658786 0.024238020678164496
3 0.3389386071103666 0.6035229904894873 0.02096747146395277 0.015008569892376044
3 0.17950148697032145 0.4919412892894142 0.015081344499481997 0.02252997146395259
3 0.21157343237942622 0.5585637090579558 0.021258569892376133 0.021258569892376046
3 0.23842918486062561 0.5972430653442622 0.013737168320799586 0.027144696856846905
4 0.5990990494190995 0.372964233460174 0.00846747146395277 0.014426373035529317
4 0.4731594416850511 0.4594732758499601 0.017696922249740864 0.011738020678164495
4 0.39114530831043964 0.44685130541946466 0.009738873035529316 0.00824914764263518
4 0.3244115725784633 0.4429129762214637 0.005415246071058632 0.01584332382131759
2 0.2681958058292403 0.4126475874701686 0.011446922249741042 0.011446922249740865
4 0.4893857934232434 0.2026945829220547 0.024165246071058633 0.01671661910658786
4 0.5305843740689866 0.078636344708879 0.008540246071058633 0.01598887303552927
4 0.37081365342909417 0.7163483221686878 0.018133569892376133 0.02111302067816432
3 0.5614533844080688 0.08581098987031477 0.013300520678164318 0.017769696856846862
3 0.4570570986333111 0.382711722706807 0.012029119106587771 0.023946922249741043
3 0.23912688998964007 0.4273115550051799 0.01202911910658786 0.023946922249741043
3 0.5189406685256873 0.40018601302967854 0.013446069892376044 0.020894696856846907
3 0.2978384181114026 0.5615923556671337 0.015081344499482086 0.02252997146395259
3 0.38177677046876746 0.5482875268834174 0.019987168320799588 0.02743579528527036
3 0.2254711124870501 0.5375598502904502 0.019987168320799588 0.02743579528527036
3 0.10280840032872227 0.44227308312694247 0.010612168320799586 0.02699914764263518
7 0.5004131846557378 0.1873050233687608 0.008394696856846906 0.012863873035529272
3 0.5513786410230974 0.508287457405326 0.016571069892376045 0.021040246071058633
3 0.3330375175732833 0.6617357508285695 0.013446069892376133 0.020894696856846907
3 0.5117275978047416 0.6823820829220547 0.01515411910658777 0.02409247146395277
3 0.4819458984666955 0.6313118885464072 0.020967471463952593 0.015008569892376223
3 0.3420464904849781 0.6198200785788285 0.015008569892376223 0.02096747146395277
3 0.1579988604201355 0.3496638980569199 0.017988020678164407 0.017988020678164407
3 0.21593763895618276 0.33287235029045026 0.008831344499481997 0.022238873035529315
3 0.26554168672265244 0.3892828620772745 0.017988020678164407 0.017988020678164407
2 0.6212351069054789 0.19263887862160975 0.016279971463952592 0.014790246071058588
3 0.410222794042416 0.4530092601341945 0.01606164764263518 0.010102746071058632
7 0.2143173269216895 0.2812734629868973 0.01471747146395277 0.014717471463952681
3 0.33829213606069863 0.438351754757511 0.01359161910658786 0.024019696856846906
3 0.5305352940424161 0.4474056153870434 0.012101893713693811 0.025509422249740864
3 0.5604946217926751 0.4350490105484791 0.015008569892376044 0.020967471463952593
3 0.5041954259692855 0.5206633329220548 0.020894696856846907 0.013446069892376044
3 0.3170700692686944 0.7055414088102869 0.010612168320799586 0.02699914764263518
3 0.19936668486062561 0.5990624305219086 0.01202911910658786 0.023946922249741043
3 0.17267575227180237 0.5807319615391553 0.013664393713693723 0.025582196856846907
3 0.4349318114108115 0.7313697005809006 0.015008569892376044 0.02096747146395277
3 0.2152292793601076 0.6202460717544029 0.00868579528527027 0.019113873035529316
3 0.2905117615774273 0.48833679218489845 0.016862168320799585 0.027290246071058632
3 0.2894458753073317 0.5831227533097689 0.010393844499481997 0.022311647642635178