5 0.4109375 0.13515625 0.01484375 0.01796875
5 0.44609375 0.1578125 0.0125 0.0171875
3 0.46640625 0.1734375 0.00703125 0.02421875
3 0.48984375 0.17890625 0.01171875 0.021875
7 0.3296875 0.17890625 0.015625 0.01015625
5 0.25703125 0.28828125 0.009375 0.0171875
7 0.29140625 0.2875 0.0125 0.0140625
5 0.36875 0.26640625 0.0078125 0.01796875
3 0.41796875 0.21640625 0.01484375 0.02109375
5 0.46484375 0.2734375 0.0125 0.01171875
5 0.48828125 0.30390625 0.0078125 0.01953125
7 0.4375 0.29296875 0.01015625 0.01484375
3 0.41015625 0.33046875 0.01015625 0.021875
7 0.4859375 0.3625 0.00625 0.01875
7 0.38359375 0.3734375 0.00703125 0.01640625
3 0.471875 0.4203125 0.0140625 0.021875
5 0.2265625 0.35390625 0.01015625 0.01328125
5 0.19921875 0.390625 0.0078125 0.0171875
7 0.2625 0.459375 0.00546875 0.01796875
5 0.20390625 0.54453125 0.00859375 0.015625
7 0.39296875 0.58515625 0.00546875 0.01875
5 0.3296875 0.57578125 0.01328125 0.0109375
5 0.3859375 0.61328125 0.0125 0.01484375
5 0.46171875 0.6140625 0.0125 0.01640625
3 0.4359375 0.71953125 0.009375 0.0234375
7 0.4171875 0.76875 0.01015625 0.01953125
5 0.47421875 0.77421875 0.00703125 0.01796875
5 0.3734375 0.7375 0.00859375 0.01953125
7 0.34453125 0.8125 0.01015625 0.0171875
5 0.1328125 0.6265625 0.01015625 0.01015625
5 0.14921875 0.65703125 0.00625 0.0171875
5 0.20859375 0.6515625 0.00859375 0.0171875
4 0.2484375 0.68203125 0.00625 0.01953125
5 0.1203125 0.58984375 0.01171875 0.0125
3 0.265625 0.178125 0.01015625 0.02578125
5 0.790625 0.25859375 0.00625 0.021875
5 0.80390625 0.30625 0.00625 0.01640625
5 0.50703125 0.58046875 0.01328125 0.01640625
5 0.49765625 0.590625 0.01328125 0.01640625
5 0.59765625 0.6609375 0.00703125 0.02109375
5 0.8109375 0.52421875 0.0109375 0.01171875
1 0.2375 0.41328125 0.01875 0.01875
1 0.3984375 0.46640625 0.0296875 0.0328125
1 0.528125 0.37109375 0.0140625 0.02578125
1 0.54453125 0.3046875 0.015625 0.021875
1 0.54609375 0.41875 0.0140625 0.02578125
1 0.7828125 0.1703125 0.01640625 0.03359375
1 0.87890625 0.2984375 0.01484375 0.0265625
1 0.328125 0.78984375 0.01484375 0.02421875
1 0.2859375 0.4390625 0.0078125 0.009375
1 0.3 0.4875 0.00625 0.01328125
1 0.30859375 0.44921875 0.00625 0.00859375
1 0.3421875 0.48515625 0.0078125 0.00625
1 0.39375 0.53515625 0.00859375 0.0109375
1 0.43203125 0.46875 0.00625 0.0109375
1 0.359375 0.55078125 0.00859375 0.0109375
1 0.628125 0.3078125 0.009375 0.01015625
1 0.68828125 0.18828125 0.00859375 0.01015625
1 0.53359375 0.61640625 0.01015625 0.0109375
1 0.55390625 0.59609375 0.0078125 0.00859375
1 0.4859375 0.59375 0.00625 0.0109375
1 0.19765625 0.58046875 0.00625 0.00859375
1 0.2328125 0.59140625 0.00546875 0.01171875
1 0.2 0.50234375 0.00625 0.01015625
1 0.2171875 0.38984375 0.009375 0.01015625
1 0.4890625 0.31796875 0.00859375 0.009375
1 0.58046875 0.18671875 0.00703125 0.009375
1 0.7734375 0.228125 0.00625 0.0125
1 0.77734375 0.24375 0.00625 0.009375
1 0.85859375 0.390625 0.0046875 0.01015625
1 0.84375 0.446875 0.0078125 0.009375
1 0.84296875 0.49375 0.00859375 0.0078125
1 0.8796875 0.4953125 0.0046875 0.01015625
1 0.6953125 0.61328125 0.00703125 0.009375
1 0.62890625 0.6796875 0.00703125 0.009375
1 0.37578125 0.8 0.0078125 0.01171875
1 0.42109375 0.81640625 0.0078125 0.009375
1 0.41171875 0.853125 0.00625 0.0109375
1 0.3671875 0.89140625 0.00625 0.00859375
1 0.39765625 0.93515625 0.00625 0.009375
1 0.28984375 0.70859375 0.00859375 0.0078125
1 0.37265625 0.7203125 0.00859375 0.00859375
1 0.665625 0.546875 0.00625 0.0109375
1 0.1515625 0.76328125 0.00546875 0.0109375
1 0.21640625 0.79765625 0.0046875 0.00703125
3 0.63046875 0.24921875 0.00859375 0.0234375
3 0.55625 0.9421875 0.00703125 0.02109375