3 0.5763781552976743 0.8106394800514588 0.0206034407294446 0.012972778685347209
7 0.45275228523795175 0.46419827830409766 0.017369337955902786 0.008212543502986235
1 0.2643586664125003 0.2872506525447919 0.028670513867708358 0.024092116641249994
1 0.28921776852045183 0.5166114974345488 0.023946646276527782 0.02242051386770836
1 0.317438913181459 0.7897768937110767 0.022347778685347208 0.020821646276527873
1 0.5063071642282988 0.14842911436013934 0.020676175911805574 0.01609777868534721
1 0.7634579683679519 0.6963081423798965 0.02238414627652787 0.02238414627652787
1 0.06415025902114649 0.7768540939398264 0.01918641109416668 0.019186411094166543
2 0.21289688354618122 0.7935902651019793 0.023801175911805573 0.016170513867708534
1 0.5276028956109376 0.258240525454306 0.0110829703647223 0.006504573138263936
1 0.5534939015948612 0.2971036569131949 0.0095204703647223 0.006468205547083361
1 0.5256968631258683 0.3440871064763546 0.014244337955902787 0.008139808320624997
1 0.4764787663362503 0.37651709355857677 0.014244337955902787 0.008139808320624997
1 0.38418412319385453 0.4704106042921531 0.007994337955902786 0.007994337955902786
1 0.3339665708571532 0.493447407578785 0.011119337955902786 0.008067073138263936
1 0.3743525686729517 0.3499344501318406 0.011119337955902786 0.008067073138263936
1 0.4180869977188893 0.484473757502535 0.007994337955902786 0.007994337955902786
1 0.7200488880114934 0.4751046363959729 0.011192073138263935 0.011192073138263935
1 0.7073865402719448 0.5349335780753478 0.007994337955902786 0.007994337955902786
1 0.6441416578631254 0.5350231906325352 0.011119337955902786 0.008067073138263936
1 0.8512962751699655 0.3438572492375007 0.011192073138263935 0.011192073138263935
1 0.8540400686729516 0.36109930062427154 0.011192073138263935 0.011192073138263935
1 0.7241597322356603 0.7188182688047922 0.011119337955902786 0.008067073138263936
1 0.7325183993137506 0.7760131729651047 0.007994337955902786 0.007994337955902786
3 0.4745623885801743 0.8644892190335419 0.019077308320625087 0.014498911094166544