7 0.5113641129384371 0.5003639936652868 0.01740570554708327 0.00987510517284953
7 0.5143053153513885 0.6091168680384662 0.012790940729444599 0.01286371285298138
7 0.5813479981970481 0.5837053425699301 0.01740570554708327 0.00987510517284953
7 0.4580196009705898 0.5754261781467384 0.014353440729444422 0.012909176959604095
5 0.5396514606779856 0.5613840616911178 0.01609777868534721 0.02076714106622681
5 0.5177361738245133 0.7640089565182683 0.019113675911805572 0.016170569279472247
5 0.5891935997363188 0.7504525733696003 0.0206034407294446 0.013091033386094787
7 0.20130074154753438 0.38658367234075064 0.015952308320624997 0.014517141066226813
7 0.24097953096645797 0.4620072211662517 0.020639808320624998 0.014653533386094963
7 0.35791507066972195 0.3418886009497074 0.020567073138263937 0.011528533386094875
5 0.30328212205649274 0.33795360721791357 0.022129573138263935 0.011573997492717503
5 0.32486683453743026 0.3174736226573197 0.020567073138263937 0.011528533386094875
5 0.2826059461446872 0.35298757383181867 0.009738675911805572 0.015897784639736123
7 0.2402924659963192 0.28999582884638364 0.019113675911805572 0.016170569279472156
5 0.6523352582650344 0.45599553120801684 0.025436411094166545 0.01947742570596276
5 0.6634006980445483 0.41722854790106423 0.0174784407294446 0.01300010517284953
5 0.6962131980445483 0.41818329414014055 0.023692073138263936 0.01161946159934022
5 0.6756837989182289 0.35973429664742296 0.019113675911805572 0.016170569279472156
5 0.6264286813270483 0.35986467728880855 0.022129573138263935 0.011573997492717503
5 0.6888384155594789 0.3319730095004044 0.020639808320624908 0.014653533386094875
5 0.6160516129384371 0.5034100888090065 0.023837543502986235 0.01786946159934022
5 0.7528606287060065 0.5370984301918024 0.016061411094166544 0.019204641066226814
5 0.6225165524336106 0.6622993555020539 0.017442073138263937 0.01143760517284953
5 0.38042389067385385 0.44964727665567034 0.022165940729444424 0.01313649749271768
7 0.2930148096518052 0.44319503668480015 0.015879573138263936 0.011392141066226814
7 0.34003528001652744 0.43830895988348056 0.008067073138263936 0.011164820533113406
7 0.49003789285805527 0.3082075859060126 0.020639808320624908 0.014653533386094786
5 0.4740492169462497 0.32337794483978577 0.017442073138263937 0.01143760517284953
5 0.5608939470946177 0.38766541686396727 0.019113675911805572 0.016170569279472156
7 0.8753915517680205 0.44528666640174885 0.0174784407294446 0.01300010517284953
5 0.6573656375397217 0.5757541017411303 0.0159159407294446 0.012954641066226813
5 0.7032067740326038 0.48718334672656527 0.019150043502986235 0.017733069279472248
5 0.19272060287045084 0.6208677441275052 0.019113675911805572 0.016170569279472247
2 0.27878669586034677 0.55066655588513 0.04931032218833344 0.038909387305303154
7 0.4411457979682984 0.32632944860070945 0.0159159407294446 0.012954641066226813
7 0.23634592914284677 0.4931435608996949 0.011192073138263935 0.011255748746358662
7 0.21736019301055515 0.4691377595669115 0.011192073138263935 0.011255748746358662
2 0.19034375133118017 0.4542796377010145 0.017478440729444468 0.01300010517284953
7 0.3803654200247911 0.6536899189755383 0.014280705547083272 0.009784176959604096
7 0.33837794177628416 0.643868638096726 0.011155705547083273 0.009693248746358662
7 0.36759788877399274 0.3961130996960661 0.012718205547083273 0.009738712852981557
7 0.3156561419081248 0.2765531059642723 0.015806837955902785 0.008267141066226813