2 0.5716385662434643 0.8146593745979057 0.04346049498543501 0.04448638555165942
4 0.4744641055685609 0.16133555154542284 0.014653533386094963 0.02055796185055305
4 0.38829355416927036 0.6115049212687694 0.009920569279472158 0.018913641233702094
2 0.7754849802709447 0.7821802909954113 0.017960389812585475 0.02686250892845372
2 0.6987008906040084 0.31922236932290005 0.030642246239076344 0.03333069724005648
2 0.733342663565262 0.27406382792704226 0.024255853919208193 0.02853410308425506
2 0.7246747057268454 0.21793655885231883 0.024210389812585477 0.026971603084255058
2 0.3248110980467135 0.2296060848236058 0.03560253087881238 0.042787517856907445
2 0.37776626497718774 0.33029583157719494 0.025727425705962936 0.025436376623205435
2 0.3825757854311589 0.30754412419086874 0.03349446159934022 0.024010244317957154
2 0.3808123601209074 0.43498333157719493 0.027335389812585563 0.027026150162155815
2 0.40431805628084144 0.4369179784929399 0.01943196159934022 0.02376478246740419
2 0.4284147858268703 0.4591651254086847 0.024346782132453625 0.031659103084255055
2 0.4420226447606435 0.4432946635581317 0.025727425705962936 0.02543637662320535
2 0.4478551076136249 0.4556992061718055 0.016397889812585477 0.026835235389503432
2 0.4958606986007095 0.440009976464345 0.024346782132453625 0.031659103084255236
2 0.5086334832404455 0.44916678815274225 0.021130853919208194 0.02847955600635448
2 0.5303757540901282 0.5785406424548134 0.01474446159934022 0.02368296185055314
2 0.6937121430447839 0.7656297650208289 0.03068771034569906 0.03489319724005639
1 0.5434714844940868 0.4376156335263596 0.019568353919208192 0.028452282467404187