5 0.194000759971077 0.7471642593093647 0.02053070554708336 0.009611357336090798
3 0.2779932470532992 0.696173376631138 0.02834320554708327 0.009702264003817972
5 0.21293194471659788 0.7211557426400466 0.01904094072944442 0.012718176002545434
5 0.16180063012770873 0.47168300131286467 0.012790940729444467 0.012645450668363622
5 0.08719806078916696 0.355331842655955 0.01896820554708334 0.009593176002545344
5 0.08343662794350723 0.3280244553230459 0.018931837955902787 0.008030676002545345
5 0.18778059545843787 0.41277107797581924 0.014317073138263936 0.011101132001908987
3 0.1335626080918752 0.26570572131604625 0.02383754350298615 0.017460220003181703
3 0.2958625863403822 0.25522111262731995 0.026817073138263935 0.01124658267027261
3 0.24470208947451422 0.37381711863463785 0.012936411094166721 0.018895450668363623
3 0.4735401767648269 0.6032484379376392 0.025327308320625085 0.014353401336727245
3 0.45898671428388943 0.5823183199395482 0.016061411094166544 0.01893181333545435
5 0.5247565314382296 0.5542018632638668 0.0220204703647223 0.0065045386696361614
5 0.5372922458190282 0.5220160719287306 0.022093205547083272 0.009629538669636162
5 0.5203041143601392 0.49720697593095775 0.009738675911805572 0.01573408800127272
5 0.5534621064763546 0.5116689179265034 0.018968205547083273 0.009593176002545434
3 0.545487258736806 0.5719342559277761 0.019150043502986235 0.017405676002545434
5 0.5052583829775003 0.3879774265993213 0.0220204703647223 0.0065045386696361614
5 0.6436877161837504 0.5270297412476402 0.01591594072944442 0.01268181333545435
5 0.679334275454306 0.5141115705760951 0.022093205547083272 0.009629538669636162
5 0.6261729078631254 0.5131672359166402 0.01591594072944442 0.01268181333545435
5 0.6599316184442019 0.5870132685789586 0.02521820554708327 0.009665901336727067
3 0.6188325333380907 0.4999678019175947 0.026817073138263935 0.011246582670272431
3 0.670614545305938 0.5759484992441404 0.025254573138263937 0.011228401336727246
5 0.38298268626413223 0.33860522994909326 0.022056837955902787 0.008067038669636161
5 0.36897539086128506 0.37471545261777495 0.022056837955902787 0.008067038669636161
5 0.2834061392457644 0.6265603106301836 0.018968205547083273 0.009593176002545434
5 0.36774673128572977 0.7248245406190476 0.018931837955902787 0.008030676002545433
5 0.60486356515757 0.6384490465865946 0.012790940729444422 0.012645450668363622
5 0.6095166571975353 0.7376405245862765 0.009738675911805572 0.015734088001272538
5 0.6773016096104867 0.6282286145767314 0.022093205547083272 0.009629538669636162
5 0.6308227338511809 0.44434451058245844 0.023692073138263936 0.011210220003181703
3 0.6424733211414937 0.6763030352482767 0.022311411094166546 0.01900453866963616
5 0.4615824245806254 0.4588171852721391 0.012790940729444599 0.012645450668363622
5 0.28516670136611155 0.5343273572963199 0.017478440729444423 0.012699994668999893
3 0.33813392609923676 0.8291035079567293 0.019077308320625087 0.014280676002545433
3 0.3216913085080563 0.8277319119589563 0.009811411094166722 0.01885908800127254
5 0.24443063896142397 0.42930404996818333 0.01904094072944442 0.012718176002545434
5 0.7418894800514588 0.54933090790105 0.01740570554708327 0.009574994668999892
5 0.677116505602674 0.45240191124286777 0.0159159407294446 0.012681813335454529
5 0.6537160264042365 0.4878399719128222 0.018968205547083273 0.009593176002545434
3 0.44502809137437527 0.3183467266072755 0.019186411094166723 0.018968176002545346
3 0.3476601692622919 0.19757169728677487 0.025290940729444423 0.012790901336727112
5 0.4471277196022229 0.8450274052753208 0.017369337955902786 0.008012494668999892
3 0.2263567054501741 0.6264426793045923 0.023692073138263936 0.011210220003181703
3 0.3071897845723617 0.6747341812937746 0.025181837955902786 0.008103401336727245
3 0.32755814237989644 0.7440472552912292 0.012936411094166721 0.018895450668363623
3 0.4100089260992368 0.8282671666136388 0.022165940729444424 0.012754538669636162
3 0.6694741918668062 0.7955524745783222 0.019004573138263935 0.011155676002545434
3 0.6331002807726396 0.7772206452498674 0.028306837955902785 0.008139764003817973
3 0.15154888867708355 0.23267504531350092 0.023619337955902785 0.008085220003181704
3 0.1585080567051044 0.2630710699793191 0.022165940729444424 0.012754538669636162
3 0.20830803495361133 0.2538955173058649 0.012863675911805572 0.015770450668363623
3 0.2710626080918752 0.2641057639640471 0.025254573138263937 0.011228401336727067
3 0.3246643060395143 0.48541714262413826 0.013009146276527783 0.022020450668363622
3 0.3768262180836115 0.476995567950366 0.022129573138263935 0.011192038669636162
3 0.33856119224805586 0.37741373862191113 0.009811411094166722 0.018859088001272718
3 0.17580727232017396 0.4019699379774101 0.02365570554708336 0.009647720003181703
3 0.16526981582316008 0.4192847073122282 0.015988675911805573 0.01580681333545435
3 0.16724085106111186 0.8732909546467283 0.02045797036472221 0.006486357336090975
3 0.5997337751699655 0.3173280245862764 0.015988675911805573 0.015806813335454528
3 0.5204092978713891 0.30027743193032136 0.022165940729444424 0.012754538669636162
3 0.518572734516771 0.22137118193032138 0.022093205547083272 0.009629538669636162