7 0.24453125 0.5183308088457281 0.0171875 0.01123750892845372
4 0.47421875 0.8207775190714282 0.0171875 0.00967500892845372
4 0.48671875 0.845995707383031 0.0140625 0.011182961850553142
4 0.47421875 0.8637462690714284 0.015625 0.011210235389503253
4 0.8625 0.6009924935005877 0.0203125 0.0175420560063543
4 0.77578125 0.44010381208884375 0.0171875 0.01123750892845372
4 0.54921875 0.47521164894104456 0.01875 0.017514782467404188
4 0.4296875 0.4543752232113435 0.0171875 0.01123750892845372
4 0.48984375 0.6812065044609316 0.0171875 0.01123750892845372
4 0.475 0.6106349058409034 0.01875 0.01126478246740419
4 0.471875 0.5707366087630026 0.0140625 0.011182961850553142
4 0.56015625 0.6418088137136969 0.01875 0.012827282467404189
4 0.428125 0.6379416996723932 0.0171875 0.01123750892845372
2 0.58203125 0.4726593932590017 0.0265625 0.016088650162155816
2 0.696875 0.5598202483718516 0.0171875 0.01592500892845372
1 0.58515625 0.6320889403369023 0.009375 0.012663641233702094
1 0.27578125 0.44778252962473497 0.0140625 0.011182961850553142
4 0.496875 0.6063292353862082 0.0171875 0.00967500892845372
4 0.3203125 0.6446535754848197 0.015625 0.011210235389503432
4 0.28671875 0.4151609443973873 0.0140625 0.011182961850553142