3 0.252822407578785 0.32836596181534744 0.023801175911805573 0.016170513867708357
3 0.28645187195958355 0.29713479882131966 0.017660278685347208 0.020712543502986146
3 0.320009254368403 0.29635420203170165 0.02372844072944442 0.013045513867708358
3 0.15553179312173648 0.4424446859797918 0.016134146276527782 0.02223867591180557
3 0.2746279384483337 0.49362793911392383 0.02685344072944442 0.013118249050069508
3 0.29573987224392406 0.49490015159486134 0.026926175911805572 0.01624324905006951
3 0.2611836874984032 0.5198631307932988 0.022275043502986147 0.017696646276527873
3 0.26189285552642405 0.5503318807932989 0.017623911094166722 0.019150043502986058
3 0.4500124109972575 0.6484096241437851 0.028415940729444422 0.013154616641249995
5 0.15210028143822965 0.5633929656150696 0.02372844072944442 0.013045513867708358
5 0.21735833947451422 0.3814175734226043 0.012863675911805572 0.01591594072944442
5 0.2202898498268409 0.7086522206490626 0.017442073138263937 0.011337543502986058
5 0.09708939237989646 0.7495109971502083 0.01896820554708334 0.009811411094166545
4 0.08920350398715338 0.7126285929898959 0.026853440729444466 0.013118249050069508
4 0.18547909194305615 0.7226776998475002 0.020639808320624998 0.014535278685347208
7 0.18086367391503527 0.6921180308695487 0.02053070554708336 0.009847778685347208
5 0.3550499755861466 0.8960639145126391 0.017442073138263937 0.011337543502986236
3 0.4849186603316674 0.8733193583762157 0.02521820554708327 0.009956881458888844
3 0.7021418747124659 0.8463613873459034 0.02071254350298606 0.017660278685347208
3 0.6453489736862854 0.9559169188810422 0.022311411094166546 0.01925914627652787
4 0.5718387385039244 0.951082642095556 0.022165940729444424 0.013009146276527873
5 0.7044466442797576 0.7105511739150353 0.020603440729444422 0.012972778685347209
3 0.8936383904800355 0.8211471010611119 0.02521820554708327 0.009956881458888844
3 0.9524606912981254 0.4297603412774661 0.020748911094166544 0.01922277868534721
4 0.9224815973582988 0.3829937908406258 0.014244337955902608 0.008139808320625086
4 0.9700280913743754 0.345839936167223 0.015806837955902608 0.008176175911805573
3 0.8273697723201738 0.42294468398302154 0.023764808320625264 0.014608013867708358
3 0.939867812689028 0.32483645193479244 0.0157704703647223 0.006613675911805572
5 0.8181025686729516 0.3602628460271188 0.019004573138263935 0.011373911094166722
3 0.6416478650257293 0.29368967581489636 0.025290940729444423 0.013081881458888934
5 0.5710632613022572 0.313909950416181 0.014389808320624909 0.014389808320624997
4 0.7212080784565974 0.2900756729651047 0.015806837955902785 0.008176175911805573
4 0.8266573382402432 0.22459810296097293 0.011337543502986236 0.017442073138263937
7 0.6632715579393753 0.4511391531134728 0.015806837955902785 0.008176175911805573
7 0.4993961215783339 0.7237375856747921 0.018968205547083273 0.009811411094166722
5 0.48896319538218797 0.5103290491056601 0.019004573138263935 0.011373911094166722
4 0.43071363107763927 0.4566578820275698 0.015806837955902785 0.008176175911805573
1 0.3848685753224654 0.1643424422480559 0.030160278685347208 0.02100348423243057
1 0.21121678903767388 0.3523840368534724 0.02387391109416672 0.019295513867708357
1 0.20674945421590318 0.4623766326931598 0.022384146276527784 0.02238414627652787
0 0.1328943801277087 0.47627417211208345 0.05806837955902786 0.07943423328249999
1 0.20277242866468798 0.5598874123284376 0.011192073138263935 0.011192073138263935
1 0.23264372625173663 0.6691175951740973 0.022311411094166723 0.01925914627652787
1 0.2495052243518756 0.722606271085903 0.015806837955902785 0.008176175911805573
1 0.08246580755812571 0.8592672036472223 0.020748911094166676 0.01922277868534721
1 0.4974524150813201 0.7408705342880213 0.023801175911805573 0.016170513867708357
1 0.5543901332618407 0.6039894365484727 0.026962543502986235 0.017805749050069507
1 0.49611846589940994 0.34808362224392403 0.025509146276527873 0.022456881458888845
1 0.6026042020317016 0.3271373022397922 0.023873911094166544 0.019295513867708357
1 0.6146840151019793 0.20873279435600747 0.02383754350298606 0.01773301386770836
1 0.8059253045209029 0.13900544186680622 0.022347778685347208 0.020821646276527783
1 0.8999351033422226 0.42072952697291743 0.025436411094166545 0.019331881458888846
1 0.7563331865484727 0.5579359734019451 0.03343074905006951 0.02732621941479163
1 0.7881462310013893 0.5493065090211464 0.023837543502986235 0.01773301386770836
1 0.9050265661075005 0.6394795269729174 0.023873911094166544 0.019295513867708357
1 0.9358453806963898 0.8900614084318065 0.028561411094166544 0.019404616641249817
1 0.7503806593817368 0.9060461650813201 0.026926175911805572 0.01624324905006951
2 0.27733209830822947 0.34142965947864606 0.031904616641249994 0.028852351823611143
2 0.3802031783803475 0.36646798670097247 0.04280574905006951 0.02754442496187508
1 0.4897645888089241 0.6118551815144796 0.011192073138263935 0.011192073138263935
1 0.41111291194718796 0.6209561181598614 0.01740570554708327 0.009775043502986237
1 0.41863251158659764 0.5079112575025351 0.014280705547083272 0.009702308320624908
1 0.43051426253652814 0.48163969823197955 0.011192073138263935 0.011192073138263935
1 0.442742158813056 0.5037874551658337 0.0095204703647223 0.006468205547083272
1 0.3350212310013893 0.538759907578785 0.011119337955902786 0.008067073138263936
2 0.6329476250937156 0.4231044188810422 0.028670513867708358 0.02409211664125017
1 0.673713522985764 0.19527101282086862 0.007994337955902786 0.007994337955902786
1 0.647680312689028 0.31803571238402834 0.008030705547083272 0.009556837955902786
1 0.616356924296285 0.28060779435600747 0.011119337955902786 0.008067073138263936
1 0.7008767414506252 0.25524607807534777 0.009556837955902786 0.008030705547083272
1 0.6592419406325353 0.6470328813619798 0.009556837955902786 0.008030705547083272
1 0.6698164179311117 0.6652380207046533 0.012681837955902785 0.0081034407294446
1 0.8843477773541671 0.4890794834699313 0.009593205547083272 0.009593205547083272
1 0.8958139138470489 0.5791414390170146 0.009556837955902609 0.008030705547083272
1 0.8218854513661114 0.5563384122315285 0.009556837955902609 0.008030705547083272
1 0.8865486698309727 0.617186299674341 0.009556837955902609 0.008030705547083272
2 0.902697080640799 0.43875282835968826 0.023837543502986235 0.01773301386770836
1 0.8086613655944103 0.6926753025241326 0.008030705547083272 0.009556837955902786
2 0.7370227549370839 0.7011586433298269 0.030342116641249993 0.02881598423243048
2 0.9802739539315628 0.28283144310107716 0.025509146276527873 0.022456881458888845
2 0.542010887727153 0.273411583774931 0.026998911094166723 0.019368249050069508
2 0.5351062710859029 0.24514111341020878 0.026998911094166543 0.019368249050069508
1 0.3802324667524314 0.9380338621759379 0.02074891109416672 0.01922277868534721
1 0.344403416315591 0.9083093413743754 0.028525043502986146 0.017842116641249815
3 0.4487421581474658 0.728024388961424 0.02688980832062491 0.014680749050069507
1 0.6179531790459376 0.14790439712954911 0.025472778685347208 0.02089438145888889
1 0.9544550299196182 0.21351774543777857 0.025509146276527873 0.022456881458888932
1 0.09723747558614657 0.8900632619678472 0.02387391109416668 0.019295513867708537
1 0.7723478847804521 0.9776126937666675 0.02387391109416672 0.019295513867708537
1 0.936463629746459 0.9166239084318063 0.026926175911805572 0.01624324905006951
3 0.27747952830409756 0.44840635809187523 0.02372844072944442 0.013045513867708358