2 0.26664105339317734 0.7916656966221525 0.028109589448421436 0.027335389812585653
2 0.06694270320965072 0.6048346010162143 0.018006547355046632 0.014562605172849529
2 0.00830402260916045 0.513062289654301 0.0166080452183209 0.016306961599340218
2 0.07699107934860075 0.41891983306952574 0.02287605787839033 0.017823997492717503
2 0.18146574772209992 0.36596466613905143 0.03399556840173403 0.021267246239076342
2 0.042622326576590486 0.27251384600164946 0.021677578925077733 0.024028533386094876
2 0.21971471857114327 0.15115200837977721 0.03243306840173403 0.021221782132453626
2 0.08800198698699471 0.14952497538939377 0.029490078925077733 0.02425585391920828
4 0.11231392932036588 0.3882548547771381 0.01653505261671846 0.016079641066226814
4 0.12919759243219323 0.3394081778175339 0.014790542093374803 0.012909176959604095
4 0.07645972930624845 0.3744795112827711 0.016353042093374803 0.012954641066226813
2 0.3795986818100275 0.23151179513108433 0.01966005261671846 0.016170569279472247
2 0.27593608453968543 0.33747830179500193 0.02434755261671846 0.016306961599340218
5 0.2488814899001793 0.44043581723440806 0.021040542093374803 0.013091033386094963
2 0.10300130055057992 0.5749281406705153 0.017733531570031102 0.00987510517284953
4 0.0497166768307043 0.5390421164556206 0.01782453683170295 0.01143760517284953
4 0.10333668756580949 0.7566411419241567 0.017824536831702976 0.01143760517284953
4 0.27813853746698747 0.6478247684089071 0.014699536831702886 0.011346676959604096
2 0.3189139978632743 0.5101512721698308 0.01966005261671846 0.016170569279472247
4 0.21916535586872152 0.6292626365138803 0.019478042093374802 0.013045569279472247
2 0.24379362954624478 0.6215266928612287 0.016626057878390377 0.017642141066226812
7 0.43762401343652824 0.2797386949727998 0.01341005261671846 0.01598871285298147
4 0.39699276620853857 0.42832695915856467 0.013228042093374803 0.01286371285298138
4 0.4308140293627182 0.4234432308661772 0.011574536831702887 0.011255748746358662
2 0.43733006889584425 0.4856477141731297 0.02113154735504672 0.014653533386094786
7 0.49458112677423455 0.46682350633471315 0.022512036831702886 0.01157399749271768
2 0.4184919797297715 0.8090852141731297 0.017733531570031148 0.00987510517284953
4 0.42287637186549853 0.840934607746639 0.017733531570031148 0.00987510517284953
2 0.5461850692487801 0.8529452112701357 0.02269404735504672 0.014698997492717325
2 0.5772438954018476 0.6812376958307296 0.01800654735504672 0.014562605172849529
4 0.5140235585842621 0.7088147780423255 0.01175654735504672 0.01438074874635884
2 0.6396829822194331 0.653683345672445 0.033813557878390375 0.018142246239076343
2 0.5840314926721896 0.5780899637774183 0.03059755261671846 0.01648881802583091
2 0.6703106269154089 0.6098962417532368 0.01497255261671846 0.016034176959604095
2 0.7163210769295263 0.6233760685545564 0.01809755261671846 0.01612510517284953
7 0.7436046427710116 0.6771770184754141 0.02269404735504672 0.014698997492717502
6 0.5827629372128736 0.3722264086837111 0.024893584186749605 0.02568196159934022
4 0.6773613476232778 0.2478054187128409 0.017915542093374804 0.01300010517284953
7 0.8479490504799927 0.4791594041313646 0.018006547355046365 0.014562605172849529
7 0.829708013718877 0.5647020990376573 0.0197510578783902 0.017733069279472248
2 0.7010971663073606 0.5232085839939625 0.013228042093374803 0.01286371285298138
2 0.6401093744963345 0.8338338469260863 0.033904563140062294 0.019704746239076344
7 0.6211311323182551 0.7579533085254264 0.01608002630835923 0.008267141066226813
3 0.7163974006635194 0.675628890341311 0.016808068401734034 0.02076714106622681
2 0.768127958683084 0.8051512542896491 0.02002407366340595 0.022420569279472245
5 0.7953436350902653 0.900290258050573 0.01019404735504672 0.0143352846397363
3 0.6071868135635852 0.40817226887112545 0.01184755261671846 0.015943248746358663
2 0.7117722718937334 0.8621657839148202 0.020949536831702885 0.011528533386094964
4 0.7872992477926871 0.4224296825028945 0.017824536831702886 0.01143760517284953
7 0.7297612216255022 0.5800890698081976 0.017733531570031148 0.00987510517284953
2 0.7118357871846388 0.3388335839939626 0.02434755261671846 0.016306961599340218