5 0.8595763116223594 0.575139480671277 0.014799484396167628 0.014144313231716587
4 0.8187676051544959 0.6608133602579681 0.02622830732694652 0.023582945745273774
5 0.8294937432141367 0.6866491524124457 0.016034435775648604 0.007903403590796287
4 0.6915422845985665 0.4984037429679171 0.030833920171816586 0.0220477168225127
4 0.7075667542954132 0.5508247610200939 0.021049484396167807 0.01418067466803503
4 0.591111837402957 0.4001929810640605 0.03346759724103805 0.01269089754067192
4 0.5237362296464694 0.3216998215213359 0.027545145861557076 0.018904536104353477
3 0.42047619007106185 0.5569646349494443 0.01496325870642714 0.01726931323171641
4 0.3829485345985665 0.4966083970496927 0.020885710085908293 0.011055674668035032
4 0.3814369442549334 0.4528629422292324 0.014881371551297562 0.01570681323171641
3 0.2556125079134578 0.6450408309893058 0.024010710085908292 0.011073855386194254
4 0.38158078640758875 0.5450231711519936 0.02072193577564878 0.007930674668035032
4 0.4333978346894235 0.3266413306947181 0.04465075870642732 0.017442030054229285
7 0.4080769301214392 0.29056747530852384 0.019323210085908295 0.01104658430895542
4 0.3278759322691458 0.563455008584207 0.01628009724103805 0.012590903590796287
4 0.37733037765573296 0.6129464693565956 0.014799484396167805 0.014144313231716587
4 0.29823601989924536 0.5343851321207739 0.016198210085908292 0.011028403590796288
7 0.22493463873700942 0.47694481596219107 0.017924484396167804 0.01416249394987581
4 0.179781511758645 0.31579369252382006 0.028943871551297518 0.015788626463433087
7 0.16696608774164123 0.622656770880847 0.014635710085908294 0.01101931323171641
2 0.8602878833099424 0.3353729987234538 0.02417448439616763 0.014198855386194253
2 0.8264285396869491 0.4195252849260031 0.019323210085908114 0.011046584308955332
2 0.739685456240721 0.3440434958947834 0.020885710085908116 0.011055674668035032
2 0.7155275819758901 0.25564861640628816 0.020885710085908293 0.011055674668035032
2 0.6985624892574078 0.36411055619963373 0.021049484396167807 0.01418067466803503
2 0.7107382626631562 0.34309407425181043 0.01956887155129756 0.01573408430895542
2 0.7782986561498639 0.5145287127172962 0.013400758706427318 0.01726022287263689
2 0.7954894781761314 0.4997895018467117 0.013400758706427318 0.01726022287263689
2 0.6623438647654342 0.7012969388113869 0.01784259724103805 0.01259999394987581
2 0.6420446528705036 0.6418219448615111 0.021049484396167807 0.01418067466803503
2 0.5956576537750149 0.6657634389095828 0.021295145861557074 0.01886817466803503
2 0.5532510685197644 0.5421168606507516 0.024174484396167806 0.014198855386194253
2 0.3865527329258297 0.19281577653818788 0.018006371551297563 0.015724993949875764
2 0.5592056608995624 0.2086594660369458 0.024010710085908115 0.011073855386194254
2 0.589015991632257 0.21117593285945854 0.02121325870642714 0.01730567466803503
2 0.6347346053816384 0.23409125809322767 0.017924484396167804 0.01416249394987581
2 0.663309984734852 0.24284863455666078 0.01784259724103805 0.01259999394987581
2 0.06459028098052186 0.3979107800542293 0.024338258706427272 0.017323855386194253
2 0.11929439111185865 0.32403291851971494 0.01603443577564878 0.007903403590796198
4 0.6777630676152533 0.5186298845566608 0.035357645861557076 0.01894998789975162