3 0.39921875 0.35616691954663227 0.025 0.019331881458888932
3 0.53984375 0.8445962527528824 0.0234375 0.017733013867708536
5 0.6234375 0.6051356688810422 0.0171875 0.016025043502986235
7 0.70859375 0.48055520260038254 0.015625 0.01755117591180557
7 0.8921875 0.466078394564098 0.015625 0.011301175911805572
2 0.38046875 0.5651055084524657 0.0203125 0.01609777868534721
2 0.41875 0.5331840144363893 0.0203125 0.017660278685347208
2 0.3796875 0.5822748246568754 0.0203125 0.014535278685347208
2 0.3640625 0.5990986487450698 0.01875 0.012936411094166544
2 0.41015625 0.6243902426848962 0.0171875 0.012900043502986059
2 0.43359375 0.48977950655260455 0.01875 0.01606141109416672
2 0.5515625 0.49643150968673655 0.0171875 0.012900043502986059
2 0.62578125 0.49112772026781304 0.0171875 0.016025043502986235
2 0.58515625 0.44174466289711856 0.0203125 0.01609777868534721
2 0.50546875 0.4508274157469102 0.015625 0.009738675911805572
2 0.63125 0.44984875683694503 0.0203125 0.01609777868534721
2 0.67734375 0.37435910077677137 0.0203125 0.01609777868534721
2 0.79921875 0.47328952288885484 0.0203125 0.012972778685347209
2 0.8203125 0.43549923536979235 0.0171875 0.014462543502986059
2 0.74375 0.5579359734019451 0.0171875 0.014462543502986059
2 0.62578125 0.644252720267813 0.0171875 0.016025043502986235
2 0.421875 0.7629442496187504 0.03125 0.03353985182361115
2 0.5546875 0.6933792448690976 0.01875 0.019186411094166543
2 0.528125 0.6896359958190282 0.0265625 0.017805749050069507
2 0.87734375 0.4938579024478827 0.021875 0.01925914627652787
2 0.19765625 0.5585067502843405 0.0171875 0.016025043502986235
2 0.17265625 0.5165186188254516 0.01875 0.01606141109416672
2 0.271875 0.49773421086541686 0.0203125 0.01609777868534721
2 0.45859375 0.3958301380114934 0.01875 0.012936411094166633
2 0.65390625 0.39959483690906306 0.0171875 0.014462543502986147
2 0.71171875 0.42281543778274366 0.0171875 0.012900043502986236
2 0.6328125 0.5959788744281255 0.0109375 0.011192073138263935
2 0.5859375 0.7066065966927088 0.0171875 0.016025043502986235
2 0.62578125 0.704408970267813 0.0203125 0.01609777868534721
2 0.9 0.4803227325200007 0.025 0.020894381458888844
2 0.5359375 0.623411583774931 0.0234375 0.014608013867708358
2 0.44453125 0.6462840796908684 0.0203125 0.017660278685347208