5 0.33828125 0.30859375 0.0125 0.0125
7 0.18984375 0.59453125 0.00859375 0.01875
5 0.18515625 0.653125 0.00703125 0.01875
4 0.24375 0.53203125 0.0140625 0.01328125
3 0.196875 0.453125 0.00859375 0.01953125
3 0.2265625 0.67421875 0.01171875 0.01796875
5 0.246875 0.86796875 0.0125 0.01484375
3 0.25703125 0.96015625 0.0109375 0.01640625
4 0.3203125 0.87265625 0.01328125 0.0265625
4 0.396875 0.81640625 0.0125 0.0203125
3 0.4578125 0.87890625 0.01171875 0.021875
5 0.52421875 0.5359375 0.0078125 0.0171875
5 0.4859375 0.6953125 0.0125 0.01796875
5 0.56328125 0.775 0.00625 0.01796875
7 0.4375 0.4265625 0.00546875 0.01640625
5 0.425 0.28828125 0.009375 0.0203125
7 0.49765625 0.61328125 0.00625 0.0203125
7 0.63671875 0.6359375 0.009375 0.01796875
5 0.53984375 0.890625 0.01484375 0.01171875
4 0.6515625 0.75625 0.0109375 0.025
4 0.51640625 0.3875 0.01796875 0.0171875
7 0.6453125 0.8765625 0.0125 0.01796875
1 0.42734375 0.22578125 0.00703125 0.01328125
2 0.35 0.46328125 0.0140625 0.03359375
4 0.45078125 0.40390625 0.0125 0.01875
2 0.5578125 0.3890625 0.040625 0.065625
2 0.4359375 0.8125 0.04453125 0.0546875
2 0.57890625 0.91953125 0.0265625 0.04453125
1 0.5828125 0.8375 0.009375 0.009375
1 0.615625 0.89296875 0.00703125 0.0109375
4 0.51796875 0.734375 0.00703125 0.0140625
3 0.696875 0.79609375 0.01953125 0.0109375
2 0.31875 0.3640625 0.009375 0.01015625
3 0.42109375 0.590625 0.009375 0.028125