4 0.58828125 0.21484375 0.009375 0.02578125
4 0.453125 0.209375 0.02265625 0.03046875
7 0.5125 0.25859375 0.01328125 0.01953125
5 0.30234375 0.32734375 0.0109375 0.01875
5 0.10546875 0.4015625 0.01015625 0.01484375
2 0.3515625 0.4 0.03359375 0.05390625
4 0.421875 0.378125 0.00859375 0.01484375
5 0.6375 0.3359375 0.0078125 0.01953125
5 0.76484375 0.390625 0.0171875 0.00859375
4 0.68359375 0.3453125 0.0171875 0.02890625
4 0.5046875 0.44375 0.009375 0.01875
5 0.3265625 0.59296875 0.01015625 0.02109375
5 0.734375 0.6265625 0.01484375 0.01484375
1 0.30703125 0.68203125 0.015625 0.0203125
2 0.42734375 0.640625 0.01875 0.03203125
1 0.453125 0.59609375 0.00625 0.00859375
1 0.4625 0.62265625 0.00625 0.01015625
1 0.45625 0.646875 0.00625 0.0109375
1 0.46953125 0.63203125 0.00703125 0.009375
1 0.43984375 0.459375 0.0078125 0.01015625
1 0.403125 0.49609375 0.00703125 0.01015625
1 0.353125 0.51328125 0.00859375 0.00859375
1 0.3234375 0.53046875 0.009375 0.00703125
1 0.384375 0.415625 0.0109375 0.01015625
1 0.5015625 0.415625 0.0046875 0.0125
1 0.59609375 0.36015625 0.00703125 0.0125
1 0.575 0.37421875 0.0078125 0.009375
1 0.603125 0.40546875 0.00625 0.01171875
1 0.6140625 0.39609375 0.009375 0.00859375
1 0.56796875 0.35546875 0.00859375 0.0078125
1 0.59609375 0.33203125 0.00703125 0.0078125
1 0.6390625 0.25625 0.0078125 0.00859375
1 0.703125 0.53515625 0.00546875 0.0109375
1 0.71796875 0.55 0.00625 0.01171875
1 0.71875 0.53125 0.00703125 0.01484375
1 0.76171875 0.55859375 0.00546875 0.0125
1 0.76015625 0.52421875 0.00703125 0.009375
1 0.728125 0.25703125 0.00625 0.01484375
2 0.69296875 0.23203125 0.02109375 0.02265625
2 0.47890625 0.25 0.0203125 0.0296875
2 0.34453125 0.2890625 0.01875 0.0375
2 0.17890625 0.2234375 0.01953125 0.02734375
2 0.25625 0.54765625 0.01484375 0.03046875
2 0.5421875 0.4984375 0.02421875 0.025