4 0.2767296298812787 0.24793636097883726 0.018886355386194254 0.023983069279472156
4 0.37576709358053345 0.14767559969606614 0.018922716822512696 0.03023306927947216
4 0.5989318828081449 0.20105196694310953 0.011082945745273775 0.02531824874635875
7 0.6965335906536673 0.2132684736070271 0.009484084308955332 0.019022784639736123
4 0.5456103983262389 0.5018954014245611 0.023610216822512697 0.03036946159934022
5 0.6120802808397963 0.49289012595602505 0.01416249394987581 0.017596676959604096
4 0.4677990157144857 0.445715946093427 0.017351126463433175 0.02862510517284953
4 0.8035263956939602 0.7602236931239261 0.02051248789975162 0.03496603338609496
3 0.7911985916356259 0.8645702123242561 0.015743174668035032 0.02076714106622681
7 0.470740645890352 0.8802500704666063 0.007939765027114732 0.022102320533113583
4 0.6573775826586354 0.8997455312080168 0.028288626463433175 0.028943353919208194
7 0.3614105768049029 0.9982198543149197 0.012581813231716588 0.003560291370160584
2 0.4453432744950844 0.2762839844940868 0.015734084308955332 0.019204641066226814
2 0.5761756388582692 0.21758023739708068 0.015734084308955332 0.019204641066226814
2 0.5038587146812133 0.56006560259906 0.015715903590796287 0.016079641066226814
2 0.4533592658126816 0.5101505191338229 0.015715903590796287 0.016079641066226814
2 0.3974950851927182 0.5765052933487177 0.01728749394987581 0.01768760517284953
2 0.383369473560008 0.45263588433580226 0.023555674668035032 0.02099446159934022
2 0.6303075851927182 0.5832794452354972 0.014217036104353476 0.026971676959604098
2 0.4046929441931497 0.9509968279884538 0.012681807181592397 0.03161371285298138
2 0.5979672629840111 0.6354724310497323 0.011046584308955332 0.019068248746358662
2 0.5745161274453918 0.637134219450392 0.01418067466803503 0.020721676959604095
2 0.7414137777165383 0.42320341475239615 0.014207945745273776 0.025409176959604096
2 0.6669627026791609 0.5952853517411303 0.014171584308955331 0.019159176959604098
2 0.6911172992847565 0.7413252774470932 0.02667158430895533 0.019522889812585476
2 0.7724218414392341 0.7343144109914725 0.017323855386194253 0.02393760517284953
2 0.6154900645082628 0.8469555003292044 0.023601126463433174 0.028806961599340042
2 0.5827593777399793 0.831938254090128 0.011046584308955332 0.01906824874635902
2 0.5932105435292198 0.9158502528364869 0.015706813231716587 0.014517141066226813
2 0.5536895012765463 0.8592221681176084 0.014253397540672097 0.033221676959604096