5 0.6055752589251584 0.5262373999144374 0.017487508928453722 0.017988020678164317
7 0.8777225888742051 0.8675517204259862 0.014307961850553141 0.014717471463952591
1 0.5392530093321956 0.3490712783266503 0.031659103084255055 0.024892992142117175
1 0.2323638555165918 0.4323545434232434 0.014198867694751715 0.008467471463952592
1 0.20016896428288974 0.4214876639775734 0.012636367694751715 0.008394696856846906
1 0.20408667126217886 0.6012115512811264 0.014198867694751715 0.00846747146395277
1 0.20982815665168228 0.6170912624059968 0.014226141233702094 0.010029971463952592
1 0.22793327434643396 0.6257406703877142 0.014253414772652384 0.011592471463952769
1 0.17384579220334145 0.6575685591390091 0.012690914772652384 0.011519696856846905
1 0.1915923997518234 0.6904003298171736 0.011182961850553053 0.014571922249740864
1 0.5286485202892441 0.45708283146980344 0.011128414772652384 0.011446922249741042
1 0.5325798640380085 0.6375879687733563 0.011128414772652384 0.011446922249741042
1 0.6041236274306889 0.6666804633966729 0.014198867694751626 0.00846747146395277
1 0.5467611408233697 0.6897690529337561 0.014198867694751626 0.008467471463952592
1 0.521344129459284 0.7541568846129566 0.011101141233702094 0.009884422249740865
1 0.5001294228837366 0.8804090155063686 0.014253414772652384 0.011592471463952592
1 0.627418625805836 0.8832151459854961 0.017405688311602673 0.013300520678164318
1 0.5720004687438214 0.9282515101296852 0.014226141233702094 0.010029971463952592
1 0.5660368409027999 0.9443666617012617 0.011128414772652384 0.01144692224974122
1 0.7776609443973873 0.32270579321384646 0.014198867694751626 0.00846747146395277
1 0.817463784088962 0.3222177956950459 0.011073867694751983 0.008321922249741043
1 0.8409831047058131 0.32799691480163373 0.01260909415580116 0.006832196856846906
1 0.79117006533855 0.38110049007069335 0.012690914772652207 0.011519696856846905
1 0.7589751741048479 0.37023361062502325 0.011128414772652384 0.011446922249741042
1 0.9233825474816424 0.3529113316746912 0.014198867694751982 0.00846747146395277
1 0.8662070215070601 0.4314322839082216 0.009538641233702095 0.00981164764263518
1 0.6085915702098139 0.20710641025351975 0.015761367694751626 0.008540246071058544
1 0.5677717012972462 0.2387716331652145 0.011073867694751627 0.008321922249741043
1 0.49474725852141666 0.21429386393479213 0.011101141233702094 0.009884422249741042
1 0.7121952260507173 0.6865456612869771 0.011128414772652384 0.011446922249740865
1 0.8417287674465751 0.7284870663732103 0.015761367694751626 0.008540246071058633
1 0.6911441607088721 0.8221727921803893 0.011073867694751627 0.00832192224974122
1 0.7664617605467162 0.7991398606250233 0.011101141233702094 0.009884422249741221
1 0.7900180373320775 0.8517575924280582 0.011128414772652384 0.01144692224974122
1 0.8066891144417502 0.9571364511955638 0.012636367694751627 0.008394696856846906
1 0.33869963027335814 0.3974958540099947 0.05227161201270887 0.04302656203449331
1 0.46514076825735395 0.8436517241500399 0.008003414772652383 0.011301373035529139
1 0.3624873266993404 0.7764213746881591 0.012663641233702094 0.009957196856846906
1 0.12710320575817782 0.7076926836222805 0.01110114123370205 0.009884422249741042
1 0.6997114480508353 0.19495747476921238 0.011101141233702094 0.009884422249741042
1 0.672595568991998 0.251460031841307 0.008003414772652383 0.011301373035529316
1 0.7356177203719697 0.2395636534290942 0.014253414772652384 0.011592471463952769
1 0.7150773494308071 0.18084147084027097 0.011073867694751627 0.008321922249740998
1 0.5951911379839959 0.46798825227180246 0.015761367694751626 0.008540246071058633
1 0.6072389448011292 0.6215498999144375 0.014198867694751626 0.00846747146395277
1 0.631816204947399 0.5984955436281313 0.008030688311602674 0.012863873035529317
1 0.8605993185816656 0.915152312444269 0.011101141233702094 0.009884422249741221
1 0.8586101245880201 0.9353556505336101 0.011073867694751983 0.00832192224974122
1 0.943848195204871 0.9440093666208792 0.011073867694751627 0.00832192224974122
1 0.9476220316500346 0.8918839404421968 0.009565914772652206 0.011374147642635179
1 0.7266646493447864 0.889398833536718 0.009511367694751627 0.008249147642634824