5 0.15321568973237765 0.3312692760184537 0.022939533016686785 0.020567038669636162
5 0.16788569934331607 0.37282097668681724 0.022775758706427274 0.01744203866963625
3 0.1793112002478272 0.3971579053548627 0.02565509724103805 0.012790901336727157
3 0.17909983830746815 0.4229209740213172 0.02590075870642723 0.017478401336727244
7 0.21515576775153883 0.26172039202736236 0.014963258706427318 0.017351132001908985
5 0.34329073383034087 0.218707283378407 0.021049484396167807 0.014298857336090797
7 0.3349360012431954 0.2529641047103616 0.01956887155129756 0.015843176002545346
5 0.2957750039567289 0.32512036803786193 0.020967597241038048 0.012736357336090798
3 0.2343771585247132 0.36032152402927137 0.02606453301668683 0.020603401336727157
5 0.28300608830746815 0.42413003270208927 0.016443871551297562 0.01580681333545435
5 0.3089444685651929 0.45722434337204365 0.02253009724103805 0.012754538669636162
7 0.30842216813565165 0.4025641153723618 0.01784259724103805 0.012699994668999893
3 0.3527929658516594 0.3851226240451798 0.024174484396167806 0.014335220003181704
7 0.3690155093837958 0.4711964840467706 0.020885710085908293 0.01117385733609062
7 0.40279628787792676 0.3708697673854067 0.019323210085908295 0.011155676002545346
3 0.43081614653892564 0.4734771467218156 0.026064533016686653 0.020603401336727244
5 0.417594693011738 0.20629873738858837 0.017924484396167627 0.014262494668999893
5 0.46118424072774583 0.18884815539463357 0.021049484396167807 0.014298857336090797
7 0.5171277035271876 0.2730418894016332 0.020885710085908293 0.011173857336090798
5 0.6183283553816384 0.2375231074156326 0.01784259724103805 0.012699994668999893
7 0.6180361855485061 0.44052083808081444 0.020885710085908116 0.01117385733609062
5 0.6223275378779268 0.3734242447485417 0.01652575870642714 0.01736931333545444
5 0.6492861855485061 0.44088446475172327 0.01956887155129756 0.015843176002545433
5 0.6330270997274289 0.5179918574156326 0.021213258706427318 0.0174238573360908
3 0.7464311804601235 0.5216537540976773 0.02738137155129756 0.01593408267027261
7 0.8023945754171693 0.5168395321053133 0.02269387155129756 0.01587953866963616
5 0.7953090937345351 0.575315103437268 0.020885710085908116 0.011173857336090798
5 0.7792979121427578 0.4634781747692226 0.024174484396167806 0.014335220003181704
7 0.8631815892119793 0.45508496678067656 0.021131371551297563 0.015861357336090797
5 0.7180517164174864 0.18871398476285922 0.01315509724103805 0.012645450668363534
5 0.7451841044771272 0.21479522676635904 0.020885710085908116 0.011173857336090798
5 0.7263389292169281 0.2723531880967228 0.021049484396167807 0.014298857336090797
4 0.7491899310259503 0.32102704543281363 0.024010710085908292 0.011210220003181703
5 0.6825302962456699 0.16643899542485943 0.016443871551297562 0.015806813335454438
3 0.22812275723608924 0.19628629602958955 0.028943871551297563 0.015952264003817974
5 0.19543300372958627 0.7494743833545445 0.025655097241038004 0.012790901336727067
5 0.24131539178922717 0.7757738013605897 0.019323210085908295 0.011155676002545434
5 0.588857697872978 0.5541742580760419 0.021295145861557074 0.018986357336090796
5 0.6017704556748942 0.5472975494111783 0.021295145861557074 0.018986357336090796
5 0.6518257666198851 0.6681191267504507 0.024010710085908115 0.011210220003181703
5 0.46432684588224166 0.8447345287237248 0.016361984396167806 0.014244313335454705
1 0.47527771822650866 0.2342970153962244 0.024665807326946166 0.023710220003181702
1 0.4955094103337355 0.4117680347310425 0.042672178878243726 0.039535214672181594
1 0.3690464868825586 0.5164817120464524 0.0308339201718165 0.022220445337363514
1 0.297829906149864 0.5133107113701347 0.02606453301668683 0.020603401336727067
1 0.41439328640758877 0.5474595393857249 0.032396420171816584 0.022238626670908878
1 0.10703556704942636 0.7164340693427723 0.03881019448207601 0.025436352005090514
1 0.21864253165789038 0.8496834686903171 0.0323964201718165 0.0222386266709087
1 0.8432442254625979 0.43221054077813126 0.029271420171816588 0.022202264003817973
1 0.49150690581117973 0.2907015567313606 0.011510710085908293 0.011064769334818082
1 0.5382524310259503 0.31857256540417855 0.016116322930778536 0.00955681333545444
1 0.4975455438708206 0.31653735073199696 0.01134693577564878 0.00793976933481808
1 0.5264008842144536 0.3605964334022696 0.008303822930778536 0.009465906667727175
1 0.5665588947299033 0.42664869474058753 0.01471759724103805 0.012663632001908986
1 0.4903206213241549 0.446842468730088 0.014553822930778537 0.009538632001908987
1 0.5907024016273082 0.39569868674408737 0.01315509724103805 0.012645450668363622
1 0.2820211996820003 0.5990118540340439 0.01315509724103805 0.012645450668363622
1 0.14599516847433586 0.6255368966820447 0.013155097241038005 0.012645450668363622
1 0.6196882960185273 0.5912293627466327 0.014799484396167805 0.014226132001908986
1 0.5946849739922598 0.6057731207431328 0.011510710085908293 0.011064769334818082
1 0.6067069391665507 0.5372049340785873 0.014553822930778537 0.009538632001908987
1 0.6560330732694628 0.24186570942072327 0.01134693577564878 0.00793976933481808
1 0.6603830585701417 0.2801742314210414 0.014553822930778537 0.009538632001908987
1 0.5753629274079057 0.22218846140990553 0.01134693577564878 0.00793976933481808
1 0.4559168865893029 0.20752543006045174 0.011510710085908293 0.011064769334818082
1 0.3232526300305822 0.46207547537395266 0.011510710085908293 0.011064769334818082
1 0.16838806761525324 0.5164891606858628 0.011428822930778538 0.00950226933481808
1 0.16904092209238047 0.7226209820178173 0.014553822930778537 0.009538632001909164
1 0.18433505144559414 0.7313874546864991 0.01134693577564878 0.00793976933481808
1 0.3172847495457148 0.8547351427036801 0.012909435775648782 0.007957950668363623
1 0.37822224954571476 0.8554442147119525 0.011510710085908293 0.011064769334818082
1 0.4257523467867528 0.8684896547183157 0.011510710085908293 0.011064769334818082
1 0.4199051385098668 0.9058987480505886 0.011265048620519025 0.006377269334818081
1 0.5813295601520214 0.7531839227402694 0.011428822930778538 0.00950226933481808
1 0.6639063647654342 0.704956055418496 0.01134693577564878 0.00793976933481808
1 0.8435618080043149 0.4829645187778131 0.014635710085908471 0.011101132001908987
1 0.8501293905460319 0.5337912221116767 0.011510710085908472 0.011064769334818082
1 0.8892328341235967 0.5350270054503128 0.014553822930778537 0.009538632001908987
1 0.938993816710742 0.5012519894573124 0.011346935775648603 0.00793976933481808
1 0.9771422698992452 0.5438576601288577 0.011346935775648603 0.00793976933481808
1 0.7681756264125376 0.37043669943504076 0.009948210085908293 0.011046588001272718
1 0.7610425570998036 0.45780033943345 0.011510710085908293 0.011064769334818082
1 0.520197308342999 0.7040646227323151 0.014553822930778537 0.009538632001909164
1 0.8546343475797222 0.2472997387809947 0.014553822930778537 0.009538632001908987
1 0.8749711810259505 0.3224906427832219 0.008221935775648604 0.007903406667727176
3 0.2211279652858326 0.5842493726925443 0.02738137155129756 0.01593408267027261
3 0.9488988404551748 0.7051491487905397 0.024010710085908472 0.011210220003181703