5 0.43352298092198127 0.47343992296600723 0.017487508928453722 0.01778770072563951
7 0.10569185592033362 0.725659709711314 0.014307961850553053 0.01455357332097762
1 0.5333030182606493 0.3229910004633362 0.028506829545304768 0.022857146641955418
1 0.8010786736978108 0.4817112029182561 0.012636367694751627 0.008249009618646852
1 0.8330962869283358 0.4798113970204735 0.011073867694751983 0.008194445916316084
1 0.7899344423654971 0.6493897762392338 0.012636367694751627 0.008249009618646852
1 0.7808049042160503 0.663779658453219 0.011101141233702094 0.009756945916316085
1 0.7620958145244757 0.6667781728811892 0.012690914772652384 0.011374009618646852
1 0.8066503839235107 0.7113441392159252 0.012690914772652207 0.011374009618646852
1 0.7828680105467163 0.7371898766020536 0.011182961850553142 0.014444445916316084
1 0.519505345370322 0.42822413748664473 0.011128414772652384 0.011319445916315906
1 0.4763435008074836 0.597802516705405 0.009538641233702095 0.00970238221398514
1 0.40380998173276017 0.6073709788637898 0.012636367694751627 0.008249009618646852
1 0.4529020466675683 0.6431795040915332 0.012636367694751627 0.008249009618646852
1 0.4619282191508584 0.712437935579879 0.009538641233702095 0.00970238221398514
1 0.4539265787279353 0.8362300996450296 0.012663641233702094 0.009811509618646852
1 0.3353578108710278 0.8059746591710091 0.017378414772652385 0.01153770072563951
1 0.37700556858166556 0.8631497529104069 0.012663641233702005 0.009811509618646852
1 0.3796493275101193 0.8802554073569105 0.009538641233702095 0.009702382213985316
1 0.31757683238467854 0.2351537276826634 0.012636367694751715 0.008249009618646852
1 0.2806398940730758 0.22393597468743853 0.009511367694751716 0.00813988221398514
1 0.2579563705341255 0.22316464837123595 0.012609094155801337 0.006686509618646852
1 0.2926819724005646 0.2868352787711225 0.009538641233702095 0.00970238221398514
1 0.3246995856310894 0.28493547287334 0.011128414772652384 0.011319445916315996
1 0.17591148376465032 0.22524799274360588 0.012636367694751715 0.008249009618646852
1 0.21108709902377001 0.31469987314349246 0.007948867694751626 0.008085318511654283
1 0.5001341879045655 0.16936749265878787 0.012636367694751627 0.008249009618646852
1 0.5313393234562248 0.21049100046333616 0.009511367694751627 0.00813988221398514
1 0.6039682999172744 0.20639128830495138 0.009538641233702095 0.00970238221398514
1 0.2980821331127319 0.5962102787711225 0.011128414772652384 0.011319445916316085
1 0.16921679342115742 0.6030555342134182 0.014198867694751715 0.00830357332097762
1 0.28950379423193634 0.7317484746874385 0.009511367694751716 0.00813988221398514
1 0.22466399837185164 0.6894543364830036 0.009511367694751627 0.00813988221398514
1 0.19105265746246114 0.7344047379342824 0.011128414772652384 0.011319445916316085
1 0.15284531979948154 0.8295461123437192 0.011073867694751716 0.008194445916316084
1 0.02422189325900164 0.5815401766790224 0.02376478246740408 0.019568455534962937
1 0.7093490953703221 0.4215946476534457 0.0475295649348082 0.03913691106992552
1 0.49414247564368025 0.8113739433844274 0.007948867694751626 0.00808531851165455
1 0.6044935945562478 0.7739061705189364 0.011073867694751627 0.008194445916316084
1 0.838182801942574 0.7712176470204736 0.009511367694751981 0.00813988221398514
1 0.41822962296975746 0.13470480517999234 0.009538641233702095 0.00970238221398514
1 0.43101204098882073 0.19523307741251092 0.007948867694751626 0.008085318511654283
1 0.3750114569792891 0.1667013388452563 0.014253414772652384 0.011428573320977709
1 0.4069784772718286 0.11711800109630835 0.009484094155801514 0.006577382213985139
1 0.4552655673671449 0.4203049992822098 0.012636367694751627 0.008249009618646852
1 0.41164007264215063 0.56332087850097 0.012636367694751627 0.008249009618646852
1 0.3931667621715693 0.5350421110777749 0.007976141233702095 0.009647818511654194
1 0.11125210916674448 0.7754960186043215 0.00953864123370205 0.00970238221398514
1 0.10846802840362373 0.7951363960089832 0.009511367694751716 0.00813988221398514
1 0.027699269475169985 0.7807589266790222 0.009511367694751693 0.00813988221398514
1 0.03620151622875911 0.7304315444650371 0.00953864123370205 0.00970238221398514
1 0.24121234455624788 0.7865922313108605 0.007948867694751716 0.008085318511654194