3 0.7711189022046279 0.3397901663909149 0.02401050296574958 0.014471603084255057
3 0.7361881452845456 0.3063912853034826 0.016452670950527094 0.02058523538950343
3 0.7016858112921568 0.3026662674465751 0.023883168973360826 0.011346603084255058
3 0.8705206774134988 0.46097146549741047 0.014953837946721648 0.022120461850553143
3 0.752803936805039 0.5034162897677095 0.027071835969555025 0.012963650162155815
3 0.731710186805039 0.5030480969918798 0.02719916996194378 0.016088650162155816
3 0.7671675257403436 0.5302106148487874 0.02251166996194396 0.016006829545304767
3 0.7684090321661342 0.5606793648487873 0.017951503954332714 0.01905000892845372
3 0.5836931339530201 0.6448929034052714 0.028634335969555023 0.012990923701106282
5 0.8786117031166614 0.5829010125753111 0.023883168973360826 0.011346603084255058
5 0.8077222470714315 0.39507768424782236 0.013136669961944136 0.015843188311602675
5 0.8147786492760594 0.721531090092021 0.017633168973360824 0.01123750892845372
5 0.9394404096561827 0.7728908128996228 0.019068334980972067 0.008139782467404188
4 0.9449754852456145 0.7362947938248993 0.027071835969555025 0.012963650162155815
4 0.8490727362341977 0.7393049711794533 0.020821835969555023 0.012854556006354479
7 0.852518729808407 0.7089180417963042 0.020630834980972068 0.008167056006354301
5 0.6846640208346088 0.900381018664391 0.017696835969555024 0.012800008928453722
3 0.5537350144088181 0.8676485649315129 0.02538200197716627 0.009811376623205349
3 0.33492400600586114 0.8240137930174157 0.02094916996194396 0.0159795560063543
3 0.3957898632299545 0.9382768904196279 0.022575336958138337 0.017569329545304768
4 0.46841427973185734 0.9387638599808186 0.022320668973360824 0.011319329545304768
5 0.3293849773369491 0.6880762930174156 0.020758168973360736 0.011292056006354478
3 0.14280283159529295 0.7839676712654742 0.025382001977166356 0.009811376623205349
3 0.07278883155811189 0.38771423417168743 0.02101283695813829 0.01754205600635448
4 0.10144307216657174 0.343714818181219 0.01438083498097198 0.008057961850553052
4 0.05216331376361475 0.3030392252432336 0.015943334980971956 0.008085235389503431
3 0.19785249855430628 0.39145861728771464 0.023946835969555113 0.012909103084255058
3 0.08339872631118486 0.28406708279171566 0.015879667984777558 0.006522735389503431
5 0.20624331870653062 0.329149532060367 0.019195668973360735 0.01126478246740401
3 0.3797325568435325 0.2759678051922802 0.025509335969555114 0.012936376623205525
5 0.45103189528454557 0.30141386444504553 0.014635502965749581 0.014307961850553053
4 0.30047613836446335 0.26599674147528807 0.01594333498097189 0.008085235389503431
4 0.19364120653952138 0.19230805113509045 0.011637836958138293 0.017378414772652385
7 0.3626299229648745 0.4310274521080252 0.01594333498097198 0.008085235389503431
7 0.5350911492760593 0.7166491266199102 0.01756950197716627 0.00967500892845372
5 0.5389006042955249 0.5035860649315129 0.019195668973360825 0.01126478246740419
4 0.5962382604173044 0.4546224594116258 0.01594333498097189 0.008085235389503431
1 0.6315577006080224 0.171846915580136 0.030515170950527092 0.020830697240056484
1 0.8128262411399325 0.3670617784036237 0.024137836958138335 0.017596603084255057
1 0.8216666833449977 0.4882237122509996 0.021140170950527094 0.02066705600635448
0 0.8954225183259699 0.4973180685816656 0.05780718281352506 0.07751707386326175
1 0.8275757851318837 0.5757646225594251 0.011383168973360825 0.011128414772652384
1 0.8006869743711995 0.6822504017804183 0.022575336958138337 0.017569329545304768
1 0.7848192352456145 0.7334992560824893 0.015943334980972067 0.008085235389503431
1 0.9648316818993041 0.8787277556754522 0.021012836958138336 0.0175420560063543
1 0.5384535712151696 0.7416900369283357 0.02401050296574958 0.014471603084255057
1 0.4761870400747997 0.5930519395261233 0.027262836958138338 0.017651150162155814
1 0.5283729866913082 0.341017881084137 0.024265170950527094 0.02072160308425506
1 0.41722989825029516 0.314876346588138 0.024137836958138335 0.017596603084255057
1 0.413890039543327 0.1945911201270884 0.024074169961943958 0.016034103084255104
1 0.21464477323170458 0.11382454098882074 0.022639003954332715 0.01913182954530477
1 0.13662849707143154 0.3833636992686514 0.025764003954332714 0.019186376623205527
1 0.31507844372512117 0.5285649253226639 0.032268671939110226 0.025545470779006863
1 0.2406050257403436 0.5210194322225228 0.024074169961943958 0.016034103084255236
1 0.12679187653864635 0.6017864168012472 0.024137836958138335 0.017596603084255057
1 0.09238367893355458 0.8494466209411626 0.021076503954332693 0.0191045560063543
1 0.2978670163859845 0.8725507045436572 0.021012836958138336 0.0175420560063543
2 0.7465964046760858 0.35107253976770947 0.03239600593149916 0.028670470779006862
2 0.6450484921285156 0.3688173729664622 0.04170733893530461 0.02727161201270878
1 0.5414764590481603 0.6051212913925625 0.011383168973360825 0.011128414772652384
1 0.6142109634967847 0.6274696241842782 0.011446835969555025 0.012690914772652384
1 0.6100898547898165 0.5071707609537534 0.011319501977166269 0.009565914772652385
1 0.599664349352609 0.4812258697200512 0.012818334980972068 0.008030688311602674
1 0.5855846033069417 0.49971677110002305 0.009629667984777513 0.0064136412337020944
1 0.6951161122041902 0.5437861452875965 0.011255834980972068 0.008003414772652383
2 0.39361066752766705 0.4058053096565071 0.027517504942915848 0.023901150162155816
1 0.3451572855889943 0.17465472118274858 0.006504667984777513 0.006359094155801337
1 0.3744375617864484 0.29929621103647885 0.008194501977166268 0.009511367694751716
1 0.40497263737588024 0.2631365685849608 0.01125583498097189 0.008003414772652383
1 0.3193879644481868 0.23197629748164247 0.00969333498097189 0.007976141233702095
1 0.3729638809872706 0.6271621124164506 0.009693334980971979 0.007976141233702095
1 0.3627903849416033 0.6457211976437982 0.012818334980971891 0.008030688311602674
1 0.14258667840208195 0.452949496346552 0.008130834980971979 0.007948867694751626
1 0.13449694718516225 0.5418074448044244 0.009693334980971979 0.007976141233702095
1 0.20791985973273236 0.5235716879045655 0.00969333498097189 0.007976141233702095
1 0.14465053859192487 0.5802386992686512 0.009693334980971979 0.007976141233702095
2 0.12329816752766702 0.40108698741809834 0.024074169961943913 0.01603410308425506
1 0.2245237223940332 0.662825102677218 0.008194501977166358 0.009511367694751627
2 0.29687622486549115 0.6757984354689336 0.030833505931498983 0.028643197240056394
2 0.041772300417741895 0.239621607548482 0.024265170950527094 0.02072160308425506
2 0.47912772037968576 0.26286956168510195 0.02732650395433254 0.019213650162155815
2 0.48501296444818676 0.23486729261037853 0.027326503954332716 0.019213650162155815
3 0.25988958353527825 0.40034842207625304 0.019386669961943957 0.01595228246740401