2 0.48125 0.15039937031790357 0.0265625 0.02749008293962456
2 0.1984375 0.2139608401960187 0.0171875 0.01466270072563942
2 0.11875 0.025240591377145044 0.015625 0.016170637023308555
2 0.19609375 0.036535244642522405 0.0203125 0.011646828130301124
2 0.0921875 0.2618130084375205 0.0234375 0.016443455534962848
2 0.109375 0.3780382091631599 0.021875 0.01795139183263199
2 0.1765625 0.4741344483633867 0.0328125 0.021458337748947898
2 0.0046875 0.48531994110699256 0.009375 0.02376488221398514
2 0.096875 0.6760391995445131 0.03125 0.02140377404661713
4 0.12421875 0.42152531433530305 0.015625 0.016170637023308565
4 0.11484375 0.4704166821213178 0.0140625 0.01299107332097762
4 0.084375 0.4154464399258663 0.0171875 0.01310020072563951
2 0.2875 0.6850397212288775 0.01875 0.01627976442797028
2 0.24765625 0.5438045968194407 0.0234375 0.016443455534962938
5 0.278125 0.44330608901489227 0.0203125 0.014771828130301045
2 0.215625 0.2559672909216581 0.0171875 0.009975200725639422
4 0.1484375 0.2622148017214313 0.0171875 0.013100200725639333
4 0.31328125 0.10156502231733659 0.0171875 0.013100200725639421
4 0.41640625 0.27938497667117307 0.0140625 0.012991073320977709
2 0.37890625 0.4171379478152325 0.0203125 0.016334328130301046
4 0.3515625 0.26696433302444256 0.01875 0.013154764427970278
2 0.36953125 0.2847793156012474 0.015625 0.017733137023308566
7 0.365625 0.6729241563454202 0.0125 0.017624009618646852
4 0.4078125 0.5251786263083534 0.0140625 0.01299107332097762
4 0.4359375 0.5449107729503087 0.0109375 0.011319445916316085
2 0.475 0.4962748655085802 0.021875 0.01482639183263199
7 0.51796875 0.5391816173226787 0.021875 0.013263891832631991
2 0.6296875 0.2094891720393349 0.01875 0.011592264427970279
4 0.6515625 0.1836905638719669 0.0171875 0.009975200725639422
2 0.7703125 0.2339311552491119 0.0234375 0.01488095553496276
2 0.70703125 0.39578382530471223 0.0171875 0.014662700725639511
4 0.66484375 0.34118560534177916 0.0109375 0.016006945916315997
2 0.75078125 0.44965535896997616 0.0328125 0.0183333377489479
2 0.65859375 0.4878423505324557 0.0296875 0.01822421034428636
2 0.75546875 0.5029440500769689 0.0140625 0.01611607332097762
2 0.80390625 0.5132292748492253 0.01875 0.01627976442797028
7 0.8578125 0.48073672257963984 0.021875 0.01482639183263199
6 0.5484375 0.6644643595181303 0.0234375 0.025818455534962936
4 0.56875 0.8167361876484314 0.0171875 0.013100200725639156
7 0.8484375 0.6999405903656547 0.01875 0.01627976442797028
7 0.8765625 0.6181102370076101 0.01875 0.017842264427970277
2 0.7375 0.5913790675001639 0.0140625 0.01455357332097762
2 0.84609375 0.29517124481215845 0.0328125 0.021458337748947988
7 0.78828125 0.3517461378259168 0.015625 0.008358137023308565
3 0.83125 0.4680903896400153 0.015625 0.020858137023308566
2 0.9484375 0.3831201673148295 0.0203125 0.024146828130301133
3 0.5890625 0.6440080157787327 0.0125 0.01606150961864685
2 0.92734375 0.30582105733336296 0.021875 0.011701391832631991
4 0.76171875 0.7195685548862922 0.0171875 0.01153770072563951
7 0.79375 0.5574058607840747 0.0171875 0.00997520072563951
2 0.6484375 0.7554564364673052 0.0234375 0.016443455534962938