3 0.27809950305221776 0.30223820454365713 0.018743355947465366 0.02998750892845372
3 0.7430074508136542 0.20732253976770948 0.018579581637205855 0.02686250892845372
3 0.44566645635226265 0.995946407060367 0.016198210085908292 0.008107185879266154
4 0.6799574106724198 0.6425412451254408 0.012083920171816587 0.022065914772652385
3 0.49884460877254033 0.7611434204513999 0.018415807326946164 0.02373750892845372
1 0.43264091813565153 0.4064053275134146 0.02811835594746519 0.030151150162155815
1 0.8648701577317436 0.9913842995102374 0.021950243102595125 0.01723140097952509
2 0.4229349632496676 0.9658797390396561 0.027463258706427317 0.017651150162155814
2 0.31755698722124287 0.7423683267026358 0.023512743102595036 0.03163182954530477
1 0.1512979856393632 0.26568132142762996 0.018415807326946254 0.02373750892845372
1 0.49956390377501475 0.6706138778377262 0.009866322930778538 0.009538641233702095
1 0.36589823269868715 0.6222291505658977 0.00846759724103805 0.012636367694751627
2 0.6920733876053557 0.8886213583559656 0.027790807326946165 0.023901150162155816
5 0.5199726582975706 0.7919530896882792 0.010193871551297562 0.015788641233702095
5 0.42685458559393463 0.3555695304355139 0.009948210085908293 0.011101141233702094
5 0.5549751843053107 0.19389346509366864 0.010030097241038049 0.012663641233702005
5 0.5677241677969673 0.18396904017474655 0.010030097241038049 0.012663641233702005
5 0.5964190558566083 0.21022757710637746 0.011756371551297561 0.015815914772652383
5 0.6098773682719372 0.15426394926535605 0.018088258706427142 0.017487508928453722
5 0.3886607875392426 0.14806099350388296 0.010193871551297562 0.01578864123370205
5 0.5839533553816384 0.24045086525582446 0.010030097241038049 0.012663641233702094
5 0.7876161024409624 0.5968077796214397 0.010030097241038049 0.012663641233702094
5 0.7021699253717408 0.604682734979171 0.010111984396167627 0.014226141233702094
5 0.5319481993433162 0.3800394707757115 0.008549484396167628 0.014198867694751626
5 0.40236251865604994 0.29035758765968434 0.011756371551297561 0.015815914772652383
5 0.34813312132415486 0.44707914610167065 0.011838258706427318 0.017378414772652385
5 0.3618227278374471 0.27638086241645066 0.011756371551297561 0.015815914772652383
5 0.6502013958615571 0.030082155433866265 0.015127033016686654 0.02055796185055305
5 0.8555516321782888 0.7462953108710279 0.010193871551297562 0.015788641233702095
5 0.6480512341690252 0.450753165580136 0.010193871551297562 0.015788641233702095
5 0.8397883548158116 0.4455140608710278 0.006986984396167628 0.014171594155801336
5 0.32280225067736856 0.4552228827089901 0.010357645861556986 0.018913641233702094
5 0.40566781885844866 0.7704445081143796 0.011756371551297561 0.015815914772652383
5 0.4194604081860289 0.14001271428288975 0.011510710085908293 0.011128414772652384
5 0.6090318362713032 0.8083377946389735 0.012083920171816587 0.022065914772652205
5 0.6370573439616777 0.151616236196987 0.009948210085908116 0.01110114123370205
5 0.5838061912027157 0.16317529910320028 0.00846759724103805 0.012636367694751715
5 0.7503153397778062 0.2574043603845605 0.008631371551297562 0.015761367694751716
5 0.7856209124814421 0.6927787986961632 0.010111984396167806 0.014226141233702094
5 0.7245683893028364 0.2873958234529295 0.01183825870642714 0.017378414772652385
5 0.22091328131920615 0.625942711443516 0.011756371551297561 0.015815914772652383
5 0.5408661759375677 0.40126958847046323 0.010357645861557074 0.018913641233702094
5 0.7406669386007239 0.7435094557581777 0.010193871551297562 0.015788641233702095
5 0.477128981794176 0.5999740953703221 0.00871325870642714 0.017323867694751627