7 0.23125 0.31484375 0.00625 0.01796875
3 0.30390625 0.190625 0.01484375 0.0140625
3 0.29765625 0.25390625 0.0078125 0.02265625
5 0.25703125 0.28671875 0.01484375 0.0125
3 0.32109375 0.15546875 0.0078125 0.02421875
5 0.38359375 0.18125 0.01015625 0.01171875
3 0.5078125 0.17890625 0.015625 0.01484375
3 0.5015625 0.128125 0.009375 0.0234375
3 0.64765625 0.15859375 0.00703125 0.0234375
3 0.6234375 0.153125 0.00859375 0.02109375
4 0.63984375 0.14140625 0.0078125 0.01796875
3 0.6703125 0.1953125 0.00625 0.02265625
4 0.56796875 0.15703125 0.009375 0.01640625
4 0.54921875 0.1328125 0.01171875 0.01953125
3 0.8015625 0.19453125 0.01484375 0.01328125
4 0.859375 0.31015625 0.02421875 0.03203125
3 0.63125 0.23515625 0.01328125 0.0265625
3 0.525 0.26640625 0.01640625 0.0171875
3 0.559375 0.29921875 0.00625 0.025
3 0.59921875 0.29453125 0.0078125 0.02421875
5 0.58515625 0.25390625 0.01484375 0.00859375
3 0.375 0.30546875 0.01484375 0.0171875
3 0.6859375 0.459375 0.0140625 0.02265625
7 0.5609375 0.48359375 0.01171875 0.0171875
4 0.52578125 0.5234375 0.01640625 0.0203125
3 0.37578125 0.4078125 0.0078125 0.0234375
4 0.4484375 0.4046875 0.015625 0.02734375
5 0.40078125 0.425 0.0125 0.0109375
5 0.3859375 0.45703125 0.0140625 0.01171875
3 0.39609375 0.5328125 0.00859375 0.0234375
3 0.2328125 0.44765625 0.0109375 0.021875
3 0.25625 0.6296875 0.01484375 0.01171875
4 0.315625 0.5609375 0.0125 0.01953125
5 0.428125 0.625 0.01484375 0.009375
4 0.59453125 0.5609375 0.0125 0.0234375
5 0.64140625 0.5578125 0.01171875 0.015625
3 0.82734375 0.68046875 0.01640625 0.0140625
3 0.78828125 0.8234375 0.01015625 0.02109375
3 0.7953125 0.78125 0.00625 0.0203125
5 0.71640625 0.78203125 0.00703125 0.0140625
5 0.290625 0.78671875 0.0109375 0.0125
5 0.34609375 0.7421875 0.0125 0.01015625
3 0.34375 0.82421875 0.0078125 0.0265625
3 0.3796875 0.8203125 0.00859375 0.021875
3 0.44765625 0.796875 0.0078125 0.02421875
5 0.5390625 0.75625 0.015625 0.015625
5 0.409375 0.78984375 0.00703125 0.0171875
4 0.559375 0.74296875 0.01484375 0.01875
3 0.5234375 0.85859375 0.01015625 0.0234375
3 0.56875 0.82734375 0.00859375 0.0234375
5 0.628125 0.80703125 0.01328125 0.015625
3 0.48671875 0.92421875 0.01015625 0.02578125
3 0.540625 0.93203125 0.015625 0.0171875
3 0.5078125 0.95078125 0.0078125 0.02578125
5 0.71953125 0.9171875 0.0125 0.01484375
1 0.73203125 0.6953125 0.01875 0.0328125
1 0.80390625 0.715625 0.0203125 0.0234375
1 0.85546875 0.91953125 0.0140625 0.0203125
1 0.7859375 0.97109375 0.01796875 0.03515625
1 0.46015625 0.56171875 0.0140625 0.01875
1 0.5328125 0.39453125 0.00703125 0.009375
1 0.58203125 0.3546875 0.0078125 0.00703125
1 0.690625 0.375 0.0078125 0.0109375
1 0.66171875 0.43828125 0.00703125 0.00859375
1 0.73359375 0.290625 0.00703125 0.0078125
1 0.79140625 0.3578125 0.0078125 0.009375
1 0.8640625 0.42890625 0.00703125 0.0109375
1 0.46015625 0.64765625 0.00703125 0.0078125
1 0.4 0.61328125 0.0078125 0.0109375
1 0.4984375 0.61640625 0.00703125 0.00703125
1 0.490625 0.69140625 0.00625 0.0109375
1 0.60234375 0.64375 0.009375 0.00859375
1 0.65234375 0.88671875 0.00703125 0.009375
1 0.52109375 0.7859375 0.0078125 0.0078125
1 0.3390625 0.9390625 0.01875 0.0203125
1 0.84296875 0.58203125 0.02265625 0.03828125
1 0.2640625 0.80625 0.01640625 0.021875
1 0.434375 0.98828125 0.0046875 0.0109375
1 0.4734375 0.9078125 0.00546875 0.00703125
1 0.50703125 0.89140625 0.00390625 0.01015625
1 0.490625 0.878125 0.00703125 0.0078125
1 0.4765625 0.828125 0.00859375 0.00703125
1 0.56640625 0.984375 0.00859375 0.009375
1 0.58515625 0.94921875 0.00390625 0.009375
1 0.59453125 0.93125 0.00859375 0.00859375
1 0.26640625 0.87109375 0.00703125 0.01015625
3 0.41796875 0.8828125 0.009375 0.01796875
3 0.3234375 0.86484375 0.01484375 0.00703125
3 0.334375 0.846875 0.0125 0.02265625
3 0.4953125 0.78359375 0.009375 0.0203125
1 0.68125 0.7328125 0.01015625 0.0078125
1 0.85 0.7359375 0.009375 0.00703125
3 0.67578125 0.3171875 0.01640625 0.0109375
3 0.61328125 0.41953125 0.01015625 0.021875
3 0.83203125 0.4125 0.01640625 0.009375
3 0.64609375 0.9921875 0.01171875 0.015625
3 0.7015625 0.9296875 0.01484375 0.0140625
3 0.7203125 0.96484375 0.01171875 0.015625
3 0.75703125 0.96015625 0.0109375 0.021875
3 0.54375 0.89296875 0.01328125 0.01796875
3 0.35234375 0.6859375 0.00703125 0.0234375