7 0.6414012715995463 0.13061613652057807 0.016443455534962938 0.0235284035907962
3 0.5998759705110872 0.15663373585664814 0.02436508293962447 0.026698855386194254
3 0.29659720308789217 0.14043306069763378 0.013427582939624472 0.026635222872636977
5 0.43660955636111864 0.4926717506873711 0.014717264427970278 0.01883181323171641
5 0.6905555010963084 0.40058774805509234 0.022638891832631992 0.02200226502711473
3 0.4091343423886354 0.6084331060735654 0.01655258293962447 0.026653403590796286
7 0.2069270016444625 0.6057040575743758 0.02074900961864685 0.012618174668035031
3 0.11547860082615587 0.5179727742986927 0.019568455534962847 0.023546584308955332
7 0.3838813381274661 0.817131395202981 0.01466270072563942 0.01726931323171641
5 0.47231884475088803 0.7674081302740621 0.010084328130301046 0.020367042154477665
7 0.6000817462021668 0.7322968111886131 0.014662700725639511 0.01726931323171659
7 0.6426884307705556 0.4516371636479411 0.008467264427970278 0.018795451795397967
7 0.7045956976455965 0.2669394559006147 0.011592264427970279 0.018813632513557367
7 0.3137598442027339 0.5660279583365015 0.011537700725639333 0.017251132513557366
7 0.35843493794213166 0.6063847927436529 0.014717264427970278 0.01883181323171641
7 0.6226313579977321 0.6681161365205781 0.012772818511654193 0.007885222872636887
7 0.6572965346767543 0.6819741034412867 0.01142857332097762 0.014126132513557366