3 0.7770436165200705 0.2592599506170477 0.011701391832631991 0.021938632513557366
3 0.7596180143431523 0.3107315470262515 0.011810519237293704 0.025063632513557366
3 0.7415773424734533 0.29030996271729614 0.013263891832631991 0.021947722872636976
3 0.6728645480084162 0.26646794173825317 0.014935519237293703 0.02508181323171659
3 0.6628025564459368 0.17420317368607638 0.01924107332097762 0.014171584308955421
5 0.7383357805852211 0.24887644164005723 0.017842264427970277 0.01884999394987581
5 0.7372866573569106 0.36842587235821644 0.01153770072563951 0.017251132513557366
4 0.7750520413849943 0.3162912006170477 0.013045637023308566 0.015697722872636887
5 0.6640897487340556 0.24922589958377542 0.01611607332097762 0.01415340359079611
5 0.6596949146133048 0.19606453814745697 0.00997520072563951 0.017242042154477666
3 0.5562623797669144 0.1595179840891226 0.01767857332097762 0.01416249394987581
3 0.518526766790223 0.14367027029167195 0.00857639183263199 0.0219204517953981
3 0.5628968148834572 0.08141570998682161 0.010248019237293704 0.02505454215447771
3 0.44228172532041066 0.15651063787631048 0.013263891832631991 0.02194772287263693
3 0.45500741461330474 0.19487370110802704 0.011755955534962937 0.023501132513557278
3 0.4672271616180799 0.15821858362158436 0.014880955534962936 0.023519313231716542
3 0.59869790562763 0.08553103824565282 0.019186509618646853 0.01260908430895542
5 0.5830877745947712 0.17452081537301586 0.017624009618646852 0.01259999394987581
4 0.6224751676085296 0.23257420988862573 0.008521828130301046 0.020357951795398142
3 0.38685761533894414 0.17728622530852384 0.011919646641955417 0.028188632513557365
3 0.3491418497298475 0.1161169211519936 0.014771828130301135 0.020394313231716588
3 0.3325173449205241 0.12227147238165763 0.02080357332097771 0.01418067466803503
5 0.523492030585221 0.24762651726660984 0.01611607332097762 0.014153403590796199
3 0.5419543431064255 0.166467420857406 0.00857639183263199 0.021920451795398053
3 0.415195891747814 0.3056021228491958 0.017896828130301044 0.02041249394987581
3 0.34898310390619874 0.23254589704969267 0.011755955534962847 0.023501132513557364
5 0.29141614056668763 0.22517830376374678 0.011483137023308564 0.015688632513557364
5 0.2354315245947713 0.17249821047780095 0.013045637023308566 0.015697722872636932
5 0.18412943022240136 0.2542476593463328 0.00857639183263199 0.021920451795398144
3 0.11929560390619875 0.23120961426498882 0.019241073320977707 0.014171584308955421
3 0.22873011289187342 0.3420249152982612 0.011755955534962847 0.023501132513557364
3 0.1801661273198437 0.3229885689872532 0.014880955534962848 0.023519313231716587
3 0.1238045107149552 0.3929874515990064 0.01482639183263199 0.02195681323171659
4 0.2942112691524757 0.30177262002052546 0.008358137023308565 0.015670451795398145
5 0.5813987559056317 0.40190092680933437 0.010029764427970277 0.018804542154477667
3 0.6804810966498046 0.40638441461089003 0.014880955534962936 0.023519313231716587
3 0.6590227589008567 0.439078739942855 0.02091270072563951 0.01730567466803503
7 0.6968947811333752 0.4510202037403057 0.01778770072563951 0.01728749394987581
3 0.5177702763240518 0.4562293576256895 0.011810519237293704 0.025063632513557366
3 0.5054637384824365 0.38348674921443304 0.014880955534962936 0.023519313231716587
7 0.31332087850097007 0.4034669302271799 0.014717264427970278 0.018831813231716586
3 0.3350495455613455 0.43016124043383436 0.011810519237293704 0.025063632513557366
3 0.22223952151472837 0.4607612797596417 0.020858137023308566 0.015743174668035032
3 0.23615074329176006 0.375668662273199 0.01795139183263199 0.021974993949875808
3 0.2320311837657804 0.49363741227319907 0.014880955534962848 0.02351931323171641
7 0.397021266705405 0.46802939997655885 0.01466270072563942 0.01726931323171641
7 0.5302405052726595 0.5242844660369459 0.016006945916315907 0.011028403590796288
5 0.5938764193378102 0.5144963755796703 0.014662700725639511 0.01726931323171659
5 0.5731274097191633 0.5268782009116354 0.012936509618646851 0.012572722872636888
3 0.5830579704262693 0.4886469478865732 0.008740082939624472 0.026607951795398144
7 0.6092087534585611 0.5677213695295461 0.00857639183263199 0.021920451795398144
5 0.6394319667980721 0.5749298815315986 0.011592264427970279 0.018813632513557367
5 0.5376412883049514 0.6032498033709633 0.014717264427970278 0.018831813231716586
5 0.5017409938399142 0.5795986799325924 0.014662700725639511 0.01726931323171641
5 0.4373858279606651 0.6323600655694076 0.01606150961864685 0.012590903590796287
5 0.3996303676163788 0.6618339421310366 0.010138891832631992 0.021929542154477667
5 0.5905083387604383 0.7004520562978296 0.013045637023308566 0.015697722872636887
5 0.6095658736068287 0.7365077309658646 0.012827382213985139 0.009447722872636889
5 0.616765759997165 0.8436026134794219 0.011755955534962937 0.023501132513557364
1 0.7543551062684515 0.39431166148763214 0.023129965153609787 0.03606476502711455
1 0.5617087931990928 0.27207252624360023 0.027599210344286362 0.029842036104353476
1 0.45344985989664854 0.30660608664664646 0.021021828130301047 0.020430674668035033
1 0.48027276552427856 0.3888100534691592 0.021240082939624472 0.02668067466803503
1 0.5063764193378102 0.5139873154712118 0.019568455534962937 0.023546584308955332
1 0.09030501915247569 0.30058632816063535 0.021349210344286274 0.02980567466803503
1 0.18850196089244045 0.17378799970541242 0.016552582939624562 0.0266534035907962
1 0.5776388057281465 0.6214549027070333 0.030997028855940557 0.0376727168225127
1 0.7101139998303639 0.6542633784083407 0.029107146641955416 0.028288626463433175
1 0.6819468158949474 0.8119440682016862 0.019568455534962937 0.023546584308955686
1 0.4422172048171726 0.42687768003078813 0.026473219962933215 0.04233294574527378
3 0.8485167901190499 0.5620809444687277 0.011810519237293704 0.025063632513557366
3 0.7478818730586745 0.5349275711285525 0.017896828130301044 0.02041249394987581
3 0.7818525905745368 0.6585877849260031 0.01482639183263199 0.02195681323171659
3 0.7493302672535591 0.6724639325648709 0.014880955534962936 0.023519313231716587
3 0.726363993206942 0.7035866675377563 0.011592264427970279 0.018813632513557367
3 0.6852851254209271 0.6939707730221464 0.011701391832631991 0.021938632513557366
3 0.8890028916629958 0.6334246793434171 0.017733137023308386 0.01572499394987581
3 0.5747246260538994 0.5706463816297946 0.014880955534962936 0.02351931323171641
3 0.5623610353097265 0.5666674087571576 0.011701391832631991 0.021938632513557366
3 0.5640673790491242 0.6073105894753168 0.007123019237293704 0.025036361436318443
3 0.5742657798674309 0.6956691075274936 0.014771828130301045 0.020394313231716588
3 0.5605753020999494 0.7073105894753169 0.010248019237293704 0.025054542154477666
3 0.631922023244009 0.745233291172519 0.011646828130301046 0.020376132513557365
3 0.47118296380284724 0.5372248275714602 0.014880955534962936 0.023519313231716587
3 0.4082737360353659 0.5485799632082754 0.011810519237293704 0.025063632513557366
3 0.5285961928362731 0.2804753787029283 0.01778770072563951 0.01728749394987581
3 0.21020085690142362 0.2684646954506863 0.011701391832631991 0.021938632513557366
3 0.2826785468272899 0.18449421642972927 0.017842264427970277 0.01884999394987581
3 0.2669046915703287 0.5243152405320302 0.014935519237293703 0.02508181323171641
3 0.2352504090861911 0.6475936592481369 0.013263891832631991 0.02194772287263689
3 0.3296526843139346 0.6965902163315334 0.013373019237293704 0.02507272287263689
3 0.4565797720628826 0.6645094902374427 0.011701391832631991 0.021938632513557366
3 0.41917897578374685 0.6838271167990716 0.010248019237293704 0.025054542154477666
3 0.2960986290491242 0.6057515928931624 0.017896828130301135 0.02041249394987581
3 0.8094096169834067 0.7868991372871352 0.015952382213985317 0.009465903590796288
3 0.8185291566391204 0.8166457246211529 0.014771828130301045 0.02039431323171641
3 0.8292682491973917 0.7776377667756306 0.011701391832632168 0.021938632513557366