3 0.658408439400562 0.24818727312861794 0.020439765027114733 0.022229556006354477
5 0.7904487797596417 0.2520543871699217 0.00947499394987581 0.017351141233702093
3 0.6681379634046671 0.30928841436232 0.01884090359079611 0.01595228246740401
4 0.7082316982793567 0.3529526396055537 0.015743174668035032 0.02058523538950343
7 0.7277538579202771 0.3517310588424329 0.011073855386194254 0.023628414772652383
7 0.5390180899662962 0.2703195973989169 0.00947499394987581 0.017351141233702093
5 0.7016640565924172 0.43251740868027716 0.011055674668035032 0.020503414772652384
4 0.732160077669656 0.4377367426898088 0.01885908430895533 0.01907728246740419
4 0.8149998487468949 0.4438697402541768 0.01258181323171641 0.014280688311602674
5 0.8234804901392468 0.5588498579489285 0.015715903590795933 0.015897735389503252
5 0.7618117371141847 0.56636630316039 0.015697722872636887 0.012772735389503432
4 0.7039446949597069 0.5559821822192275 0.01258181323171641 0.014280688311602674
5 0.6963412732185381 0.5917833145244759 0.01259999394987581 0.017405688311602673
5 0.6887287611182897 0.626021946829724 0.014144313231716587 0.014307961850553141
3 0.829912297320839 0.5902089521047299 0.017323855386194253 0.02373750892845372
5 0.8082281948615112 0.6226396225594251 0.01726022287263689 0.012800008928453722
5 0.7414088544042355 0.6847481103845604 0.015715903590796287 0.015897735389503252
5 0.710199761020094 0.6912338896055537 0.011055674668035032 0.020503414772652384
5 0.604085595525441 0.5784554257264057 0.01418067466803503 0.02055796185055314
5 0.6104401346548567 0.596533269882207 0.015697722872636887 0.012772735389503253
5 0.6317066014773693 0.6265889626580367 0.011001132513557365 0.011128414772652384
3 0.5441111527070334 0.6086553944768177 0.012645445745273775 0.025218188311602673
7 0.5588412732185383 0.5893832430968459 0.009484084308955332 0.018913641233702094
5 0.6524690742518106 0.7042872686643911 0.015715903590796287 0.015897735389503433
4 0.6326787490180413 0.6594150994275119 0.014135222872636887 0.012745461850553141
5 0.4973815984523073 0.6328371883083074 0.015697722872636887 0.012772735389503253
7 0.44657307737506835 0.6272632982924213 0.009502265027114732 0.022038641233702094
5 0.8284548573311017 0.7425117917963042 0.009465903590795932 0.015788641233702095
4 0.8101815803019348 0.6898543960983755 0.014198855386194253 0.02368296185055314
5 0.8119349778426066 0.7226941696373258 0.00947499394987581 0.017351141233702093
3 0.8233224506170476 0.8002288344099782 0.01726022287263689 0.012800008928453722
3 0.7812440349260031 0.8182424488583191 0.011073855386194254 0.023628414772652206
5 0.798576980671277 0.8435424577867728 0.01259090359079611 0.01584318831160303
5 0.7892428872871353 0.8504100665530707 0.014117042154477667 0.009620461850553142
7 0.6680769352953455 0.9701577305149442 0.011037493949875809 0.017378414772652208
5 0.6983275166774346 0.9331895645244757 0.011055674668035032 0.020503414772652207
4 0.6247218450344617 0.9030014581938097 0.01418976502711473 0.022120461850553143
5 0.6638025257526209 0.9068082966675682 0.010992042154477844 0.009565914772652206
5 0.6627712908779315 0.8638259098980932 0.01572499394987581 0.017460235389503254
5 0.6129440077004442 0.8926406566516821 0.011028403590796288 0.015815914772652206
4 0.5236678842620732 0.854367314931513 0.01416249394987581 0.017432961850553142
5 0.4821298240554187 0.8309883161493289 0.012618174668034854 0.020530688311602673
5 0.5233769927715255 0.8043673149315129 0.01259999394987581 0.017405688311602673
5 0.46735022744982313 0.9760280807598255 0.00947499394987581 0.017351141233702093
4 0.38075770071524356 0.7276666728870319 0.01573408430895542 0.019022735389503432
4 0.3795133632830302 0.7823268993480816 0.017332945745273953 0.025300008928453722
5 0.32258665241244583 0.7993001651763942 0.01726022287263689 0.012800008928453722
4 0.3751354563725843 0.9697314419617555 0.01884090359079611 0.01595228246740419
5 0.3259985196043009 0.9829348254848196 0.011055674668035032 0.020503414772652207
5 0.2538735347296114 0.938711492693104 0.00947499394987581 0.017351141233702093
5 0.3324843480595238 0.8893075564100961 0.01104658430895542 0.018940914772652206
5 0.25741110430603975 0.7411370633099551 0.014144313231716587 0.014307961850553141
7 0.3195520351223949 0.6805092548679686 0.015743174668035032 0.02058523538950343
3 0.35548044476331525 0.6795740462638264 0.021974993949875808 0.017569329545304768
4 0.3222816045024315 0.6125950519458694 0.009465903590796198 0.015788641233702095
4 0.3393418394753168 0.5910200608743231 0.015743174668035032 0.020585235389503253
4 0.350133893730043 0.5662109756469755 0.01885908430895533 0.01907728246740419
5 0.252731132022578 0.3395336530015296 0.012636355386194254 0.023655688311602675
3 0.3656437015990064 0.1438683713449044 0.020394313231716588 0.01441705600635439
7 0.4451226442210222 0.2436831850618965 0.012609084308955331 0.018968188311602675
0 0.7169471263652373 0.10547366760873089 0.050354524004105096 0.06181025324641087
0 0.6352078096174794 0.4227645332748877 0.05657725292686635 0.05723184740221221
0 0.5305475806947182 0.4256247061652149 0.059765885440423536 0.06822389448011297
0 0.4214145169720222 0.7338445348997408 0.05503293364502539 0.06032957386326192
0 0.22328556829988208 0.6491444322225227 0.07075792759490121 0.07778980925276535
0 0.6134474808676688 0.7106366801906325 0.04722952400410509 0.061755706168510116
0 0.7240905859592754 0.9305145779171564 0.04875566256778665 0.055532979707460586
0 0.5185082064707801 0.9073968575451866 0.05198065651766228 0.07277502678536116
0 0.4404559293434171 0.9185331805976696 0.059747704722264317 0.06509889448011279
4 0.6343260447867564 0.27120203327488773 0.01894998789975162 0.03470228246740401
4 0.3344992824901162 0.4300143770269472 0.029842036104353476 0.027080697240056396
2 0.20416234269677064 0.45039328652459387 0.02833407825883123 0.036428423701106105
4 0.7323974687674204 0.7470844691508585 0.009484084308955332 0.018913641233702094
4 0.7489991614876321 0.780964591309837 0.012581813231716588 0.014280688311602674
7 0.6819525620533662 0.8040105791349724 0.00947499394987581 0.017351141233702093
4 0.6262383723582164 0.7608548685022354 0.01731476502711473 0.02217500892845372
2 0.5515651044042356 0.6814343754020942 0.02991475897699054 0.039580697240056396
0 0.5891878242518105 0.7031826903369023 0.03769998789975162 0.03502956493480802
0 0.8492218752850829 0.8209913478026587 0.0628454336450254 0.06046594155801373
0 0.869220757896836 0.7674396538090132 0.044031801131468026 0.049201159090609535
0 0.6867996642181067 0.9657975129823482 0.037718168617910844 0.038154564934808025
0 0.8423794393023663 0.3162356639552829 0.05971134328594587 0.05884889448011297
0 0.8678198008368806 0.2580919273479635 0.044031801131468026 0.049201159090609535
0 0.8479577944921687 0.469442484572134 0.037790891490547554 0.05065456493480802
0 0.1323798089301082 0.8678477934244526 0.040979524004105095 0.0616466120127086
3 0.4756151618804155 0.5168439955324778 0.015779536104353474 0.026835235389503432