3 0.5456085603173954 0.6259228610598061 0.023837543502986235 0.01855257892507787
3 0.46887402051722205 0.13497090834426567 0.023801175911805573 0.016990078925077735
5 0.35491605081808997 0.3717645240304591 0.017514808320625085 0.015063557878390376
7 0.2545322314795482 0.49463985288494977 0.014462543502986147 0.01800654735504672
7 0.07015723147954818 0.505378473762228 0.014317073138263891 0.01175654735504672
2 0.5909977147620482 0.41886922425633816 0.020639808320624908 0.015245568401734032
2 0.5496999143252079 0.4501416110598062 0.020676175911805574 0.016808068401734034
2 0.5945409420606247 0.4007184637329944 0.01904094072944442 0.013592063140062293
2 0.6113108679724302 0.38413790848544 0.017442073138263937 0.011938557878390377
2 0.5697779846136802 0.3584700505505799 0.015879573138263936 0.01184755261671846
2 0.5284418569545135 0.49194967946154017 0.01907730832062491 0.015154563140062294
2 0.411618032866319 0.48315007408692895 0.015879573138263936 0.01184755261671846
2 0.33743565045749957 0.4859103240163417 0.017514808320625 0.015063557878390376
2 0.37213665235736065 0.5369422029978892 0.020639808320624998 0.015245568401734032
2 0.45265995374413154 0.529911682021789 0.014280705547083272 0.01019404735504672
2 0.3270969092912148 0.5278626055863728 0.020639808320624998 0.015245568401734032
2 0.27155411768808974 0.6013147871140516 0.020639808320624998 0.015245568401734032
2 0.16310779768395792 0.500744910692753 0.01900457313826389 0.012029563140062293
2 0.13728952688239537 0.5373572448795025 0.015915940729444467 0.01341005261671846
2 0.22902504483416627 0.4173261949642071 0.01591594072944442 0.01341005261671846
2 0.35736955680201354 0.3333922687687873 0.017514808320625085 0.015063557878390376
2 0.57537663402434 0.21848979265807217 0.02881598423243048 0.03132559471009326
2 0.4341509155594789 0.28600976357770264 0.017587543502986237 0.018188557878390375
2 0.4605861289903469 0.2899314241292812 0.02688980832062491 0.015609589448421436
2 0.08794479673402737 0.47859616588383763 0.020712543502986125 0.018370568401734032
2 0.7725380022811107 0.4293608612715677 0.017514808320625085 0.015063557878390376
2 0.7918322097280551 0.4719277928698336 0.01907730832062491 0.015154563140062294
2 0.6908145703853815 0.4879538822476679 0.020639808320624908 0.015245568401734032
2 0.4919393528704509 0.5853580452183209 0.017442073138263937 0.011938557878390377
2 0.29786269776020785 0.5771569502964662 0.01591594072944442 0.01341005261671846
2 0.24303038060586762 0.5530438870858168 0.015879573138263936 0.01184755261671846
2 0.3445415952710066 0.38173105823132614 0.009593205547083362 0.009921031570031148
2 0.4048452752668748 0.2713326135494678 0.01751480832062491 0.015063557878390376
2 0.36500152526687474 0.2736532477220999 0.020639808320624998 0.015245568401734032
2 0.06347147359576347 0.4909442474397512 0.02387391109416668 0.020115078925077867
2 0.44343369016076356 0.3564664767459997 0.022165940729444424 0.013774073663405861
2 0.5375655498681594 0.33459991104568876 0.020676175911805574 0.016808068401734034