7 0.4506915552907813 0.37826228233931825 0.008958920171816587 0.02228443577564878
7 0.6876426786511012 0.43008265264742035 0.008958920171816587 0.02228443577564878
4 0.6192977131381261 0.2769853081199158 0.019732645861557076 0.019732645861557076
4 0.4760866236990041 0.26490578923672314 0.010357645861557074 0.019241322930778536
4 0.6700889292169281 0.22966989484550418 0.013646420171816586 0.02253009724103805
4 0.7532643566248338 0.44152808570953567 0.015045145861557075 0.019486984396167806
4 0.6938041474434368 0.45796199118203107 0.022857645861557075 0.019896420171816587
7 0.5974038602428784 0.5468374626879001 0.011756371551297561 0.016198210085908115
4 0.330062552011421 0.5130610854823929 0.01315509724103805 0.01315509724103805
4 0.5191582722740946 0.35430580393604433 0.01315509724103805 0.01315509724103805
4 0.5612162974888653 0.37952048790267073 0.019732645861557076 0.019732645861557076
3 0.3959386940277908 0.8582197772509357 0.016607645861556986 0.019568871551297207