7 0.24141760039528815 0.4264483893530466 0.016353042093374803 0.013136669961943782
4 0.3254469059957784 0.7854015780980708 0.016171031570031146 0.01001166996194378
4 0.32780606654735694 0.8121232455885569 0.013137036831702887 0.011446835969555025
4 0.30832802445398216 0.823859241634224 0.016262036831702888 0.011574169961944136
4 0.7647893980326834 0.7312578365382089 0.02122255261671846 0.016452670950527094
4 0.7508542426016025 0.5537084980971958 0.017733531570031148 0.010075336958138337
4 0.5323086399284142 0.5009496181356894 0.021313557878390378 0.01801517095052709
4 0.4341588372411085 0.43821751338305387 0.017915542093374804 0.013200336958138336
4 0.39669882166785453 0.6645744249420409 0.017915542093374804 0.013200336958138336
4 0.41164055318141585 0.5962700939154015 0.017824536831702886 0.011637836958138336
4 0.4248076820923761 0.5584345128887623 0.014790542093374803 0.013073002965749581
4 0.47633311376122933 0.6552896082498576 0.017915542093374804 0.013200336958138336
4 0.3587507716113848 0.6035122495428895 0.017915542093374804 0.013200336958138336
2 0.5637938583583831 0.5116297915576744 0.027563557878390377 0.018269838935304605
2 0.6319229611021585 0.6326545573750051 0.0197510578783902 0.017951503954332714
1 0.5029411163920652 0.6555906971851623 0.008540542093374803 0.012818334980971891
1 0.298418029292131 0.37551990072175306 0.013137036831702975 0.011446835969555202
4 0.43337904528890814 0.5995051818621231 0.017733531570031148 0.010075336958138337
4 0.2581816242139858 0.5688733112921568 0.014790542093374803 0.013073002965749581
4 0.32101336610971654 0.35059815517037735 0.014790542093374803 0.013073002965749581