3 0.22895520521324367 0.2641790969951751 0.020430674668035033 0.02066705600635448
5 0.2317211360295987 0.32595239407307586 0.018804542154477667 0.0097022824674041
5 0.26530125049097936 0.32888252516050814 0.011019313231716588 0.014253414772652384
5 0.21866714500658918 0.28665806899199797 0.020385222872636888 0.012854556006354479
7 0.16552344340758282 0.4232444054371616 0.01725113251355732 0.01123750892845372
5 0.35474100039278345 0.26559336688067753 0.023492042154477664 0.009784103084255058
7 0.4448301900879331 0.22497409537032204 0.017232951795397966 0.008112508928453721
4 0.294289834603543 0.18093594886161424 0.029760222872636976 0.013018197240056484
3 0.2786415878249968 0.318958100241586 0.015743174668035032 0.02058523538950343
3 0.344520596998379 0.41074222564697543 0.02821590359079611 0.016115923701106104
3 0.2669177717646099 0.4539234354689336 0.02666249394987581 0.017651150162155814
7 0.19522912412574206 0.42063760267721795 0.02037613251355732 0.0112920560063543
4 0.2085916664766115 0.5411955645277711 0.02199317466803503 0.020694329545304768
4 0.16688543462698413 0.5920353157455871 0.020385222872636978 0.0128545560063543
7 0.20045191354974526 0.5973091968330193 0.020403403590796197 0.0159795560063543
5 0.2827786002198328 0.5479598076279123 0.023510222872636887 0.012909103084255236
5 0.2517235220591975 0.6482092236183805 0.02196590359079611 0.016006829545304767
7 0.2210411486208265 0.6843961396088489 0.01729658430895542 0.01905000892845372
5 0.37656548253699845 0.40895758319545744 0.02195681323171659 0.014444329545304769
7 0.6011756388582692 0.2112951992653561 0.015670451795397965 0.008085235389503431
5 0.576534187161067 0.2835287094116258 0.018831813231716586 0.0143897824674041
3 0.6069802112633679 0.28796679342115744 0.026635222872636886 0.012963650162155815
4 0.6227597473677214 0.26167702881066085 0.02667158430895533 0.019213650162155815
4 0.6317262020899858 0.1977645332748877 0.03133181323171641 0.014607970779006819
4 0.6781517501963917 0.14153785267392271 0.02508181323171659 0.014498876623205436
5 0.7355188226014905 0.2191094736150853 0.020385222872636888 0.012854556006354479
5 0.706267138956465 0.27797991314450404 0.023510222872636887 0.012909103084255058
7 0.7515932744950844 0.2764270957740639 0.021938632513557366 0.011319329545304768
7 0.7675268258229442 0.35796346793304246 0.01726022287263689 0.012800008928453722
7 0.752574512394836 0.242065732543539 0.01258181323171641 0.014280688311602674
7 0.854036497564113 0.39541464934478626 0.020385222872636888 0.012854556006354479
7 0.6893149465308408 0.5058321777550006 0.017251132513557366 0.01123750892845372
7 0.6907910881195845 0.5207032012939509 0.00791249394987581 0.017323867694751627
3 0.7774558168459539 0.39720324593621964 0.02041249394987581 0.01754205600635439
5 0.6118893832991242 0.5185446375769589 0.01416249394987581 0.017432961850553142
5 0.6621661183702054 0.6061497775928448 0.011028403590796288 0.015815914772652206
4 0.5832235069338869 0.6110224638758527 0.02977840359079629 0.016143197240056396
4 0.6593769407753042 0.6826713672844192 0.025090903590796288 0.016061376623205347
7 0.6802388866187739 0.7228833100602489 0.02196590359079629 0.016006829545304767
5 0.7962002299047197 0.6670890519425741 0.017251132513557366 0.01123750892845372
5 0.8435065010801545 0.7280771448805594 0.01570681323171641 0.014335235389503431
7 0.6547434620489347 0.8076031834370436 0.023519313231716587 0.014471603084255236
7 0.6384826577942087 0.782316811278065 0.02040340359079611 0.0159795560063543
3 0.7275133415374301 0.7893401529982343 0.026635222872636886 0.012963650162155815
7 0.656429723658204 0.5177594334370434 0.023501132513557364 0.011346603084255058
7 0.6618302959651068 0.5295736408233697 0.017242042154477843 0.00967500892845372
7 0.9185348139190875 0.45592150121122543 0.018804542154477844 0.009702282467404188
7 0.9444206030485033 0.43840276460390604 0.020385222872636888 0.012854556006354479
4 0.8784082210259252 0.7724407995069421 0.01728749394987581 0.017487508928453722
7 0.5120656035394825 0.7551076546230874 0.023528403590796287 0.016034103084255236
5 0.3454780672387373 0.649064385955401 0.026635222872636886 0.012963650162155815
5 0.4113752571302787 0.7377235113607904 0.01259999394987581 0.017405688311602673
5 0.2809201426688982 0.733102420858437 0.018831813231716586 0.014389782467404012
4 0.2459138835937118 0.7067075162320544 0.023519313231716587 0.014471603084255236
7 0.5077649646812133 0.5542309472367611 0.023510222872636887 0.012909103084255236
7 0.4721274465308408 0.5020411558409034 0.02041249394987581 0.0175420560063543
5 0.532801846998379 0.4140286870904914 0.018831813231716586 0.014389782467404189
5 0.5674217658126816 0.5068298417168741 0.020403403590796287 0.01597955600635448
4 0.5763165394240032 0.1866400726421506 0.023546584308955332 0.019159103084255058
4 0.578473416182024 0.35310086972005134 0.020403403590796287 0.01597955600635448
0 0.31238987392935036 0.2929819813290183 0.031413626463433084 0.028670470779006772
6 0.4887467990883647 0.5999974147693571 0.07523634933607007 0.0419341298696164
4 0.5579507961614985 0.6574610872526472 0.028270445745273952 0.025490923701106106
4 0.3865257689359395 0.5771172479681098 0.02665340359079611 0.016088650162155816
4 0.16829898546386465 0.3490665657455871 0.023510222872636977 0.012909103084255058
4 0.17756035597536943 0.3687614569792891 0.0235284035907962 0.01603410308425506
4 0.26237169321119114 0.2952342280826074 0.02042158430895542 0.019104556006354478
1 0.5965280037124332 0.4729594021874554 0.012563632513557365 0.011155688311602675
1 0.6288728711006799 0.41961225973593735 0.015670451795397965 0.008085235389503431
1 0.6033825125912278 0.3691622463432568 0.012545451795398144 0.008030688311602674
1 0.5449564133533535 0.4736218754020941 0.014107951795397967 0.00805796185055314
1 0.41670817262493165 0.6268678319776415 0.012545451795397965 0.008030688311602674
1 0.4886104437021704 0.6234349147693571 0.011001132513557365 0.011128414772652384
1 0.3901507386853185 0.4912342950460105 0.010982951795398054 0.008003414772652383
1 0.3190615338648583 0.48921209902377 0.014117042154477667 0.009620461850553142
4 0.32807344038252073 0.4174871034879969 0.018822722872636977 0.012827282467404189
1 0.2787587207313377 0.5674228737805364 0.011001132513557365 0.011128414772652384
1 0.9408547206331418 0.5141294675260053 0.009411361436318443 0.0064136412337020944
1 0.8612439678044714 0.6338459038090132 0.010973861436318445 0.006440914772652207
1 0.6890660034178456 0.2800236542160503 0.012554542154477844 0.009593188311602673
4 0.231497901351301 0.498622280842551 0.011037493949875809 0.017378414772652385
7 0.21073997375639975 0.5748302248361966 0.014144313231716587 0.014307961850553141
1 0.7170126996540989 0.5797606014561068 0.012545451795397965 0.008030688311602674
1 0.4244474288714475 0.7738928364418683 0.012563632513557365 0.011155688311602675
1 0.4957229860530399 0.7438837824641087 0.009420451795397966 0.007976141233702095
1 0.2701826305686497 0.6985365060857847 0.011001132513557365 0.011128414772652384
1 0.23177411554153507 0.7197433043815014 0.007867042154477666 0.009511367694751627
1 0.14296666647661152 0.5400500758918568 0.011001132513557365 0.011128414772652384
1 0.2933080758229443 0.3496859488616143 0.012554542154477665 0.009593188311602673
7 0.28483250049097936 0.3292234443973874 0.017251132513557366 0.01123750892845372
1 0.33518247931554457 0.2699399476437983 0.012545451795398144 0.008030688311602674
7 0.47967178093799206 0.548271273535655 0.023555674668035032 0.020721603084255236
3 0.13671264217791881 0.4063335949665802 0.015743174668035032 0.02058523538950343
3 0.34623256704234556 0.519376885955401 0.026635222872636977 0.012963650162155815
3 0.0792672599589491 0.6108204975643681 0.014162493949875787 0.017432961850553142
3 0.5148133536376784 0.820005951700988 0.01416249394987581 0.017432961850553142
7 0.846392169207086 0.3663720316500346 0.007885222872636887 0.012636367694751715
7 0.5895684348233758 0.7291139448011291 0.012545451795398144 0.008030688311602674