5 0.6287544519659217 0.25966783226585194 0.014471676959604097 0.014144313231716587
5 0.4979340124699053 0.35575755796715924 0.01768760517284953 0.01728749394987581
5 0.28806623363615697 0.6085836178792261 0.013091033386094875 0.020385222872636888
7 0.6162691046441241 0.7973314587292851 0.016216033386094786 0.020403403590796287
5 0.661826960212685 0.9666263593932151 0.011528533386094964 0.020376132513557365
7 0.7733541789381612 0.7714133324622436 0.014471676959604097 0.014144313231716587
2 0.8534926568348375 0.6521769982514842 0.014744461599340042 0.02351931323171641
2 0.8011632787007343 0.6798298204601911 0.01612510517284953 0.01727840359079611
2 0.7579361159268952 0.6980531005144204 0.014471676959604097 0.014144313231716587
2 0.6675157044066973 0.7056115913410382 0.009966033386094964 0.020367042154477842
2 0.6445412056603385 0.6948059015476927 0.014380748746358663 0.011019313231716588
2 0.8602631455520664 0.7505917723537852 0.011346676959604096 0.014126132513557366
2 0.5018666576927673 0.4909138079671592 0.014608069279472247 0.018831813231716586
2 0.3680623075344827 0.43074444330938694 0.014562605172849529 0.01726931323171659
2 0.5411204081549856 0.17500700683569112 0.01612510517284953 0.017278403590796198
2 0.6691999440483629 0.17269909739116246 0.00987510517284953 0.01724204215447771
2 0.7172881030612783 0.18726559143923413 0.014380748746358663 0.011019313231716588
2 0.6743624686589692 0.269560461852543 0.019341033386094962 0.02042158430895542
2 0.6110046623116208 0.2941519165748073 0.01300010517284953 0.01726022287263689
2 0.7431318183550354 0.6457866185665972 0.009784176959604096 0.014117042154477843
2 0.7471002528364868 0.5941923023098186 0.014653533386094786 0.02039431323171641
2 0.751622616784825 0.5347809408735 0.017778533386094964 0.02041249394987581
1 0.528771453153056 0.7173581332991242 0.00973871285298138 0.012554542154477844
2 0.46825750197855703 0.7591234524827691 0.011346676959604096 0.014126132513557366
2 0.44431153661829315 0.7686393530485033 0.008221676959604097 0.014107951795397967
2 0.588570001978557 0.7584234948336386 0.011346676959604096 0.014126132513557366
2 0.6393201597378313 0.7839138533430908 0.01612510517284953 0.017278403590796288
2 0.5824480341110106 0.7897144014494969 0.014471676959604097 0.014144313231716587
2 0.5712090057394807 0.7257064436039746 0.01300010517284953 0.01726022287263689
2 0.786527780350087 0.8213451547691466 0.01612510517284953 0.01727840359079593
2 0.2918684982176334 0.7929677082383058 0.014471676959604097 0.014144313231716587
2 0.2219651751772375 0.8074392743968886 0.011392141066226814 0.015688632513557364
2 0.33544706967518356 0.16917113905466086 0.01300010517284953 0.017260222872636934
2 0.37787861058312583 0.12360410900043158 0.014426212852981467 0.012581813231716588
2 0.28322534012915473 0.14681487090428824 0.01300010517284953 0.017260222872636934
2 0.40748354255729485 0.09373934699837902 0.014562605172849529 0.017269313231716564
2 0.6883711443649321 0.2944831938003663 0.011346676959604096 0.014126132513557366
2 0.6226852745440992 0.5613166906771083 0.013091033386094963 0.020385222872636888
2 0.710214018275893 0.6155042209277294 0.013091033386094963 0.020385222872636888