3 0.7505515497741211 0.2718132272504118 0.024165542093374803 0.01359161910658786
3 0.6980180839749881 0.2794951406088126 0.02738154735504672 0.015299668320799497
3 0.717215405007558 0.30142579859053 0.02425654735504672 0.01515411910658786
3 0.7377623944136271 0.37328368196514145 0.0275635578783902 0.018424668320799586
3 0.8304882207078691 0.40019724648083416 0.016717063140062292 0.019477746071058632
5 0.7583409339467533 0.31191168837528227 0.021404563140062293 0.019696069892376135
5 0.6379451339608707 0.2915006809316842 0.01956904735504672 0.01493579528527036
4 0.6931562787274336 0.2629069540910479 0.01800654735504672 0.014863020678164496
5 0.754851183876166 0.38576656533975295 0.01497255261671846 0.01627997146395277
5 0.807096223338705 0.3998868773742462 0.019387036831702887 0.01181079528527027
3 0.8384210890248983 0.50964502108794 0.016626057878390554 0.017915246071058634
3 0.8532417231975306 0.5500709679447869 0.02242103157003115 0.010393844499482085
3 0.918336102179078 0.5172627760503387 0.027290542093374625 0.013737168320799497
3 0.8372519731269434 0.6233436480524107 0.024256547355046364 0.01515411910658777
3 0.7970974099868812 0.6027742828747643 0.02581904735504672 0.015226893713693812
3 0.8349691363093579 0.5975260107488578 0.02434755261671846 0.016716619106587772
3 0.9154162285297897 0.4805076387467858 0.015245568401734032 0.020967471463952593
5 0.8250187416839692 0.48019296153464613 0.015154563140062294 0.01940497146395259
4 0.7683368312029778 0.43002598758949395 0.020858531570031147 0.010321069892376045
3 0.8129568993929503 0.6744138424280581 0.03050654735504672 0.015445217535011223
3 0.8718915546122699 0.723127478283869 0.021222552616718814 0.016571069892376045
3 0.8642533598598243 0.739133467944787 0.016808068401734034 0.021040246071058633
5 0.7481979074266325 0.5257002065722473 0.01497255261671846 0.016279971463952592
3 0.8313821337491092 0.5225623980524107 0.02242103157003115 0.010393844499482085
3 0.685226741542795 0.6217168738595896 0.022967063140062294 0.019768844499482085
3 0.7553109993647155 0.7013359073580355 0.02581904735504672 0.015226893713693812
5 0.7595959519390817 0.7615285446615886 0.017915542093374627 0.013300520678164318
5 0.8093299124059555 0.8261753955712112 0.018006547355046365 0.014863020678164673
5 0.7241050439477519 0.8611625175732833 0.02242103157003115 0.010393844499482085
3 0.7437342754613132 0.9306402636443419 0.016717063140062115 0.019477746071058632
3 0.6387976045275654 0.8010918507002259 0.02738154735504672 0.015299668320799497
3 0.6550365255319004 0.8524916848606257 0.02434755261671846 0.016716619106588126
3 0.5819854333820558 0.8958371164159915 0.02278505261671846 0.016643844499482086
4 0.6821689019531991 0.7431188389134016 0.017733531570031148 0.010175520678164495
5 0.5966361364505323 0.4383906435042967 0.020949536831702885 0.011883569892376045
3 0.5979340549652058 0.3402806292362731 0.02434755261671846 0.01671661910658786
3 0.5637788628435961 0.3558307005763913 0.02002407366340577 0.02274829528527027
7 0.553600226040128 0.31484182754086204 0.019842063140062115 0.01962329528527027
3 0.5390203285015547 0.49258368382716833 0.02738154735504672 0.015299668320799497
3 0.6113881521649607 0.5177699284504849 0.02434755261671846 0.016716619106587772
7 0.5810390414580903 0.7056851513621796 0.01966005261671846 0.01649829528527036
3 0.5553187046405048 0.6787758949520388 0.02738154735504672 0.015299668320799497
3 0.5186748203266982 0.7853683432566277 0.018370568401734032 0.021113020678164496
3 0.6053025650650264 0.7878448339510028 0.026092063140062117 0.01991439371369381
3 0.48582452297165163 0.7698139638109577 0.02434755261671846 0.016716619106587772
7 0.5209822310194512 0.6109505401134745 0.01809755261671846 0.01642552067816432
7 0.47207575220731285 0.46687090032872225 0.0135010578783902 0.017769696856846907
5 0.48484179174043895 0.40513503370333376 0.01809755261671846 0.01642552067816432
5 0.47118111014217307 0.4247561749358281 0.01331904735504672 0.014644696856846906
3 0.5099250917263215 0.4211067901134745 0.027199536831702887 0.012174668320799498
7 0.4327864680770331 0.3808948589723934 0.024074536831702888 0.01202911910658786
5 0.42627886284359606 0.34942653515107586 0.021040542093374803 0.013446069892376223
5 0.3921229416980866 0.44522703266987645 0.019751057878390377 0.01806079528527036
5 0.41392932323988285 0.48519921525869963 0.01809755261671846 0.01642552067816432
5 0.3570492626600695 0.5386473928851242 0.015063557878390376 0.01784247146395259
5 0.3254576284168501 0.5714577388323482 0.024074536831702888 0.012029119106587771
5 0.296894470707869 0.3753447181541838 0.018006547355046632 0.014863020678164496
5 0.2626258865211194 0.34881645140496087 0.01019404735504672 0.01449914764263518
5 0.15510181285771352 0.3219927781217625 0.02738154735504663 0.015299668320799497
1 0.6140148102974647 0.26857044912864925 0.038956084186749604 0.02674659057054054
1 0.7262095153614926 0.4826030239834241 0.03454159997176518 0.03121576674922295
1 0.6861221126318345 0.5835811730738014 0.02314907366340595 0.022893844499482084
1 0.6050317363517103 0.5424060554149556 0.029490078925077868 0.02474744292790554
1 0.48060858902489845 0.49297963606069856 0.026183068401734032 0.021476893713693813
1 0.6722155912322114 0.9467874944139195 0.032706084186749605 0.026455492142117266
1 0.8050288202561111 0.872722909839235 0.027654563140062295 0.019987168320799498
1 0.3771202970021108 0.4016760858130296 0.04253611049510884 0.034704639784752266
1 0.35118858660582397 0.2641204278313123 0.03463260523343692 0.03277826674922295
1 0.18983385765251143 0.26283825599585603 0.026183068401734032 0.021476893713693723
1 0.564755346846819 0.5732536410230974 0.04538809471009344 0.030162688998964172
3 0.4501581656720761 0.1440691011145106 0.02738154735504672 0.015299668320799587
3 0.47188051820408994 0.24948434718556914 0.022967063140062294 0.019768844499481998
3 0.34934609456891896 0.19235458974197103 0.02278505261671846 0.016643844499481995
3 0.33393319717152004 0.22202281906380664 0.02434755261671846 0.01671661910658786
3 0.3022127603115822 0.23924455231458364 0.021040542093374803 0.013446069892376223
3 0.30940290500755807 0.28243162613590117 0.024165542093374803 0.01359161910658786
3 0.380794244667741 0.09019493031251163 0.019842063140062205 0.019623295285270292
3 0.4269305812029778 0.41412473593686416 0.02434755261671846 0.016716619106587772
3 0.4316103759271884 0.42758792245462873 0.02425654735504672 0.01515411910658777
3 0.38979460224966517 0.4186281453663236 0.025546031570031148 0.010539393713693812
3 0.3017562759554234 0.39193290467194847 0.02122255261671846 0.016571069892376222
3 0.2891120627871263 0.40225182051154873 0.027290542093374802 0.013737168320799497
3 0.25501080759604167 0.3250878529765374 0.022603042093374805 0.013518844499481996
3 0.4551304468891713 0.5237373304363462 0.02434755261671846 0.016716619106587772
3 0.4407564047252094 0.5846191724546287 0.02738154735504672 0.015299668320799497
3 0.7163563732257654 0.5140884644301302 0.019842063140062115 0.01962329528527036
3 0.7115749518684945 0.8333093453235424 0.024165542093374803 0.013591619106588126
3 0.7994774992941283 0.7774104098392349 0.021404563140062293 0.019696069892376045
3 0.4577226387990194 0.7287694327937111 0.02591005261671846 0.016789393713693812
3 0.33202468878490204 0.7377184396181364 0.02425654735504663 0.01515411910658777
3 0.28782809677623183 0.6343729617440431 0.02747255261671846 0.0168621683207995
3 0.32682343636582767 0.5146448126536658 0.024165542093374803 0.01359161910658777
3 0.3053425494917724 0.547146943547078 0.027290542093374802 0.013737168320799497
3 0.3772315019955514 0.684505702438418 0.022967063140062204 0.019768844499482085
3 0.2232239393495994 0.14051164578060832 0.011938557878390377 0.017696922249741
3 0.1935896472562246 0.12666531554914995 0.021222552616718505 0.016571069892376132
3 0.2330693762095372 0.12227106803034933 0.024165542093374803 0.01359161910658786