2 0.492280495909872 0.5845365429400446 0.02756271034569906 0.03452953610435348
2 0.15698578589337733 0.001130707943718158 0.017278428213245343 0.002261415887436316
2 0.24046587562682062 0.004805153787187906 0.02531824874635875 0.009610307574375813
2 0.4323087316575999 0.14902174463724685 0.027699102665567032 0.03921703610435352
7 0.7152406227903338 0.5996428715916593 0.01478992570596276 0.02508181323171641
7 0.4089752170761235 0.3335012837666625 0.03091503087881229 0.042360216822512696
4 0.09753498258203676 0.7821125423508695 0.01617056927947218 0.018840903590796286
4 0.6659095271843958 0.38902807933898575 0.013045569279472247 0.018822722872636886
4 0.8700357713784079 0.6487338356836976 0.017960389812585475 0.02666249394987581
4 0.6087429187128409 0.6893098804704538 0.019568353919208192 0.028234084308955333
2 0.3539621419906636 0.613461494539051 0.03523881802583091 0.029887487899751618
2 0.3554697838483133 0.293194446334449 0.027699102665567032 0.039217036104353474
2 0.5002283543814267 0.28454108811958445 0.03707410266556703 0.03927157825883114
2 0.3875799387045936 0.39767741325515765 0.03381271034569888 0.03456589754067192
2 0.10557846628470073 0.6399023164531703 0.022784282132453627 0.03137726502711473
2 0.03545984606815646 0.5262670633299125 0.029307066772189704 0.040788626463433175
2 0.06665837028305129 0.5815449157892404 0.027289925705962892 0.025154536104353652
2 0.04212372004562444 0.6730784308163551 0.027426318025830933 0.029842036104353653
2 0.026513091911521357 0.6458301295866911 0.01791492570596289 0.02509999394987581
4 0.019370530153896576 0.7302324006639299 0.012818248746358762 0.011010222872636888
2 0.14653242372740585 0.735741536398941 0.024301318025830954 0.029823855386194253
4 0.26682219167409454 0.7358228287498105 0.01598871285298138 0.012590903590796287
2 0.3481056324237522 0.8415819493595112 0.02912521034569897 0.03453862646343318
2 0.4490650756806923 0.9690978953011768 0.021403638558944317 0.03761817466803521
2 0.5073395430860204 0.684432003810629 0.03707410266556703 0.03927157825883114
2 0.6430965013201483 0.4750837540070208 0.027335389812585476 0.026717036104353654
2 0.7262165413701606 0.35665139569396026 0.027608174452321776 0.03609203610435348
2 0.697182259237707 0.38806502215739336 0.027653638558944316 0.03765453610435347
2 0.7332203622989855 0.19648151015534082 0.03376724623907634 0.03300339754067201
2 0.7401235801665319 0.22768605835994277 0.02756271034569906 0.03452953610435348
2 0.8067487905122308 0.19292926327859877 0.024346782132453625 0.031386355386194255
2 0.6010754520324287 0.20115589549756852 0.02443771034569906 0.03451135538619425
2 0.5952011882423752 0.08089793765204623 0.03220474623907634 0.03299430718159235
4 0.7114770576009897 0.03101104625969432 0.013045569279472247 0.01882272287263693
2 0.3408820981132205 0.2307898951047851 0.03372178213245362 0.03144089754067192
2 0.21081050171585963 0.3252807593697739 0.043324102665567035 0.039307939695149674
2 0.1591630851810968 0.2748085815784809 0.034040030878812376 0.04237839754067192
2 0.1823541957642226 0.1489137020899857 0.021039925705962893 0.02511817466803503
2 0.11910742036219357 0.550776183939613 0.027335389812585563 0.026717036104353477
2 0.13988057310690288 0.48113584963065764 0.0275172462390763 0.032967036104353475
2 0.12955683854630906 0.460105732144215 0.01644335391920828 0.028215903590796287
4 0.12062210774663895 0.4718744791191529 0.019204641066226814 0.015734084308955332
2 0.14501435398571527 0.4389256237329587 0.03238660266556703 0.03924430718159222
2 0.2578804153476287 0.5062262323406067 0.021358174452321597 0.03605567466803503
2 0.19105061652212757 0.5480142774219507 0.013000105172849486 0.01726022287263689
4 0.29025029763836685 0.413866015518094 0.011392141066226814 0.015688632513557364
2 0.3540279896416657 0.5306626300776704 0.024164925705962938 0.025136355386194253
2 0.5951901987337236 0.48395475995894904 0.02260242570596276 0.02512726502711473
7 0.5129891156641977 0.38288768452878824 0.012954641066226813 0.015697722872636977
2 0.6704332057933524 0.2335593293389857 0.025591033386094787 0.020457945745273865
4 0.7122235521907133 0.13958207036199527 0.02237510517284953 0.017314765027114643
7 0.5840112871470186 0.009100205704222972 0.00987510517284953 0.017242042154477704
2 0.5998249082879996 0.7541945370863121 0.0276081744523216 0.03609203610435348
7 0.7586302922945974 0.9876059590238727 0.012954641066226813 0.015697722872636887
7 0.5143263628277108 0.9812161002198329 0.016079641066226814 0.015715903590796287
2 0.4636614024155049 0.5479905097625574 0.02099446159934022 0.023555674668035032
2 0.310789084323167 0.11067283782499684 0.016261497492717502 0.021965903590796153