3 0.3633196755595099 0.2573268993480816 0.03056079528527027 0.019268197240056482
3 0.5094262340793465 0.34353890908731427 0.024165246071058633 0.01603410308425506
3 0.5924399412752756 0.3238770198822071 0.022821069892376044 0.020694329545304768
3 0.5874849216305684 0.24560201541798019 0.02409247146395277 0.014471603084255057
3 0.47731155500518 0.22725934415250607 0.025800520678164317 0.017623876623205435
3 0.3835208595960752 0.2936462288933863 0.027290246071058632 0.016088650162155816
3 0.26039145885306814 0.5870495811668626 0.019696069892376135 0.020639782467404187
3 0.2045417191921503 0.5774739837646503 0.022529971463952768 0.014444329545304769
7 0.17080457403071456 0.5463915791382676 0.015916098428423453 0.006522735389503431
3 0.301596501657139 0.6088797167185217 0.027290246071058545 0.016088650162155816
3 0.32211236290584405 0.5545058624164506 0.019696069892376135 0.020639782467404187
3 0.3128122915657258 0.5191586976437983 0.018206344499481997 0.02217500892845372
3 0.358460777711987 0.6638223611986346 0.024019696856846906 0.012909103084255236
3 0.17273956327734757 0.40412225852141664 0.025946069892376133 0.020748876623205525
3 0.7251198163777195 0.12759412945928394 0.023946922249741043 0.011346603084255103
3 0.8415922630296786 0.5143146538090132 0.018206344499482087 0.02217500892845372
3 0.5497686360652079 0.5014020020252996 0.02565497146395259 0.014498876623205348
3 0.1394262572387103 0.28000292004765814 0.01806079528527027 0.01905000892845372
3 0.7457831492997743 0.6072504017804183 0.021331344499482086 0.0222295560063543