3 0.443675857232906 0.8006326144450455 0.018813632513557367 0.01126478246740419
7 0.5284265444921687 0.4638650458567894 0.015661361436318445 0.006522735389503431
1 0.6930106983775526 0.28784979098552543 0.02511817466803503 0.020748876623205438
1 0.6903952793668583 0.5096566071381495 0.020430674668035033 0.020667056006354302
1 0.6903645048717738 0.7729105835991993 0.02041249394987581 0.01754205600635448
1 0.44698915036934234 0.16169284537032205 0.018831813231716586 0.0143897824674041
1 0.2516787338927308 0.6957291059236288 0.020430674668035033 0.020667056006354302
1 0.9347593994855796 0.7537413924449274 0.02353749394987581 0.017596603084255057
2 0.7903554145126942 0.773093590092021 0.023519313231716587 0.014471603084255057
1 0.4366697947867563 0.26775193059766966 0.009411361436318443 0.0064136412337020944
1 0.4158033037637468 0.3064462378218401 0.009402271077238922 0.004851141233702094
1 0.4473032886384363 0.3499604586008469 0.012545451795397965 0.008030688311602674
1 0.498257255460949 0.3805343486167329 0.010982951795398144 0.008003414772652383
1 0.595632225210328 0.468162808031654 0.006286361436318444 0.006359094155801337
1 0.6457503998783631 0.48934806127806496 0.009420451795397966 0.007976141233702095
1 0.5933879482793566 0.35094803449270373 0.009420451795397966 0.007976141233702095
1 0.5644685836215844 0.48246108725264725 0.006286361436318444 0.006359094155801337
1 0.2723038095192834 0.4812671854689336 0.011001132513557365 0.011128414772652384
1 0.2906043576256895 0.5386120811668625 0.006286361436318444 0.006359094155801337
1 0.35152367690753017 0.5365507491859258 0.009420451795398143 0.007976141233702095
1 0.13332714704969267 0.35932222727182855 0.011001132513557365 0.011128414772652384
1 0.13342259582002863 0.37572847727182856 0.011001132513557322 0.011128414772652384
1 0.2916361133812261 0.7159558311668626 0.009420451795398143 0.007976141233702095
1 0.2888338211285525 0.7713700340889619 0.006277271077238922 0.004796594155801337
3 0.5462877728257547 0.8485127812462927 0.015688632513557364 0.011210235389503253