5 0.7073422727283798 0.44553065545799414 0.021049484396167627 0.014771828130301045
5 0.6569771025565633 0.469124412081416 0.01652575870642714 0.017733137023308566
5 0.673263843850136 0.4857117113557766 0.024174484396167806 0.014880955534962936
3 0.5533961584131715 0.2731075623515685 0.03050637155129756 0.016661710344286186
3 0.4030000107425922 0.3454240503706689 0.024338258706427317 0.01800595553496285
4 0.5107815332438295 0.3868898093563436 0.02417448439616763 0.014880955534962848
5 0.1699916796712133 0.580488564250485 0.017678822930778538 0.00997520072563951
5 0.20728696178338893 0.5830852853945445 0.019323210085908295 0.011592264427970279
4 0.602534184759596 0.6449255094490108 0.025573210085908293 0.011810519237293704
3 0.4019676187262224 0.6924800996450295 0.024338258706427317 0.018005955534962936
3 0.058213133198400865 0.3176934422881189 0.025573210085908273 0.011810519237293704
4 0.14615354647281242 0.26159472051108723 0.03223264586155703 0.01984127404661713
5 0.4447493402320914 0.5903893207890889 0.013400758706427318 0.017624009618646852
5 0.462438129241672 0.6248635245099533 0.019650758706427317 0.017842264427970277
5 0.5288919668717715 0.6513962534585611 0.021049484396167807 0.014771828130301045
4 0.5070932892367231 0.44238584120750896 0.018088258706427142 0.01778770072563951
4 0.18787746325372695 0.7600024494596951 0.025573210085908293 0.011810519237293704
4 0.2074119510407967 0.22358379982251475 0.033713258706427315 0.018333337748947985
2 0.6898538003179997 0.57091260137431 0.019323210085908114 0.011592264427970279
1 0.6998252645877795 0.663362996202167 0.009866322930778538 0.00970238221398514
1 0.6336126028952476 0.24535209538386024 0.014553822930778537 0.00986607332097771
2 0.37695433062115297 0.6340872462869849 0.024174484396167806 0.01488095553496276
2 0.32949615445644265 0.6022122529104068 0.019323210085908295 0.011592264427970279
2 0.3146424383776406 0.5582812036360463 0.019323210085908295 0.011592264427970279
2 0.3324916796712133 0.574813939208076 0.02277575870642732 0.01795139183263199
2 0.36681577001484633 0.5299453833102935 0.030670145861557075 0.019786710344286185
2 0.22091901458777943 0.6800867709665742 0.029353307326946253 0.024419646641955416
2 0.1797407366594753 0.781341736120184 0.035521420171816497 0.023075401451278666
2 0.161919150838398 0.704761877952816 0.02450203301668674 0.021130955534962935
2 0.13381184023209142 0.6012474975529293 0.03247830732694625 0.02452877404661713
2 0.06449195217245049 0.6294022686043215 0.041935194482076034 0.026418656260602268
2 0.18078309475464718 0.47873509129232705 0.019568871551297516 0.01627976442797028
2 0.06126953414834054 0.37841268747879553 0.03083392017181652 0.022911710344286275
2 0.32900699005037726 0.25442951733837715 0.024665807326946343 0.024255955534962848
2 0.3502678363869042 0.2653843755057451 0.03206887155129756 0.01671627404661713
2 0.36966853233931823 0.4159920107149551 0.03124335594746528 0.03072421034428636
2 0.44093934475464713 0.46965023485423957 0.01940509724103805 0.013154764427970278
2 0.4707153759623116 0.49668396080762245 0.01603443577564878 0.008358137023308565
2 0.5308207163059446 0.45091510382138084 0.017924484396167627 0.014662700725639511
2 0.4941827741987178 0.6292137186121707 0.024256371551297562 0.016443455534962938
2 0.42134613975712154 0.5607935900263826 0.02269387155129756 0.01638889183263199
2 0.23995337686682278 0.4805679206037545 0.019486984396167806 0.014717264427970278
2 0.33734851877165095 0.7797370521847675 0.024420145861557073 0.019568455534962937