5 0.57421875 0.79921875 0.0125 0.01171875
2 0.3234375 0.28828125 0.03203125 0.046875
2 0.59609375 0.2359375 0.02421875 0.03984375
2 0.64453125 0.32109375 0.01015625 0.0203125
4 0.5796875 0.3015625 0.0078125 0.015625
4 0.60078125 0.3265625 0.00859375 0.0109375
4 0.4984375 0.58046875 0.00703125 0.015625
4 0.55625 0.603125 0.01015625 0.015625
2 0.64375 0.56328125 0.00703125 0.01953125
4 0.58671875 0.65546875 0.01015625 0.01640625
4 0.5265625 0.6546875 0.0125 0.0109375
2 0.5203125 0.7859375 0.0359375 0.0375
2 0.48515625 0.74140625 0.01484375 0.0125
2 0.43125 0.803125 0.01328125 0.01328125
2 0.51484375 0.70546875 0.01484375 0.01484375
2 0.54609375 0.728125 0.01796875 0.01796875
2 0.65859375 0.49453125 0.01171875 0.02109375
2 0.61875 0.5546875 0.02421875 0.025
2 0.46484375 0.415625 0.03359375 0.02578125
2 0.53515625 0.4984375 0.01328125 0.02734375
2 0.428125 0.73515625 0.01015625 0.0125
2 0.6390625 0.7734375 0.01171875 0.01953125
2 0.45859375 0.63125 0.009375 0.015625
2 0.5703125 0.7125 0.0109375 0.015625
2 0.43515625 0.64921875 0.0125 0.0171875