4 0.26171875 0.32734375 0.0234375 0.021875
4 0.4171875 0.34375 0.01875 0.01953125
4 0.859375 0.428125 0.02265625 0.0203125
4 0.7828125 0.45546875 0.0140625 0.021875
4 0.87578125 0.50546875 0.0109375 0.021875
4 0.78046875 0.5875 0.01875 0.0125
4 0.53984375 0.50234375 0.0140625 0.03125
3 0.60859375 0.59453125 0.01015625 0.02578125
2 0.4 0.59140625 0.0203125 0.01953125
2 0.32265625 0.64453125 0.01875 0.02578125
2 0.30546875 0.65078125 0.02109375 0.0171875
4 0.1921875 0.7984375 0.01796875 0.028125
4 0.25234375 0.8203125 0.01953125 0.02578125
5 0.3546875 0.9015625 0.01171875 0.01171875
2 0.359375 0.48359375 0.01875 0.01953125
2 0.25625 0.4015625 0.01484375 0.03046875
2 0.50546875 0.28359375 0.02109375 0.0296875
2 0.746875 0.41328125 0.02421875 0.02890625
2 0.77890625 0.52421875 0.01328125 0.03125
2 0.74765625 0.5125 0.0171875 0.025
2 0.84296875 0.634375 0.01796875 0.0125
2 0.7921875 0.66171875 0.01796875 0.02421875
2 0.5234375 0.70390625 0.01640625 0.034375
2 0.4734375 0.62890625 0.009375 0.02421875
2 0.53515625 0.7609375 0.025 0.0140625
1 0.1609375 0.421875 0.01796875 0.0234375