4 0.7545608844549808 0.29287274399963475 0.018370568401734032 0.021113020678164406
3 0.7421217976373953 0.31814457174989375 0.027290542093374625 0.013737168320799586
4 0.746408208259561 0.4193988566960819 0.01800654735504672 0.014863020678164317
3 0.41795771359182005 0.4769543757216164 0.016808068401734034 0.021040246071058633
5 0.43610076883937443 0.4613486463997809 0.022512036831702886 0.011956344499482085
4 0.4402807636482898 0.5375301567388631 0.03206904735504672 0.015517992142117265
5 0.3911761347373295 0.5736281685256873 0.017915542093374804 0.013300520678164318
5 0.31330873997076647 0.5386666635632886 0.025637036831702976 0.012101893713693811
5 0.3502843661803037 0.42836701840185293 0.020949536831702885 0.011883569892376045
5 0.28228479507714654 0.37193077377853634 0.01800654735504672 0.014863020678164496
5 0.2578084398437096 0.4021255419755014 0.018006547355046632 0.014863020678164496
5 0.2529851609751016 0.4849380419755015 0.018188557878390375 0.017988020678164317
5 0.1963025214702104 0.4493964942090317 0.02122255261671846 0.016571069892376045
4 0.07352517412928121 0.4726627121583277 0.01782453683170293 0.011738020678164318
5 0.10138267654835562 0.24991657092583344 0.02251203683170293 0.011956344499481996
5 0.5253207054875508 0.2610447394515208 0.01800654735504672 0.014863020678164496
5 0.6803968004094056 0.46332648510829466 0.019296031570031145 0.010248295285270359
4 0.6685430005646973 0.6264985731976358 0.019296031570031145 0.010248295285270359
3 0.5699627454441998 0.7723140332890491 0.02425654735504672 0.01515411910658777
5 0.5745669454583172 0.7874124944139196 0.01956904735504672 0.01493579528527036
5 0.5503559007341066 0.7996021253073317 0.021040542093374803 0.013446069892376223
5 0.06836171906525343 0.6823651978903043 0.013319047355046632 0.014644696856846906
5 0.08815130332259018 0.7326391796933391 0.01644404735504663 0.014790246071058633
5 0.028555766420300072 0.6664105581055519 0.017733531570031092 0.010175520678164319
5 0.016260163747111846 0.6219691993380462 0.018006547355046643 0.014863020678164317
4 0.20739818714228647 0.3261409307267964 0.016717063140062206 0.019477746071058545
1 0.5952596060804829 0.8894309127347192 0.035922089448421346 0.028163541356328637
1 0.7213920686840828 0.3109121145539647 0.030961573663405774 0.023257717535011223
1 0.42784021878290474 0.4014278368464869 0.016353042093374803 0.013227746071058633
1 0.39691571345064575 0.32713415818660513 0.013137036831702887 0.011519696856846817
2 0.7759837742422206 0.6244523837843869 0.019478042093374802 0.01337329528527036
4 0.7889989847090947 0.5623890314270221 0.016717063140062292 0.019477746071058632
4 0.7206647556146077 0.4040991883752822 0.018188557878390375 0.017988020678164317
4 0.6750183266471776 0.38082220016210655 0.021040542093374803 0.013446069892376133
4 0.5198926689381965 0.5694394363083676 0.02434755261671846 0.016716619106587772
4 0.5183224636624073 0.5560490243977089 0.02434755261671846 0.016716619106587772
4 0.45884948214884586 0.622215525845451 0.021404563140062293 0.019696069892376045
4 0.37394167405869405 0.41223475020488787 0.015063557878390376 0.01784247146395259
4 0.3907875398154747 0.37855110897239347 0.01608002630835923 0.008540246071058633
4 0.48151822660482535 0.32715773697032147 0.01451752630835923 0.00846747146395277
2 0.33602444510538143 0.4042017723307943 0.037120568401734035 0.02198631596343468
4 0.19100328753757465 0.7421298037623257 0.019296031570031104 0.010248295285270359
4 0.22311856654735696 0.8094286197257604 0.019387036831702887 0.011810795285270358
2 0.06101819787739169 0.5394499518192456 0.021404563140062206 0.019696069892376045
4 0.2791773927004244 0.6404817206353831 0.021313557878390378 0.018133569892376043
4 0.26294617697187866 0.7039620237785364 0.021040542093374803 0.013446069892376044
2 0.3067626083583831 0.5031101532242064 0.019933068401734033 0.02118579528527036
4 0.4830814556287251 0.4079175853987449 0.02434755261671846 0.016716619106587772
4 0.5293495108762796 0.3936217990048147 0.021040542093374803 0.013446069892376133
4 0.503272858287796 0.4378426798982268 0.020949536831702885 0.011883569892376045
4 0.6179059637329944 0.6351072857702483 0.02278505261671846 0.016643844499482086
4 0.7175481899142968 0.4979583502859411 0.021404563140062293 0.019696069892376045
1 0.3186941899848839 0.553801511991712 0.011665542093374804 0.013009422249741043
6 0.18560867419986837 0.5523031703877141 0.0981336631118273 0.052876751033457306
2 0.343920245091264 0.38968550806277064 0.01929603157003106 0.01024829528527027
2 0.34753879777856966 0.4486067437947471 0.019296031570031145 0.010248295285270359
4 0.3423823189664314 0.5909397930089587 0.01295502630835923 0.008394696856846906
2 0.1163651215125627 0.49032540115729173 0.029126057878390333 0.01849744292790554
5 0.6560716345961553 0.437125704091048 0.016353042093374626 0.013227746071058633
5 0.6408106556428426 0.4301479580199894 0.014699536831702886 0.011592471463952769
5 0.6271954766754126 0.4083628492524838 0.01175654735504672 0.014571922249740864
5 0.6248887950065594 0.31346772621695446 0.01184755261671846 0.016134422249741043
5 0.5776644554875509 0.26348268878956704 0.01488154735504672 0.01471747146395277
5 0.690976526590708 0.3220293970189534 0.020949536831702885 0.011883569892376133
5 0.7376240134365283 0.3281188852321291 0.017733531570031148 0.010175520678164495
5 0.764178808160739 0.3160384162493758 0.02425654735504672 0.01515411910658786
5 0.5430843291368392 0.2250537355225794 0.01488154735504672 0.01471747146395277
5 0.561189587029347 0.22354689350429674 0.01800654735504672 0.014863020678164496
5 0.45148211610971656 0.358660294042416 0.01175654735504672 0.014571922249741043
5 0.4430549660814817 0.3284997590962279 0.017733531570031148 0.010175520678164407
5 0.439878216222656 0.4771919702210985 0.011938557878390377 0.017696922249740864
5 0.5599191584854399 0.6488572626108846 0.022603042093374805 0.013518844499482086
5 0.4677925716678545 0.6704175853987449 0.014790542093374803 0.013154971463952591
5 0.5899706795321273 0.6439899801458958 0.017824536831702886 0.011738020678164318
5 0.41628952680246945 0.5324959003287223 0.01800654735504672 0.014863020678164317
5 0.39392867939095305 0.4860190066150286 0.02122255261671855 0.016571069892376045