3 0.7316631687970222 0.377746953459791 0.027290542093374802 0.013118249050069508
3 0.3473868793344833 0.39839394709461773 0.028762036831702885 0.011592116641249994
7 0.2550720347655644 0.5768657456315969 0.025546031570031148 0.009956881458888844
7 0.37096932152668016 0.48912739665777744 0.022603042093374805 0.013009146276527873
3 0.21550130055057992 0.5731056192067012 0.025819047355046632 0.014644381458888845
7 0.5686340058263692 0.5781496098043051 0.02113154735504672 0.014535278685347208
3 0.3061200533225902 0.7184525271667358 0.027108531570031145 0.009993249050069508
6 0.8812312583160308 0.42185736331968676 0.09748121572854593 0.06624455547083344
0 0.5917383058828389 0.6369063607542356 0.05778167889684287 0.054397865691319505
1 0.3166494876928664 0.8859484984813886 0.024529563140062206 0.019295513867708537
6 0.36370139504891175 0.31921494016076357 0.04749662628012441 0.03855466014423614
1 0.3064470060381307 0.8066064905976038 0.029581084186749606 0.025654616641249815
2 0.5469788137047595 0.5614894398764232 0.026456084186749607 0.025581881458888844
3 0.7714859900413537 0.5781093229508326 0.013774073663405773 0.022165940729444424
2 0.25082269247454547 0.3819169215434025 0.03279708944842143 0.027289851823611145