3 0.6784010229857641 0.20715980885787993 0.020785278685347207 0.021140170950527094
5 0.6186448164887501 0.22189612950439583 0.009811411094166545 0.019132001977166267
5 0.6241142196991321 0.25568088049297905 0.012754573138263937 0.011446835969555202
5 0.6540731702122223 0.20148547041686685 0.011373911094166722 0.019195668973360735
7 0.507433906344514 0.17209510627269126 0.011301175911805572 0.016070668973360736
5 0.708617812689028 0.3317114812912818 0.008358013867708357 0.02375583498097189
7 0.7706106260436462 0.4130689106447658 0.008248911094166544 0.019068334980972067
4 0.7763488669255905 0.25720091262193223 0.011592116641249994 0.028570668973360736
3 0.6376136752462156 0.2655970499606314 0.020639808320624908 0.014890170950527092
3 0.5653587751699656 0.3469478676413978 0.014717116641249995 0.02869800296574958
3 0.5021125863403821 0.27880802129171933 0.01624324905006951 0.027199169961943957
7 0.5167004567813543 0.2013515247517604 0.009811411094166722 0.019132001977166357
4 0.402747712765278 0.23495325053147265 0.01925914627652787 0.022639003954332715
4 0.34268172853284734 0.20284640467608575 0.011373911094166722 0.019195668973360735
7 0.34582556553881966 0.23731690517037735 0.014535278685347208 0.02088550296574958
5 0.4138501733463544 0.309554002508639 0.011446646276527871 0.022320668973360734
5 0.3081995853904516 0.29744398026551755 0.014571646276527872 0.02244800296574958
7 0.2654847553183336 0.273068721368269 0.019150043502986058 0.017951503954332714
5 0.5738986269935766 0.37851620262236974 0.012972778685347209 0.020821835969555114
7 0.8225394147969796 0.565042587526792 0.008176175911805573 0.015943334980972067
5 0.7465763268410768 0.554142238211364 0.014498911094166723 0.01932300296574958
3 0.7504104948690976 0.5847383222037529 0.011519381458888844 0.025445668973360824
4 0.7787900680073616 0.5968218281352519 0.017805749050069507 0.027262836958138338
4 0.8435065314382296 0.5939952584773192 0.011664851823611145 0.031695668973360826
4 0.9099134346486115 0.6302630223174835 0.014680749050069507 0.02713550296574958
5 0.8491045276385076 0.700372592469708 0.011373911094166545 0.019195668973360825
5 0.7831158517267018 0.6820735786295435 0.011446646276527871 0.022320668973360824
7 0.7966341442797576 0.7263329145990985 0.009847778685347208 0.02069450197716627
7 0.7216166136945492 0.7560575652836705 0.012863675911805572 0.016134335969555203
7 0.8308454901194452 0.7207023385153752 0.012790940729444599 0.013009335969555025
7 0.705793551574202 0.847512894827435 0.011410278685347209 0.020758168973360823
7 0.5565176373459033 0.7048412806832595 0.011301175911805572 0.016070668973360826
7 0.5433273063238547 0.7082063612156071 0.017369337955902786 0.008512836958138337
3 0.6845530247887159 0.7732795573750051 0.01609777868534721 0.02094916996194378
5 0.5259021105604171 0.6302259412536632 0.01751480832062491 0.014762836958138337
5 0.45248410077677137 0.6951386754363325 0.014317073138263936 0.01151050296574958
4 0.4288452726045143 0.618466087489611 0.01475348423243048 0.03026050296574958
4 0.37701197530180613 0.7053320761209043 0.014644381458888845 0.025573002965749582
7 0.3425467095342367 0.7335870687065306 0.014571646276527784 0.02244800296574958
5 0.42537935296097296 0.8384284190105419 0.011301175911805572 0.016070668973360826
5 0.37912325522142437 0.8966428256266129 0.014426175911805571 0.01619800296574958
7 0.2533387391695145 0.7237080499234503 0.013009146276527873 0.022384335969555025
7 0.2746864090973964 0.7019431378701718 0.014535278685347208 0.02088550296574958
3 0.2900406117946882 0.7915468073378241 0.011519381458888844 0.025445668973360824
7 0.5370766531134727 0.6743897767289267 0.009884146276527872 0.02225700197716627
7 0.5270840572737853 0.6810071912536632 0.009738675911805572 0.016007001977166268
7 0.6630624973376397 0.9230421354358949 0.008285278685347208 0.020630834980972068
7 0.686990959818577 0.9450908903788108 0.011373911094166545 0.019195668973360825
4 0.34340461397888966 0.9381154012160448 0.01758754350298606 0.017887836958138337
7 0.26936051662059074 0.5737226373758801 0.014608013867708358 0.02401050296574958
5 0.3314026556789239 0.3889284847141418 0.011519381458888932 0.025445668973360824
5 0.262272755602674 0.470406636387297 0.01591594072944442 0.013136669961943782
5 0.23425424553468774 0.3397004644481868 0.014498911094166723 0.01932300296574958
4 0.25129562195958355 0.30058888490442226 0.013009146276527783 0.022384335969555115
7 0.46510812129399354 0.5333071788963736 0.011446646276527871 0.022320668973360824
7 0.5062045935585768 0.4881511877936221 0.016134146276527872 0.02251166996194396
5 0.6079495847248616 0.5336639590481603 0.014498911094166544 0.01932300296574958
5 0.5263917666205907 0.5841958582498575 0.014535278685347208 0.02088550296574958
4 0.8406166143601392 0.5369003414811246 0.017769381458888844 0.025700336958138337
4 0.678226370344063 0.5685283903788108 0.014535278685347208 0.02088550296574958
0 0.6718620418874656 0.29509089037881076 0.02725348423243048 0.030769838935304605
6 0.4156893495425004 0.5227079185162502 0.037646776785486225 0.07490184091247105
4 0.3769372804882991 0.601521326615196 0.02405574905006951 0.027517504942915848
4 0.4116720371378128 0.41717550152005584 0.014680749050069507 0.02713550296574958
4 0.5805622818194793 0.16180620509382765 0.011446646276527871 0.022320668973360734
4 0.5629208401401044 0.17513653463759216 0.014608013867708358 0.024010502965749535
4 0.6558908965608683 0.24604855391496408 0.017660278685347208 0.021012836958138336
1 0.5659452291015283 0.6068812831547173 0.009629573138263936 0.011319501977166269
1 0.6257748239912851 0.6288318790101043 0.008212543502986235 0.017505834980971892
1 0.6694878031897227 0.5954901384016444 0.008103440729444421 0.012818334980972068
1 0.5522814661837504 0.5563719471851623 0.008139808320624909 0.01438083498097189
1 0.37121134450850735 0.4561133261209044 0.008103440729444421 0.012818334980972068
1 0.3923791361116324 0.5272216635733343 0.009593205547083272 0.00975700197716627
1 0.4972822288171878 0.4066146863107473 0.006504573138263936 0.011192167984777512
1 0.4807837534184725 0.33491609984690063 0.009665940729444423 0.012882001977166357
4 0.5532945330537503 0.33162661516993985 0.012900043502986236 0.0176968359695552
1 0.3951001733463544 0.3087899985543063 0.009593205547083272 0.009757001977166358
1 0.6122819005480216 0.9545348745614799 0.004905705547083273 0.009566000988583312
1 0.47590733624347303 0.8966839293906652 0.004942073138263936 0.011128500988583312
1 0.7772470582237159 0.664663244142863 0.008067073138263936 0.011255834980972068
4 0.4507130872903127 0.25017634391540156 0.015879573138263936 0.011574169961943959
7 0.3701716021079516 0.2437724936113904 0.014389808320624997 0.014635502965749581
1 0.49187456230777843 0.744354766843095 0.0081034407294446 0.012818334980972068
1 0.22915178428802124 0.4893502959691176 0.009629573138263936 0.011319501977166269
1 0.2759553555264241 0.5552591388587549 0.006468205547083361 0.009629667984777513
1 0.26508601823611133 0.3230050543720746 0.009593205547083272 0.009757001977166358
1 0.2354524164125002 0.29057721494247835 0.0079579703647223 0.006568334980971979
1 0.38719414152687515 0.1703177475657231 0.009593205547083272 0.009757001977166358
1 0.611542137727153 0.2856084610253267 0.008067073138263936 0.01125583498097198
7 0.6292017632021183 0.27305938148156217 0.011301175911805572 0.016070668973360736
1 0.6996058353904516 0.3133925628122126 0.008103440729444421 0.012818334980971891
7 0.4636540708571532 0.5043690953982763 0.019295513867708357 0.024201503954332716
3 0.516081554520903 0.1412271082498576 0.020639808320624908 0.014890170950527092
3 0.4581281566288545 0.36755484490398477 0.011519381458888844 0.025445668973360737
3 0.30250936379145843 0.12003656326932317 0.017514808320625 0.014762836958138337
3 0.2064611263279866 0.5875503740300074 0.017514808320625 0.014762836958138337
7 0.7320469270491674 0.8353139837627397 0.012681837955902785 0.008321835969555024
7 0.3139476244281255 0.645004729771226 0.008103440729444421 0.012818334980972068