3 0.6992152013005415 0.28513359982684083 0.01762387662320535 0.025400043502986146
3 0.7266992731352084 0.3225069664680909 0.02220228246740419 0.019259146276527785
3 0.723755505278301 0.3568274150813201 0.014471603084255057 0.023764808320625087
3 0.5972180990270652 0.17334015501333383 0.02373750892845372 0.01773301386770836
3 0.5359066777615912 0.2828956865484727 0.016088650162155816 0.026926175911805572
3 0.5324134849857616 0.3039167013661116 0.019213650162155815 0.026998911094166723
3 0.5111930499205697 0.2659075550895838 0.01913182954530477 0.022311411094166723
3 0.48157373376794566 0.2613103208571532 0.020639782467404187 0.01922277868534721
3 0.366060007713933 0.4313481042921531 0.016115923701106104 0.028488675911805574
5 0.47882265503341975 0.1502637180836115 0.014471603084255057 0.023764808320624997
5 0.6514868133132504 0.24338120450024361 0.01587046185055314 0.014426175911805571
5 0.33029365178700887 0.1968269807170489 0.012800008928453722 0.017478440729444423
5 0.30128008198093675 0.06797462889343775 0.01129205600635439 0.02056707313826389
4 0.33880735551988705 0.06728495108177111 0.016088650162155816 0.026926175911805572
4 0.3199834431828667 0.160634907578785 0.01597955600635448 0.020676175911805574
7 0.3504658299523419 0.16056282560680585 0.011319329545304768 0.022129573138263935
5 0.13307200406048506 0.3016560318194793 0.012800008928453722 0.017478440729444423
3 0.1424997767886565 0.43317878875333343 0.012936376623205436 0.0252909407294446
3 0.14728886810508407 0.6513475605048266 0.01913182954530477 0.022311411094166723
3 0.04540481412732454 0.5778535494869097 0.0207216030842551 0.02391027868534721
4 0.05756962338008984 0.5077956226251736 0.014417056006354434 0.020639808320624908
5 0.28133658563768 0.6732251733463543 0.014417056006354479 0.020639808320624908
3 0.15409047281419225 0.8437714498475002 0.012936376623205436 0.0252909407294446
3 0.531909735396094 0.9596400245043755 0.020694329545304768 0.022347778685347208
4 0.580756338480349 0.9373299198309727 0.009647735389503254 0.015843205547083274
4 0.6118739249255126 0.9904192054501741 0.00967500892845372 0.01740570554708327
3 0.5496757082036956 0.8373474504161811 0.01603410308425506 0.023801175911805573
3 0.635815985396094 0.9620584693178824 0.008085235389503431 0.015806837955902608
5 0.6129705949731707 0.8380390878589935 0.012827282467404189 0.0190409407294446
3 0.6947678401019068 0.6742506512136117 0.014498876623205348 0.02532730832062491
5 0.6827411728936225 0.602066526688577 0.015897735389503433 0.015988675911805573
4 0.6910467763849147 0.7531023498268409 0.00967500892845372 0.01740570554708327
4 0.7453467183499655 0.8661303331093408 0.017405688311602673 0.012900043502986236
7 0.5392718165629565 0.6721945758911463 0.00967500892845372 0.01740570554708327
7 0.28878839570122417 0.4701910923243058 0.0128272824674041 0.01904094072944442
5 0.4986719103117208 0.49070753333809075 0.01282728246740401 0.0190409407294446
4 0.5557946635581317 0.44201676662059075 0.00967500892845372 0.01740570554708327
1 0.8410736444834083 0.44162260201104236 0.023982970779006862 0.03179551386770836
1 0.679666360391151 0.2409108211414936 0.020748876623205348 0.025472778685347208
1 0.5620521663975054 0.21785256800736158 0.02384660308425506 0.023983013867708357
0 0.5664590227281714 0.1444878031897227 0.08077844155801372 0.06435474715020839
1 0.4771413782480585 0.20180803428802124 0.011128414772652384 0.011192073138263935
1 0.36827489285855514 0.21490548670097248 0.01913182954530477 0.022311411094166723
1 0.31341011485537795 0.22378887100965303 0.00967500892845372 0.01740570554708336
1 0.20186646306836903 0.032053353057882115 0.020694329545304768 0.02234777868534723
1 0.2631298766265007 0.4625597770698266 0.017623876623205435 0.02540004350298606
1 0.40008835998740927 0.5415595588893058 0.019213650162155815 0.026998911094166543
1 0.6567747366106147 0.5225238438429172 0.023873876623205347 0.02554551386770836
1 0.6626644521146157 0.63286193179882 0.020748876623205525 0.025472778685347208
1 0.7803604667251124 0.651232684932952 0.019186376623205346 0.025436411094166722
1 0.8260472934310432 0.8547220140551396 0.022284103084255234 0.023946646276527872
1 0.5470631769541076 0.8974673328250005 0.020748876623205348 0.025472778685347208
1 0.43549225162814836 0.7072943148732296 0.028725017856907443 0.03502961664125
1 0.42953653206695747 0.7798414620996879 0.019186376623205346 0.025436411094166545
1 0.33083420495728477 0.8822741714464934 0.020748876623205438 0.025472778685347208
1 0.08068420049305791 0.8850491068576043 0.02225682954530477 0.02238414627652787
1 0.09282351055660211 0.6821241286090973 0.020694329545304747 0.022347778685347208
2 0.6847572349857616 0.3074625415062159 0.031822744317957154 0.03353985182361115
2 0.6494588888013654 0.40433688829583386 0.032013659090609534 0.04447735182361114
1 0.39887646185384834 0.476661257502535 0.011128414772652384 0.011192073138263935
1 0.38922081818451437 0.4029691843642712 0.011128414772652384 0.011192073138263935
1 0.5069168327950109 0.4213399374984032 0.009565914772652385 0.011155705547083273
1 0.530903757713933 0.4351848851617019 0.009620461850553142 0.014280705547083272
1 0.5095918194023303 0.44719392268076436 0.006440914772652384 0.0110829703647223
1 0.4849793774372796 0.33485692363069486 0.009593188311602673 0.012718205547083361
2 0.5694366034945875 0.6455418101235768 0.025518197240056394 0.030269381458888845
1 0.7885217942418222 0.7209821404800354 0.007948867694751626 0.007994337955902786
1 0.6705081797934813 0.676030703550313 0.011073867694751627 0.008067073138263936
1 0.711583193186162 0.6511950109210076 0.009593188311602673 0.012718205547083273
1 0.7280382617744181 0.7383319882195839 0.008003414772652383 0.011119337955902786
1 0.3468076270335378 0.6387969283803475 0.008003414772652383 0.011119337955902786
1 0.32868887256931095 0.6469724510817711 0.009620461850553052 0.014280705547083272
1 0.4792853417267599 0.8849478426086463 0.009538641233702095 0.009593205547083272
1 0.3902501152657103 0.8813123899113545 0.008003414772652383 0.011119337955902609
1 0.42116492451847554 0.811690874143785 0.008003414772652383 0.011119337955902609
1 0.35455807711626336 0.8664134353142018 0.008003414772652383 0.011119337955902609
2 0.5280949886425048 0.9095309217308337 0.019186376623205346 0.025436411094166545
1 0.28730812175853204 0.7788757613022572 0.011073867694751716 0.008067073138263936
2 0.2877814545502477 0.7069825775066668 0.030205697240056485 0.030378484232430482
2 0.6725659630749596 0.9977355172861809 0.0237920560063543 0.004528965427638099
2 0.7245701627473528 0.5788115178548617 0.022365923701106107 0.028634146276527873
2 0.7535309598252534 0.5763593182917021 0.022365923701106107 0.028634146276527873
3 0.5515342629922341 0.7756468842117712 0.017514782467404188 0.019150043502986235