3 0.7469685079950319 0.6875 0.023528403590796287 0.015625
3 0.7088554296380047 0.71640625 0.020439765027114733 0.021875
3 0.6744804296380047 0.71640625 0.021974993949875808 0.0171875
4 0.7003480380492612 0.73125 0.020376132513557365 0.0109375
7 0.7865122761454044 0.6359375 0.01259090359079611 0.015625
3 0.7389509540348933 0.51796875 0.026644313231716586 0.0140625
3 0.7162856136758137 0.51640625 0.02666249394987581 0.0171875
3 0.7565833607489474 0.46015625 0.01887726502711473 0.021875
3 0.7536538034691592 0.49375 0.02353749394987581 0.0171875
3 0.8564747973208391 0.57578125 0.01418976502711473 0.021875
5 0.8698191589535493 0.45234375 0.020385222872636888 0.0125
5 0.8524453065924172 0.4203125 0.014135222872636887 0.0125
5 0.8486021682251274 0.296875 0.02194772287263689 0.0125
5 0.8119197796614458 0.303125 0.020385222872636888 0.0125
5 0.6920198492378742 0.10546875 0.017278403590796288 0.015625
4 0.6752277798578377 0.1734375 0.015679542154477845 0.009375
4 0.6309505390312198 0.0828125 0.01726022287263689 0.0125
3 0.5522488221105112 0.11796875 0.026635222872636886 0.0125
5 0.6385044846782978 0.17265625 0.01726022287263689 0.0125
3 0.5739294211519936 0.353125 0.026644313231716586 0.0140625
4 0.5766282160369458 0.5484375 0.017242042154477843 0.009375
5 0.5216089179305398 0.49140625 0.02195681323171641 0.0140625
5 0.3420027102814092 0.37109375 0.020403403590796197 0.015625
7 0.3187964935570923 0.2765625 0.020376132513557365 0.0109375
3 0.34627816158582797 0.703125 0.02508181323171659 0.0140625
5 0.41962475799503185 0.6875 0.01414431323171641 0.0140625
5 0.17318102917046652 0.62734375 0.020385222872636933 0.0125
3 0.23217423408912258 0.56171875 0.02198408430895542 0.01875
3 0.1673350292686624 0.5625 0.025090903590796198 0.015625
3 0.03992764675510506 0.5515625 0.02198408430895541 0.01875
4 0.06755774306611302 0.60078125 0.01725113251355732 0.0109375
7 0.1424026860809124 0.43984375 0.01884999394987581 0.0171875
5 0.1780942255049156 0.26328125 0.020394313231716588 0.0140625
3 0.12899767447164331 0.15 0.023519313231716587 0.0140625
3 0.40252101200205254 0.03046875 0.02198408430895533 0.01875
3 0.332840291958086 0.1390625 0.021974993949875808 0.0171875
5 0.6536401679305397 0.49140625 0.021938632513557366 0.0109375
5 0.9413982014026147 0.2671875 0.020367042154477842 0.009375
1 0.546896306003242 0.809375 0.032967036104353656 0.0265625
1 0.5030139749157405 0.65234375 0.02512726502711473 0.021875
1 0.35687074882164965 0.778125 0.02511817466803503 0.0203125
1 0.3781276044042356 0.671875 0.025136355386194253 0.0234375
1 0.36451403541698246 0.48046875 0.03766362646343317 0.028125
1 0.7663134056338996 0.65546875 0.02511817466803503 0.0203125
1 0.8140736738824682 0.5390625 0.02198408430895569 0.01875
1 0.7942282856133742 0.35078125 0.020439765027114733 0.021875
1 0.46946918012898403 0.3921875 0.02668067466803503 0.0203125
1 0.5499055929913583 0.25234375 0.028243174668035033 0.0203125
1 0.31379940046753824 0.0890625 0.028252265027114642 0.021875
1 0.1160623789975159 0.34375 0.025127265027114643 0.021875
1 0.14193803600615765 0.09140625 0.02980567466803503 0.0203125
1 0.11766019867214013 0.08125 0.021974993949875808 0.0171875
1 0.23077938485124835 0.45625 0.028261355386194252 0.0234375
1 0.163791872751 0.490625 0.03144998789975162 0.034375
1 0.16505595354391395 0.8421875 0.026671584308955422 0.01875
1 0.14552820696175953 0.57421875 0.02666249394987581 0.0171875
3 0.7329645744482022 0.56328125 0.02979658430895533 0.01875