4 0.6129732195529872 0.22986291194718805 0.026735216822512696 0.030305749050069507
4 0.6357618006404888 0.3874033082237158 0.023573855386194255 0.023983013867708357
4 0.6641974354917373 0.844253373478195 0.025154536104353475 0.027144381458888846
4 0.6177082548717738 0.7752117795383686 0.02510908430895533 0.019331881458888846
4 0.5917457185710286 0.8777185304882991 0.02352840359079611 0.016170513867708534
4 0.48740767651474676 0.8010813356747921 0.01731476502711473 0.022275043502986237
4 0.5109123124461495 0.5446319671336809 0.03450226502711473 0.022675087005972115
3 0.4372162580932276 0.6327482565526046 0.028215903590796287 0.016279616641249994
2 0.3883555355151783 0.4246077950215975 0.025154536104353475 0.027144381458888846
2 0.31690271633153344 0.36123431962288216 0.028270445745273952 0.025654616641249996
2 0.30586976756119744 0.3445734964846183 0.022020445745273863 0.025509146276527783
4 0.13121468032537578 0.2655185100679862 0.031395445745273864 0.025727351823611144
4 0.12534193022717993 0.330216789703264 0.029832945745273863 0.025690984232430568
5 0.07134984269677067 0.4484751740119445 0.015715903590796176 0.015988675911805573
2 0.48406749043383435 0.36121940187920176 0.023573855386194255 0.023983013867708357
2 0.5380459424256242 0.24061726757052124 0.03451135538619425 0.024237587005972294
2 0.7174254119786114 0.46038817296510476 0.03453862646343318 0.028925087005972294
2 0.650252589278925 0.7298817489531603 0.034556807181592396 0.0320500870059723
2 0.5490309777444107 0.786111605526424 0.03450226502711473 0.022675087005972115
2 0.5535184898446592 0.7518457082999658 0.028261355386194252 0.024092116641249994
2 0.4573661733914888 0.8738096676467713 0.01731476502711473 0.02227504350298588
2 0.41726789333725944 0.829132294071667 0.028270445745273775 0.025654616641250173
2 0.3079782099868216 0.5727166802802086 0.03764544574527386 0.025872822188333443
2 0.3693015293668583 0.5061844501318407 0.02665340359079611 0.01624324905006951
2 0.2550032009116353 0.5972614321800697 0.020476126463433175 0.028597778685347207
1 0.494559041958086 0.15055465881305596 0.026698855386194254 0.024055749050069464