2 0.478125 0.825 0.03515625 0.0359375
4 0.52578125 0.17734375 0.0109375 0.01875
4 0.34453125 0.59296875 0.00625 0.0171875
2 0.68125 0.83515625 0.01171875 0.0234375
2 0.70703125 0.375 0.02421875 0.028125
2 0.75 0.3390625 0.01875 0.02421875
2 0.75390625 0.28359375 0.0171875 0.0234375
2 0.36640625 0.2125 0.02890625 0.0375
2 0.39609375 0.3203125 0.02109375 0.021875
2 0.4046875 0.29921875 0.02890625 0.01796875
2 0.375 0.42109375 0.02109375 0.0234375
2 0.39765625 0.428125 0.0140625 0.021875
2 0.415625 0.45390625 0.01796875 0.02734375
2 0.43359375 0.4421875 0.02265625 0.02109375
2 0.43515625 0.4546875 0.01015625 0.025
2 0.48515625 0.44921875 0.0171875 0.02734375
2 0.4953125 0.4609375 0.01640625 0.02421875
2 0.48828125 0.58984375 0.009375 0.021875
2 0.60546875 0.803125 0.02421875 0.02890625
1 0.53125 0.45703125 0.01328125 0.0265625