7 0.9456787494341732 0.2388859472223433 0.024010710085908472 0.01189250494291585
7 0.9964987423674259 0.2878619580967582 0.007002515265148191 0.0176968359695552
7 0.9558692989592033 0.26970486570141244 0.017924484396167627 0.014762836958138337
2 0.8975411425821967 0.18313335433270597 0.0309976944820761 0.02620967292769345
2 0.9326165846894234 0.36152760976991344 0.03132524310259512 0.03245967292769345
2 0.8249025819758901 0.28463750452298636 0.03889208163720568 0.02809050790866543
3 0.7477425384437537 0.19573948919994716 0.027299484396167806 0.01514483893530465
3 0.8391454664174862 0.21427592497922188 0.033713258706427496 0.018524506920082208
7 0.6991036425821967 0.17504764581601823 0.017924484396167627 0.014762836958138292
7 0.6962276260738534 0.16479589532172664 0.013073210085908293 0.011446835969555114
7 0.6297461329712583 0.13090371497965939 0.01956887155129756 0.016389003954332716
7 0.5667348778828756 0.2078535341433006 0.02409259724103805 0.01345500494291585
7 0.5987019301214392 0.31206087307860525 0.011838258706427318 0.017633168973360737
4 0.7756296002932558 0.34109841015047426 0.02738137155129756 0.016707338935304607
4 0.7205935402527761 0.24296731627225374 0.024256371551297562 0.01658000494291585
4 0.7241755636585243 0.22206456726083693 0.020967597241038048 0.013327670950527093
2 0.6954540993887446 0.3136644768426575 0.0263101944820761 0.026018671939110227
2 0.7529091525318193 0.4430774042189752 0.048512743102595124 0.0331600098858317
7 0.5543145222740946 0.40224286269848186 0.040208920171816584 0.02346667490485981
3 0.44831350576575113 0.3877890904553604 0.0247476944820761 0.02595500494291585
7 0.427704434643995 0.4259284190105418 0.020967597241038048 0.013327670950527093
7 0.5214710447753317 0.3556888562726913 0.027545145861557076 0.019832338935304606
4 0.45561034938874456 0.3038915929268184 0.02409259724103805 0.01345500494291585
4 0.4680660837849123 0.31843159539827637 0.018088258706427142 0.017887836958138337
4 0.49459428425988217 0.2891088513297754 0.02738137155129756 0.016707338935304607
7 0.3741998971047525 0.28264399262280726 0.014799484396167805 0.014635502965749581
7 0.3270172806418376 0.18561248372555866 0.021295145861557074 0.019577670950527093
7 0.32094434305716646 0.12923514973316988 0.016361984396167806 0.014699169961943915
7 0.3040644595200813 0.22365631178644838 0.014635710085908294 0.01151050296574958
7 0.27820132236495165 0.22104330634924096 0.020967597241038048 0.013327670950527093
7 0.3106486521931351 0.20053714676742035 0.020967597241038048 0.013327670950527093
7 0.2997830732694628 0.24608972729976805 0.017924484396167804 0.014762836958138337
7 0.29886902645796604 0.2881498933073793 0.020967597241038048 0.013327670950527093
7 0.1524001402073475 0.3047896121670092 0.02442014586155703 0.019705004942915848
7 0.4081411278828756 0.20139133402956982 0.01956887155129756 0.016389003954332716
4 0.3778903838757694 0.14480841159616797 0.017678822930778538 0.010075336958138292
4 0.36916715909054004 0.17173832612090445 0.02277575870642732 0.018078837946721472
4 0.4624767458161285 0.1225288463868595 0.027545145861557076 0.019832338935304693
2 0.5197060696514182 0.1583827747517604 0.02959896879233561 0.02927100593149907
2 0.4501714976251508 0.17036150992301277 0.0407821302577247 0.03440417490485981
3 0.6338061912027158 0.1786236319758538 0.029189533016686652 0.02145850593149907
2 0.597343068746907 0.13737920805957718 0.042098968792335614 0.029780341901054184
7 0.6124391242648309 0.11304771151961827 0.013073210085908293 0.011446835969555114
7 0.5723873343507393 0.12232986961856411 0.025573210085908293 0.011956171939110272
2 0.5277775192218769 0.10414094372512114 0.03264208163720568 0.02783583992388783
7 0.5474758655584038 0.09324986467564825 0.014963258706427318 0.017760502965749537
4 0.5063329664174864 0.2007148547898165 0.025818871551297563 0.016643671939110226
4 0.4825712398232347 0.1786979333449978 0.017924484396167804 0.014762836958138292
2 0.5287468769783644 0.18213860973273238 0.035603307326946346 0.02483817391627663
4 0.5591204517181653 0.24106528216613424 0.02565509724103805 0.013518671939110227
7 0.6007690411572872 0.2622518740671884 0.01784259724103805 0.013200336958138336
2 0.6178270663720579 0.2902322940291323 0.06314845318850323 0.04467051285158128
4 0.6342233502932558 0.33533654699488186 0.026146420171816585 0.022893671939110228
3 0.5800681168015991 0.34326445212807816 0.02236632293077854 0.01026633794672147
4 0.5437798139972086 0.43923352672892674 0.024583920171816587 0.02283000494291585
7 0.514876886023476 0.42324377079742775 0.021049484396167627 0.014890170950527092
3 0.47395531490171977 0.4605554284020819 0.027463258706427317 0.018269838935304605
4 0.42896704149597137 0.47977100201434747 0.011510710085908116 0.011383168973360825
4 0.07849789348670784 0.1739269313306504 0.024092597241038006 0.01345500494291585
7 0.09803578753924255 0.1450989357792747 0.014635710085908272 0.011510502965749536
7 0.08562099672063965 0.13134018330781677 0.014553822930778514 0.009948002965749492
4 0.08191614258219668 0.14989918231923358 0.019568871551297516 0.016389003954332716
4 0.19626192559888345 0.17482753954332697 0.019241322930778494 0.010139003954332714
2 0.20838678934826485 0.1979294585166877 0.02762703301668683 0.021394838935304694
2 0.2374125480546921 0.21626296444818677 0.03247830732694625 0.02471083992388783
2 0.22292732417397393 0.26712512749004846 0.032642081637205764 0.02783583992388783
2 0.19171494572527145 0.2814449540680634 0.03741146879233552 0.029589340912471052
2 0.14919989710475243 0.27347594517081486 0.03930151741285455 0.03590300790866543
4 0.12947389529573014 0.22433810821267658 0.01167448439616776 0.014508168973360736
4 0.08046650723608924 0.1966150148287476 0.014799484396167762 0.014635502965749536
4 0.08807428934826486 0.19302709980971958 0.014963258706427274 0.01776050296574949
2 0.09339363240543137 0.3094015163116224 0.03280585594746528 0.030960839923887828
4 0.11233506218818631 0.3733194362735663 0.021131371551297518 0.016452670950527094
4 0.08610011080870532 0.3784870973382616 0.014635710085908249 0.01151050296574958
4 0.09847728007601068 0.3766526833078168 0.01817014586155703 0.019450336958138338
4 0.17153632179912476 0.4170495316346615 0.010111984396167761 0.014444501977166268
5 0.20450263003058217 0.46594728806045216 0.02236632293077854 0.01026633794672147
5 0.29833451718571197 0.47132980783211575 0.02409259724103805 0.01345500494291585
2 0.3154534181356516 0.4112199787826428 0.030915807326946255 0.02464717292769336
2 0.3473651594292243 0.395369485702725 0.034532130257724794 0.03414950692008221
2 0.39675764981828593 0.35606424657714 0.04678646879233552 0.02997134288963732
4 0.41003557779201855 0.37141733254669507 0.020967597241038048 0.013327670950527093
4 0.33450331128367516 0.35820506672936425 0.011428822930778538 0.009820668973360735
4 0.3185574067156908 0.3216945637636147 0.02409259724103805 0.01345500494291585
4 0.33049416270858467 0.2668306502274615 0.014963258706427318 0.017760502965749582
4 0.41984991180407355 0.24630458600673616 0.02409259724103805 0.01345500494291585
2 0.44992691542211816 0.34419825794584646 0.035603307326946165 0.024838173916276674
2 0.57048175486124 0.36860003315471734 0.04538774310259512 0.03303267589344294
2 0.6264827713695833 0.38101646151961827 0.03280585594746519 0.030960839923887828
2 0.607518087402957 0.42078195707099403 0.035767081637205676 0.027963173916276673
2 0.6723485492978876 0.4826718034206724 0.035767081637205676 0.027963173916276673
5 0.5949129460639557 0.5223935366147585 0.023928822930778536 0.01033000494291585
7 0.6831045855939346 0.3755278068807136 0.014799484396167805 0.014635502965749581
7 0.7020936030067892 0.4106031438388519 0.016361984396167806 0.014699169961943958
4 0.7549519301214392 0.3184275726980444 0.01940509724103805 0.013264003954332715
4 0.782023442445911 0.4333495771466687 0.02738137155129756 0.016707338935304607
2 0.7984639919709412 0.4644231636105154 0.027545145861557076 0.019832338935304606
2 0.7585726543408416 0.49164223821136394 0.030915807326946165 0.02464717292769336
2 0.7845895997274288 0.5418159931542799 0.04053646879233561 0.029716674904859807
4 0.8590739433504222 0.46065617646209667 0.014799484396167628 0.014635502965749581
4 0.8628540405914602 0.4732835104544854 0.017924484396167627 0.014762836958138337
3 0.8337873383074681 0.45416875452298644 0.018415807326946164 0.024137836958138335
4 0.8437145369734157 0.3758355074887359 0.020967597241038048 0.013327670950527093
4 0.89470050486124 0.38181093486505363 0.019241322930778536 0.010139003954332714
4 0.9007834085247133 0.393752519351734 0.020967597241038048 0.013327670950527093
3 0.9765790258921392 0.5161169506823844 0.030752033016686654 0.021522172927693362
4 0.9670026300305821 0.49701678220331524 0.024256371551297562 0.01658000494291585
2 0.9387990649017197 0.4794963597699134 0.03593085594746519 0.031088173916276673
2 0.9042193470138955 0.4741894358536368 0.036094630257724705 0.03421317391627667
7 0.9806800277011615 0.5646181176785788 0.030833920171816586 0.02308467292769336
7 0.9185142203742153 0.5386976048269976 0.01628009724103805 0.013136669961943959
5 0.8867186657608024 0.5865156809107209 0.02417448439616763 0.015017504942915849
4 0.9889296189493055 0.6327778686671619 0.016525758706427494 0.017824169961943782
4 0.9639030427391668 0.7502545287432743 0.027545145861557076 0.019832338935304606
4 0.9345940010160529 0.7116403563098723 0.019732645861557076 0.019514003954332716
7 0.8851539229968918 0.779788178439263 0.014963258706427496 0.017760502965749582
2 0.9261274830373715 0.877346269351734 0.029680855947465546 0.03083350593149916
2 0.8720298032546164 0.8119958419754163 0.03905585594746519 0.03121550790866543
2 0.8291152849372508 0.7517785835724593 0.042344630257724704 0.03446784190105419
7 0.812551904679526 0.7183612471086126 0.021131371551297563 0.016452670950527094
2 0.7757169679993661 0.6848974896942387 0.05040279172311415 0.03947367688202626
2 0.7333313941640764 0.6496483977931845 0.03905585594746519 0.03121550790866543
4 0.6943065157153738 0.6636498893902276 0.02409259724103805 0.01345500494291585
2 0.6889019634768102 0.5605248893902276 0.03732958163720568 0.028026840912470874
2 0.641655149252459 0.5663955460062986 0.03116146879233561 0.029334672927693362
2 0.7305538749421995 0.5668995647893789 0.034450243102595125 0.032587006920082116
2 0.7577305286056727 0.5797006537246836 0.024583920171816587 0.02283000494291585
4 0.6687056501569701 0.5916648014435062 0.020967597241038048 0.013327670950527093
4 0.6476871432595652 0.6219916299986874 0.020967597241038048 0.013327670950527093
4 0.6588293611473895 0.6263435489720482 0.014799484396167805 0.014635502965749581
2 0.5238136312737776 0.7276447693145529 0.0403726944820761 0.026591674904859808
2 0.482738251920564 0.7173956774134987 0.04522396879233561 0.029907675893442943
5 0.47541043079880774 0.7560761754363324 0.020967597241038048 0.013327670950527093
4 0.5166329743309441 0.8435098498469007 0.02253009724103805 0.013391337946721649
4 0.48899821799936605 0.6732145958925679 0.02721759724103805 0.013582338935304606
5 0.41259617028335815 0.6880318295809456 0.01981453301668683 0.021076503954332713
7 0.34443931252687054 0.6072964827369755 0.021131371551297563 0.016452670950527094
4 0.4034148428300239 0.5574675790866539 0.021131371551297563 0.016452670950527094
2 0.36316830110690984 0.5184077376798915 0.03872830732694634 0.02496550790866543
2 0.3253850180902231 0.49659906326932307 0.03272396879233552 0.029398339923887917
4 0.2893656309350933 0.4935722223568522 0.020967597241038048 0.013327670950527093
4 0.3023879313646346 0.5486735578321157 0.020967597241038048 0.013327670950527093
4 0.3179376882620396 0.518123894790254 0.020885710085908293 0.011765170950527093
2 0.2825634322691458 0.5720328033834914 0.035439533016686744 0.021713173916276675
2 0.25367047037421525 0.5116072979462839 0.03280585594746528 0.030960839923887918
4 0.1843306501569702 0.5719280326232448 0.03749335594746528 0.03115184091247105
2 0.20700018826203959 0.5136035380604522 0.04423467887824382 0.04078150889724856
4 0.22481845205684953 0.45196304250907654 0.014799484396167805 0.014635502965749581
4 0.27416667684207885 0.4266884698853942 0.021131371551297563 0.016452670950527094
2 0.22278456128367513 0.3536528765014653 0.040454581637205854 0.02815417490485981
4 0.21555523744838548 0.3198362920147849 0.032396420171816584 0.023148339923887828
2 0.26029120533620986 0.32555705140632507 0.040945904567984304 0.03752917490485981
2 0.28097219753429375 0.33341597235685216 0.03272396879233552 0.02939833992388783
2 0.26917488240543136 0.3165640533834914 0.032642081637205764 0.02783583992388783
4 0.16063536408806567 0.25367278114036995 0.02129514586155703 0.019577670950527093
2 0.13290759102100158 0.49811118923931585 0.034450243102595035 0.032587006920082116
5 0.03124991576080241 0.5516580004942916 0.005342597241038016 0.012691000988583135
2 0.3160896624814421 0.6911157258168933 0.04061835594746528 0.031279174904859805
2 0.3147009028705036 0.6497413093149904 0.04415279172311406 0.03921900889724857
2 0.37249679273916686 0.726156570683697 0.04094590456798421 0.03752917490485981
2 0.39828468679170154 0.6975832431170989 0.03593085594746528 0.031088173916276673
4 0.5432209712787264 0.5475726087441493 0.022448210085908117 0.01182883794672147
4 0.48589979420950496 0.5545919298849566 0.024420145861557073 0.019705004942915848
4 0.4642704556748941 0.5583880919382352 0.021049484396167807 0.014890170950527092
4 0.4898403437345351 0.5851561803792483 0.009948210085908116 0.011319501977166269
4 0.49074774649349706 0.5727198473754427 0.017678822930778538 0.010075336958138337
4 0.4282311363621602 0.6442327500371811 0.02721759724103805 0.013582338935304606
4 0.40541443407816813 0.6253726620904596 0.02565509724103805 0.013518671939110227
4 0.46346595149102265 0.6620396739534578 0.024420145861557073 0.019705004942915848
4 0.49680739597309864 0.6883448473754428 0.024338258706427317 0.01814250494291585
4 0.5197469289897855 0.7095486853221642 0.02409259724103805 0.01345500494291585
4 0.567057940975573 0.6007758631927735 0.016525758706427317 0.01782416996194396
7 0.7773248128655549 0.8494547382113641 0.04012703301668665 0.021904174904859984