7 0.6236936471856375 0.15651343742463517 0.015245568401734032 0.02113154735504663
3 0.3478067103962868 0.11692510558637284 0.018552578925077688 0.024438557878390377
7 0.5246106760542454 0.2453777873258131 0.012120568401734033 0.020949536831702885
3 0.4286372943712749 0.36071363196531925 0.02002407366340577 0.022967063140062204
4 0.6202787628012437 0.3401449847796818 0.01331904735504672 0.014790542093374803
3 0.4369257494353027 0.5703161451194989 0.01855257892507787 0.024438557878390377
7 0.6058507837067568 0.4961975637047596 0.016808068401734034 0.02122255261671846
4 0.5249717810053337 0.5745948504658753 0.0135010578783902 0.017915542093374804
4 0.4618486966774098 0.7021275872411085 0.011938557878390377 0.017824536831702886
4 0.5937085575254545 0.35501882685893915 0.01341005261671846 0.016353042093374803
4 0.5434208602127601 0.29915523470909466 0.016717063140062292 0.01966005261671846
4 0.485297547072698 0.2837269267601171 0.02122255261671846 0.016808068401734034
2 0.42228931285771354 0.292100139857827 0.01331904735504672 0.014790542093374803
1 0.3546684443289226 0.4097041397872399 0.010194047355046632 0.014608531570031147
2 0.4218104416980866 0.4050096635353503 0.018370568401734032 0.021313557878390378
2 0.40329566012805557 0.3966812240445766 0.016717063140062115 0.01966005261671846
4 0.5745321652485531 0.5372166768307043 0.015063557878390199 0.01800654735504672
4 0.4950505206231644 0.4242609214984453 0.016808068401734034 0.02122255261671846
1 0.4208604046546222 0.6175019582595611 0.009921031570031148 0.009921031570031148
4 0.47878921281536113 0.3334917083301482 0.01488154735504672 0.01488154735504672