3 0.6060771528002451 0.1450392673013129 0.01699007892507769 0.024256371551297517
3 0.6452005659826596 0.16869145126793933 0.021313557878390198 0.018252033016686785
3 0.6549627028567149 0.20167104760446622 0.01386507892507769 0.02409259724103805
3 0.46789388431380646 0.0837409984181203 0.02434755261671846 0.016853307326946277
3 0.4438886949642071 0.21506956354698267 0.014138094710093262 0.028780097241038048
3 0.4473021213008012 0.23669890208159342 0.01726309471009326 0.028943871551297563
3 0.4137839660108945 0.21041636307201284 0.018552578925077688 0.024338258706427317
3 0.38286018970253527 0.219825662597043 0.021404563140062116 0.01981453301668683
3 0.3260887320076716 0.432315696518241 0.01422909997176518 0.03034259724103805
5 0.343736047496221 0.11595039009580584 0.01386507892507769 0.024092597241038006
5 0.5448967290944869 0.12565850350650296 0.016353042093374803 0.013318871551297518
5 0.2119484502258789 0.22566730608375085 0.011938557878390377 0.017760710085908293
5 0.14037582906625207 0.11726166384023844 0.010558068401734034 0.020803822930778537
4 0.17722338168297055 0.09975325927225416 0.014047089448421434 0.027217597241038005
4 0.18950430282848002 0.196467806988262 0.015245568401734032 0.021049484396167762
7 0.2198743422910189 0.1831932010407967 0.01064907366340595 0.02236632293077854
5 0.052264095133616295 0.41317502939864215 0.012029563140062205 0.019323210085908114
3 0.1060121794615402 0.5334189303485818 0.010831084186749607 0.025491322930778538
3 0.18366122439751245 0.7380854189286211 0.018370568401734032 0.021213258706427318
3 0.058092077000113505 0.7142904720716958 0.020115078925077735 0.024420145861557073
4 0.04674432429869041 0.6416718436229933 0.013865078925077734 0.02409259724103805
5 0.32220007963094943 0.6996702928547679 0.013774073663405861 0.02253009724103805
3 0.25421810615107016 0.9174210368618739 0.010831084186749607 0.025491322930778538
3 0.6657772324311946 0.8584666022178791 0.018370568401734032 0.021213258706427495
4 0.7064701218654985 0.8150541169172001 0.008722552616718459 0.016034435775648604
4 0.7541949903237024 0.8514962279530479 0.008722552616718459 0.016034435775648604
3 0.6426344059957784 0.7342821517429092 0.015427578925077689 0.02417448439616763
3 0.7703961139729907 0.8140404935568804 0.007251057878390199 0.017515048620519023
5 0.704982487551692 0.7068698026928488 0.012120568401734033 0.020885710085908293
3 0.7309743821064936 0.5146856247191163 0.014047089448421346 0.02721759724103805
5 0.6956886004658752 0.45188905359736004 0.01488154735504672 0.014799484396167628
4 0.7537678690229012 0.5913775995043455 0.008722552616718459 0.01603443577564878
4 0.8455465743692777 0.6738005958863009 0.017915542093374627 0.013400758706427141
7 0.5766439269012915 0.5835252351891372 0.008722552616718459 0.01603443577564878
7 0.2619737531249461 0.5034371019907364 0.012120568401734033 0.020885710085908293
5 0.475815716222656 0.4291420296257848 0.012120568401734033 0.020885710085908293
4 0.5166297029978892 0.35690518148023564 0.010376057878390198 0.017678822930778538
1 0.7974463344690982 0.22925273575496413 0.02360409997176518 0.030833920171816586
1 0.5714060211878618 0.11180736544686205 0.020115078925077867 0.02442014586155703
1 0.447384692262784 0.14167300712454758 0.02158657366340595 0.022939533016686785
0 0.4273066816688532 0.07184850802905873 0.08140118942018652 0.06034435775648759
1 0.35805688175355777 0.16426838138937855 0.011574536831702887 0.01151071008590825
1 0.2547351897025353 0.22654040931768266 0.02002407366340595 0.022857645861557075
1 0.20378733973077007 0.25880735470426985 0.010376057878390377 0.017678822930778538
1 0.029946563281236526 0.12772220827688596 0.020024073663405882 0.02285764586155703
1 0.23444799260160246 0.5079951272055071 0.018552578925077688 0.02433825870642714
1 0.39562841630736056 0.5221351130720129 0.020297089448421436 0.027545145861557076
1 0.6433518267177648 0.38764949118203107 0.02324007892507769 0.024583920171816587
1 0.6856919741857509 0.48979848937300885 0.02011507892507769 0.024420145861557073
1 0.8084693215266802 0.454545984850453 0.020115078925077867 0.024420145861557073
1 0.9214412164344175 0.6277643995952026 0.023240078925077866 0.024583920171816587
1 0.6602699560522481 0.7925516751486574 0.020297089448421346 0.027545145861557076
1 0.48638367697187856 0.6622477787212736 0.027002115756780753 0.0356851944820761
1 0.5048081823041377 0.7337166649718923 0.020206084186749608 0.025982645861557074
1 0.441330969277015 0.8741236589789985 0.020206084186749608 0.025982645861557074
1 0.19593589831503216 0.9820058372914154 0.020858531570031057 0.010439533016686653
1 0.14003305076234143 0.7917769849619947 0.018370568401734032 0.021213258706427318
2 0.5982345607209878 0.1727105659218319 0.030036110495108837 0.034286468792335524
2 0.5966426976656302 0.2802774044564426 0.03067314732681172 0.04522396879233561
1 0.3727516294050705 0.4602459447092187 0.011574536831702887 0.011510710085908116
1 0.33838360565696 0.39506468000989753 0.013137036831702887 0.01159259724103805
1 0.4612064556287251 0.3590309254873418 0.010103042093374804 0.012991322930778537
1 0.4898851924745455 0.3614222631174414 0.008540542093374803 0.012909435775648782
1 0.4722958740728115 0.3825945782463038 0.008358531570031146 0.00978443577564878
1 0.411622955558138 0.28763728233931823 0.008540542093374803 0.012909435775648782
2 0.5976235558122518 0.5442613393275803 0.026638094710093263 0.0294351944820761
1 0.8390676031672986 0.5175882174375984 0.006614021046687668 0.006577548620519025
1 0.7091980926439547 0.5275098513133678 0.00983002630835923 0.008303822930778536
1 0.7404704794474227 0.48536993894346747 0.008540542093374626 0.012909435775648782
1 0.7851389663638303 0.5609154935568803 0.008449536831702886 0.011346935775648603
1 0.3764850322053156 0.6368527103130509 0.008449536831702974 0.01134693577564878
1 0.35999548221943306 0.6525153318643484 0.01019404735504672 0.014553822930778537
1 0.5891384086972015 0.8102990971294964 0.009921031570031148 0.009866322930778182
1 0.5005085482020928 0.8476563342391976 0.010012036831702886 0.011428822930778538
1 0.507493566547357 0.7678460035065029 0.010012036831702886 0.011428822930778538
1 0.45988354820209276 0.8497854002725711 0.008358531570031146 0.009784435775648604
2 0.645115392912186 0.8120386595448252 0.020206084186749608 0.025982645861557074
1 0.36412299814562293 0.7956102346233104 0.00983002630835923 0.008303822930778536
2 0.3400022296591843 0.7283342034156459 0.02994510523343701 0.03272396879233561
2 0.8209652613703898 0.8417660238600335 0.023240078925077512 0.024583920171816587
2 0.7284324820076715 0.41122975407232987 0.021859589448421347 0.027627033016686654
2 0.7565952793627181 0.39573422885755916 0.020297089448421346 0.027545145861557076
3 0.6243086112009806 0.6744910719147257 0.016717063140062292 0.01956887155129756