3 0.22092569198043535 0.1337317520289532 0.023983531570031146 0.009647720003181703
3 0.17891947347987924 0.21678006202258987 0.022421031570031103 0.009629538669636162
3 0.24259410758192423 0.3315061806969986 0.03188703683170298 0.011301126670908879
3 0.247146557737216 0.16838856269890762 0.015063557878390376 0.017351132001908985
4 0.20288832352223155 0.17255789469286245 0.02113154735504663 0.014298857336090797
5 0.30872879984470825 0.16676297537395265 0.020858531570031057 0.009611357336090798
5 0.3877400076101591 0.3035277260502704 0.01929603157003106 0.009593176002545344
3 0.2883315418110261 0.3125203707033619 0.013592063140062205 0.018895450668363623
5 0.3346674864928845 0.3708328573758617 0.021040542093374803 0.012736357336090798
5 0.4133917259695409 0.36862601471990664 0.017824536831702886 0.011137494668999891
5 0.36708514434303996 0.41805330271322516 0.01497255261671846 0.015788632001908987
7 0.28312737329635257 0.4108306013685438 0.013228042093374803 0.012645450668363622
7 0.3437169918251436 0.298331148710998 0.016262036831702888 0.011119313335454439
3 0.106676807313693 0.6117647506763177 0.02425654735504663 0.014335220003181704
5 0.2586936045981525 0.7017550460295896 0.019387036831702887 0.011155676002545434
5 0.26741615721487094 0.7174709526973168 0.02233002630835923 0.008067038669636161
5 0.28233477290106446 0.8261647000318166 0.02076752630835923 0.008048857336090976
7 0.3611892730422388 0.6787453547103617 0.016262036831702974 0.01111931333545435
3 0.4753779735504664 0.14606121873008798 0.020858531570031147 0.009611357336090798
5 0.5186861707219863 0.3534560954009969 0.016262036831702888 0.011119313335454439
7 0.4724104101986427 0.34979474606140626 0.015063557878390376 0.017351132001908985
5 0.4977212233387049 0.36882655673136067 0.019387036831702887 0.011155676002545346
7 0.608833757610159 0.30610038474695084 0.016262036831702888 0.011119313335454527
7 0.6790090206937516 0.3849890007558595 0.01920502630835923 0.008030676002545345
5 0.5913339864222974 0.44798789274345097 0.015063557878390376 0.017351132001908985
5 0.6636185100998206 0.45585548408654153 0.01920502630835923 0.008030676002545433
5 0.6908026363799451 0.4936463854232686 0.016262036831702888 0.01111931333545435
5 0.7184641757718968 0.5798475147596776 0.02113154735504672 0.014298857336090797
7 0.7045990968468191 0.556264564091314 0.016080026308359408 0.007994313335454351
3 0.7371470153614925 0.4582725067631774 0.02122255261671846 0.015861357336090797
3 0.7700652021508432 0.5140867021005409 0.022512036831702886 0.011192038669636162
5 0.7607441390813682 0.42107249876667724 0.01920502630835923 0.008030676002545433
5 0.827824494244218 0.5272503207749496 0.019296031570031145 0.009593176002545434
3 0.8530597126741869 0.5181753127784494 0.02113154735504672 0.014298857336090797
5 0.9452248258707187 0.47865028345794886 0.019205026308359407 0.008030676002545433
7 0.9384581573560453 0.5769423327895853 0.011665542093374625 0.012627269334818081
7 0.9875627862670056 0.6157690227959486 0.01488154735504672 0.014226132001908986
5 0.9602645388978417 0.6162320994589032 0.016080026308359408 0.007994313335454351
3 0.8909230046969745 0.6052758707829037 0.02122255261671846 0.01586135733609062
3 0.7395417861964184 0.6870514874283593 0.02738154735504672 0.014371582670272432
7 0.7817901993788329 0.6617793147676317 0.02076752630835923 0.008048857336090797
7 0.8279903651920832 0.6373338454407678 0.017824536831702886 0.011137494668999891
7 0.9601041861540661 0.7341190334579488 0.01800654735504672 0.014262494668999893
3 0.8501523334808778 0.7765599774426768 0.02425654735504672 0.014335220003181704
3 0.7029364282615583 0.728784454089723 0.022512036831702886 0.011192038669636162
5 0.7822745887425497 0.77733158943345 0.019205026308359407 0.008030676002545433
7 0.607905378346263 0.6386765274108601 0.016262036831702888 0.01111931333545435
7 0.5878728703831679 0.7102697167409057 0.01920502630835923 0.008030676002545433
7 0.5402929441171611 0.6574077987348605 0.01451752630835923 0.007976132001909164
3 0.4558254808076897 0.8156919187221338 0.02434755261671846 0.015897720003181348
5 0.3909593440042216 0.774339665380316 0.01488154735504672 0.014226132001909165
5 0.8298827340032229 0.22747758744426766 0.019296031570031145 0.009593176002545256
3 0.7661912313017998 0.30012419943504076 0.0275635578783902 0.01749658267027261
3 0.5312371915569123 0.5823532547342242 0.02113154735504672 0.014298857336090797
1 0.5916187676393927 0.8282021040738148 0.021586573663405773 0.022111357336090976
1 0.49945584151456 0.6264845153962243 0.013046031570031147 0.009520450668363623
1 0.5381032996329467 0.39193734006999675 0.01139252630835923 0.00793976933481808
2 0.5518171891378378 0.35930665340545126 0.01809755261671846 0.015824994668999892
2 0.3686847126741869 0.5125390993793616 0.016353042093374803 0.01268181333545435
7 0.7765720783603804 0.625805452100541 0.01920502630835923 0.008030676002545433
2 0.7094322680629157 0.3845622867599957 0.04088260523343692 0.03170453333863614
3 0.8349713233810572 0.32824974677749486 0.019205026308359407 0.008030676002545256