3 0.1703125 0.47295880644593674 0.0140625 0.01767857332097762
4 0.315625 0.29835313212916714 0.0296875 0.022911710344286275
4 0.58984375 0.4122147023701019 0.0125 0.014499009618646853
7 0.94296875 0.3241020556433285 0.0171875 0.01466270072563942
5 0.89921875 0.5357860893085925 0.0125 0.008249009618646852
5 0.796875 0.6471725118112636 0.0203125 0.014771828130301045
7 0.64609375 0.7290004090861911 0.0171875 0.00997520072563951
4 0.5890625 0.7098982342212674 0.021875 0.022638891832631992
4 0.48828125 0.5868550930216075 0.0234375 0.019568455534962937
4 0.46953125 0.5656348574495779 0.0234375 0.021130955534962935
2 0.5421875 0.4052851452911931 0.0234375 0.016443455534962938
2 0.40625 0.4842509373939775 0.0234375 0.01956845553496276
2 0.84921875 0.4680008777831798 0.0140625 0.01767857332097762
2 0.73828125 0.5437499006486706 0.028125 0.022857146641955418
2 0.6625 0.5362399902117172 0.0203125 0.016334328130301046