4 0.5580204708370473 0.3555121968102773 0.017460284639736125 0.009775043502986058
4 0.5745714733443297 0.37698715330729116 0.020721676959604095 0.014535278685347208
4 0.5049038310244617 0.38329301111482594 0.014426212852981379 0.012827308320624998
4 0.4963518819615338 0.5162146138883676 0.01598871285298138 0.012863675911805572
4 0.473294815189344 0.5573487601648954 0.016034176959604095 0.014426175911805571
4 0.4623345831360327 0.5583845833031593 0.01755121285298138 0.012900043502986059
4 0.47139734606815653 0.5152339953472566 0.01612510517284953 0.01755117591180557
4 0.4565535960681565 0.5155794874634718 0.014426212852981379 0.012827308320624908
4 0.434670235880742 0.4895443175355899 0.01925010517284953 0.017623911094166722
4 0.45328384356087403 0.49379540644142317 0.020721676959604095 0.014535278685347208
4 0.4524260372135256 0.46961302403260385 0.017505748746358664 0.011337543502986236
7 0.44669051425227196 0.4252454281929163 0.020721676959604095 0.014535278685347208
4 0.3905050472426554 0.5584949924974649 0.019159176959604098 0.014498911094166544
3 0.5225757496707957 0.6077293134515273 0.02237510517284953 0.017696646276527873
5 0.39602292451882865 0.4225211249062844 0.020721676959604095 0.014535278685347208
4 0.29912152929596675 0.5598412465815276 0.014426212852981467 0.012827308320624908
4 0.5327463715366925 0.580167357904444 0.016034176959604095 0.014426175911805571
4 0.5685822346271008 0.4754973884896523 0.016034176959604095 0.014426175911805571
4 0.2840086578257813 0.4352776576756942 0.016079641066226814 0.015988675911805573
3 0.5002400969260863 0.6777333421368745 0.023892141066226814 0.016170513867708357
3 0.3769078970052286 0.6501558156357289 0.017823997492717503 0.022275043502986237
1 0.23249998211981832 0.4614596043890623 0.011164820533113406 0.008067073138263936
1 0.27842859606815645 0.5197253928580553 0.008130748746358751 0.011119337955902786
1 0.32405333313603274 0.5616031151226386 0.014380748746358751 0.011264808320624908
1 0.34784853431053164 0.6024274836637498 0.015897784639736123 0.009738675911805572
2 0.3285733485754389 0.5404184461446871 0.016079641066226814 0.015988675911805573
1 0.41892791244463473 0.6280983244694441 0.014335284639736124 0.009702308320624908
1 0.6257929925446597 0.38750577279833276 0.011255748746358662 0.011192073138263935
4 0.5501013560972863 0.6008428806058677 0.01286371285298138 0.012790940729444599
4 0.5604765664429853 0.5662496750587842 0.016079641066226814 0.015988675911805573
2 0.5359348706787627 0.4169224754956245 0.009693248746358662 0.011155705547083273