5 0.8760124598587655 0.4267917418841872 0.013073210085908471 0.011082950668363623
4 0.8332274163266293 0.3412996845560506 0.024665807326946166 0.023710220003181702
5 0.8413331654221181 0.31697184655477784 0.016034435775648604 0.00799431333545444
4 0.7161295267966503 0.4935354412396862 0.029107645861557074 0.019077264003817974
4 0.7299153878324983 0.443344537237459 0.017924484396167804 0.014262494668999893
4 0.624003981794176 0.5852876839195037 0.03182321008590812 0.011301126670908879
4 0.5621867345077094 0.6587075499284124 0.02746325870642714 0.01749658267027261
3 0.4490814676606817 0.4247239959420936 0.014881371551297562 0.015788632001908987
4 0.4153106552453528 0.4814012572804115 0.019323210085908295 0.011155676002545434
4 0.41674035843385615 0.5235978479471843 0.013236984396167628 0.014207950668363622
3 0.283889157620202 0.3304938326305017 0.02236632293077854 0.009629538669636251
4 0.41281309701389535 0.43374500728041154 0.01915943577564878 0.008030676002545433
4 0.47341416157693084 0.65035979527373 0.04136198439616763 0.014535214672181596
7 0.45095598541222054 0.6842353559436845 0.017760710085908116 0.011137494668999891
4 0.3594457575747735 0.41482283195418396 0.014635710085908294 0.011101132001909163
4 0.4046453929208809 0.36739330128104786 0.01315509724103805 0.012645450668363622
4 0.3318906456344144 0.4409404366247747 0.012991322930778537 0.009520450668363623
7 0.2635401153312611 0.4941114373010924 0.01471759724103805 0.012663632001908986
4 0.22789694368910657 0.6493080146403648 0.025736984396167804 0.014353401336727068
7 0.19885241632662928 0.3486813059755011 0.012991322930778537 0.009520450668363534
2 0.8898580331282284 0.6611485605506416 0.022611984396167628 0.014317038669636161
2 0.8518423767512218 0.5771644592218688 0.016198210085908472 0.011119313335454527
2 0.7718107179993661 0.64610591056655 0.019323210085908114 0.011155676002545434
2 0.7520138743763727 0.7307627212365044 0.019323210085908295 0.011155676002545434
2 0.7300392978275495 0.6247036252387316 0.017924484396167804 0.014262494668999893
2 0.7436857179993661 0.6464331745703681 0.01636198439616763 0.014244313335454529
2 0.800794453865872 0.4831695585614594 0.011674484396167629 0.014189769334818081
2 0.8171973818396043 0.49783149522600495 0.013318871551297207 0.015770450668363623
2 0.6783451645176071 0.29463486457673144 0.01628009724103805 0.012681813335454439
2 0.6618027956798429 0.35189338124604946 0.019486984396167806 0.014280676002545345
2 0.6143169640426371 0.3258672305856401 0.02121325870642714 0.0174238573360908
2 0.5799153878324983 0.44508994525782164 0.022611984396167805 0.014317038669636161
2 0.06011854420950489 0.5355647826623183 0.024583920171816542 0.022147720003181704
2 0.43555671472000573 0.7782217132797753 0.01636198439616763 0.01424431333545435
2 0.6024166660994867 0.7700263105904126 0.022448210085908294 0.011192038669636162
2 0.6312819725219219 0.7689087059198219 0.01956887155129756 0.015843176002545433
2 0.6747896330827998 0.7488592879137767 0.01471759724103805 0.012663632001908986
2 0.702546140884716 0.7415007739099587 0.014635710085908115 0.011101132001908987
2 0.11159251300184043 0.5631079799888642 0.02269387155129752 0.01587953866963616
2 0.16790779002563339 0.6382801553150917 0.01603443577564878 0.007994313335454351
4 0.7017837437799636 0.4733774825748224 0.03215075870642732 0.017551126670908877