5 0.8372791491106018 0.8986961718399655 0.013501057878390555 0.017769696856846907
4 0.25840736533325764 0.468953245451886 0.015245568401734032 0.020967471463952593
4 0.19159159165573433 0.46501491625388497 0.012029563140062205 0.019259422249741042
5 0.17588808085004198 0.760293183003108 0.010558068401734034 0.02074914764263518
2 0.3124857335091128 0.7249463802742395 0.020206084186749608 0.02587329528527036
2 0.3515713493364806 0.6831741031859344 0.00863154735504663 0.014426373035529317
4 0.6036281310476861 0.5319946311028091 0.010467063140062294 0.01918664764263518
4 0.4951639126883043 0.4720267797789015 0.010376057878390377 0.01762414764263518
2 0.591949365474432 0.30457810649570327 0.010467063140062294 0.01918664764263518
2 0.659706012871831 0.2708708864794926 0.01341005261671846 0.016207196856846906
4 0.4564984419098481 0.18476437427838358 0.010467063140062294 0.019186647642635134
7 0.4783452229151819 0.7885079584387833 0.01331904735504672 0.014644696856846906
4 0.6198200913733857 0.7427501945850444 0.011938557878390377 0.017696922249740864
4 0.7900199283321455 0.6118340266785296 0.01699007892507769 0.024165246071058633