5 0.4432365863869041 0.2994479598820162 0.013482645861557074 0.019332196856846905
5 0.4649577781554467 0.34823221629215706 0.016361984396167806 0.014790246071058633
5 0.4823057304394389 0.33102759966676853 0.013646420171816586 0.022457196856846905
3 0.2663421364777612 0.46193718961813646 0.015536468792335523 0.028779971463952593
3 0.3323279053609538 0.6075450961521118 0.016771420171816497 0.02260274607105863
4 0.37798564337516616 0.4984633486333112 0.013646420171816498 0.022457196856846905
5 0.5589778573062617 0.8256380864322022 0.008631371551297562 0.01598887303552914
5 0.5625056490293756 0.788210861039308 0.01027575870642714 0.01762414764263518
4 0.6373340671650274 0.3915028349844601 0.0106851944820761 0.02543664764263518
3 0.6779203663513732 0.5883992597154005 0.016771420171816587 0.02260274607105863
3 0.2931780376548435 0.9510938889561829 0.0122476944820761 0.02550942224974122
4 0.24044586329915546 0.8664063657968188 0.01874335594746528 0.030488020678164675
5 0.577255303031533 0.5516012729499667 0.016198210085908292 0.011665246071058632
5 0.6127357796257847 0.5321085643062957 0.01496325870642714 0.01784247146395277
5 0.6413388144514938 0.4645229580199894 0.013482645861557074 0.019332196856846905
4 0.4328369176854257 0.49788545988201616 0.016443871551297562 0.016352746071058633
4 0.7374647054518109 0.797142867035164 0.0122476944820761 0.025509422249740864
4 0.20585285730626168 0.8091910252262784 0.017262743102595034 0.03197774607105863
2 0.5672506184990798 0.30913979114693185 0.010357645861557074 0.01918664764263518
1 0.6596395143606368 0.2946471056626246 0.008303822930778536 0.009738873035529316
1 0.24222960707911909 0.3840647466902311 0.008549484396167806 0.014426373035529317
2 0.618511066826343 0.6161753492524837 0.013646420171816586 0.022457196856846905
2 0.5853809842846261 0.6655374944139195 0.010275758706427319 0.01762414764263518
2 0.5413886448455042 0.6830674427185084 0.010357645861557074 0.01918664764263518
2 0.5580372342846261 0.664263938789567 0.016689533016686832 0.021040246071058633
2 0.5150618402320915 0.63250236248705 0.017098968792335613 0.028852746071058633
2 0.6590873999338869 0.7684313620727654 0.024829581637205854 0.02765411910658777
2 0.7574906004088566 0.8035576869275403 0.021950243102595125 0.03219606989237604
2 0.6819207123492157 0.8258821430900121 0.019896420171816587 0.022748295285270358
2 0.5775297834709721 0.8601779063245782 0.02334896879233561 0.02914384449948173
2 0.6022564665330873 0.9263315992524838 0.025402791723113972 0.038591619106587774
2 0.45749724446139145 0.8193452369703215 0.014963258706427318 0.01784247146395259
2 0.353825610585622 0.9445207113297582 0.021786468792335523 0.029071069892376046
2 0.24052882971664183 0.6855009681541839 0.0230214201718165 0.022893844499482084
2 0.25100930631089347 0.664843865796819 0.015618355947465279 0.030342471463952768
2 0.40133021087887777 0.6358199534718754 0.031079581637205856 0.027945217535011224
2 0.45768643148023563 0.5616954028099217 0.011756371551297561 0.016134422249740866
2 0.48588667458283064 0.5316825711307211 0.007068871551297562 0.015916098428423453
2 0.44191866858993684 0.47403058291754546 0.013318871551297563 0.016207196856846906
2 0.6167582163059446 0.5001864762169544 0.015208920171816586 0.022529971463952768
2 0.5477791649718922 0.5760725800220614 0.013564533016686831 0.020894696856846907
2 0.46130831920119225 0.7615691242738744 0.013400758706427318 0.017769696856846907
2 0.761732122344267 0.6479070004097756 0.018333920171816585 0.022675520678164317