5 0.5696446294542513 0.50625 0.019295569279472246 0.01875
7 0.8126000414366678 0.82890625 0.014471676959604097 0.0140625
1 0.5167649850228122 0.33671875 0.03036946159934022 0.0234375
1 0.2133922809453194 0.42578125 0.014289820533113406 0.0078125
1 0.18319631558505547 0.41640625 0.012727320533113406 0.0078125
1 0.17578331769662653 0.590625 0.014289820533113406 0.0078125
1 0.18082015868371107 0.60546875 0.012772784639736079 0.009375
1 0.19778033815059767 0.61328125 0.012818248746358752 0.0109375
1 0.14218355601814406 0.64453125 0.012818248746358752 0.0109375
1 0.15765779183237907 0.6765625 0.011346676959604141 0.0140625
1 0.4996563898790926 0.44140625 0.011255748746358662 0.0109375
1 0.49222065993735226 0.61640625 0.009693248746358662 0.0109375
1 0.559439252178078 0.6421875 0.014289820533113406 0.0078125
1 0.5025072905787378 0.665625 0.014289820533113406 0.0078125
1 0.4741034942605193 0.72890625 0.011210284639735946 0.009375
1 0.4455345618906388 0.8515625 0.014335284639736124 0.009375
1 0.5689720618906388 0.8515625 0.01755121285298138 0.0125
1 0.5130115669052037 0.8953125 0.014335284639735945 0.009375
1 0.5055029437856655 0.91171875 0.009693248746358662 0.0109375
1 0.7505322312618885 0.30390625 0.014289820533113406 0.0078125
1 0.7888589453685112 0.30234375 0.011164820533113406 0.0078125
1 0.8105975530486432 0.30703125 0.012681856426490867 0.00625
1 0.7590745054767833 0.359375 0.011210284639735946 0.009375
1 0.7288785401165194 0.35 0.01125574874635884 0.0109375
1 0.8896485555559256 0.32890625 0.014289820533113584 0.0078125
1 0.8295628502247915 0.40703125 0.0080852846397363 0.009375
1 0.5919277725655422 0.196875 0.014289820533113406 0.0078125
1 0.5503934904330886 0.228125 0.011164820533113406 0.0078125
1 0.48147600587249473 0.20703125 0.011210284639736123 0.009375
1 0.6644533611118513 0.6578125 0.011255748746358662 0.0109375
1 0.7867997225529069 0.6953125 0.015897784639736123 0.009375
1 0.6348076620489234 0.790625 0.011164820533113406 0.0078125
1 0.7097538377548862 0.765625 0.011164820533113406 0.0078125
1 0.7293700042896492 0.81640625 0.01125574874635884 0.0109375
1 0.7381563194124862 0.9171875 0.012727320533113406 0.0078125
1 0.9332655455933029 0.709375 0.025591033386094607 0.0203125
1 0.3191481874509524 0.3890625 0.04961956677218975 0.040625
1 0.41372227223633773 0.8171875 0.008085284639736123 0.009375
1 0.318665836501245 0.7546875 0.012727320533113406 0.0078125
1 0.09461222255290691 0.6953125 0.011164820533113406 0.0078125
1 0.6814221815784577 0.18203125 0.011210284639736123 0.009375
1 0.6516832057933525 0.2375 0.008085284639736123 0.009375
1 0.7145696506996453 0.22421875 0.014380748746358663 0.0109375
1 0.6982376085380617 0.16796875 0.009556856426490689 0.00625
1 0.5642728193459792 0.44921875 0.014289820533113406 0.0078125
1 0.5654224792168245 0.59765625 0.014289820533113406 0.0078125
1 0.5911044408161648 0.57421875 0.008130748746358663 0.0109375
1 0.7940713502912986 0.875 0.011210284639736123 0.009375
1 0.7903553169052037 0.8953125 0.011164820533113406 0.0078125
1 0.8730086925320244 0.90078125 0.011164820533113583 0.0078125
1 0.8791510439439503 0.85078125 0.009693248746359018 0.0109375
1 0.6657561336773934 0.8546875 0.009602320533113407 0.0078125