5 0.5583544220795483 0.2211329216158348 0.012772735389503432 0.01598871285298138
5 0.697611790992116 0.2506576340731049 0.012854556006354479 0.02067621285298138
5 0.6660872812528834 0.4014987200456244 0.02214773538950343 0.016261497492717502
5 0.7348275986233235 0.44478806730091514 0.017405688311602673 0.01300010517284953
5 0.7806662041432106 0.5027991441022347 0.017432961850553142 0.014562605172849529
5 0.8396593745979057 0.5229465080505727 0.017351141233702093 0.00987510517284953
5 0.8878531870970822 0.4012928169052037 0.011182961850553142 0.014380748746358663
5 0.8916872991097907 0.36057688869195836 0.017378414772652208 0.01143760517284953
5 0.5328951314977648 0.606053490895307 0.018913641233702094 0.009920569279472246
5 0.6962076091766304 0.6442485096999254 0.008030688311602674 0.012727320533113406
5 0.6702393985438932 0.7004446854058883 0.022038641233702094 0.01001149749271768
5 0.6827724005724882 0.6087201866595295 0.015761367694751626 0.008267141066226813
5 0.4084876465152984 0.7994207091585647 0.017351141233702093 0.00987510517284953
5 0.4364899155900218 0.8056336052393565 0.011210235389503432 0.015943248746358663
5 0.6283321367727706 0.46194212655125744 0.014198867694751626 0.008221676959604097
5 0.49638843587926607 0.37129805766749663 0.025381829545304768 0.022602425705962936