7 0.5733934464325728 0.574188333202048 0.023655688311602675 0.012909103084255058
7 0.5642850478919749 0.3353576582831259 0.023655688311602675 0.012909103084255058
4 0.7002168194023304 0.422801336855496 0.020694329545304768 0.0222295560063543
4 0.6875923141273246 0.5643848648586732 0.020530688311602673 0.012854556006354479
4 0.7548321814150392 0.3812353997617093 0.02217500892845372 0.017569329545304768
4 0.563073149758414 0.27055481859155145 0.020585235389503253 0.01597955600635448
4 0.5378861891256769 0.3264463084452817 0.023873876623205347 0.025409103084255057
7 0.4357276254086848 0.4071117017075786 0.017432961850553142 0.014362508928453721
4 0.42172976055660205 0.6721190929412806 0.014307961850553141 0.014307961850553141
4 0.6080917747600616 0.5103207021146157 0.014307961850553141 0.014307961850553141
4 0.5909003206201463 0.46610309781254455 0.02225682954530477 0.02225682954530477
3 0.09874800243892726 0.5621669890429514 0.022202282467404078 0.01913182954530477