7 0.686563862506186 0.18995894165700092 0.019077548620519025 0.00723264586155703
3 0.8163908033702174 0.2548325898934071 0.016443871551297562 0.016443871551297562
3 0.7494080212580417 0.2544474875639865 0.025491322930778538 0.0106851944820761
5 0.7156405308689802 0.21492464213197077 0.013318871551297563 0.01628009724103805
3 0.8522087946637902 0.27009574174785794 0.025573210085908116 0.012247694482076011
5 0.8245098405707758 0.3377712426523691 0.013073210085908471 0.01159259724103805
3 0.8246625695398766 0.46865275045428517 0.016443871551297208 0.016443871551297562
3 0.87901919889309 0.45723389360230887 0.02557321008590847 0.0122476944820761
3 0.8435276769576798 0.6141356688170795 0.025491322930778538 0.0106851944820761
3 0.8495663150173207 0.5881087573516902 0.02236632293077854 0.010521420171816587
4 0.8619877498884584 0.6038189665330873 0.019159435775648603 0.008795145861557075
3 0.8047174824756038 0.6411009605401935 0.023846935775648958 0.009040807326946166
4 0.8463870833346864 0.5298425559722093 0.01767882293077818 0.01027575870642714
4 0.8724516163513731 0.5082198614901332 0.02253009724103805 0.013646420171816586
3 0.8029392192466208 0.7790956054972394 0.014881371551297562 0.01636198439616763
4 0.6799687087311712 0.8509849728646653 0.03732958163720568 0.02844590456798457
3 0.7630556049314124 0.6035500508838265 0.028943871551297563 0.017098968792335613
3 0.7321508429456248 0.49453689902937564 0.01965075870642714 0.018170145861557074
3 0.6958105512225108 0.5338384164422303 0.02697193577564878 0.009204581637205677
3 0.7006308480340075 0.5756574242441463 0.025491322930778538 0.0106851944820761
5 0.7444594131628699 0.5569992774780782 0.010193871551297562 0.016116322930778536
3 0.6942458084586001 0.3407025701057034 0.01956887155129756 0.016607645861557073
3 0.5252413444159629 0.6814581241532893 0.02590075870642732 0.0184976944820761
7 0.5023914218692972 0.5525452301007545 0.01940509724103805 0.013482645861557074
4 0.4604838828597166 0.5196818204443877 0.022857645861557075 0.019896420171816587
3 0.5854473405707756 0.3502999773872212 0.025573210085908293 0.0122476944820761
4 0.5876439263918529 0.42731617876670214 0.02902575870642714 0.01866146879233561
5 0.566045565356005 0.3785854296712133 0.01159259724103805 0.013073210085908293
5 0.5332297433297377 0.36550225350650295 0.013318871551297563 0.01628009724103805
3 0.45280525893356993 0.3837409984181203 0.025573210085908293 0.0122476944820761
3 0.546351620308102 0.2043190920411137 0.02409259724103805 0.013728307326946253
3 0.35252637720550706 0.24564121212207315 0.013318871551297563 0.01628009724103805
4 0.4243737217330116 0.3018668786758451 0.02253009724103805 0.013646420171816586
5 0.35478716078802075 0.4254958084586001 0.010193871551297562 0.016116322930778536
4 0.4191761301461831 0.5943033621675017 0.025736984396167804 0.015372694482076099
5 0.4212432411820311 0.6440577007021124 0.01628009724103805 0.013318871551297563
3 0.28884574174785793 0.851226148802233 0.016525758706427317 0.018006371551297563
3 0.13916664631584225 0.8232317028498191 0.02236632293077854 0.010521420171816587
3 0.1834112912728881 0.8263666689286211 0.022202548620519024 0.007396420171816587
5 0.18384506049476496 0.7437588868164455 0.01603443577564878 0.008631371551297562
5 0.18707511759456863 0.2956046698331322 0.013155097241038005 0.01315509724103805
5 0.2332640428547678 0.3508377244465451 0.01159259724103805 0.013073210085908293
3 0.14654529285476783 0.3553824615562463 0.028698210085908293 0.012411468792335522
3 0.1492265575540889 0.393418050090857 0.02236632293077854 0.010521420171816587
3 0.17370757915081494 0.4614753312985215 0.025573210085908248 0.0122476944820761
5 0.2148062126879001 0.5543721602221938 0.01808825870642732 0.018088258706427142
5 0.18130539518418848 0.4205637262555674 0.01915943577564878 0.008795145861557075
4 0.22854448609364839 0.5746879822484612 0.021131371551297563 0.016689533016686832
3 0.10690850350650297 0.5467820675037116 0.025655097241038004 0.013810194482076099
3 0.13878594527504554 0.5926368000908571 0.025573210085908248 0.0122476944820761
5 0.15977015264742034 0.6530862991863459 0.017924484396167763 0.014963258706427318
3 0.038479408074487256 0.5145294894845505 0.028780097241038017 0.013973968792335612
3 0.028418333334686435 0.5727104816826343 0.019568871551297516 0.016607645861557073
3 0.011717131106465117 0.540181264699321 0.023434262212930233 0.012329581637205678
5 0.041207181141551336 0.7598043679332529 0.016280097241038016 0.013318871551297563
1 0.2761177696761621 0.7521678510862252 0.035439533016686744 0.022114017412854636
1 0.2525740490748042 0.829753940525347 0.026228307326946344 0.0247476944820761
1 0.03683950644717904 0.9026093436229934 0.02269387155129752 0.016771420171816587
1 0.0014286660457455067 0.8336413376300996 0.0028573320914910133 0.022114017412854636
1 0.4218994176854257 0.45314277363289096 0.021131371551297563 0.016689533016686832
1 0.5963394957045869 0.5141201379480993 0.00978443577564878 0.008303822930778536
1 0.638168469585305 0.5633488540269014 0.008303822930778536 0.00978443577564878
1 0.6150032072608331 0.6783121127333287 0.012909435775648782 0.00846759724103805
1 0.5476862324756038 0.6545713975590377 0.009702548620519025 0.006741322930778537
1 0.7033763104947649 0.7165314077358029 0.009784435775648604 0.008303822930778536
1 0.6297473807120101 0.7834975797166418 0.009784435775648604 0.008303822930778536
1 0.5544773858003926 0.8669109452750454 0.01134693577564878 0.00838571008590847
1 0.33111064337516616 0.46101722863041655 0.00978443577564878 0.008303822930778536
1 0.368061766735486 0.3951941547951269 0.012909435775648782 0.00846759724103805
1 0.3626162709193575 0.4991004047951269 0.006577548620519025 0.006577548620519025
1 0.2832563195398765 0.4970266497067442 0.012827548620519024 0.0069050972410380496
1 0.33184322648271003 0.610566849277203 0.009866322930778538 0.009866322930778538
1 0.07466149027751992 0.6863735119857877 0.009784435775648758 0.008303822930778536
1 0.1837166649718922 0.5380820969023536 0.009866322930778538 0.009866322930778538
1 0.025533430009897568 0.36016621607880206 0.02285764586155702 0.019896420171816587
1 0.39283720092925506 0.8590209594085397 0.043579581637205766 0.028773453188503238
1 0.16741439280933929 0.2693663964273839 0.022775758706427274 0.018333920171816585
1 0.05562264247065503 0.4996071743556881 0.008140048620519025 0.0066594357756486035
1 0.0725301814802356 0.533780778494131 0.01118316146538927 0.0052607100859082935
1 0.08675313376422775 0.5151159876755281 0.008140048620519003 0.0066594357756486035
1 0.139997642470655 0.4951852679786814 0.008303822930778536 0.00978443577564878
1 0.010295775103229005 0.6211856032339318 0.009620661465389257 0.005178822930778537
1 0.028554452172450496 0.6295779573723748 0.009866322930778515 0.009866322930778538
1 0.09837778776638516 0.278438181253093 0.01134693577564876 0.008385710085908294
3 0.08295310436558559 0.43896292345117693 0.019241322930778515 0.010357645861557074
3 0.10464107587145459 0.3373218583223145 0.007068871551297517 0.015952548620519025
3 0.12281786578554632 0.3472767124607575 0.025736984396167763 0.01537269448207601
3 0.186671246609098 0.5114377097472239 0.02236632293077854 0.010521420171816587
1 0.23667348937300875 0.7020350542747286 0.009948210085908293 0.011428822930778538
1 0.22972304726578194 0.879255973542034 0.008303822930778536 0.009784435775648604
3 0.6752789659672604 0.658012900838398 0.013400758706427141 0.01784259724103805
3 0.5683572585948856 0.6020671952750455 0.02409259724103805 0.013728307326946165
3 0.5719039032132472 0.831717073723748 0.010275758706427319 0.017678822930778538
3 0.028867633425543483 0.7425316587518558 0.016443871551297517 0.016443871551297562
3 0.0032965818643483974 0.8027222082768859 0.006593163728696795 0.01364642017181623
3 0.06974269617955668 0.5721029720716959 0.01948698439616776 0.015045145861557075
3 0.29243432496694344 0.3516322625516145 0.025409435775648782 0.009122694482076098