4 0.47109375 0.32734375 0.0109375 0.03125
4 0.4359375 0.278125 0.02109375 0.02578125
5 0.6140625 0.446875 0.01328125 0.01875
4 0.24375 0.5671875 0.0140625 0.025
4 0.40859375 0.56015625 0.0109375 0.0171875
5 0.6484375 0.5484375 0.0078125 0.01953125
5 0.34921875 0.6171875 0.01328125 0.00859375
3 0.6984375 0.621875 0.01328125 0.01875
7 0.5390625 0.79375 0.01640625 0.009375
4 0.33828125 0.75546875 0.01171875 0.01484375
4 0.3328125 0.7234375 0.01328125 0.0109375
4 0.51640625 0.3390625 0.0125 0.0234375
5 0.6078125 0.1953125 0.0125 0.015625
6 0.16328125 0.47109375 0.02890625 0.04765625
0 0.05390625 0.6203125 0.02265625 0.046875