3 0.14977371331519987 0.31236203405969265 0.02219324874635875 0.01221157366340595
3 0.31399533768837923 0.3164488365352368 0.025363712852981467 0.013956084186749606
7 0.28580815320692776 0.2631572365634717 0.014517141066226813 0.01644404735504663
4 0.3242328410535915 0.5025151391519553 0.02063074874635884 0.012120568401734033
3 0.14802071588898932 0.8029338261530675 0.020903533386094873 0.021495568401734035
3 0.49180547129926566 0.7141792231975306 0.02219324874635884 0.012211573663405773
3 0.4503025622198432 0.2578690390390158 0.025409176959604096 0.015518584186749607
5 0.6105387509244368 0.6678796178229193 0.02067621285298138 0.013683068401734033
3 0.8459296477966515 0.40455838339617334 0.02550010517284953 0.018643584186749607
3 0.8531688686336987 0.7743549439053996 0.02219324874635866 0.01221157366340595
3 0.9566288377548862 0.8226397964374135 0.015943248746359016 0.01184755261671846
1 0.5164919195707707 0.8877833231692958 0.039653533386094966 0.022587631541796327
1 0.629878469649913 0.8638669520096688 0.04130696159934022 0.025803636803468068
1 0.9341427016367174 0.4120439306806327 0.02393760517284953 0.01855257892507787
1 0.7702296511618637 0.5856193966209401 0.008039820533113407 0.00826752630835923
1 0.8622998277257565 0.7294974702137588 0.011164820533113583 0.008449536831702886
1 0.4981417024946472 0.5502077284592024 0.01111935642649069 0.006887036831702886
1 0.3735819716949771 0.5546915601562905 0.01111935642649069 0.006887036831702886
1 0.40645900468536056 0.6888614338055788 0.009602320533113407 0.008358531570031146
1 0.6211269099373522 0.6536274020237862 0.009693248746358662 0.011483531570031147
1 0.6934037605578552 0.9129561703690505 0.009647784639736123 0.009921031570031148
3 0.7670280948145152 0.5611731334667605 0.022147784639735945 0.01064907366340595
1 0.6347073397999503 0.5096421835938173 0.006477320533113407 0.008176521046687313
1 0.6044946540648576 0.44527657572954443 0.012681856426490867 0.006978042093374803
1 0.5513001432443049 0.659733917879389 0.009556856426490689 0.0067960315700311465
1 0.6358105017158596 0.3641476730704737 0.007948892319867973 0.00514252630835923
1 0.6268627137109113 0.18754737571542704 0.00643185642649069 0.006614021046687402
1 0.6975018226446845 0.20731311512149614 0.00643185642649069 0.006614021046687402
1 0.7498622930195132 0.26357779664917497 0.007994356426490868 0.00670502630835923
3 0.40064354301951327 0.2432381206655167 0.01286371285298138 0.013228042093374803