5 0.9106550212173572 0.3375046554960088 0.013073002965749581 0.014644696856846906
4 0.8732730849437909 0.4289087514432328 0.019450336958138338 0.01806079528527036
3 0.8201361560845986 0.4843560767122925 0.016389003954332536 0.019477746071058632
3 0.8001764831569049 0.5131702814270221 0.01938666996194378 0.01649829528527036
5 0.7706680552862957 0.5650217258026696 0.0176968359695552 0.013300520678164318
5 0.6756195631577799 0.919086333536718 0.019450336958138338 0.01806079528527036
5 0.6719175374917985 0.6449574747692124 0.016261669961943958 0.016352746071058633
5 0.6602770419404228 0.6232815279123656 0.013073002965749581 0.014644696856846906
4 0.6448457015222434 0.6562203064484129 0.01756950197716627 0.010175520678164319
4 0.6735715152858581 0.3546406898230243 0.026082338935304605 0.027726893713693725
4 0.5048016802677051 0.7506701656302033 0.0176968359695552 0.013300520678164318
5 0.4951202741459257 0.7001243560769093 0.013073002965749581 0.014644696856846906
7 0.5403359095446396 0.45488678473679106 0.02094916996194378 0.016571069892376045
3 0.5511327825860637 0.2667510839510028 0.016452670950527094 0.021040246071058633
5 0.40634420600804877 0.22791540818660513 0.016261669961943958 0.016352746071058542
7 0.39617868574209364 0.32371805975818174 0.022320668973360734 0.011956344499482085
3 0.3984694031188489 0.4788058200972639 0.02719916996194387 0.0168621683207995
3 0.32540334034381735 0.7736238604201355 0.025700336958138337 0.018351893713693633
3 0.32965968920213473 0.3041825016526299 0.014890170950527092 0.02096747146395277
4 0.3710433759699926 0.21061659222317042 0.02094916996194396 0.016571069892376132
3 0.3113553581754955 0.29237170636735954 0.01801517095052709 0.021113020678164406
5 0.30193264273872555 0.5236217063673596 0.02094916996194396 0.016571069892376045
5 0.2678839534994098 0.6292702388323482 0.019386669961943957 0.01649829528527036
7 0.2377826180241462 0.638043771297337 0.019132001977166357 0.010248295285270359
4 0.23343069905078545 0.6487993347795723 0.014571835969555113 0.01315497146395277
3 0.20212896091378357 0.5909846807267964 0.019577670950527093 0.02118579528527036
5 0.17604791646472176 0.4050450266740205 0.013200336958138293 0.017769696856846907
5 0.1631314223962208 0.37626505521006776 0.017696835969555114 0.013300520678164406
5 0.22970345155942445 0.24082201488719618 0.013136669961943959 0.016207196856846906
3 0.09207482308079282 0.4488806098009629 0.024137836958138294 0.01827911910658777
4 0.0633158117120863 0.5015496914801634 0.020821835969555134 0.013446069892376044
1 0.6626685769979443 0.8527335874656595 0.012818334980972068 0.008394696856846906
1 0.7488342286710996 0.9279754900706934 0.00813083498097189 0.00817637303552914
1 0.667283139735795 0.9507900978047417 0.011383168973360825 0.01144692224974122
1 0.5465421471873498 0.5138807950758733 0.014444501977166268 0.010029971463952769
1 0.5736948961987667 0.5198418507002258 0.014444501977166268 0.010029971463952769
1 0.5352637489742358 0.4256894363083677 0.009693334980972069 0.00824914764263518
1 0.4752520790122919 0.43854900123834506 0.011383168973360825 0.011446922249741042
1 0.44294093920213473 0.30945866066780453 0.011192167984777512 0.006759422249741043
1 0.5902417731573426 0.7092511071103667 0.011192167984777512 0.006759422249741043