4 0.32007252542167774 0.6344038189740496 0.020530676002545344 0.019814533016686654
4 0.2770219594207233 0.6296244657401179 0.015806813335454528 0.016443871551297562
5 0.3816634587444055 0.5530033327688596 0.020421588001272716 0.010439533016686653
5 0.3181373080839961 0.6024544561291794 0.011137494668999891 0.017760710085908293
5 0.4239338694302683 0.692280516735486 0.014226132001908986 0.014799484396167805
5 0.5270588694302683 0.6868759644969223 0.020494313335454352 0.01668953301668665
4 0.515777018777813 0.7922185617379605 0.023582950668363623 0.013728307326946165
4 0.5520236014480856 0.8168976571699762 0.020567038669636162 0.022939533016686654
4 0.6324190787714498 0.7392020251032291 0.02205681333545435 0.016771420171816587
4 0.6207452347628593 0.6764939851891373 0.026707950668363623 0.013892081637205855
5 0.6430384054344044 0.7112850650173208 0.014226132001909165 0.014799484396167805
5 0.665903193427723 0.6608380076903744 0.017296588001272716 0.01027575870642714
4 0.6327270667568141 0.6313076379480993 0.017387494668999894 0.018088258706427142
5 0.7936752994509491 0.8253398417024294 0.017351132001908985 0.014963258706427496
4 0.8289940867679497 0.7031029935568803 0.018931813335454704 0.016607645861557073
4 0.8814105621021315 0.7066097738600335 0.023582950668363623 0.013728307326946165
7 0.935271358768268 0.6998784170080572 0.01729658800127254 0.010275758706427319
5 0.9688923807685862 0.7004615931727675 0.009538632001909164 0.014553822930778537
5 0.8657021040738148 0.4987120646786365 0.01731476933481808 0.011838258706427318
4 0.83975776941436 0.5532291463158423 0.022020450668363622 0.013646420171816586
4 0.8132498134149962 0.559308727953048 0.01731476933481808 0.011838258706427318
4 0.9643117794000424 0.44116848032789724 0.017351132001908808 0.014963258706427318
5 0.9990931226925444 0.3368184950272183 0.0018137546149112893 0.015952548620519025
5 0.9747203786998622 0.19359743950929434 0.014189769334818081 0.01167448439616776
5 0.8948141553548628 0.1117952408433468 0.014226132001908809 0.014799484396167762
3 0.9749738226845901 0.08101555235416459 0.01731476933481808 0.011838258706427273
4 0.749830014043589 0.2819926334255435 0.020494313335454352 0.016689533016686832
4 0.7131107167011347 0.21668853799352777 0.023655676002545433 0.019978307326946342
5 0.557152165380316 0.31710569708406783 0.017351132001909166 0.014963258706427318
5 0.5686345580442251 0.29617904342059476 0.01885908800127254 0.010357645861557074
3 0.3008198020369074 0.25627549694778223 0.02512726933481808 0.0122476944820761
4 0.4088953840308622 0.20605308966626454 0.015861357336090797 0.021131371551297563
4 0.3899902953532718 0.12652604195025666 0.0221113573360908 0.021458920171816498
4 0.8225231740531338 0.3485383242895749 0.014280676002545078 0.019486984396167806
5 0.20788796204645238 0.3315012262555673 0.01731476933481808 0.011838258706427318
5 0.15722543805695194 0.41154725237484924 0.01729658800127267 0.01027575870642714
7 0.24559759472467918 0.4147331281100183 0.01731476933481808 0.01183825870642714
2 0.7313061860279987 0.16804964213197077 0.04407726400381797 0.03041784034363304
2 0.8118385706954078 0.1693012036427885 0.02514545066836362 0.01381019448207601
4 0.5654271947008166 0.22208312415328937 0.014226132001909165 0.014799484396167805
2 0.5060271120703149 0.49176486035847944 0.026707950668363623 0.013892081637205678
4 0.49424527474536006 0.5541387075995174 0.01580681333545435 0.016443871551297562
2 0.567893502108495 0.7699440920411137 0.022020450668363622 0.013646420171816586
0 0.6668186140594973 0.4036020398025501 0.07400112133990877 0.05228619629109836
6 0.28083456604072543 0.28546502996446904 0.06126476400381797 0.03131859905006031
2 0.9011919720321349 0.18963363580039266 0.02053067600254508 0.019814533016686786