3 0.08449183886094255 0.7674268438900784 0.025509335969555135 0.013227425705962937
3 0.06871694163641166 0.6746710425572948 0.023946835969555113 0.013181961599340219
3 0.15834712741568638 0.5865465684215423 0.033449169961943914 0.01657974623907634
3 0.11829117730195562 0.7441628401291547 0.016389003954332716 0.019204641066226814
4 0.07764893125628833 0.7242080413036536 0.02101283695813829 0.017778533386094964
5 0.17455842334762295 0.7645722800208825 0.022384335969555115 0.013136497492717503
5 0.2836071125869387 0.6605871251646022 0.020758168973360736 0.011528533386094964
3 0.19532320399370134 0.6196916890337981 0.014890170950527092 0.020721676959604095
5 0.25404162939285274 0.5799448789255258 0.02244800296574958 0.014698997492717681
5 0.32564737395564525 0.6078402098834805 0.019259335969555202 0.013045569279472247
5 0.2960991368072265 0.5459706956977156 0.016325336958138335 0.017642141066226812
7 0.2171756407615592 0.5249020262599589 0.014635502965749492 0.014471676959604097
7 0.2417697810660079 0.6507658442857898 0.017696835969555114 0.01300010517284953
3 0.1083576921678843 0.2776967541566351 0.024137836958138294 0.01786946159934022
5 0.2740755340689385 0.2418454853520166 0.020821835969555114 0.013091033386094875
5 0.28552237003849357 0.22966373409837537 0.023883168973360736 0.01161946159934022
5 0.32862772429683745 0.1315815867639424 0.020758168973360823 0.011528533386094875
7 0.36100518969642637 0.2967806894295094 0.017696835969555114 0.01300010517284953
3 0.3217570755150697 0.8376868342566599 0.022384335969555202 0.013136497492717326
5 0.4175510310660079 0.6558805562808414 0.016134335969555203 0.012954641066226813
7 0.37424670003936866 0.6436700612954064 0.016389003954332716 0.019204641066226814
5 0.40359861901272936 0.633573647267926 0.02088550296574958 0.014653533386094963
7 0.4888410992410659 0.7299151013454188 0.0176968359695552 0.01300010517284953
7 0.5745995271116753 0.6792224310497323 0.020758168973360823 0.011528533386094964
5 0.5117586288985612 0.5897902065182683 0.016389003954332716 0.019204641066226814
5 0.5799356259328116 0.6058531272096662 0.020758168973360823 0.011528533386094964
5 0.6146435483662135 0.5794868555020539 0.017696835969555024 0.01300010517284953
5 0.663761480685447 0.5066092966474229 0.02094916996194396 0.016216033386094963
7 0.6450287267311143 0.5248364594212622 0.01756950197716627 0.00987510517284953
3 0.6478897884803818 0.6273847979010643 0.021012836958138336 0.017778533386094787
3 0.6933587973776303 0.5864702928864993 0.02401050296574958 0.01474446159934022
5 0.6594520295831332 0.669958742807357 0.020758168973360823 0.011528533386094964
5 0.7502308798871443 0.5920359827782271 0.020758168973360823 0.011528533386094785
3 0.7706561264271032 0.6090559982176333 0.02094916996194378 0.016216033386094963
5 0.844608279583133 0.6753462394421448 0.019132001977166625 0.009920569279472246
3 0.9361564510279518 0.6553269076262602 0.021012836958138336 0.017778533386094964
7 0.950106204487993 0.6393071025325531 0.020885502965749224 0.014653533386094963
7 0.8649300498490883 0.5797298625616829 0.013073002965749581 0.014426212852981379
7 0.9212583042977125 0.5602500883467881 0.014635502965749581 0.014471676959604097
5 0.8958590562748789 0.5501249305875138 0.01756950197716627 0.00987510517284953
3 0.8291172252482395 0.5372324740027385 0.022575336958138337 0.017823997492717503
3 0.7114270009514021 0.411788541632858 0.027262836958138338 0.017960389812585475
7 0.744305826540834 0.44950750197855704 0.020758168973360823 0.011528533386094785
7 0.7803096521302658 0.48731739053750134 0.019259335969555025 0.013045569279472247
7 0.9277549965027777 0.43920180245341073 0.019386669961944138 0.016170569279472247
3 0.8378104288220115 0.3622779381093612 0.024137836958138335 0.01786946159934022
3 0.6892774283277199 0.3603025979802065 0.02244800296574958 0.014698997492717502
5 0.7753568497725386 0.3401241417911426 0.020758168973360823 0.011528533386094785
7 0.5783279994685273 0.41495534256993016 0.017633168973360824 0.01143760517284953
7 0.5782271817877609 0.3406456643566848 0.020758168973360823 0.011528533386094785
7 0.5212622573771928 0.37575043857157964 0.014444501977166268 0.009784176959604096
3 0.48545604444906176 0.19871892563945587 0.024201503954332716 0.01943196159934022
5 0.415128956996632 0.21622702289474657 0.01626166996194378 0.016079641066226814
5 0.6698298195835706 0.8759730620868293 0.020821835969555023 0.013091033386094608
3 0.6312395048685537 0.7864642812080168 0.027390170950527093 0.021085389812585474
3 0.4919302430427367 0.44294629875899405 0.02094916996194378 0.016216033386094786
1 0.61402937201566 0.22983619648913844 0.02276633794672147 0.022511497492717504
1 0.4745000039171517 0.3908154974262105 0.014444501977166268 0.009784176959604096
1 0.44691753749179847 0.6262301602000496 0.012882001977166269 0.00973871285298138
2 0.45098561357552197 0.6607642845732291 0.01938666996194378 0.016170569279472247
2 0.32316565559030686 0.4575901572970558 0.016134335969555203 0.012954641066226813
7 0.7296875696207517 0.4819335570722643 0.019132001977166267 0.009920569279472246
2 0.6024061921307032 0.6878532849689405 0.043588173916276673 0.03560253087881247
3 0.9256381036896901 0.7215058370931469 0.023883168973360826 0.01161946159934022
3 0.7033691728533313 0.7823056301126601 0.020758168973360823 0.011528533386094785