3 0.23161108353174412 0.41151415577583317 0.01648881802583091 0.03005117591180557
3 0.3291272780423255 0.5482127623490969 0.01474446159934022 0.023764808320625087
3 0.3149534662847008 0.6328605192829511 0.017778533386094787 0.02071254350298606
3 0.23600175217807803 0.6362595826375692 0.013181961599340219 0.02372844072944442
3 0.21023252553504307 0.5291198830744095 0.016306961599340218 0.023801175911805573
3 0.2686109783588947 0.4278288335874998 0.013272889812585653 0.02685344072944442
3 0.5548476582214926 0.27673323337940925 0.020858069279472247 0.01922277868534721
3 0.5416178840065978 0.22160997549562458 0.013136497492717503 0.022165940729444424
7 0.5073936481923628 0.19039699629718707 0.005142141066226813 0.015734102773541682
3 0.5794923055559256 0.31519566812493005 0.013272889812585476 0.02685344072944442
3 0.5264438619032741 0.3406327324294788 0.01925010517284953 0.017623911094166722
3 0.4906654862764535 0.3360004370266315 0.020721676959604095 0.014535278685347208
3 0.6397107400373772 0.36532164827329805 0.01161946159934022 0.023692073138263936
3 0.36401572123275866 0.207787130890208 0.01943196159934022 0.02387391109416672
3 0.12784460820885737 0.7847717774510763 0.010011497492717547 0.022093205547083272
3 0.5260798682379872 0.8629434903132633 0.020721676959604095 0.014535278685347208
3 0.4907861920698059 0.573336782866319 0.013227425705962758 0.025290940729444423
3 0.23737666488541023 0.1865323395714234 0.017642141066226812 0.01602504350298615
3 0.6118702672217728 0.7586722579806939 0.02081260517284953 0.017660278685347208