5 0.6303772722059404 0.30479082997520884 0.013073002965749581 0.014353440729444422
5 0.7478884243733871 0.37634113449611173 0.011701503954332716 0.019004573138263935
5 0.676883563194961 0.5068449456665284 0.02094916996194378 0.01609777868534721
5 0.726776133841477 0.568219509971077 0.017633168973360824 0.011337543502986236
5 0.7521634530051182 0.636061626612327 0.017696835969555024 0.012900043502986059
5 0.7999178620926471 0.6731447057345146 0.015943334980972067 0.008176175911805573
5 0.8782112998490883 0.574872166315591 0.01151050296574958 0.014317073138263936
5 0.8937699742596564 0.538480724636216 0.017633168973360824 0.011337543502986058
5 0.49730219806220227 0.6535893930454865 0.017505834980971892 0.008212543502986235
5 0.6344891802677052 0.7412374762517366 0.008321835969555203 0.012681837955902785
5 0.5952065043742621 0.7841146540634033 0.02069450197716627 0.009847778685347208
5 0.6321109381763705 0.7036465572737852 0.015943334980972067 0.008176175911805573
5 0.3281317509142211 0.7943202297671184 0.017569501977166356 0.009775043502986237
5 0.3518093314465688 0.808165177430417 0.011574169961943959 0.015879573138263936
5 0.6250372203053237 0.5509936827487506 0.012818334980972068 0.0081034407294446
5 0.5308799965027778 0.4244655907087852 0.02432883794672147 0.02242051386770836