4 0.325912350731997 0.49430173421985024 0.03611931333545444 0.01708934091247105
4 0.27008906472786076 0.4615728058549493 0.029978401336727068 0.026209672927693363
5 0.46890946741722334 0.6367823473754427 0.020494313335454352 0.016452670950527094
4 0.5486209553628167 0.23943911516993985 0.028343176002545434 0.019896005931498983
4 0.5615765833863612 0.4133222841433006 0.020476132001908988 0.014890170950527092
5 0.5793566187539506 0.6662708706071473 0.02042158800127254 0.010202670950527093
5 0.6146828547103617 0.34676879551200707 0.01111931333545435 0.016070668973360736
3 0.6611247867599956 0.7141128044092556 0.020494313335454352 0.016452670950527094
7 0.8222515487348605 0.5356097555115695 0.011155676002545079 0.019195668973360825
4 0.7573425220400891 0.3260318256637939 0.017351132001908985 0.014762836958138337
4 0.723721500039771 0.32231923524561445 0.01424431333545435 0.01619800296574949
4 0.34364529073836036 0.5418770711779886 0.02674431333545444 0.016707338935304607
5 0.2050924154200869 0.6471163750185905 0.017351132001908985 0.014762836958138337
6 0.4391635920194082 0.16079550893442962 0.05354317067154533 0.0381021778706093
0 0.5806142006683637 0.03615228908621644 0.051853401336727244 0.02710101087441492