5 0.7884658626318346 0.5663253928519645 0.02242103157003115 0.009756829545304768
4 0.6870615283039105 0.6878673818949159 0.019296031570031145 0.009702282467404011
7 0.6902922150932612 0.7433361318949159 0.020858531570031147 0.009729556006354478
5 0.7307443678935064 0.5668787719108019 0.017915542093374804 0.012800008928453722
5 0.507404120383168 0.7120474013766765 0.015063557878390199 0.017432961850553142
5 0.341711230948864 0.667791066556366 0.020949536831702885 0.0112920560063543
5 0.35742025995864635 0.6025069857932452 0.019478042093374802 0.012827282467404189
5 0.46273084428657024 0.48103318059766964 0.013501057878390376 0.017405688311602673
7 0.5192006521649606 0.4991888912304067 0.017915542093374804 0.012800008928453722
7 0.37845528384793115 0.38746836688067754 0.01175654735504672 0.014253414772652384
5 0.04960005468285706 0.610401711850553 0.017915542093374794 0.012800008928453722
5 0.1333842495058898 0.5213313035707225 0.014881547355046631 0.014307961850553141
5 0.031518641641616905 0.4875545470779007 0.0069780420933747925 0.012609094155801337
6 0.49499804174043893 0.39184399553247784 0.02747255261671846 0.016088650162155816
4 0.6563659941736308 0.6030423685022354 0.01608002630835923 0.008085235389503431
7 0.6636478731551783 0.5672685097359373 0.01488154735504672 0.014307961850553141
2 0.5801689732681178 0.44718210632737065 0.018188557878390375 0.017487508928453722