5 0.17036145521324364 0.25915631050124205 0.02037613251355732 0.011055674668035032
3 0.2567984040817755 0.3070892955723233 0.028179542154477665 0.009538626463433175
5 0.19052850946796976 0.28403813583320703 0.018831813231716586 0.014171584308955421
5 0.14844905201523093 0.5342744851692771 0.012572722872636933 0.012572722872636888
5 0.07823147990471979 0.6526477561483202 0.018813632513557322 0.011046584308955332
5 0.07493830826174687 0.6815721868664794 0.01880454215447771 0.009484084308955332
5 0.17622861837020545 0.5934858587058439 0.014126132513557321 0.011019313231716588
3 0.12771332943718158 0.7414193646577723 0.02509999394987581 0.017332945745273953
3 0.2894002631804029 0.7459472624930319 0.026626132513557367 0.011092036104353475
3 0.23460874493183445 0.6298637202403583 0.014171584308955421 0.018831813231716586
3 0.4555126391528567 0.392649024789672 0.02508181323171659 0.014207945745273953
3 0.4413228741257421 0.4146058380213885 0.01730567466803503 0.02041249394987581
5 0.5083603832009284 0.439996202580965 0.021920451795398144 0.007939765027114732
5 0.521459826019336 0.4711689345287883 0.021938632513557366 0.011064765027114731
5 0.5056893802740621 0.49625983811958446 0.011028403590796288 0.015688632513557364
5 0.5385882386853185 0.48122519057891255 0.018813632513557367 0.011046584308955332
3 0.5280052626894236 0.4203513230924698 0.020421584308955333 0.01886817466803503
5 0.4941110099589491 0.6064797206331418 0.021920451795397967 0.007939765027114732
5 0.6277552778147342 0.46273829011137424 0.015706813231716587 0.014153403590796287
5 0.664405850121637 0.4742434166730032 0.021938632513557366 0.011064765027114731
5 0.6112672145830176 0.4768962388817103 0.015706813231716587 0.014153403590796287
5 0.6421677566392994 0.4025002268796577 0.025054542154477666 0.009520445745273953
3 0.604154151351301 0.4909996454975685 0.026626132513557367 0.011092036104353475
3 0.6538319644848217 0.4118070491865605 0.025063632513557366 0.011082945745273954
5 0.3742752329297819 0.6595188831027325 0.021929542154477667 0.009502265027114732
5 0.35885476600907334 0.6244535366935287 0.021929542154477667 0.009502265027114732
5 0.26421092828227233 0.37579384377692515 0.018813632513557367 0.01104658430895542
5 0.3452614612633679 0.27532569028432485 0.018804542154477667 0.00948408430895542
5 0.5854273981298471 0.3528320249860637 0.012572722872636888 0.012572722872636888
5 0.5867858859314029 0.25360872980652394 0.011028403590796109 0.015688632513557364
5 0.6580427415139889 0.35944057328886153 0.021938632513557366 0.011064765027114643
5 0.6186797387835143 0.5456007870863122 0.023501132513557364 0.011073855386194254
3 0.6215921571068377 0.31356044672723254 0.023555674668035032 0.020448855386194252
5 0.44842178093799206 0.5372166362259905 0.012572722872636888 0.012572722872636888
5 0.2699245970965749 0.46794498234060666 0.01726931323171659 0.01416249394987581
3 0.31227222014216244 0.17161488300453664 0.0188409035907962 0.01573408430895542
3 0.29585687978308284 0.17327283177487263 0.01104658430895542 0.018813632513557322
5 0.23258770267916087 0.5744086057789778 0.018831813231716586 0.014171584308955331
5 0.724775723560008 0.43717468784843794 0.017251132513557366 0.011037493949875809
5 0.6640467809379921 0.5359621666730032 0.015706813231716587 0.014153403590796287
5 0.6400325640172835 0.5009468172387374 0.018813632513557367 0.011046584308955332
3 0.4366661486208264 0.6779052687395478 0.020430674668035033 0.020430674668035033
3 0.34375596507399686 0.8026603499252453 0.02507272287263689 0.012645445745273775
5 0.4209750544511179 0.1522331030485032 0.017242042154477843 0.00947499394987581
3 0.2071751331027325 0.37690689188333126 0.023501132513557364 0.011073855386194254
3 0.28636772941374045 0.32722907874981055 0.025045451795398056 0.007957945745273864
3 0.30474100039278346 0.2575932896203949 0.014171584308955421 0.018831813231716586
3 0.3841563105012421 0.16963422648687423 0.02195681323171659 0.014189765027114642
3 0.6441625695764284 0.19390193170011788 0.018822722872636886 0.01260908430895542
3 0.608897235267473 0.21285646477940928 0.028170451795398142 0.007976126463433176
3 0.1462724318965096 0.7741227803488169 0.02349204215447771 0.009511355386194253
3 0.152704239078102 0.7428364189124984 0.02195681323171659 0.01418976502711473
3 0.20187299210316406 0.7511438226014905 0.014153403590796199 0.015706813231716587
3 0.2652315101553408 0.737494413058766 0.025063632513557366 0.011082945745273775
3 0.31105359114464654 0.5153603378249969 0.014189765027114642 0.02195681323171659
3 0.36257518452878823 0.5220916059753694 0.021947722872636976 0.012627265027114731
3 0.3283996515476927 0.6222870486955813 0.01104658430895542 0.018813632513557367
3 0.16445078103618793 0.6037102863989411 0.02349204215447771 0.009511355386194253
3 0.15360872980652393 0.5873676689124985 0.01728749394987581 0.01728749394987581
3 0.13984322911915287 0.13355686768283442 0.0203579517953981 0.007930674668035032
3 0.5913718293389858 0.6738803231906656 0.01728749394987581 0.01728749394987581
3 0.5123564950300302 0.6930893863241863 0.02195681323171641 0.01418976502711473
3 0.5134599318965096 0.7719865459651067 0.021938632513557366 0.011064765027114731