5 0.2203722964728124 0.2549044267305372 0.016607645861557073 0.01956887155129756
4 0.6005378312985215 0.16641962234426702 0.016443871551297562 0.016443871551297517
4 0.2946408768668228 0.4730568831984009 0.010275758706427319 0.017678822930778538
4 0.47068879975217276 0.369558989711693 0.010357645861557074 0.019241322930778536
4 0.6168102052246682 0.30191006501732076 0.01668953301668665 0.021131371551297563
4 0.5948533180695386 0.30461898518913727 0.013400758706427141 0.01784259724103805
2 0.04941466531057649 0.32073854590698553 0.05566350180902231 0.051221663274411536
4 0.16579101707417027 0.18141269504790292 0.01167448439616776 0.014635710085908249
4 0.16734687302163556 0.1517251950479029 0.010111984396167761 0.014553822930778537
4 0.22568831750371157 0.12373631388566697 0.010193871551297562 0.01611632293077849
4 0.3133177922889409 0.1464124960432711 0.008631371551297562 0.01603443577564878
4 0.34597980608375084 0.2070290914752868 0.010275758706427319 0.017678822930778538
4 0.36436795793820165 0.24268330845860006 0.016607645861557073 0.01956887155129756
4 0.5048258616016749 0.22363565807448724 0.013400758706427318 0.01784259724103805
4 0.48471807948949924 0.22079394109117403 0.016607645861557073 0.019568871551297475
4 0.6303005744011165 0.1336956535519315 0.011838258706427318 0.017760710085908293
4 0.6017008616016748 0.21855865445644262 0.01043953301668683 0.020803822930778537
1 0.5170558666900575 0.3024633429456249 0.013564533016686652 0.020967597241038048
4 0.45504386759456866 0.28156102272837985 0.016443871551297562 0.016443871551297562
4 0.4425062460432711 0.2978001763918529 0.013236984396167805 0.01471759724103805
4 0.44288470432015703 0.33517734565915835 0.008549484396167806 0.014471935775648781
4 0.2893303363869042 0.2621979483272633 0.010275758706427319 0.017678822930778538
4 0.31283203414834054 0.36380803595736283 0.016689533016686832 0.021131371551297563
4 0.33100218000989756 0.3441572772509356 0.011838258706427318 0.017760710085908293
4 0.6234629969477823 0.2641644035519315 0.011674484396167806 0.014635710085908294
4 0.5046610080290588 0.4051755851437087 0.013400758706427141 0.01784259724103805
4 0.5859453075540889 0.3705305902320914 0.013400758706427141 0.01784259724103805
1 0.41401167458283067 0.48472032225341 0.011510710085908293 0.011510710085908293