4 0.1734375 0.14609375 0.00546875 0.01484375
5 0.1828125 0.146875 0.00859375 0.015625
5 0.1859375 0.09921875 0.0078125 0.01328125
7 0.21640625 0.10390625 0.00859375 0.0109375
2 0.18671875 0.0796875 0.0140625 0.01484375
3 0.26640625 0.0890625 0.0125 0.01015625
7 0.24140625 0.11640625 0.0046875 0.0125
4 0.2390625 0.1625 0.01640625 0.01328125
4 0.2296875 0.1859375 0.01171875 0.0125
7 0.33046875 0.06015625 0.00546875 0.0140625
5 0.2828125 0.06171875 0.009375 0.01015625
4 0.32734375 0.13671875 0.01015625 0.01171875
4 0.3375 0.0953125 0.00859375 0.01171875
2 0.25234375 0.03203125 0.0125 0.0125
2 0.2921875 0.01484375 0.00859375 0.0125
2 0.3046875 0.0171875 0.00703125 0.0125
4 0.3453125 0.01328125 0.01015625 0.01015625
4 0.31796875 0.01875 0.0078125 0.0125
2 0.35703125 0.04375 0.009375 0.015625
3 0.3609375 0.01484375 0.0125 0.0140625
2 0.353125 0.09453125 0.0078125 0.0109375
2 0.375 0.084375 0.0109375 0.0171875
2 0.38359375 0.04765625 0.00703125 0.0078125
3 0.44453125 0.028125 0.015625 0.0140625
3 0.48046875 0.0515625 0.0125 0.0140625
4 0.3765625 0.06015625 0.0109375 0.009375
7 0.38984375 0.0296875 0.00546875 0.0078125
4 0.49296875 0.01171875 0.015625 0.01953125
4 0.53515625 0.0125 0.01171875 0.01953125
2 0.57578125 0.021875 0.0171875 0.01171875
2 0.590625 0.07734375 0.01171875 0.01328125
2 0.6171875 0.021875 0.02109375 0.0140625
7 0.59375 0.02734375 0.00625 0.009375
3 0.43046875 0.09375 0.009375 0.0125
3 0.46953125 0.09921875 0.015625 0.01171875
2 0.49765625 0.07265625 0.009375 0.02421875
4 0.3984375 0.0625 0.01171875 0.01015625
2 0.38671875 0.0828125 0.0078125 0.01640625
2 0.325 0.096875 0.00859375 0.0109375
2 0.40546875 0.11484375 0.00859375 0.01796875
2 0.5109375 0.06640625 0.00859375 0.015625
4 0.5515625 0.078125 0.00859375 0.01484375
2 0.5609375 0.009375 0.00859375 0.00703125
2 0.6109375 0.03984375 0.00859375 0.01171875
2 0.63203125 0.09453125 0.00703125 0.01796875
2 0.615625 0.09140625 0.0109375 0.0171875
3 0.56875 0.1453125 0.01796875 0.009375
5 0.54140625 0.10703125 0.01171875 0.01328125
3 0.28828125 0.1421875 0.00546875 0.01484375
4 0.30859375 0.18203125 0.0078125 0.0171875
4 0.30078125 0.15 0.00703125 0.0125
2 0.3625 0.121875 0.00546875 0.01171875
2 0.37734375 0.1125 0.00703125 0.01328125
2 0.371875 0.12578125 0.0109375 0.009375
2 0.40546875 0.1359375 0.00859375 0.00859375
2 0.35546875 0.1625 0.009375 0.01328125
5 0.365625 0.14140625 0.009375 0.0140625
2 0.38671875 0.15390625 0.00703125 0.009375
3 0.39921875 0.17265625 0.00625 0.0203125
4 0.4265625 0.140625 0.00546875 0.00859375
7 0.4265625 0.17890625 0.00546875 0.00859375
4 0.40859375 0.14921875 0.0046875 0.01328125
4 0.45390625 0.125 0.009375 0.0140625
4 0.4609375 0.14453125 0.0109375 0.015625
4 0.4515625 0.13515625 0.0078125 0.009375
4 0.4421875 0.13125 0.00546875 0.015625
4 0.4296875 0.109375 0.00859375 0.01328125
4 0.4421875 0.115625 0.0109375 0.00546875
1 0.49921875 0.12890625 0.00703125 0.01015625
4 0.4890625 0.12421875 0.01484375 0.0109375
3 0.57578125 0.12109375 0.00859375 0.0234375
4 0.60390625 0.14375 0.00703125 0.0140625
7 0.67421875 0.07578125 0.0078125 0.009375
2 0.6671875 0.09921875 0.01640625 0.01796875
4 0.7359375 0.10078125 0.00546875 0.01640625
4 0.69765625 0.13203125 0.01640625 0.01796875
3 0.27265625 0.1921875 0.01171875 0.01640625
2 0.3609375 0.19453125 0.01796875 0.01953125
2 0.43359375 0.16640625 0.0078125 0.0125
2 0.446875 0.18203125 0.00859375 0.01171875
2 0.32734375 0.20234375 0.0078125 0.01171875
2 0.35390625 0.22890625 0.021875 0.0125
2 0.37421875 0.21640625 0.009375 0.009375
2 0.4203125 0.22734375 0.0171875 0.01171875
4 0.51484375 0.15234375 0.00859375 0.01484375
5 0.5875 0.1796875 0.00625 0.01640625
4 0.6609375 0.17109375 0.01328125 0.01171875
4 0.25078125 0.24375 0.0078125 0.0109375
4 0.26015625 0.2125 0.00703125 0.01484375
4 0.240625 0.22109375 0.00546875 0.0125
4 0.140625 0.259375 0.00703125 0.0078125
4 0.16328125 0.25703125 0.00546875 0.01484375
3 0.19375 0.25546875 0.0109375 0.0125
7 0.225 0.27265625 0.0109375 0.00546875
4 0.1828125 0.23359375 0.01015625 0.0078125
4 0.346875 0.25625 0.0078125 0.009375
4 0.34296875 0.2421875 0.00703125 0.0109375
4 0.36328125 0.25625 0.0125 0.02265625
5 0.40546875 0.275 0.0109375 0.01171875
5 0.40859375 0.2953125 0.00546875 0.01640625
2 0.3921875 0.27421875 0.0140625 0.02578125
3 0.378125 0.28984375 0.0078125 0.021875
2 0.36796875 0.2828125 0.00859375 0.0140625
4 0.4625 0.24609375 0.01328125 0.00625
4 0.4703125 0.2640625 0.009375 0.01171875
4 0.46484375 0.27578125 0.0046875 0.0109375
4 0.45 0.2890625 0.00625 0.01015625
4 0.4765625 0.25234375 0.0109375 0.00703125
2 0.4984375 0.2390625 0.00859375 0.0125
4 0.4953125 0.22578125 0.0046875 0.0125
4 0.4890625 0.196875 0.00625 0.0125
4 0.50625 0.20078125 0.0046875 0.0109375
2 0.5234375 0.22421875 0.00625 0.0109375
2 0.55859375 0.18046875 0.009375 0.01015625
2 0.50390625 0.209375 0.00625 0.01015625
2 0.5765625 0.21796875 0.01171875 0.02421875
7 0.590625 0.2078125 0.00859375 0.0078125
4 0.61953125 0.203125 0.00703125 0.0171875
4 0.64140625 0.2140625 0.0046875 0.0125
2 0.66953125 0.190625 0.00546875 0.0078125
5 0.65078125 0.23125 0.0078125 0.0171875
3 0.66796875 0.21953125 0.0140625 0.01171875
3 0.68359375 0.2265625 0.00390625 0.02265625
7 0.69296875 0.18984375 0.0109375 0.0125
4 0.73203125 0.125 0.01015625 0.0078125
4 0.7328125 0.134375 0.00546875 0.00859375
4 0.68671875 0.16484375 0.0046875 0.01328125
4 0.67421875 0.16171875 0.01171875 0.01015625
2 0.6109375 0.22421875 0.00859375 0.01484375
4 0.58984375 0.2234375 0.00859375 0.015625
7 0.33984375 0.290625 0.00546875 0.0125
4 0.2875 0.28203125 0.009375 0.0125
4 0.2546875 0.28828125 0.00546875 0.0140625
4 0.26484375 0.29765625 0.0046875 0.01015625
2 0.13671875 0.29921875 0.01484375 0.01953125
2 0.178125 0.2984375 0.00625 0.0125
2 0.18671875 0.30625 0.0109375 0.01328125
3 0.18359375 0.33984375 0.015625 0.01015625
3 0.16796875 0.3546875 0.01171875 0.0125
2 0.18984375 0.371875 0.00625 0.0125
2 0.1890625 0.33046875 0.00703125 0.00859375
2 0.171875 0.34296875 0.0078125 0.01328125
2 0.15859375 0.32734375 0.00546875 0.01171875
3 0.115625 0.33125 0.00703125 0.02109375
7 0.1390625 0.33203125 0.00546875 0.0078125
4 0.2109375 0.3203125 0.0125 0.0078125
2 0.246875 0.32890625 0.009375 0.01328125
5 0.26875 0.315625 0.01328125 0.0078125
4 0.2984375 0.3265625 0.00859375 0.015625
4 0.32109375 0.321875 0.00625 0.00859375
2 0.346875 0.321875 0.00703125 0.01015625
2 0.38125 0.3171875 0.0046875 0.0109375
4 0.421875 0.32890625 0.0046875 0.009375
4 0.4671875 0.28515625 0.00546875 0.00859375
5 0.50859375 0.28828125 0.00703125 0.0171875
2 0.51953125 0.30546875 0.01015625 0.01484375
2 0.53515625 0.240625 0.00625 0.00703125
2 0.59140625 0.2640625 0.00703125 0.0125
3 0.67421875 0.30078125 0.01015625 0.01796875
4 0.61015625 0.2671875 0.00625 0.0109375
4 0.64609375 0.2765625 0.0046875 0.01015625
4 0.6578125 0.253125 0.00546875 0.01015625
4 0.715625 0.28046875 0.00546875 0.009375
2 0.74140625 0.2421875 0.0078125 0.01875
2 0.76015625 0.23203125 0.01640625 0.0125
3 0.7078125 0.20078125 0.00703125 0.0203125
4 0.7203125 0.10390625 0.0125 0.0078125
4 0.6671875 0.06640625 0.0109375 0.01015625
7 0.65546875 0.0359375 0.00625 0.01171875
2 0.765625 0.15234375 0.00625 0.0125
2 0.74921875 0.284375 0.00546875 0.01484375
4 0.70390625 0.240625 0.009375 0.00546875
4 0.78125 0.29375 0.00390625 0.0140625
2 0.18671875 0.2734375 0.00703125 0.0078125
4 0.209375 0.28828125 0.0140625 0.0109375
4 0.19609375 0.284375 0.0078125 0.00703125
4 0.1296875 0.27578125 0.0078125 0.0171875
4 0.13984375 0.28125 0.0046875 0.01328125
4 0.21171875 0.3671875 0.01015625 0.0078125
7 0.2234375 0.3609375 0.00390625 0.0109375
4 0.3328125 0.359375 0.00546875 0.0109375
4 0.3140625 0.34609375 0.00625 0.0109375
4 0.1796875 0.36328125 0.00859375 0.0109375
4 0.5671875 0.33203125 0.0046875 0.01328125
4 0.396875 0.328125 0.009375 0.00859375
2 0.49140625 0.35390625 0.009375 0.01328125
3 0.359375 0.37109375 0.01796875 0.0109375
3 0.1421875 0.39375 0.00703125 0.02578125
3 0.14921875 0.4109375 0.015625 0.0078125
2 0.18125 0.39609375 0.0078125 0.01015625
7 0.2875 0.38359375 0.0046875 0.0109375
2 0.3765625 0.35703125 0.0046875 0.01484375
4 0.4265625 0.378125 0.00625 0.01328125
4 0.33203125 0.42421875 0.00703125 0.015625
4 0.3140625 0.434375 0.00625 0.0125
5 0.30546875 0.434375 0.0078125 0.01640625
4 0.18359375 0.43046875 0.003125 0.01484375
4 0.14453125 0.4234375 0.0109375 0.01328125
4 0.246875 0.4125 0.009375 0.015625
4 0.365625 0.403125 0.00390625 0.0125
4 0.34921875 0.39765625 0.0046875 0.01875
4 0.45234375 0.40546875 0.01015625 0.0140625
2 0.6109375 0.34921875 0.0078125 0.009375
3 0.68359375 0.340625 0.0125 0.01015625
2 0.66328125 0.346875 0.01171875 0.01328125
2 0.51796875 0.35 0.01015625 0.0109375
7 0.52890625 0.37265625 0.00546875 0.0140625
2 0.5765625 0.4125 0.009375 0.009375
7 0.53515625 0.42109375 0.0046875 0.009375
4 0.50078125 0.38359375 0.0125 0.00703125
4 0.52578125 0.38203125 0.00703125 0.01328125
4 0.625 0.3546875 0.00546875 0.009375
4 0.640625 0.4078125 0.00390625 0.01015625
2 0.646875 0.3234375 0.01484375 0.02578125
2 0.68984375 0.371875 0.009375 0.02265625
4 0.68125 0.3921875 0.00546875 0.0125
2 0.709375 0.334375 0.00390625 0.01171875
3 0.75234375 0.34296875 0.00859375 0.01484375
2 0.7609375 0.3484375 0.01328125 0.01328125
2 0.77421875 0.35546875 0.01328125 0.015625
2 0.79375 0.34765625 0.009375 0.0109375
2 0.775 0.328125 0.0078125 0.01171875
4 0.7625 0.3140625 0.0046875 0.01796875
4 0.70546875 0.4125 0.00625 0.01484375
2 0.6875 0.4140625 0.01484375 0.02265625
2 0.7125 0.39609375 0.00625 0.01171875
2 0.72265625 0.3765625 0.0078125 0.0109375
2 0.7640625 0.421875 0.01171875 0.01328125
4 0.715625 0.30078125 0.0078125 0.01484375
7 0.64453125 0.36328125 0.0125 0.01015625
4 0.14453125 0.46328125 0.00546875 0.0140625
4 0.1421875 0.48125 0.00390625 0.01484375
4 0.165625 0.45546875 0.0046875 0.0125
3 0.12890625 0.50546875 0.0125 0.01875
2 0.18671875 0.45625 0.009375 0.00703125
2 0.165625 0.4703125 0.00546875 0.0078125
2 0.2140625 0.4390625 0.00625 0.00625
2 0.15078125 0.4890625 0.00625 0.01015625
2 0.184375 0.49609375 0.00546875 0.01171875
1 0.246875 0.465625 0.01953125 0.03125
4 0.271875 0.47578125 0.00390625 0.01015625
4 0.2859375 0.4578125 0.00546875 0.01015625
7 0.3359375 0.46953125 0.003125 0.0140625
7 0.35234375 0.44921875 0.00703125 0.0078125
3 0.36015625 0.51171875 0.0140625 0.01484375
4 0.37265625 0.48359375 0.01015625 0.01015625
0 0.42265625 0.44609375 0.02734375 0.03984375
2 0.44375 0.43828125 0.01015625 0.0234375
4 0.4640625 0.45 0.00703125 0.01484375
4 0.5171875 0.42109375 0.009375 0.0109375
4 0.52578125 0.4703125 0.00703125 0.01328125
4 0.515625 0.48125 0.00390625 0.0125
4 0.428125 0.41328125 0.01171875 0.009375
2 0.55078125 0.47890625 0.01484375 0.01328125
5 0.51640625 0.49296875 0.01015625 0.0109375
2 0.52578125 0.5078125 0.0171875 0.01171875
2 0.5859375 0.5 0.00703125 0.01640625
7 0.56796875 0.51953125 0.00703125 0.01640625
5 0.58125 0.53046875 0.01015625 0.01171875
5 0.5375 0.471875 0.00390625 0.0125
4 0.571875 0.49140625 0.01171875 0.009375
4 0.62734375 0.47578125 0.00546875 0.01484375
2 0.6859375 0.4953125 0.015625 0.0109375
7 0.684375 0.48359375 0.00625 0.01015625
7 0.63046875 0.5625 0.00625 0.015625
3 0.62578125 0.534375 0.0078125 0.015625
2 0.61328125 0.50625 0.009375 0.009375
5 0.69609375 0.45078125 0.00546875 0.01640625
5 0.6734375 0.43203125 0.00625 0.0078125
2 0.65546875 0.53671875 0.00859375 0.0109375
3 0.659375 0.6015625 0.00546875 0.02109375
2 0.60703125 0.57734375 0.00546875 0.0140625
3 0.20859375 0.53203125 0.0078125 0.01796875
2 0.21484375 0.55390625 0.01171875 0.0171875
2 0.19765625 0.56953125 0.01484375 0.0140625
3 0.30234375 0.56015625 0.00625 0.01875
7 0.24609375 0.55390625 0.00546875 0.01328125
4 0.2296875 0.5203125 0.00390625 0.0140625
7 0.3390625 0.5203125 0.00703125 0.0171875
2 0.184375 0.546875 0.01171875 0.01796875
4 0.1765625 0.571875 0.00546875 0.015625
2 0.25703125 0.56875 0.0078125 0.01640625
7 0.2828125 0.60859375 0.0078125 0.01328125
5 0.32265625 0.55546875 0.0046875 0.0171875
3 0.44609375 0.5375 0.01171875 0.01953125
7 0.45703125 0.53359375 0.003125 0.01953125
7 0.4671875 0.525 0.00625 0.0109375
2 0.465625 0.51171875 0.01015625 0.01640625
2 0.3765625 0.5859375 0.01640625 0.01015625
2 0.3765625 0.56171875 0.00625 0.00859375
7 0.41015625 0.56640625 0.00390625 0.01328125
2 0.528125 0.5890625 0.02109375 0.02578125
4 0.490625 0.575 0.00703125 0.015625
2 0.51796875 0.5421875 0.00625 0.01171875
2 0.56328125 0.5484375 0.00703125 0.0109375
4 0.57578125 0.5796875 0.0046875 0.0109375
4 0.5546875 0.52734375 0.00625 0.01328125
5 0.62265625 0.61171875 0.0046875 0.01328125
2 0.6046875 0.6421875 0.01953125 0.015625
7 0.5734375 0.653125 0.00625 0.01171875
3 0.6875 0.63828125 0.0078125 0.01796875
5 0.67578125 0.65390625 0.009375 0.0140625
4 0.73515625 0.5140625 0.00546875 0.01328125
4 0.72734375 0.63984375 0.00625 0.01640625
3 0.55703125 0.6578125 0.0125 0.01171875
7 0.56640625 0.678125 0.00703125 0.015625
2 0.146875 0.61015625 0.009375 0.02421875
2 0.18046875 0.6015625 0.0109375 0.01015625
3 0.171875 0.59453125 0.00859375 0.01328125
2 0.159375 0.625 0.00625 0.0140625
3 0.146875 0.69296875 0.01328125 0.0125
3 0.13671875 0.675 0.0078125 0.0171875
2 0.1625 0.65703125 0.00703125 0.01953125
3 0.1875 0.62734375 0.0109375 0.02109375
3 0.19609375 0.62734375 0.015625 0.00625
4 0.20625 0.63828125 0.00625 0.0125
4 0.19609375 0.61953125 0.0046875 0.01328125
4 0.20546875 0.6609375 0.0078125 0.0203125
4 0.2234375 0.65703125 0.00546875 0.01328125
2 0.2265625 0.53984375 0.0078125 0.009375
4 0.23359375 0.53515625 0.003125 0.0109375
4 0.2828125 0.5765625 0.009375 0.0140625
4 0.2890625 0.5421875 0.0046875 0.01171875
7 0.33203125 0.63515625 0.0046875 0.0109375
4 0.36171875 0.63125 0.00625 0.01015625
2 0.35078125 0.5921875 0.01015625 0.01328125
2 0.35625 0.6546875 0.01171875 0.01328125
2 0.35078125 0.66171875 0.0078125 0.01484375
3 0.18203125 0.6921875 0.015625 0.0109375
2 0.23046875 0.71015625 0.01015625 0.0109375
2 0.2828125 0.65546875 0.0078125 0.01328125
7 0.2484375 0.67890625 0.00625 0.0078125
7 0.2828125 0.68125 0.00390625 0.01171875
7 0.31328125 0.69921875 0.0046875 0.0109375
4 0.27578125 0.703125 0.0109375 0.0078125
7 0.31875 0.68125 0.00703125 0.00703125
3 0.35703125 0.71171875 0.0125 0.01953125
3 0.4015625 0.7421875 0.015625 0.0125
7 0.409375 0.71484375 0.00859375 0.01328125
4 0.396875 0.634375 0.0046875 0.01328125
3 0.50078125 0.640625 0.0109375 0.0203125
2 0.54140625 0.659375 0.0140625 0.0109375
2 0.5484375 0.68359375 0.0125 0.01171875
2 0.59375 0.6984375 0.00703125 0.0140625
2 0.521875 0.63828125 0.00703125 0.01328125
4 0.621875 0.71796875 0.00625 0.02109375
4 0.60703125 0.7359375 0.00546875 0.01484375
3 0.49453125 0.734375 0.01328125 0.0140625
2 0.4203125 0.7359375 0.01171875 0.021875
7 0.6046875 0.39375 0.0109375 0.00703125
2 0.3078125 0.72265625 0.01953125 0.025
4 0.296875 0.703125 0.0046875 0.015625
4 0.50859375 0.6796875 0.00859375 0.01015625
4 0.6484375 0.68203125 0.0078125 0.01875
2 0.69375 0.5125 0.00859375 0.0140625
2 0.525 0.7640625 0.02109375 0.01328125
2 0.63828125 0.740625 0.009375 0.021875
4 0.74765625 0.5890625 0.015625 0.01875
7 0.39453125 0.6953125 0.0078125 0.00859375
7 0.7125 0.56640625 0.00546875 0.01171875
4 0.60078125 0.55703125 0.01015625 0.01015625
5 0.465625 0.62890625 0.0140625 0.0078125
3 0.21171875 0.76875 0.01015625 0.01953125
3 0.1609375 0.725 0.01328125 0.0171875
4 0.2078125 0.7203125 0.00703125 0.0125
2 0.22421875 0.759375 0.01328125 0.0109375
2 0.253125 0.74765625 0.01171875 0.0125
4 0.25703125 0.7375 0.01328125 0.0140625
4 0.4046875 0.65390625 0.00625 0.0140625
4 0.60078125 0.59921875 0.0109375 0.02109375
4 0.390625 0.78203125 0.009375 0.0109375
4 0.39453125 0.775 0.00546875 0.0109375
3 0.40625 0.79140625 0.01015625 0.01953125
3 0.43671875 0.82109375 0.0171875 0.0125
7 0.41875 0.81875 0.00546875 0.0140625
4 0.30703125 0.80859375 0.0046875 0.01640625
4 0.3171875 0.8078125 0.00859375 0.0140625
4 0.5078125 0.7859375 0.0078125 0.0125
4 0.5515625 0.75390625 0.00859375 0.015625
4 0.56015625 0.76875 0.00625 0.01640625
7 0.65859375 0.76640625 0.00859375 0.015625
4 0.5890625 0.75625 0.0078125 0.01328125
4 0.47734375 0.78515625 0.0078125 0.01484375
4 0.49609375 0.79375 0.0125 0.0109375
2 0.26796875 0.77578125 0.00859375 0.009375
2 0.253125 0.79609375 0.0109375 0.01015625
4 0.625 0.66171875 0.0046875 0.0078125
4 0.61640625 0.6578125 0.0046875 0.01171875
3 0.7140625 0.1578125 0.00859375 0.00859375
2 0.60546875 0.07421875 0.00859375 0.00703125
2 0.59375 0.11015625 0.00859375 0.009375
2 0.30546875 0.50546875 0.0078125 0.01171875
4 0.51484375 0.46328125 0.01171875 0.01328125
2 0.76171875 0.52734375 0.0109375 0.01328125
7 0.390625 0.75625 0.00703125 0.0171875
3 0.546875 0.83046875 0.00546875 0.01796875
3 0.5015625 0.80703125 0.01328125 0.01015625
1 0.46015625 0.81015625 0.00859375 0.009375
4 0.45625 0.78515625 0.0125 0.0109375
2 0.40390625 0.8359375 0.00625 0.01796875
7 0.63828125 0.8328125 0.003125 0.01484375
4 0.7234375 0.60234375 0.01484375 0.01171875
4 0.51171875 0.8375 0.00625 0.01328125
4 0.4875 0.825 0.00859375 0.0171875
4 0.51796875 0.828125 0.00390625 0.0234375
3 0.44375 0.846875 0.0078125 0.0140625
4 0.4625 0.87578125 0.00703125 0.0125
4 0.3265625 0.8640625 0.0046875 0.0109375
4 0.33125 0.84921875 0.009375 0.01328125
4 0.31796875 0.84921875 0.00625 0.01640625
4 0.3578125 0.7578125 0.01015625 0.00859375
2 0.2125 0.7421875 0.00859375 0.01640625