3 0.35014145389050033 0.6113576450489118 0.020858137023308566 0.016808068401734034
1 0.7513393992586621 0.8017055691076058 0.011101191106992658 0.005324536831702887
1 0.777626591546781 0.7250219717666765 0.011210318511654193 0.008449536831702886
1 0.7698463186812903 0.6143119849208561 0.012772818511654193 0.008540542093374803
1 0.8688096083370042 0.5788001481738577 0.00964781851165455 0.008358531570031146
1 0.8732416479927178 0.5487941297580063 0.012718254809323426 0.006978042093374626
1 0.8528001732204611 0.5014486928980686 0.009702382213985316 0.009921031570031148
1 0.8508904436388814 0.4467611928980685 0.012772818511654549 0.008540542093374803
1 0.8879712921876024 0.4101565639871082 0.012827382213985317 0.010103042093374804
1 0.9068477777596321 0.3902689982162101 0.009702382213985316 0.009921031570031057
1 0.9020337921876024 0.4093375166320616 0.00964781851165455 0.008358531570031146
1 0.9116518396478647 0.3484987271695227 0.012772818511654549 0.008540542093374803
1 0.8457788137871489 0.2779656902672326 0.014335318511654548 0.00863154735504663
1 0.7686731659640671 0.334123955981661 0.00970238221398514 0.009921031570031148
1 0.788276337833766 0.31262838757992695 0.012881945916316084 0.011665542093374804
1 0.7368502470895931 0.319537811215098 0.016006945916316084 0.01184755261671846
1 0.7741816106992567 0.4246124480891532 0.012772818511654193 0.008540542093374803
1 0.7579291281224518 0.40755375070587174 0.00970238221398514 0.009921031570031148
1 0.7727034454529799 0.49437121124333283 0.00970238221398514 0.009921031570031148
1 0.7851042417321155 0.513219921780794 0.00970238221398514 0.009921031570031148
1 0.7404911461786192 0.5134698217384417 0.012772818511654193 0.008540542093374803
1 0.7423388775742977 0.6112170770001135 0.00970238221398514 0.009921031570031148
1 0.6850472219466677 0.6967520295744797 0.011264882213985139 0.010012036831702886
1 0.6750794557045989 0.6354883058828389 0.00970238221398514 0.009921031570031148
1 0.6886335242162531 0.6425272611586282 0.012772818511654193 0.008540542093374803
1 0.7081994905509891 0.5975486901260583 0.012772818511654193 0.008540542093374803
1 0.6994420494439966 0.5933617190652535 0.012772818511654193 0.008540542093374803
1 0.6648388709508758 0.5664120821911982 0.011155754809323426 0.006887036831702886
1 0.5185541479927178 0.5694523241575161 0.012881945916316084 0.011665542093374804
1 0.5221230920949352 0.5371480583725006 0.00970238221398514 0.009921031570031148
1 0.5174157447273404 0.49201756889584425 0.00970238221398514 0.009921031570031148
1 0.6653869640573014 0.40276681114451074 0.00970238221398514 0.009921031570031148
1 0.3276141786627568 0.6612057266048254 0.020912700725639333 0.018370568401734032
1 0.393759989918017 0.4929569845679203 0.012772818511654193 0.008540542093374803
1 0.3934970950901601 0.5078462371987562 0.00970238221398514 0.009921031570031148
1 0.3885789273968125 0.41184349246042806 0.015897818511654283 0.008722552616718459
1 0.519543696001134 0.30636078995664906 0.015897818511654192 0.008722552616718459
1 0.4577530241314351 0.33031350042352303 0.00970238221398514 0.009921031570031148
1 0.4647769058820842 0.8677147898860618 0.017896828130301044 0.021313557878390555
1 0.48670643646730516 0.6214089372834609 0.009593254809323427 0.0067960315700311465
1 0.6148586852013608 0.368133476887174 0.012881945916316084 0.011665542093374804
1 0.6246602711362103 0.357385692686307 0.011264882213985139 0.010012036831702886
1 0.6463914273968124 0.39682762428457297 0.012827382213985139 0.010103042093374804
1 0.601190544001701 0.4699157847655644 0.012772818511654193 0.008540542093374803
1 0.5572247783926044 0.533537939984884 0.00970238221398514 0.009921031570031148
1 0.5472942176854984 0.4957572189240791 0.012772818511654193 0.008540542093374803
1 0.6001116497219983 0.2820972663497129 0.012827382213985139 0.010103042093374804
1 0.6800794027172232 0.24064624274277674 0.012827382213985139 0.010103042093374804
1 0.6895139448200076 0.3763107269577612 0.00970238221398514 0.009921031570031057
1 0.8146428864751544 0.17096453234648995 0.009593254809323427 0.006796031570031102
1 0.6072322459932848 0.732597795288908 0.012827382213985139 0.010103042093374804
1 0.6480209371002774 0.73491915848544 0.012772818511654193 0.008540542093374803
1 0.5461632820208014 0.6202944873399305 0.00970238221398514 0.009921031570031148
1 0.45542172013256915 0.6670700477785696 0.008194445916316084 0.01139252630835923
1 0.4264361137792997 0.7337339030120067 0.00813988221398514 0.00983002630835923
1 0.41812507285764156 0.5181544056428425 0.00813988221398514 0.009830026308359408
1 0.49333337086605783 0.25074012151256275 0.014335318511654194 0.008631547355046721
1 0.47458337086605784 0.2518321846526249 0.012772818511654193 0.008540542093374803
1 0.49997275126594437 0.21669134520420347 0.012772818511654193 0.008540542093374803
1 0.4667510234984629 0.2068837056993123 0.012772818511654193 0.008540542093374803
1 0.3112996647829408 0.4406125055440205 0.009647818511654282 0.008358531570031146
1 0.32339043701545933 0.42816571345064575 0.012772818511654283 0.008540542093374803
1 0.34810520561978087 0.32887136874055245 0.008085318511654283 0.00826752630835923
1 0.3739038137871489 0.305449279292131 0.012772818511654283 0.008540542093374803
1 0.43088544536816187 0.18861882408692893 0.012772818511654193 0.008540542093374803
1 0.22251990697839244 0.47631405809015187 0.012772818511654283 0.008540542093374803
1 0.07575652358328096 0.5553175605798135 0.012827382213985139 0.010103042093374625
1 0.06449164136929583 0.5465795974115164 0.011264882213985139 0.010012036831702886
1 0.04592517984388321 0.5977626658132504 0.011155754809323426 0.006887036831702886
1 0.030726765778732644 0.5884709657991329 0.009593254809323427 0.0067960315700311465
1 0.06031506205786834 0.6063186184582039 0.006468254809323426 0.006614021046687313
1 0.15698667621568613 0.5051817817112054 0.009593254809323427 0.0067960315700311465
1 0.09253479581579954 0.5425977527014231 0.011264882213985139 0.010012036831702886
1 0.09212805724854492 0.5982030105939309 0.011264882213985139 0.010012036831702886
1 0.22526545026230327 0.5325185554593159 0.014444445916315996 0.01175654735504672
1 0.26823174417918627 0.7092861818100274 0.012827382213985139 0.010103042093374804
1 0.7336261096029484 0.8324851322476678 0.009593254809323427 0.0067960315700311465
1 0.675577996626257 0.8515228295603622 0.009593254809323427 0.0067960315700311465
1 0.6248785921797533 0.8568242505646975 0.009593254809323427 0.0067960315700311465
1 0.5869767988958424 0.8026673715831498 0.009593254809323427 0.0067960315700311465
1 0.4661285193221117 0.32356297148432783 0.009647818511654194 0.008358531570031146
1 0.48866571823365257 0.29641664255925015 0.011155754809323426 0.006887036831702886
1 0.48757444418703544 0.26516664255925015 0.011155754809323426 0.006887036831702886
1 0.5005084646054556 0.20961459257336754 0.009647818511654194 0.008358531570031146
1 0.43922373502387557 0.1583852925168978 0.00970238221398514 0.009921031570031102
1 0.47244546279135696 0.16819293202178898 0.009647818511654194 0.008358531570031103
1 0.0728447999921508 0.42710155531814153 0.012827382213985139 0.010103042093374804
1 0.08989589073632365 0.4221942474397512 0.011264882213985139 0.010012036831702886
1 0.08436514255042218 0.46557252111727454 0.009593254809323427 0.0067960315700311465
1 0.1347892392850448 0.38513459222043167 0.009647818511654282 0.008358531570031146
1 0.1304737615175634 0.3736433553746113 0.009647818511654282 0.008358531570031146
1 0.1340799111547437 0.36482209222043166 0.011264882213985139 0.010012036831702886
1 0.15803576632688682 0.378300763295354 0.00970238221398514 0.009921031570031148
1 0.15079369600113401 0.3278380317112054 0.009593254809323427 0.0067960315700311465
1 0.15043903193598346 0.3176817817112054 0.009593254809323427 0.0067960315700311465
1 0.12487603674530687 0.32543336852879096 0.011210318511654282 0.008449536831702974
1 0.20028277531256147 0.26545985807603445 0.012772818511654283 0.008540542093374803
1 0.1581051989963589 0.2906187527720102 0.009593254809323427 0.0067960315700311465
1 0.273573942372937 0.23457460814662162 0.009647818511654282 0.008358531570031146
1 0.26381699645662093 0.22418313971665266 0.009593254809323427 0.0067960315700311465
1 0.2820312831171098 0.23016782920742643 0.009756945916315995 0.011483531570031147
1 0.3302852446425224 0.17725566083392724 0.011155754809323426 0.006887036831702975
1 0.3197470487262064 0.16690969503479428 0.014335318511654283 0.00863154735504663
1 0.31079863466105584 0.15725397397398944 0.014444445916315996 0.011756547355046632
1 0.2869444724100038 0.19152255816073901 0.00970238221398514 0.009921031570031102
1 0.3523611412844778 0.2041520898013573 0.011155754809323426 0.006887036831702886
1 0.357269385294028 0.27745308190884954 0.00970238221398514 0.009921031570031148
1 0.40902036905195926 0.2125946503811707 0.012881945916316084 0.011665542093374804
1 0.23497530007696882 0.7433195475668082 0.009593254809323427 0.0067960315700311465
1 0.21683788056952263 0.6050305922910189 0.012772818511654283 0.008540542093374803
1 0.29850208673745765 0.7466650844690983 0.012772818511654283 0.008540542093374803
1 0.31497033492335913 0.702649773959872 0.011155754809323426 0.006887036831702886
1 0.24562756868129032 0.6448442502117615 0.012881945916315996 0.011665542093374804
1 0.14086071232802083 0.7159218606362832 0.015897818511654283 0.008722552616718459
1 0.12300852421625315 0.6754711658838376 0.011155754809323426 0.006887036831702886
1 0.13876000978828287 0.6557656106362831 0.009593254809323427 0.0067960315700311465
1 0.17507696650437204 0.5972859817253229 0.012827382213985139 0.010103042093374804
3 0.17474958429038692 0.5879109817253229 0.017514882213985138 0.010376057878390198
1 0.21017364128447782 0.21243356861349555 0.011264882213985139 0.010012036831702886
1 0.1620089597961321 0.22306723172532283 0.00970238221398514 0.009921031570031148
1 0.22936758538669527 0.1792192502117615 0.009593254809323427 0.006796031570031102
1 0.26898315689357444 0.14794686340829344 0.00970238221398514 0.009921031570031057
1 0.24558037322831047 0.10547093707169933 0.012772818511654283 0.008540542093374803
1 0.25861608656782165 0.0976661423474886 0.008030754809323425 0.00670502630835923
1 0.27914684137714507 0.10273307394575457 0.009593254809323427 0.006796031570031102
1 0.23717016170289784 0.15606247127256634 0.009647818511654282 0.008358531570031103
1 0.7928522212288776 0.24190636390240358 0.00970238221398514 0.009921031570031148
1 0.8408333642426357 0.18118169552890445 0.008139882213985317 0.00983002630835923
1 0.8956299916472975 0.18112151137038973 0.009593254809323427 0.006796031570031058
1 0.8481994309401916 0.14552491658970929 0.009702382213985316 0.009921031570031102
1 0.8574181743167696 0.09566912975800633 0.009647818511654194 0.00835853157003108
1 0.7915674850238756 0.13786360600989583 0.012827382213985139 0.010103042093374804
1 0.7249677728654907 0.06893857173844166 0.014335318511654194 0.008631547355046653
1 0.7109796839354164 0.11672362435516015 0.011155754809323426 0.006887036831702975
1 0.7402653906515055 0.05865351912172316 0.012772818511654193 0.008540542093374803
1 0.7087971358421823 0.05422362435516015 0.009593254809323427 0.006796031570031102
1 0.7124851310328587 0.047746111200980525 0.012772818511654193 0.008540542093374782
1 0.7247668762235354 0.040768069107605734 0.011155754809323426 0.006887036831702942
1 0.6977678666048885 0.029815158556027167 0.00970238221398514 0.009921031570031102
1 0.6820610210513923 0.028381461172745658 0.009647818511654194 0.008358531570031103
1 0.6423809621583848 0.035389595345377806 0.009593254809323427 0.006796031570031091
1 0.6584052662420689 0.02349654009782339 0.008085318511654194 0.008267526308359247
1 0.6455778840280837 0.014849582191198186 0.012772818511654193 0.008540542093374792
1 0.601493067330528 0.052644984779681804 0.012827382213985139 0.010103042093374804
1 0.5605679669677082 0.04641737158314988 0.012827382213985139 0.010103042093374781
1 0.44355408175849825 0.08063201883937449 0.014444445916316084 0.011756547355046654