7 0.9084451472617119 0.3291986651481076 0.022511669961944137 0.016261497492717502
3 0.8861045736494464 0.3745877214954561 0.03064250494291585 0.02430131802583091
3 0.9403715568807136 0.6914175203209572 0.025445668973360824 0.011664925705962937
5 0.5537098622041903 0.547511778305023 0.01932300296574958 0.014608069279472247
5 0.6192898053606577 0.2802082695295343 0.02439250494291585 0.024119461599340218
3 0.43551561912427256 0.5768462741483878 0.025573002965749582 0.014789925705962936
7 0.46286066361051537 0.78832934342786 0.013327670950527093 0.02067621285298138
3 0.5658357663859845 0.8834038141984003 0.024137836958138335 0.017869461599340043
7 0.22047820954245195 0.6041432453811465 0.01619800296574958 0.014517141066226813
5 0.2619706897707884 0.5117117044732042 0.02069450197716636 0.009966033386094964
7 0.2829941611018764 0.3765470942857898 0.017760502965749582 0.014562605172849529
7 0.571454483231267 0.3318784181176085 0.019068334980972067 0.008358069279472247
7 0.7583058844101307 0.2639648070722643 0.019195668973360825 0.011483069279472157
7 0.4926516398845192 0.6768295537735589 0.016070668973360826 0.011392141066226814
7 0.4439302969948818 0.6301531305748785 0.01932300296574958 0.014608069279472247
7 0.34681923916276614 0.35343385471063105 0.006823002965749581 0.01424435642649069
7 0.3297298982502951 0.31704171364440425 0.012882001977166357 0.009738712852981469