3 0.5276371974758673 0.8120387639646343 0.020603440729444422 0.013209328130301401
7 0.5194863906738538 0.4567783450901601 0.015806837955902785 0.008358137023308565
1 0.6324630886214929 0.23866824055098917 0.027108013867708357 0.024365082939624562
1 0.6899261772429858 0.45725703864422346 0.02238414627652787 0.022638891832631992
1 0.7597431422893745 0.71615337820727 0.022311411094166723 0.01951389183263199
1 0.3593171825613193 0.18299856079192398 0.020676175911805574 0.016334328130301133
1 0.3129759386421521 0.763102723042976 0.022384146276527784 0.022638891832631992
1 0.9830734991469786 0.627780392087086 0.006722778685347208 0.020530754809323426
2 0.8581267441129856 0.6883136096029483 0.02383754350298588 0.018005955534962936
1 0.3779561201566317 0.2892039207733905 0.00952047036472221 0.006577382213985139
1 0.36830771001239554 0.3342163204105708 0.009484102773541636 0.005014882213985139
1 0.4105127405976038 0.3685293222246694 0.014280705547083272 0.00986607332097771
1 0.4679979322769789 0.384610679210911 0.012681837955902785 0.008249009618646852
1 0.5862745003812496 0.44269105243922147 0.007994337955902786 0.008085318511654194
1 0.640852897607708 0.4492882820208015 0.011119337955902786 0.008194445916316084
1 0.5529554669462498 0.32893608728561186 0.011119337955902786 0.008194445916315907
1 0.560710802717951 0.46603678320192776 0.007994337955902786 0.008085318511654194
1 0.275807166225069 0.546004503080043 0.011192073138263935 0.011319445916316085
1 0.3082189695117009 0.5979588726801562 0.007994337955902786 0.008085318511654194
1 0.3673036819926384 0.5789112615175634 0.011119337955902786 0.008194445916316084
1 0.10722212680614544 0.46583830952597954 0.011192073138263892 0.011319445916316085
1 0.1115277670987496 0.4824082506329722 0.011192073138263935 0.011319445916316085
1 0.35656228448183963 0.77166175670824 0.011119337955902786 0.008194445916316084
1 0.36935191879052015 0.8268403300292178 0.007994337955902786 0.00808531851165455
3 0.639791705359652 0.8308111005324557 0.01907730832062491 0.014717264427970278