4 0.675487896853301 0.4788916859086861 0.03292158430895533 0.019131808004454243
4 0.7326464118804156 0.5001030672342773 0.029842036104353476 0.026907945337363515
5 0.5232799813586481 0.3697177752625942 0.021974993949875808 0.017442038669636162
4 0.4982179114876321 0.7622234485996394 0.028243174668035033 0.02063976400381797
4 0.463674218963812 0.5993330972708666 0.01883181323171641 0.014280676002545433
5 0.4154174843837102 0.36237853727722985 0.020385222872636888 0.012736357336090798
5 0.42269067066101423 0.6724711526098208 0.01258181323171641 0.014207950668363622
3 0.3316419272021178 0.33210123862191115 0.021974993949875808 0.01744203866963625
7 0.20232310762568945 0.5312756299729557 0.01259999394987581 0.01733295066836362
4 0.2901372458947834 0.7185478159611837 0.0188409035907962 0.015843176002545433
4 0.32293156517662414 0.7150410079567292 0.0157159035907962 0.01580681333545435
4 0.6533674571581513 0.43695872457832224 0.02509999394987581 0.017478401336727067
5 0.7706135236113216 0.31136728389564117 0.018840903590796286 0.015843176002545346
6 0.6118218692349585 0.8163740519175947 0.05335225897699036 0.03968066534054522
0 0.4931314774498231 0.9622961739338212 0.051762487899751616 0.03497498400699968