3 0.725 0.7462486720729578 0.0203125 0.01754205600635448
5 0.70546875 0.8763765028360785 0.015625 0.008085235389503254
3 0.66328125 0.7459526172844193 0.0140625 0.017432961850553142
4 0.615625 0.778714524346434 0.0203125 0.0128545560063543
7 0.6140625 0.7982185008074836 0.021875 0.008194329545304769
7 0.71796875 0.6250321911476812 0.015625 0.008085235389503254
5 0.5375 0.7593820973989169 0.01875 0.008139782467404188
4 0.52890625 0.7881383429346901 0.0171875 0.017487508928453722
4 0.5125 0.8691019707757114 0.0140625 0.011182961850553142
5 0.396875 0.8584899788933864 0.0140625 0.014307961850553141
5 0.39765625 0.7975661156628615 0.0109375 0.015815914772652383
4 0.41484375 0.7416161245913152 0.0140625 0.011182961850553142
5 0.38046875 0.7285161067344077 0.0171875 0.01123750892845372
5 0.34765625 0.7154433624164506 0.0125 0.014280688311602674
3 0.365625 0.8602882581143796 0.021875 0.014444329545304769
5 0.33671875 0.8332211976437982 0.0109375 0.017378414772652208
5 0.2828125 0.7580615105500115 0.0140625 0.014307961850553141
5 0.28046875 0.725989350241586 0.01875 0.008139782467404188
5 0.4046875 0.639095096588138 0.0203125 0.0112920560063543
5 0.3859375 0.641892814120734 0.0109375 0.015815914772652383
5 0.35390625 0.658521206572252 0.0109375 0.011128414772652384
3 0.38203125 0.5738558802733582 0.025 0.009811376623205349
7 0.4 0.591357025971287 0.01875 0.0065772824674041885
5 0.27421875 0.6657240060857846 0.0140625 0.014307961850553141
4 0.321875 0.65405584902377 0.0109375 0.014253414772652384
5 0.3640625 0.5243234845754292 0.0109375 0.015815914772652383
7 0.37578125 0.4745280361175568 0.021875 0.006631829545304768
5 0.21484375 0.8342188616056717 0.0140625 0.00805796185055314
4 0.26953125 0.8242359354689338 0.0234375 0.011346603084255235
5 0.2375 0.8205518279204516 0.015625 0.008085235389503254
3 0.15859375 0.8191745142034594 0.0109375 0.017378414772652208
3 0.14609375 0.7744250758918568 0.021875 0.008194329545304769
5 0.11875 0.7887915389602258 0.015625 0.011210235389503432
5 0.11328125 0.7785398315738996 0.0078125 0.012636367694751627
7 0.0140625 0.6385267118505531 0.00625 0.007921594155801338
5 0.0421875 0.6733926355516593 0.01875 0.008139782467404188
4 0.08125 0.6061057240254176 0.021875 0.011319329545304768
5 0.07265625 0.6442369695611909 0.009375 0.009538641233702095
5 0.11484375 0.6504421051128499 0.015625 0.014335235389503254
5 0.09296875 0.5969352755675452 0.0140625 0.009620461850553142
4 0.14140625 0.5141870052750057 0.0171875 0.012800008928453722
5 0.16953125 0.4771779289761119 0.01875 0.009702282467404188
5 0.190625 0.5212961217519415 0.0171875 0.01123750892845372
5 0.028125 0.4387721737011061 0.015625 0.008085235389503431
4 0.284375 0.3924637840889619 0.0171875 0.014362508928453721
4 0.23046875 0.38292909699517513 0.0234375 0.014471603084255057
5 0.221875 0.32340409253094826 0.0109375 0.017378414772652385
4 0.0453125 0.34844718262955987 0.0140625 0.017432961850553052
5 0.0390625 0.29755683847375847 0.01875 0.0081397824674041
5 0.090625 0.23283186525911975 0.015625 0.008085235389503431
5 0.13046875 0.3186835905023534 0.0171875 0.008112508928453721
5 0.2859375 0.2682723076279122 0.0125 0.014280688311602674
7 0.3390625 0.34029335795222376 0.0203125 0.012854556006354389
3 0.3359375 0.3761763108743231 0.0140625 0.02055796185055305
4 0.40546875 0.3547337333576132 0.0140625 0.008057961850553052
4 0.425 0.3738246525944925 0.0203125 0.012854556006354389
4 0.4484375 0.38907750567874755 0.0171875 0.017487508928453722
5 0.684375 0.3299145600602489 0.021875 0.009756829545304768
3 0.8640625 0.47211351703953797 0.0109375 0.020503414772652384
7 0.75546875 0.5358430060824894 0.0171875 0.00967500892845372
0 0.85859375 0.8274868096532119 0.05625 0.04316934740221221
0 0.55546875 0.6948519930968459 0.0515625 0.05246252678536116
0 0.56484375 0.5911093843305479 0.0625 0.05421594155801355
0 0.27421875 0.43291150608578466 0.0546875 0.04939207386326192
0 0.38125 0.250404743503883 0.071875 0.06375458279171564
0 0.2734375 0.6266478693163094 0.0578125 0.04163412094116268
0 0.0421875 0.7007363855516592 0.05 0.04306025324641087
0 0.08984375 0.5000057284896446 0.0671875 0.04492276217486477
0 0.08828125 0.4210722049506942 0.059375 0.05259889448011297
4 0.70546875 0.7185640028360785 0.034375 0.014662517856907442
4 0.584375 0.39535655356742716 0.025 0.026998876623205527
2 0.5796875 0.26324348295057615 0.0328125 0.02557274431795715
4 0.221875 0.7390290925309483 0.01875 0.0065772824674041885
4 0.18671875 0.7501341879045655 0.0140625 0.011182961850553142
7 0.171875 0.6787813392845374 0.015625 0.008085235389503431
4 0.221875 0.6312165925309483 0.0203125 0.0144170560063543
2 0.309375 0.5702439107121673 0.0359375 0.02562729139585791
0 0.28359375 0.6033876473194868 0.03125 0.03492047077900686
0 0.13515625 0.8414216611192045 0.053125 0.05717730032431163
0 0.1859375 0.8704330511350905 0.04375 0.039826159090609534
0 0.0203125 0.6573858060063544 0.015625 0.033085235389503254
0 0.6359375 0.9165690803527884 0.0515625 0.05558752678536116
0 0.690625 0.9526799042160503 0.04375 0.039826159090609534
0 0.4828125 0.8982712735356551 0.0484375 0.03365797970746058
0 0.17578125 0.12416202313191324 0.059375 0.03541139448011292
3 0.48125 0.5209002499967047 0.0265625 0.012963650162155815