5 0.5250451264642843 0.1627014801007546 0.011637836958138336 0.017760710085908293
5 0.5542232904947291 0.17364562415328932 0.011701503954332716 0.019323210085908295
3 0.4992426773391367 0.3176313195398765 0.012019838935304606 0.027135710085908295
5 0.22078080182625456 0.5317977973773236 0.008385502965749492 0.014471935775648603
4 0.30454830676917044 0.5040202781554467 0.0176968359695552 0.013400758706427318
5 0.40267013038143584 0.5448732502271426 0.014635502965749581 0.014799484396167628
4 0.44940055034337983 0.5268325791508148 0.01801517095052709 0.02121325870642714
5 0.5711800498490882 0.5227891310506942 0.013200336958138336 0.01784259724103805
5 0.561006553803421 0.5046123411366026 0.016134335969555026 0.013318871551297563
5 0.6864058018262545 0.5073954251486575 0.008576503954332538 0.01915943577564878
5 0.6601098986702245 0.44484783751855794 0.014635502965749581 0.014799484396167805
5 0.7013185360089238 0.5814537228646653 0.010075336958138337 0.017678822930778538
5 0.6913824619023667 0.5383178765281385 0.008576503954332538 0.01915943577564878
3 0.7424263556668566 0.6440046325210323 0.017951503954332714 0.019650758706427317
3 0.6020387776059668 0.6264154200602748 0.014953837946721471 0.022611984396167628
5 0.5252733477581911 0.6928050599289381 0.017696835969555024 0.013400758706427141
5 0.5707768487467744 0.6857428324301753 0.01182883794672147 0.022448210085908294
5 0.5812050127772193 0.697669622344267 0.008576503954332714 0.01915943577564878
5 0.5590818868444075 0.11180404342059469 0.011701503954332716 0.019323210085908295
7 0.6682367109509646 0.1497400554063823 0.011701503954332716 0.019323210085908295
7 0.4766102850575217 0.20343934475464714 0.016261669961943958 0.016443871551297562
4 0.6949318621298282 0.22162169945891702 0.01189250494291585 0.024010710085908292
3 0.6964068374152489 0.338481650838398 0.014890170950527092 0.021049484396167807
4 0.7297512366169461 0.4193698026928489 0.016452670950527094 0.021131371551297563
4 0.628727247491361 0.37321185493141246 0.016325336958138335 0.018006371551297563
5 0.49001893867066215 0.6587919080744873 0.010139003954332714 0.019241322930778536
5 0.4499550127772192 0.7045481433751661 0.013200336958138336 0.01784259724103805
2 0.3747613531953986 0.674966863976524 0.03296900889724856 0.04382524310259513
5 0.3319451590131669 0.8074009056996381 0.008703837946721471 0.022284435775648603
5 0.36963616000175004 0.800748113976524 0.011765170950527093 0.02088571008590847
5 0.42029273460259875 0.8394111442796774 0.013200336958138336 0.01784259724103805
7 0.46549780524911466 0.8970698360482199 0.01001166996194396 0.016116322930778536
5 0.4297022266939333 0.8763379341937692 0.010139003954332714 0.019241322930778536
7 0.5532206397357949 0.8870154053609539 0.008576503954332538 0.019159435775648603
7 0.6202171387472118 0.8881817576903746 0.014762836958138337 0.017924484396167627
5 0.6263119243362061 0.7194727012679394 0.011701503954332716 0.019323210085908114
5 0.1740464287848304 0.7221262262555673 0.008449169961943915 0.01603443577564878
5 0.5517363245636676 0.4068708819552055 0.011637836958138336 0.017760710085908293
7 0.5939039199247629 0.34775150949939676 0.011446835969555025 0.013073210085908293
3 0.5625094095074585 0.7929788003179997 0.014826503954332538 0.01948698439616763
4 0.5753595779865276 0.7837299530769617 0.011701503954332716 0.019323210085908295
4 0.665061406541709 0.8016367480794362 0.017887836958138337 0.018088258706427496
4 0.6587013185949875 0.82379835312239 0.011383168973360825 0.011510710085908472
3 0.6969242187852679 0.8997533435114518 0.02088550296574958 0.015127033016686654
3 0.7673759816368492 0.8352537522633074 0.014826503954332715 0.01948698439616763
3 0.7689716096211893 0.6239034944613915 0.011637836958138336 0.017760710085908293
3 0.7699637652486772 0.6760834701511319 0.012945668973360825 0.01159259724103805
4 0.5467332177966847 0.9123020104039078 0.014699169961943958 0.01636198439616763
2 0.5961336288985611 0.5417504929910534 0.011765170950527093 0.020885710085908116
2 0.6388622983662134 0.5262582898025501 0.012945668973360825 0.01159259724103805
2 0.6517615463890472 0.5349372489839472 0.011574169961943959 0.016198210085908292
2 0.6692527939175892 0.545714296699955 0.01001166996194396 0.016116322930778536
2 0.6791769391649537 0.6465398123037873 0.013327670950527093 0.020967597241038048
2 0.6459161115983555 0.6209975797166418 0.01001166996194378 0.016116322930778536
2 0.5785521980622023 0.609715920964786 0.01619800296574958 0.014881371551297562
3 0.6913440167315519 0.6731875214851843 0.010139003954332537 0.019241322930778536
2 0.500315815629238 0.8461314557904952 0.017951503954332714 0.019650758706427497
2 0.49145281019203046 0.8723221415661438 0.013136669961943959 0.01628009724103805
2 0.4798030443746997 0.9477725209193576 0.014571835969555202 0.013236984396167628
2 0.5271356422072528 0.8766887369981596 0.011446835969555025 0.013073210085908471