5 0.688866222985769 0.7268570185789586 0.01341005261671846 0.015770450668363623
5 0.8123877519955514 0.6597502398950048 0.011938557878390554 0.01731476933481808
5 0.7433507837067568 0.5213968119032772 0.02269404735504672 0.014317038669636161
5 0.7969238337632266 0.46135819322886845 0.017915542093374627 0.012699994668999893
5 0.8258231075113371 0.39378888522441413 0.018006547355046365 0.014262494668999893
5 0.8753834917545564 0.3588139012174144 0.016171031570031146 0.00955681333545444
5 0.9534468495482422 0.46422755987432396 0.011665542093374625 0.012627269334818081
5 0.9682219810900383 0.5031446092059604 0.016262036831702888 0.01111931333545435
5 0.5634372286003767 0.3585348272597307 0.01764252630835923 0.008012494668999892
5 0.7073244655167843 0.2786826005729134 0.008540542093374803 0.012590906667727175
5 0.6686113050357929 0.23144452124445863 0.02076752630835923 0.008048857336090797
5 0.7040398417969087 0.31624623524032247 0.01608002630835923 0.00799431333545444
5 0.3941349498023559 0.20336716394813875 0.016171031570031146 0.00955681333545444
5 0.4191881577089811 0.1905671719446389 0.01175654735504672 0.014189769334818081
5 0.6913108705949295 0.4735320239099587 0.01451752630835923 0.007976132001908987
5 0.5898155310053338 0.596670626591367 0.024620568401734034 0.020585220003181703