0 0.435907083202048 0.5861890475172309 0.041197744317957155 0.033048849336070066
3 0.09416209375535485 0.7826584847764936 0.012745461850553053 0.014135222872636887
4 0.16156205357731301 0.8604022105759969 0.017378414772652385 0.011037493949875809
4 0.11441036404789431 0.8312187046240684 0.011128414772652384 0.011001132513557365
4 0.10114275081736948 0.8303601865718917 0.012609094155801337 0.0063227228726368875
4 0.12012457589844736 0.8171880208808471 0.01740568831160272 0.01259999394987581
4 0.12346776421005008 0.8047062015990063 0.012636367694751715 0.007885222872636887
4 0.11296664083325551 0.779642569085449 0.012636367694751715 0.007885222872636887
4 0.11662742898270247 0.793727794983148 0.012581820616851003 0.004760222872636888
4 0.06548766883643273 0.7692090631335207 0.011128414772652384 0.011001132513557365
4 0.11936269115756708 0.7265493853422277 0.020503414772652384 0.011055674668035032
7 0.057725761774418106 0.7215028161585828 0.014198867694751715 0.00789431323171641
4 0.12482175852800723 0.7718982467785462 0.015706820616851046 0.004778403590796287
4 0.1703836745184756 0.802635162371395 0.015761367694751716 0.007903403590795933
4 0.19526094359319907 0.8098118581166688 0.012636367694751672 0.007885222872636887
4 0.097941658690163 0.7451766654946528 0.009511367694751716 0.007867042154477843
4 0.08611381453436165 0.7513584878015557 0.006359094155801359 0.006286361436318444
2 0.22225013758684464 0.8302834394005622 0.017351141233702006 0.009474993949875454
4 0.2305478327983062 0.8920567315550398 0.011128414772652384 0.011001132513557365
4 0.22914106575217766 0.7936010508368806 0.012609094155801337 0.0063227228726368875
3 0.26902968020051843 0.8360249001729507 0.014253414772652384 0.01101931323171641
4 0.27317170942151164 0.8673021712501894 0.012636367694751627 0.007885222872636887
4 0.27902624310673174 0.889994782686508 0.009511367694751716 0.007867042154477843
7 0.2828836745184756 0.8032896682251274 0.008003414772652383 0.010982951795398321
4 0.24965811729430518 0.7820004755049157 0.009511367694751716 0.007867042154477843
2 0.27254837216556915 0.9477754664297293 0.023628414772652383 0.011073855386194254
2 0.31967851664568203 0.888668632022578 0.017432961850553052 0.01416249394987581
4 0.2929660121814552 0.8971078459182245 0.012581820616851046 0.004760222872636888
4 0.30094215341515723 0.8877782977136226 0.012581820616851046 0.004760222872636888
4 0.28552565909720007 0.9205044393023663 0.011210235389503432 0.015688632513557364
2 0.32878078125617866 0.9043481741770556 0.009484094155801337 0.0063045421544778435
3 0.35298589448670353 0.9052703247427896 0.020476141233702096 0.009493174668035209
2 0.31839270617510074 0.9175703368430381 0.011128414772652384 0.011001132513557365
2 0.3451148932688875 0.8638140777678519 0.009511367694751716 0.007867042154477843
2 0.34408422727841914 0.8333362374087724 0.007948867694751716 0.007857951795398322
2 0.32212740666156814 0.8378964723816577 0.012690914772652384 0.011010222872636888
3 0.35337740666156814 0.83807827956325 0.01123750892845372 0.017251132513557366
7 0.35258647403200827 0.8833907795632501 0.011101141233702094 0.009438632513557366
4 0.2728052909954113 0.7540072857115699 0.02214773538950343 0.015752265027114732
2 0.09519848823546775 0.7232834847764936 0.00948409415580136 0.006304542154477666
2 0.09022066193657388 0.6951266685197149 0.009511367694751716 0.007867042154477843
3 0.12859736932290006 0.6898806323171656 0.012636367694751715 0.007885222872636887
2 0.13517860593021946 0.7157027889330239 0.014253414772652384 0.011019313231716588
2 0.15002235593021945 0.7157891473442802 0.011155688311602718 0.012563632513557365
2 0.02963198945328375 0.7643124848746895 0.012636367694751693 0.007885222872636887
2 0.01965301745646096 0.7540971475406719 0.011073867694751698 0.007876132513557366
2 0.039051853901624564 0.8065590722087069 0.009511367694751693 0.007867042154477843
4 0.046102469160744286 0.7159658884654856 0.01573409415580136 0.006340903590796287
2 0.03861725162814837 0.6971704366700876 0.012663641233702038 0.009447722872636889
2 0.0780752179429283 0.674741445647078 0.01740568831160272 0.01259999394987581
2 0.04141101502082898 0.671402822208707 0.009511367694751693 0.007867042154477843
4 0.0666701136408572 0.6567045179539809 0.006359094155801359 0.006286361436318444
2 0.0613962325534249 0.690270996876742 0.012636367694751693 0.007885222872636887
4 0.05422466071875789 0.6535067950813439 0.011182961850553053 0.014126132513557366
3 0.08294967857566538 0.619295421544777 0.014253414772652384 0.01101931323171641
3 0.0360979979747004 0.5729244155928488 0.017432961850553052 0.01416249394987581
2 0.03333150812097013 0.5971295300542293 0.015761367694751692 0.007903403590796287
2 0.051296303981054815 0.5526982740041051 0.017378414772652385 0.011037493949875809
2 0.0444559687537072 0.5417198673882468 0.01260909415580136 0.0063227228726368875
3 0.08209629058837421 0.5786613311856975 0.011237508928453743 0.017251132513557366
4 0.12891674351047352 0.582059041958086 0.017378414772652385 0.011037493949875809
3 0.1646127357998358 0.6408664153964571 0.018886367694751716 0.007921584308955332
2 0.15995646347870143 0.6838124394987579 0.009511367694751716 0.007867042154477843
2 0.14716613717980756 0.6556101714465813 0.007948867694751716 0.007857951795397966
2 0.1271536461082613 0.6383044967785462 0.009565914772652385 0.010992042154477666
2 0.10525137256931094 0.6397397317514315 0.017323867694751714 0.00791249394987581
7 0.13066047565356603 0.6164476774967055 0.009511367694751716 0.007867042154477843
4 0.11155196550729632 0.5921152980082102 0.015815914772652383 0.011028403590796109
4 0.1067241436726293 0.5553647317514315 0.011046594155801337 0.0063136325135573655
4 0.06724858644845891 0.5340391775949012 0.015706820616851004 0.004778403590796287
4 0.07209004505260108 0.5700084938516798 0.01422614123370205 0.00945681323171641
1 0.11002642167580652 0.5452266624695907 0.011073867694751716 0.007876132513557366
3 0.1190662309285718 0.4749596142649889 0.011264782467404099 0.018813632513557367
3 0.08980147078230208 0.4505681474424761 0.011237508928453743 0.017251132513557366
4 0.08255598661061467 0.5075630360061576 0.01110114123370205 0.009438632513557366
4 0.06449177922428848 0.512927246876742 0.011019320616851003 0.004751132513557366
4 0.02915429708119597 0.4783431686179108 0.015706820616851015 0.004778403590796287
2 0.0017069786948107385 0.4828534066158583 0.003413957389621477 0.014117042154477667
4 0.056143491074841546 0.4988147499018041 0.014253414772652384 0.01101931323171641
2 0.06148160186973439 0.41680622579950316 0.017323867694751714 0.00791249394987581
2 0.05885147971075583 0.4331988402608838 0.014198867694751694 0.007894313231716587
4 0.12498499432125243 0.44921018052176753 0.0268897824674041 0.018904536104353654
4 0.1086878384770538 0.4428647317514315 0.01266364123370205 0.009447722872636889
4 0.03157195941821637 0.3845977137974506 0.011128414772652384 0.011001132513557365
4 0.04820430600964971 0.46126475292686625 0.014253414772652373 0.011019313231716588
2 0.06287650649611705 0.381654520979043 0.020612508928453743 0.01730567466803503
2 0.06567026988879765 0.3558869065176624 0.01735114123370205 0.00947499394987581
4 0.05546915544045683 0.3136357740041051 0.01573409415580136 0.006340903590796199
2 0.05124530560261261 0.2870460029268663 0.012718188311602718 0.012572722872636888
2 0.028281138394328255 0.21503010236113215 0.014307961850553063 0.014144313231716587
2 0.07764989285855513 0.20672269867214013 0.012636367694751693 0.007885222872636977
3 0.12841355194916465 0.1632635901626879 0.011182961850553053 0.014126132513557366
7 0.1510310714309252 0.34466358108750156 0.014253414772652384 0.011019313231716588
2 0.1141389975676633 0.39914200282867035 0.014307961850553053 0.014144313231716587
2 0.16636751948176057 0.1822363039601385 0.017432961850553052 0.01416249394987581
2 0.18664701745316567 0.27376981898725317 0.014417056006354434 0.020394313231716588
2 0.19965553206366227 0.28947208703942995 0.01888636769475167 0.007921584308955421
3 0.18191287865509562 0.36593913826909397 0.011182961850553053 0.014126132513557366
3 0.16070608035937894 0.3275306232419793 0.02047614123370205 0.009493174668035032
3 0.28219134253424355 0.26104308089110984 0.025163641233702093 0.009520445745273864
2 0.23973110714474016 0.27642264119596016 0.017378414772652385 0.011037493949875809
5 0.1948941197266419 0.3832039063212707 0.018940914772652383 0.01104658430895542
4 0.1716514886392096 0.4166658461146163 0.015761367694751716 0.007903403590796287
2 0.15458276542457078 0.36499880698520065 0.014307961850553053 0.014144313231716587
4 0.18065434172346467 0.3932783430895541 0.012609094155801337 0.0063227228726368875
4 0.13403844034349288 0.37816188231716563 0.012636367694751715 0.007885222872636887
4 0.15172654667415889 0.30481983108750155 0.018940914772652383 0.01104658430895542
4 0.3161501420510715 0.8222351109453392 0.014307961850553053 0.01414431323171641
4 0.29516153206695755 0.7713265959182245 0.015706820616851046 0.004778403590796287
4 0.2855643896154395 0.739236258584207 0.014253414772652384 0.01101931323171641
4 0.25375132792704225 0.7265499062230749 0.017405688311602673 0.01259999394987581
4 0.2637672560923753 0.6898856983775525 0.014253414772652384 0.011019313231716588
4 0.2529388502481766 0.6835720658639952 0.009511367694751716 0.007867042154477843
2 0.22492294440397798 0.6771584394005621 0.011292056006354478 0.020376132513557365
2 0.1905752179429283 0.6753959515008104 0.023819329545304767 0.022011355386194253
2 0.21669343303989225 0.6114788972460843 0.012772735389503432 0.015697722872636887
2 0.21114681656295656 0.6606703761688456 0.011128414772652384 0.011001132513557365
4 0.24475815747234703 0.7046203640685971 0.007976141233702095 0.009420451795398143
4 0.23073834213050173 0.5678061652982611 0.008030688311602674 0.012545451795397965
2 0.2102212905883742 0.5794067406302261 0.012581820616851046 0.004760222872636888
2 0.17015935227677148 0.5916749364736958 0.012690914772652384 0.011010222872636888
2 0.1534667301177929 0.6079857377033598 0.009511367694751716 0.007867042154477666
2 0.08549402597787761 0.5630545119038567 0.012636367694751693 0.007885222872636887
2 0.14750487662650072 0.45715449072842196 0.009511367694751716 0.007867042154477666
4 0.11273836445163612 0.5241465480082101 0.011073867694751716 0.007876132513557366
4 0.14706277151365071 0.5720073310875016 0.009511367694751716 0.007867042154477666
4 0.12830881737373542 0.5273624515990064 0.006386367694751716 0.007848861436318444
2 0.13816505844528168 0.5446090389330239 0.017378414772652385 0.011037493949875809
4 0.19195826014956502 0.5066368611417309 0.017378414772652385 0.011037493949875809
4 0.18767018060426027 0.5284891352440318 0.011019320616851047 0.004751132513557366
4 0.18061165706530993 0.5300107286281734 0.007894320616851047 0.004732951795397966
4 0.1779269878284307 0.5495283430895541 0.009456820616851047 0.004742042154477666
7 0.17978158847705378 0.4432783430895541 0.006359094155801337 0.006286361436318444
2 0.19047362662650072 0.4574044756031115 0.023710235389503433 0.015761355386194255
2 0.19030603125288337 0.42224368042357163 0.014253414772652384 0.011019313231716588
2 0.20670259862332352 0.4676561743734474 0.014198867694751715 0.007894313231716587
4 0.22464407508437317 0.469323213502863 0.007976141233702095 0.009420451795397966
3 0.3001112739459874 0.17441977966144584 0.011182961850553053 0.014126132513557321
2 0.3033669131510946 0.2564783007386847 0.015870461850553054 0.014153403590796199
2 0.30676464854059804 0.24087148145684392 0.01754205600635448 0.02041249394987581
4 0.174932221593081 0.31823743647369584 0.009484094155801337 0.006304542154477666
4 0.2613025495168279 0.5625146773003136 0.012609094155801337 0.0063227228726368875
4 0.3055223336090851 0.7596669332522421 0.012636367694751627 0.007885222872636887
4 0.31222630114168104 0.7784578398681002 0.017378414772652385 0.011037493949875809
4 0.3139524423753831 0.7690919302271799 0.011019320616851047 0.004751132513557366
2 0.3109950377490004 0.8042345446885605 0.017378414772652385 0.011037493949875809
4 0.3139893985438933 0.7222123850476401 0.011128414772652384 0.011001132513557365
4 0.28883543993975114 0.6861248941228264 0.012609094155801337 0.0063227228726368875
4 0.2754041854755242 0.6946413760706497 0.009511367694751716 0.007867042154477666
2 0.27758034010190685 0.6594942164297293 0.012636367694751627 0.007885222872636887
2 0.2969752224071552 0.6674203459182244 0.009484094155801337 0.0063045421544778435
3 0.2816911416440344 0.6477981923274283 0.022038641233702007 0.009502265027114732
2 0.26784682995563713 0.6352163790957117 0.02686250892845372 0.017342036104353475
4 0.27436561120522523 0.5750919453524904 0.012636367694751627 0.007885222872636887
4 0.2552065081209701 0.598420361043535 0.012609094155801337 0.0063227228726368875
2 0.21883835998740925 0.5333584424256241 0.011073867694751627 0.007876132513557366
4 0.24887073336420382 0.5585357044276767 0.011128414772652384 0.011001132513557365
2 0.27657476786020274 0.44852944535249045 0.014362508928453721 0.01726931323171659
4 0.2622219415613089 0.42031808694123407 0.012581820616851046 0.004760222872636888
3 0.26343561404459903 0.350786836941234 0.020503414772652384 0.011055674668035032
4 0.22955944602553577 0.4115334394005621 0.007976141233702095 0.009420451795398143
4 0.24334525649611702 0.38270445745273884 0.012636367694751627 0.007885222872636887
4 0.26897650203189016 0.3914481983775525 0.017269320616851047 0.004787493949875809
4 0.28860716355813165 0.43062887304558756 0.011128414772652384 0.011001132513557365
3 0.3204514529253946 0.4862885205862595 0.014307961850553053 0.01414431323171641
2 0.33771109091268575 0.5270180597156752 0.012663641233702094 0.009447722872636889
2 0.3303486043053664 0.5011913579202771 0.012718188311602674 0.012572722872636888
2 0.2841730336885154 0.5056106923274284 0.014198867694751715 0.007894313231716587
4 0.3652730292242885 0.5146771409995685 0.008030688311602674 0.012545451795397965
4 0.3477679293864443 0.4880101018701529 0.009456820616851047 0.004742042154477844
2 0.3179088798729116 0.4081407946885605 0.011128414772652384 0.011001132513557365
7 0.3220742284929398 0.39331977058625955 0.009511367694751716 0.007867042154477666
2 0.3125861801972232 0.354979433252242 0.011128414772652384 0.011001132513557365
2 0.2922424525183575 0.3118879634046672 0.009511367694751716 0.007867042154477666
2 0.41050411404789433 0.832941327669656 0.007948867694751626 0.007857951795398322
3 0.3703603551194406 0.8498970235131257 0.014280688311602674 0.01258181323171641
4 0.3789365142100501 0.8061924753085238 0.011128414772652384 0.011001132513557365
4 0.32722973823546775 0.7246334030998168 0.012636367694751715 0.007885222872636887
4 0.3414967897775953 0.7129964663315335 0.028288641233702096 0.009538626463433175
4 0.3443666452974824 0.7723941922292324 0.02694432954530477 0.022029536104353653
2 0.3194678311734531 0.676927156124879 0.009456820616851047 0.004742042154477666
2 0.320340584419864 0.6269271561248789 0.006359094155801337 0.006286361436318444
4 0.36475878612414736 0.5889004361791083 0.009484094155801337 0.006304542154477666
4 0.3923383153451406 0.6203140626425414 0.022011367694751628 0.007939765027114732
4 0.39609456088091366 0.6289305385402404 0.011101141233702006 0.009438632513557366
4 0.3981246651829847 0.6469129240788598 0.012581820616851046 0.004760222872636888
4 0.31460305317027587 0.6870561350476401 0.012663641233702094 0.009447722872636889
2 0.3099115990303606 0.6424930687908614 0.01123750892845372 0.017251132513557366
7 0.35393788311932245 0.3583453277678519 0.018859094155801337 0.00635908430895542
7 0.3635310714309252 0.3458998699223296 0.015734094155801338 0.006340903590796199
2 0.3334168774372796 0.325410107920277 0.023655688311602675 0.012636355386194254
4 0.44196261972993717 0.8659401800307883 0.014280688311602674 0.01258181323171641
3 0.4129472755741358 0.8720220083878154 0.025163641233702093 0.009520445745273776
3 0.43027114326888755 0.8643095023376912 0.00967500892845372 0.017242042154477843
4 0.3319660568237239 0.8113885145361355 0.008057961850553052 0.01410795179539832
4 0.41788596591433336 0.7681339391059745 0.012609094155801337 0.0063227228726368875
2 0.378887695621794 0.7194646349494442 0.012636367694751715 0.007885222872636887
5 0.3444304695644861 0.410639080792914 0.014307961850553053 0.014144313231716587
7 0.3639753563339613 0.40997146028140924 0.007976141233702095 0.009420451795397966
4 0.3903042569031541 0.5577958819243822 0.012636367694751627 0.007885222872636887
4 0.44951206696999363 0.8362935866466465 0.014198867694751626 0.00789431323171641
4 0.44655070820369563 0.8269004059284872 0.012609094155801337 0.0063227228726368875
4 0.4137672560923752 0.690758372849196 0.015706820616851046 0.004778403590796287
4 0.4217706708650276 0.6798663246445938 0.011046594155801337 0.0063136325135573655
4 0.43246270901447453 0.6939924571581513 0.017405688311602673 0.01259999394987581
7 0.45547174067109975 0.8082004029034252 0.007976141233702095 0.009420451795398322
4 0.4728268360447171 0.8434611920328408 0.017351141233702093 0.00947499394987581
2 0.47090582589844737 0.8192288064942213 0.009538641233702095 0.009429542154477843
1 0.4743132439175106 0.7583049420328407 0.03319432954530477 0.0220658975406721
4 0.46843143669334014 0.7371748305965223 0.011073867694751627 0.007876132513557366
4 0.4624678088523188 0.7207322191602038 0.012609094155801515 0.0063227228726368875
4 0.4456445474882331 0.6550026800307881 0.011101141233702094 0.009438632513557366
4 0.4410934151829847 0.6471629089535493 0.007948867694751626 0.007857951795397966
4 0.46882294886820486 0.6699827854169824 0.015761367694751626 0.007903403590796287
4 0.47886615057248816 0.6317560775714602 0.011128414772652384 0.011001132513557365
3 0.509171259338786 0.6413083395735126 0.014362508928453721 0.01726931323171659
3 0.5451360328777365 0.6399549178323439 0.009729556006354478 0.020367042154477665
4 0.5221173185915514 0.5710640172666098 0.020476141233702096 0.009493174668035032
3 0.526391761367381 0.5499929931643088 0.020503414772652384 0.011055674668035032
4 0.4479315706201463 0.47921688485124836 0.012636367694751627 0.007885222872636887
4 0.43353210552318233 0.5432021167990716 0.012636367694751627 0.007885222872636887
2 0.42690027597787755 0.5650407553627532 0.026780688311602675 0.012654536104353475
4 0.40001622200011805 0.4937833788993201 0.011128414772652384 0.011001132513557365
2 0.5807422962704172 0.6143782009116354 0.0128545560063543 0.020385222872636888
3 0.5629723693229001 0.6924077521412993 0.020476141233702096 0.009493174668035032
2 0.5822524289827025 0.7964367219888742 0.011182961850553142 0.014126132513557366
2 0.6163956039016245 0.8099179598886257 0.012745461850553141 0.014135222872636887
2 0.5622535746806314 0.7783497973208391 0.022093188311602674 0.012627265027114731
7 0.5098139618538484 0.4702009540348932 0.011073867694751627 0.007876132513557366
7 0.4925270503276069 0.43103391490547766 0.014198867694751626 0.007894313231716587
4 0.503246362016004 0.443597547419035 0.012636367694751627 0.007885222872636887
2 0.45539919724335176 0.45425779146710665 0.014335235389503431 0.015706813231716587
4 0.46185770292539463 0.48711119808296494 0.012609094155801337 0.0063227228726368875
3 0.5277910255741357 0.872690149780167 0.02055796185055314 0.01418067466803521
2 0.5092007126679226 0.8186702702916719 0.012609094155801337 0.0063227228726368875
2 0.5066405487060491 0.6967679992144331 0.011073867694751627 0.007876132513557366
2 0.5226416497617092 0.7648367431643088 0.012609094155801337 0.0063227228726368875
7 0.37403219480771976 0.37096350243588694 0.009456820616851047 0.004742042154477666
2 0.38147827638161946 0.2577140686926656 0.018886367694751625 0.007921584308955332
2 0.37409642451518027 0.3225214572563471 0.02376478246740401 0.018886355386194254
2 0.3549333672910099 0.3013140777678519 0.009484094155801337 0.006304542154477666
2 0.35771744805413064 0.3208635084860111 0.009511367694751627 0.007867042154477666
5 0.3784293685088259 0.342861228333586 0.014253414772652384 0.011019313231716588
4 0.41181461282678294 0.3102396258742579 0.015761367694751626 0.00790340359079611
4 0.4605019342577082 0.6543077884420445 0.00630454707790058 0.0031613614363184437
2 0.4626429070653099 0.5316515384420446 0.012636367694751627 0.007885222872636887
2 0.41707703693492626 0.456378827669656 0.009456820616851047 0.004742042154477844
4 0.4146281469190402 0.5071509873105764 0.006359094155801337 0.006286361436318444
2 0.5007706039016245 0.8092452733167341 0.014198867694751626 0.00789431323171641
2 0.510163194811015 0.8530543606507515 0.014226141233702094 0.00945681323171641
7 0.5447445207028718 0.7071469630118837 0.009484094155801337 0.0063045421544778435
1 0.518637762585197 0.5913583365484506 0.007976141233702095 0.009420451795397966
4 0.522684334419864 0.6281043576256895 0.014307961850553141 0.01414431323171641
2 0.45625040544045686 0.31596745110802704 0.014362508928453721 0.01726931323171659
2 0.4995503920477763 0.34200323116225634 0.011128414772652206 0.011001132513557365
7 0.5296373125024715 0.36405549316430885 0.015761367694751626 0.007903403590796198
2 0.5222787800350673 0.3827645865484506 0.009511367694751627 0.007867042154477666
2 0.5288327431034364 0.4101492431643089 0.012636367694751627 0.007885222872636887
2 0.5685577163180753 0.46194809250037894 0.02543637662320535 0.025145445745273953
4 0.6724370982195816 0.7774281676359521 0.018859094155801514 0.006359084308955332
7 0.6865229176186167 0.731411685688129 0.009511367694751627 0.007867042154477843
4 0.6680632439175106 0.7594321465587133 0.011073867694751627 0.007876132513557366
2 0.640292799923865 0.7389560200952803 0.017378414772652385 0.011037493949875809
2 0.6594246294691698 0.7171901044042357 0.017378414772652385 0.011037493949875809
2 0.6650706574723471 0.7070656706610142 0.014226141233702094 0.00945681323171641
2 0.6621092987060491 0.697672489942855 0.015815914772652383 0.011028403590796288
2 0.6129411416440345 0.6497253484523073 0.011155688311602675 0.012563632513557365
4 0.6257235596630977 0.5888560261454044 0.012609094155801515 0.0063227228726368875
7 0.6339530710271835 0.6545355682998821 0.009456820616851047 0.004742042154477844
4 0.6284082288999769 0.5693384116840239 0.011046594155801514 0.0063136325135573655
4 0.6509241570653099 0.5327469267111384 0.012745461850553141 0.014135222872636887
4 0.6600127849063313 0.5492077188656161 0.012581820616851046 0.004760222872636888
3 0.5677236935899037 0.3306799117822197 0.020476141233702096 0.009493174668035032
2 0.612958327112968 0.38016682737506846 0.014417056006354479 0.020394313231716588
2 0.569825935879266 0.38929184250037896 0.020530688311602673 0.012618174668035031
3 0.6011225746773361 0.29727705932289167 0.020476141233702096 0.009493174668035032
2 0.5080583672910098 0.30220493295765444 0.012636367694751627 0.007885222872636977
2 0.472833933443634 0.305906649878363 0.017378414772652385 0.011037493949875809
4 0.6466026700509534 0.33270147491574037 0.017323867694751627 0.00791249394987581
4 0.6860509537361735 0.35558952907227065 0.018886367694751625 0.007921584308955421
4 0.706158902194046 0.3674264537403057 0.015734094155801338 0.00634090359079611
7 0.6506668327950109 0.4132020411725191 0.015761367694751626 0.00790340359079611
3 0.633247507713933 0.42638329722264323 0.014307961850553141 0.014144313231716587
2 0.6376759090939048 0.4412543182998821 0.011182961850553142 0.014126132513557366
2 0.6596872767886565 0.43356908332699684 0.014307961850553141 0.01414431323171641
2 0.7227837459461055 0.6683349687674204 0.02063978246740401 0.01886817466803503
4 0.6711257885597793 0.673503736917793 0.015734094155801338 0.006340903590796287
2 0.6531803579588144 0.6273009026088376 0.011128414772652384 0.011001132513557365
2 0.6585809241114384 0.6312389688656161 0.012636367694751627 0.007885222872636887
4 0.640208799516828 0.564719089377121 0.009456820616851047 0.004742042154477844
3 0.706299224028713 0.40414974891984545 0.01123750892845372 0.017251132513557366
3 0.7166815706201464 0.4807804266129426 0.017432961850553142 0.01416249394987581
2 0.740732725246529 0.44576053199913696 0.019159103084255235 0.023546584308955332
3 0.7346173185915514 0.5723003061014379 0.014307961850553141 0.014144313231716587
7 0.7065741392084025 0.5674491796380048 0.012636367694751627 0.007885222872636887
2 0.7263508510589555 0.5535003091265 0.023710235389503252 0.015761355386194255
3 0.7813854042259362 0.7577474475919856 0.020503414772652384 0.011055674668035032
7 0.7918786193229 0.6937394897464634 0.017378414772652385 0.011037493949875809
2 0.7570945162386449 0.7169770018467118 0.02055796185055314 0.01418067466803503
2 0.7807638413197229 0.703832107232906 0.011182961850553142 0.014126132513557366
2 0.7515008555231824 0.5450520048717739 0.014280688311602674 0.012581813231716588
3 0.7978576582831259 0.5750122156441624 0.017323867694751627 0.00791249394987581
3 0.7832457333642038 0.561644607232906 0.018940914772652383 0.011046584308955332
7 0.7461997008967998 0.580180983794535 0.011046594155801337 0.0063136325135573655
2 0.8032428133165457 0.7141201674395605 0.011128414772652206 0.011001132513557365
2 0.6911479622608854 0.6454923664062882 0.017378414772652385 0.011037493949875809
4 0.7053644208650276 0.6815162248175446 0.015761367694751626 0.007903403590796287
4 0.6993871562545311 0.6658548633812261 0.011046594155801337 0.0063136325135573655
2 0.7190899557680637 0.7456650832288009 0.012690914772652384 0.011010222872636888
2 0.7074992597425279 0.3353997489198455 0.023655688311602675 0.012636355386194254
4 0.7286963754086847 0.4191253091265 0.017351141233702093 0.00947499394987581
3 0.8634026120160041 0.4456928751868869 0.017487508928453722 0.01728749394987581
3 0.9134202029253945 0.4897383118569745 0.020476141233702096 0.009493174668035032
3 0.9368422918061903 0.625044552781788 0.017432961850553142 0.01416249394987581
2 0.7152866659937637 0.5159321314334028 0.012745461850553141 0.014135222872636887
4 0.41711576745316564 0.2751106469514968 0.015761367694751626 0.007903403590796198
4 0.470431682225818 0.26448221916020376 0.014144320616851048 0.004769313231716588
4 0.473229399758414 0.283250399878363 0.011046594155801337 0.0063136325135573655
4 0.8047815884770537 0.44691448672140127 0.017296594155801516 0.00634999394987581
4 0.8104746607187578 0.657906528875879 0.015734094155801515 0.00634090359079611
4 0.8482610328777366 0.6417184474937898 0.015761367694751983 0.007903403590796287
4 0.8212388368554959 0.712662206568976 0.009511367694751627 0.007867042154477666
4 0.8185638502481766 0.6868627758508168 0.011128414772652206 0.011001132513557365
4 0.6454457244357501 0.5780321556338996 0.012609094155801515 0.0063227228726368875
4 0.6343076270335379 0.6342230682998821 0.012745461850553141 0.014135222872636887
4 0.5146342808491415 0.731192996189371 0.012636367694751627 0.007885222872636887
4 0.5519842763849147 0.7400049148072818 0.018886367694751625 0.007921584308955332
2 0.5375496294691698 0.7164810563960254 0.011073867694751627 0.007876132513557366
2 0.5636542077966586 0.6533452521412993 0.011073867694751627 0.007876132513557366
3 0.7105313875868446 0.8331241766129427 0.012718188311602674 0.012572722872636888
4 0.563973581984232 0.5455236617822197 0.012636367694751627 0.007885222872636887
4 0.41674975446752216 0.475128827669656 0.009456820616851047 0.004742042154477844
2 0.3998349898570256 0.4594038337197802 0.014226141233702094 0.009456813231716588
2 0.38541397971075586 0.4350987253085238 0.011101141233702094 0.009438632513557366
4 0.30616681047387656 0.45417091217500316 0.012636367694751715 0.007885222872636887
4 0.30745262094445786 0.4252692073545429 0.015815914772652383 0.011028403590796288
4 0.30634013433713847 0.39947886699546337 0.017432961850553052 0.01416249394987581
4 0.11372416599376364 0.51243234318775 0.012609094155801337 0.0063227228726368875
7 0.04763729018133712 0.40422441256778663 0.012636367694751705 0.007885222872636887
2 0.11017465179030417 0.6710215480082102 0.009511367694751716 0.007867042154477666
2 0.11859112378712693 0.6812277949831481 0.011019320616851047 0.004751132513557366
4 0.18099962054071606 0.7315959545258727 0.012609094155801337 0.0063227228726368875
4 0.16023710714803543 0.7572590298578377 0.012609094155801337 0.0063227228726368875
2 0.486267367698047 0.47631459864869896 0.016006829545304767 0.02196590359079629
4 0.5056486132338202 0.4850219781371942 0.018940914772652383 0.011046584308955332
7 0.518742902601083 0.5405725413689109 0.017269320616851047 0.004787493949875809
4 0.5774184732179342 0.5362259298343964 0.007976141233702095 0.009420451795398143
4 0.6444832422926575 0.54364806527482 0.011046594155801337 0.0063136325135573655
2 0.5888996696472116 0.6394281978865732 0.014253414772652384 0.011019313231716588
2 0.6390733989509304 0.8983401104543598 0.023655688311602675 0.012636355386194254
3 0.4976029192434698 0.9459594781371943 0.014280688311602674 0.01258181323171641
4 0.2562705815804902 0.8507959273003138 0.026835235389503432 0.015779536104353297