3 0.09420670876285335 0.5691860119857877 0.02527278463973608 0.0106851944820761
5 0.11479199340258943 0.5587464789691008 0.018931856426490735 0.007232645861557074
5 0.1480280422280905 0.5156615422889409 0.017460284639736125 0.010275758706427319
4 0.1745905422280905 0.5142694606517352 0.019068248746358752 0.011920145861557074
4 0.14298152639297287 0.6890990422889409 0.019341033386094875 0.021295145861557074
4 0.1278793636191337 0.6719491638402385 0.025454641066226812 0.0169351944820761
5 0.254790170757905 0.3852569900503773 0.01598871285298138 0.013318871551297563
5 0.36391380351086156 0.6026348405707757 0.025272784639736125 0.0106851944820761
5 0.4883371419906636 0.5890935617379605 0.019022784639735946 0.010357645861557074
5 0.47352213572245744 0.5352658768668228 0.014471676959604097 0.014799484396167628
5 0.5471103999082224 0.49942687415328935 0.02205685642649069 0.007396420171816587
5 0.5380452884671667 0.4624591406616327 0.015943248746358663 0.011756371551297561
5 0.5251792271052534 0.3952683186353653 0.022147784639736122 0.010521420171816499
5 0.4905972901165194 0.32375516678091454 0.019113712852981378 0.013482645861557074
3 0.4549289115867049 0.4504338534610744 0.019295569279472246 0.019732645861557076
3 0.6064817367386719 0.6304854443705343 0.022329641066226813 0.016771420171816587
5 0.6419131198873399 0.6996139026474204 0.01594324874635884 0.011756371551297561
3 0.7256265418323791 0.6375023270031084 0.016170569279472247 0.01956887155129756
5 0.6905361394833811 0.5566551187262224 0.019068248746358662 0.011920145861557074
5 0.6146161486545813 0.48496822648271004 0.023755748746358663 0.012165807326946165
3 0.9599620894042389 0.5729573908887753 0.02049435642649087 0.007314533016686653
3 0.9290985343105318 0.5613138839913704 0.006704641066226813 0.015952548620519025
4 0.934999193323447 0.5461835289484162 0.0174602846397363 0.01027575870642714
3 0.7471953164429854 0.5396446811415514 0.016170569279472247 0.01956887155129756
3 0.7933141470052286 0.616793679332529 0.02380121285298138 0.013728307326946165
3 0.6000655668386967 0.3952439851891373 0.016079641066226814 0.016443871551297562
5 0.6427244282797524 0.4304511448455042 0.016034176959604095 0.014881371551297562
5 0.6121192859598843 0.43673544437053435 0.019159176959604098 0.015045145861557075
3 0.4890922775801071 0.21462582824630377 0.022284176959604097 0.015208920171816498
3 0.49460048000824736 0.2666010860482199 0.016170569279472247 0.01956887155129756
5 0.4490522992877194 0.25026675712454755 0.022147784639735945 0.010521420171816587
5 0.4719669620615587 0.2670071997976013 0.02219324874635866 0.012083920171816498
3 0.3559124015575751 0.3682565185445083 0.026926212852981378 0.013892081637205766
3 0.7201808046979957 0.12762936001979514 0.020630748746358663 0.012002033016686741
4 0.7082059904330885 0.19066162652813853 0.025318248746358664 0.012247694482076011
4 0.7806683606496329 0.3007525995043456 0.02223871285298138 0.013646420171816586
4 0.74043816574334 0.3161219719601542 0.016079641066226814 0.016443871551297562
4 0.882818230866177 0.4092877165330873 0.02219324874635902 0.012083920171816587
4 0.9210516682506225 0.328498061965103 0.02228417695960445 0.015208920171816498
4 0.8652717150310595 0.5833803137741252 0.020721676959604095 0.015127033016686654
4 0.8188764366595296 0.6497765976953233 0.017642141066226812 0.016525758706427317
3 0.6033076094624986 0.7663820007929696 0.02536371285298138 0.013810194482076099
4 0.4807733799164698 0.7954254488930902 0.025272784639735944 0.0106851944820761
4 0.44980452474362026 0.8142097484181203 0.012954641066226813 0.01628009724103805
3 0.40679867082441196 0.8445457016066236 0.02536371285298138 0.013810194482076099
4 0.38973319127838313 0.868061766735486 0.01580685642649069 0.007068871551297207
4 0.39081596964991305 0.8040402103130508 0.025363712852981467 0.013810194482076099
3 0.5949746207452697 0.8651061058359236 0.02380121285298138 0.01372830732694652
5 0.4752280735691213 0.7715342475136092 0.022147784639736122 0.010521420171816587
4 0.304595257126136 0.2016732061291794 0.020585284639736124 0.01043953301668683
0 0.23554607726353796 0.3496027730670641 0.05765938730530316 0.05138543758467105
0 0.11582695915856475 0.41594150327936036 0.05752299498543505 0.04669793758467104
0 0.26542849089530696 0.5290103120766446 0.04484113855894432 0.03979284034363317
0 0.3282203444188038 0.6497488579836302 0.05269910266556703 0.041764776119281775
4 0.3466427016367174 0.3383200350528517 0.019068248746358752 0.011920145861557074
4 0.2893470271843957 0.37720547263752274 0.017596676959604096 0.014963258706427318
4 0.28559388987909257 0.42576580337021747 0.02067621285298147 0.013564533016686652
2 0.4247042024946472 0.4972612658309748 0.025545569279472248 0.020060194482076098
2 0.36095760273207406 0.40933521992398936 0.016079641066226814 0.016443871551297562
1 0.3766865881505977 0.5926047433297377 0.019022784639736123 0.010357645861557074
0 0.30449963189502677 0.04410636759456863 0.04787521034569897 0.03683161465389255
0 0.35662442154932783 0.07569720432015707 0.044659282132453626 0.03354284034363304
0 0.43769256512283705 0.07768907225340997 0.0479206744523216 0.03839411465389255
0 0.5847494215493277 0.06374167967121329 0.04626724623907634 0.035187227498762796
0 0.5765755572052782 0.15699703471416743 0.05265363855894432 0.040202276119281774
0 0.6397324382423752 0.05071937924167198 0.06657974623907634 0.03625176051544958
4 0.6184508201374019 0.11189921868079389 0.014471676959604097 0.014799484396167805
4 0.6561397220906885 0.34472168475959597 0.025272784639735944 0.0106851944820761
4 0.6744494528903585 0.3320612324756038 0.02380121285298138 0.013728307326946253
4 0.7254520117449894 0.3754117627787571 0.023755748746358663 0.012165807326946254
4 0.4554360622863502 0.6742841112629906 0.022511497492717504 0.023021420171816586
7 0.45195336111185125 0.6331235227283798 0.02049435642649069 0.007314533016686653
4 0.3997831073509276 0.6030951860027913 0.011392141066226814 0.016198210085908292
4 0.7086125380714554 0.6056315292871005 0.022147784639735945 0.010521420171816587
0 0.7072044654267708 0.43955282790761957 0.06060253087881229 0.04529921189493073
4 0.7277419374509524 0.3503298756236274 0.02223871285298138 0.013646420171816498
0 0.8303584720906885 0.3355912669626286 0.04162521034569906 0.036504066033373486
4 0.8644212350228122 0.29090288670490383 0.022329641066226813 0.016771420171816587
4 0.9345746106496329 0.29268671472406493 0.017369356426490866 0.007150758706427318
4 0.9516939144896988 0.2941297060176377 0.015988712852981736 0.013318871551297563
4 0.9489697312618885 0.25370942390546214 0.01286371285298138 0.01315509724103805
4 0.9334129274218226 0.2521845454567596 0.01598871285298138 0.013318871551297563
4 0.9233523026529318 0.4102836504997137 0.018931856426490867 0.007232645861557074
2 0.962743760095637 0.5041664473112105 0.028534176959604453 0.015536468792335612
0 0.7823599266303998 0.564323776573567 0.05743206677218957 0.04357293758467105
4 0.7708206845479586 0.4783420109697348 0.01598871285298138 0.013318871551297563
4 0.6959199729486183 0.505669150838398 0.014426212852981379 0.013236984396167805
4 0.6661355330568904 0.5641743696307335 0.018931856426490867 0.007232645861557074
2 0.806861136118169 0.36568488071201 0.019204641066226814 0.016607645861556986
4 0.4723868477175091 0.3598121754873418 0.022147784639736122 0.010521420171816499
0 0.6841403531277855 0.24028649027751997 0.07917067445232177 0.040031857756487634
0 0.8065478652019793 0.02793589722035341 0.047920674452321774 0.03839411465389255
1 0.794977250066507 0.4255921472203534 0.01286371285298138 0.01315509724103805
1 0.8695523865803875 0.6775430715760414 0.0190227846397363 0.010357645861557074
1 0.8077644065721399 0.38825924355688024 0.019295569279472246 0.019732645861556986
1 0.8824879587628534 0.5278739422228278 0.028534176959604095 0.015536468792335612
1 0.5652967955933027 0.6786673168263431 0.012954641066226813 0.01628009724103805
4 0.8238537224864 0.18382072704853689 0.0205852846397363 0.010439533016686741
4 0.8312797775801071 0.1966925412728881 0.012772784639735945 0.010030097241038049
0 0.9614072659681316 0.7109520358458212 0.022784282132453627 0.032396420171816584
0 0.9751457863555958 0.26559859226825633 0.03215928213245363 0.032887743102595034
0 0.9653686549227875 0.5211901730009509 0.02867056927947189 0.020223968792335612
2 0.9743404896416656 0.4809369872253022 0.019295569279471892 0.019732645861557076
2 0.943750753036008 0.7547806009746836 0.03175010517284953 0.018825243102595125
2 0.6043700042896492 0.7834876136378398 0.022420569279472245 0.019896420171816587
3 0.28874894827150505 0.15648021483560665 0.019159176959604098 0.01504514586155703
3 0.2833076273426802 0.3166774084131715 0.025272784639736125 0.0106851944820761
3 0.7998499888502428 0.7943045256690558 0.02205685642649069 0.007396420171816587
3 0.96275343494367 0.31617180235416453 0.018931856426490867 0.007232645861557074