7 0.7258955784565975 0.26087803531336845 0.02053070554708327 0.00972955600635439
3 0.8414679867009724 0.3573382037394688 0.017623911094166545 0.01905000892845372
3 0.7777503256068059 0.3396927820669576 0.025290940729444423 0.012936376623205436
5 0.7508598640757989 0.29248654545963815 0.016025043502986235 0.01746023538950343
3 0.8740993019554517 0.38256034619098683 0.02688980832062491 0.014526150162155815
5 0.8364005866247226 0.44183593466474524 0.0143534407294446 0.012745461850553141
3 0.8174895453059381 0.5695615142100501 0.019186411094166543 0.01907728246740419
3 0.8707054642838894 0.5725404638857385 0.026889808320625264 0.014526150162155815
3 0.8146762826725006 0.7173268583658514 0.0268534407294446 0.012963650162155815
3 0.8235057688047924 0.6937257171321495 0.023764808320625264 0.014471603084255236
4 0.8333171798989589 0.7123120758984474 0.020567073138263937 0.011292056006354478
3 0.7728524585843062 0.7336882439175106 0.023692073138263936 0.011346603084255058
4 0.8291732341355214 0.6350092362068729 0.0190409407294446 0.012827282467404189
4 0.8577521758148965 0.6204421757362916 0.02383754350298588 0.017596603084255237
3 0.7501806376302438 0.8677320073101914 0.016025043502986235 0.017460235389503254
4 0.6205665260229869 0.9067280978125446 0.039789851823611146 0.03193183847375849
3 0.738131313257709 0.685837125004943 0.030123911094166723 0.019268197240056396
3 0.7245389791015283 0.5719655397775953 0.022347778685347208 0.020694329545304768
3 0.6837873457427783 0.6008132885597794 0.025254573138263937 0.011373876623205348
3 0.6824255207046533 0.6430416988682048 0.0268534407294446 0.012963650162155815
5 0.7267931165443409 0.6352331530081201 0.012900043502986059 0.017405688311602673
3 0.7113999334143406 0.4104104310112973 0.022311411094166546 0.01913182954530477
3 0.4977608863959729 0.7009747500032952 0.028597778685347207 0.020803423701106105
7 0.4954690749412157 0.5689298632338201 0.020676175911805574 0.01597955600635448
4 0.46007578238816016 0.5257798810907277 0.025472778685347208 0.020748876623205348
3 0.6054765885245837 0.3927201448904453 0.02688980832062491 0.014526150162155815
4 0.5955034829012504 0.4679246964325728 0.03172277868534721 0.020857970779006862
5 0.5825482348011114 0.41500424797470037 0.012827308320624908 0.014280688311602674
5 0.5531328385245837 0.3936338084452816 0.016025043502986235 0.01746023538950343
3 0.472554985751042 0.3903508957012242 0.026889808320625087 0.014526150162155815
3 0.5893943807932989 0.239032083202048 0.02536367591180557 0.016061376623205437
3 0.39767900626826413 0.22909184172346464 0.01602504350298615 0.01746023538950343
4 0.4580365844405211 0.3038503340128269 0.023837543502986235 0.017596603084255057
5 0.3729004778672573 0.406940152194046 0.012900043502986147 0.017405688311602673
4 0.40918673603538247 0.589193544645564 0.026962543502986058 0.017651150162155814
5 0.40406413136197966 0.6377401388013654 0.01755117591180557 0.01592500892845372
3 0.245437279822709 0.8069828368522007 0.01922277868534721 0.020639782467404187
3 0.10557403960635478 0.7414277950493058 0.023764808320624997 0.014471603084255057
3 0.14734396551816037 0.7563300462671217 0.02369207313826389 0.011346603084255058
5 0.16027841698118112 0.6740396976470936 0.017442073138263892 0.01123750892845372
5 0.2306006090418058 0.23669761039115103 0.014353440729444422 0.012745461850553053
5 0.2665030478713891 0.30172259253424355 0.012827308320624998 0.014280688311602674
3 0.1824547029816322 0.28365047686808675 0.030014808320624996 0.014580697240056483
3 0.1802207089655558 0.32198627394598744 0.023764808320624997 0.014471603084255057
3 0.192086235751042 0.39524649594281025 0.026889808320624996 0.014526150162155815
5 0.21866887917777822 0.49638625608907994 0.019186411094166723 0.01907728246740419
5 0.20605716356270865 0.357487397322782 0.020567073138263937 0.01129205600635439
4 0.2285893930454866 0.5196601148553779 0.02387391109416672 0.019159103084255058
3 0.11626992458062539 0.46222153612085204 0.026926175911805572 0.016088650162155816
3 0.14016267268076432 0.5149510698060722 0.026889808320624996 0.014526150162155815
5 0.15026567771475743 0.5796448153418453 0.019150043502986148 0.017514782467404188
3 0.054931727867257286 0.4124903173704402 0.03005117591180557 0.016143197240056396
3 0.03663697596739622 0.46595623660731944 0.022311411094166678 0.01913182954530477
3 0.026425521370243416 0.4301823778410214 0.023764808320625008 0.014471603084255057
5 0.022232903113472768 0.6530022690747235 0.014426175911805571 0.01587046185055314
1 0.2469978201915631 0.7061334030048249 0.03808188145888884 0.02565456493480802
1 0.21345992799909785 0.7762783076312075 0.02874324905006951 0.027053423701106284
1 0.4325488880114934 0.4512298944834082 0.020712543502986236 0.0175420560063543
1 0.5913082518029519 0.5563150405883742 0.011155705547083273 0.009565914772652385
1 0.6239220364722227 0.6143633198093674 0.009593205547083272 0.009538641233702095
1 0.5842257164680908 0.7221309553610266 0.012718205547083273 0.009593188311602673
1 0.5246500415062159 0.6809662130716643 0.011119337955902786 0.008003414772652383
1 0.6637508687285424 0.7809235284135096 0.011155705547083273 0.009565914772652385
1 0.5835737126683688 0.8284355024389274 0.011155705547083273 0.009565914772652206
1 0.49825511492882024 0.8901054338506711 0.012681837955902785 0.008030688311602674
1 0.34386759450850735 0.4355833494341024 0.009593205547083362 0.009538641233702095
1 0.38946972881718783 0.38007764326559224 0.01428070554708336 0.009620461850553052
1 0.36914100465274347 0.4804731095803721 0.007994337955902786 0.007948867694751626
1 0.2935954907850351 0.4583447394499885 0.012681837955902785 0.008030688311602674
1 0.3222679642838894 0.5821134760573079 0.011192073138263935 0.011128414772652206
1 0.06452819946625049 0.589738609984114 0.011155705547083339 0.009565914772652385
1 0.19076143151447958 0.4726447930207109 0.011192073138263935 0.011128414772652384
1 0.06463077013597245 0.25835224228936227 0.025509146276527783 0.022311376623205436
1 0.34471123441986184 0.8412021038983293 0.04447735182361114 0.032013659090609534
1 0.21501132342260432 0.20492545901117926 0.025472778685347208 0.020748876623205438
1 0.07344533852458367 0.4020067849030361 0.007994337955902786 0.007948867694751626
1 0.08449259450850731 0.44011075689985885 0.011082970364722233 0.006440914772652384
1 0.10055335239229202 0.4249806347408803 0.009556837955902786 0.007976141233702095
1 0.15513174961875037 0.41933856087761845 0.009629573138263892 0.011101141233702094
1 0.014199584724861538 0.5093340896915745 0.004832970364722228 0.006331820616851047
1 0.028571209249896267 0.5223698778410214 0.011192073138263892 0.011128414772652384
1 0.14758743407993072 0.1959419711860439 0.012718205547083361 0.009593188311602718
3 0.10896395801562528 0.34980335673770313 0.020603440729444467 0.012854556006354479
3 0.1450631525447919 0.25538515503341974 0.009775043502986146 0.017351141233702093
3 0.16103364466100717 0.26995616964391633 0.026962543502986148 0.017651150162155814
3 0.1979738662600004 0.4467271753259592 0.023764808320624997 0.014471603084255057
1 0.21750903552229223 0.648030576705931 0.009665940729444423 0.012663641233702094
1 0.18399128675656318 0.8197788916407391 0.009629573138263936 0.011101141233702094
3 0.6450722974901395 0.7171610373419633 0.01606141109416672 0.019022735389503432
3 0.5517021975663894 0.6343815393705583 0.02536367591180557 0.016061376623205347
3 0.5210198144919799 0.860790080766416 0.012936411094166721 0.018968188311602675
3 0.01785387442812553 0.6327579529220994 0.006686411094166683 0.018859094155801337
3 0.0767534829012504 0.4769795113640857 0.020712543502986125 0.0175420560063543
3 0.3231712751699655 0.31870949513203134 0.025254573138263937 0.011373876623205437