3 0.27765669817374544 0.5504773511580211 0.025509335969555114 0.013081881458888844
3 0.2622545326604258 0.5555824252462155 0.027199169961943957 0.01624324905006951
3 0.21456910775556598 0.5154470813063889 0.019514003954332716 0.019186411094166543
3 0.2759164205305976 0.8142489104285765 0.02869800296574949 0.014717116641249816
3 0.3146340692380033 0.7300745853904516 0.017951503954332714 0.019150043502986235
3 0.43477151980884454 0.4987180954584378 0.027326503954332716 0.019368249050069508
3 0.46793684688115106 0.4698306824644101 0.025573002965749582 0.014644381458888845
3 0.4074197940291323 0.6128163098392364 0.03057883794672147 0.02256598423243066
3 0.46495240421897516 0.741378374143785 0.02732650395433254 0.019368249050069508
3 0.6044141522418089 0.735258273554445 0.022702670950527092 0.020821646276527873
7 0.5412589417479549 0.5261729078631254 0.018078837946721472 0.022275043502986057
3 0.5553652041052445 0.5850394147969796 0.027199169961943957 0.01624324905006951
3 0.8573547629259434 0.8707100367565632 0.025509335969555024 0.013081881458888844
3 0.9083747989720482 0.6478914390170146 0.027199169961944138 0.01624324905006951
3 0.9095752016337866 0.5815761079949661 0.01951400395433254 0.019186411094166723
3 0.9775160712151696 0.7548694440510078 0.020821835969555023 0.012972778685347209
5 0.5526115717094612 0.7473212092498962 0.02088550296574958 0.014535278685347208
3 0.21226250844013803 0.4396840151019793 0.022639003954332715 0.01925914627652787
3 0.7699847555115695 0.8335535692416325 0.016389003954332716 0.019113675911805572
3 0.8238353142950874 0.7185111039109034 0.016389003954332536 0.019113675911805572
3 0.8554845623179211 0.7098816395301049 0.023946835969555026 0.013045513867708358
3 0.8377147890862165 0.5994162650050701 0.022639003954332538 0.01925914627652787
3 0.750263868629981 0.5794291136945493 0.022702670950527092 0.020821646276527873
3 0.5609347717860109 0.5110206865484728 0.019514003954332716 0.019186411094166543
3 0.968293627032938 0.6243097750730563 0.014890170950527092 0.020639808320624908
3 0.3646327747517604 0.5205008700597225 0.021203837946721472 0.022347778685347208
3 0.3520226868050389 0.49835311312586833 0.016389003954332716 0.019113675911805572
3 0.31433434440969316 0.4545479085287155 0.019514003954332716 0.019186411094166723
3 0.4553744743711995 0.6787147199834725 0.02094916996194378 0.01609777868534721
3 0.5008978799986874 0.6274801815144796 0.02088550296574958 0.014535278685347208
3 0.5644749017475172 0.7319871499793408 0.02401050296574958 0.014608013867708358
3 0.5802444817855734 0.7167440096867366 0.022575336958138337 0.017696646276527873
3 0.5981813982874762 0.7163809869853129 0.024137836958138335 0.01773301386770836
3 0.5123672792003846 0.5450131736306949 0.023946835969555026 0.013045513867708358
3 0.6722078528126502 0.5026834693178825 0.014762836958138337 0.01751480832062491
3 0.6831161779077903 0.46391191004732696 0.025700336958138337 0.017769381458888844
3 0.6863233854358949 0.6575528072737853 0.02094916996194396 0.01609777868534721
3 0.8367226334587287 0.651687279822709 0.01951400395433254 0.019186411094166723
3 0.8870900479834649 0.6427129765360771 0.014762836958138337 0.017514808320625085
3 0.8740024575652857 0.6088464696022229 0.02120383794672165 0.022347778685347208
7 0.8127731388959359 0.6768866483638201 0.014444501977166268 0.009702308320624908
3 0.9452248360439173 0.8243636732494452 0.024137836958138335 0.017733013867708536
3 0.5761711581361268 0.36776164902941016 0.016325336958138335 0.01755117591180557
3 0.8230235949039848 0.4687293094579868 0.014826503954332538 0.019077308320625087
3 0.8812990099230127 0.4622805941272577 0.020949169961944136 0.01609777868534721
3 0.8567765123944706 0.47341746266836876 0.019259335969555025 0.012936411094166721
3 0.9359175257403436 0.538480724636216 0.016389003954332536 0.019113675911805572
3 0.9846388686299811 0.5848842523716328 0.024074169961944135 0.016170513867708357
3 0.5738194323564146 0.48244174486909763 0.021140170950527094 0.020785278685347207
3 0.6399881907965528 0.918725390195695 0.019259335969555025 0.012936411094166544
3 0.9547564145619176 0.4070131722995146 0.01951400395433254 0.019186411094166723