2 0.8118138019458693 0.2905951295972784 0.027026150162155815 0.02749008293962456
2 0.6136006241875734 0.08645081053746995 0.014362508928453721 0.01767857332097771
2 0.7644716030842551 0.0035515362591847484 0.0112920560063543 0.007103072518369497
2 0.5186505884737584 0.020974632677321293 0.01603410308425506 0.023983137023308565
2 0.4268682374180983 0.09218992296600721 0.017569329545304768 0.02247520072563942
2 0.3786410174498704 0.19549846144059463 0.02088524431795715 0.033521828130301135
2 0.2776807150969639 0.05440472468743851 0.02379205600635448 0.021130955534962848
7 0.4072630750810779 0.0023362823993195976 0.008003414772652383 0.004672564798639195
4 0.41736477800317723 0.0005964503667443167 0.008003414772652383 0.0011929007334886333
2 0.16424728084255097 0.22878222051108726 0.020857970779006772 0.03195932813030104
2 0.15569266680124727 0.0969692253204107 0.023928423701106104 0.028943455534962848
4 0.3977671185055306 0.1268203833102935 0.015897735389503433 0.016170637023308565
4 0.3487801935866085 0.14182038993371543 0.012745461850553053 0.014499009618646853
4 0.3822824403401976 0.0906199884824366 0.012772735389503432 0.01606150961864685
2 0.25308941274076224 0.39218746688289025 0.01595228246740401 0.019295637023308564
2 0.3537149297868908 0.29017604438021916 0.01603410308425506 0.023983137023308565
5 0.4572666237805364 0.2662350581752172 0.012854556006354479 0.02074900961864685
2 0.5852943920444809 0.12183523903059076 0.00967500892845372 0.017514882213985138
4 0.5468125446422687 0.06689476788653131 0.01123750892845372 0.017569445916315995
4 0.7683114435866085 0.12717003585788064 0.012800008928453722 0.017624009618646852
4 0.6673507357932452 0.2995485220628825 0.011182961850553142 0.014444445916315996
2 0.5304234801112024 0.3371626278679979 0.01595228246740419 0.019295637023308564
4 0.645988204543657 0.24010160019318366 0.012827282467404189 0.019186509618646853
2 0.639352420858437 0.2630033868536725 0.01746023538950343 0.016225200725639422
7 0.3025905807598255 0.45143349211063366 0.015843188311602675 0.013045637023308566
4 0.45126385998081864 0.41497265853803694 0.012718188311602674 0.012936509618646851
4 0.44793035429877576 0.44792156779386405 0.011128414772652384 0.011319445916316085
2 0.510607632301953 0.45589526970062977 0.014444329545304769 0.02236607332097762
7 0.4951968664736405 0.5134994385751038 0.012881829545304768 0.022311509618646853
2 0.8356076323019529 0.44454601961581186 0.009675008928454076 0.017514882213985138
4 0.8685292264577544 0.4496501818668639 0.00967500892845372 0.017514882213985138
2 0.8863361095737815 0.5741045448435553 0.014444329545304769 0.02236607332097762
2 0.7148293023496112 0.6012003020999493 0.014362508928453721 0.01767857332097762
4 0.7395196107915976 0.5378000010114903 0.014253414772652384 0.01142857332097762
2 0.6901253571381496 0.6638193531884087 0.01776024431795715 0.03341270072563951
2 0.6109366891190863 0.6056100383049514 0.016143197240056396 0.030233137023308564
2 0.6468799176087309 0.6942533868536725 0.01587046185055314 0.014608137023308565
2 0.662528237007766 0.7398287816815294 0.01592500892845372 0.017733137023308566
7 0.7177475710172976 0.7683878020999494 0.014444329545304769 0.02236607332097762
6 0.4029060008074836 0.6003670107149552 0.025409103084255057 0.024310519237293705
4 0.28255831898870265 0.6921229794967619 0.012800008928453722 0.017624009618646852
7 0.524071483354318 0.8689582648913063 0.014362508928453721 0.01767857332097762
7 0.6089822715037648 0.8519220431142749 0.017514782467404188 0.019350200725639154
2 0.5605839074624612 0.721500422333035 0.012718188311602674 0.012936509618646851
2 0.8723202483718516 0.6668376818668639 0.02088524431795733 0.033521828130301044
7 0.7945810320570716 0.6468823351322411 0.008085235389503254 0.015897818511654192
3 0.7156941473161915 0.7403173658022804 0.020585235389503253 0.016334328130301046
2 0.8479941785657795 0.7958902648064884 0.02376478246740419 0.019568455534962937
5 0.9462231728837367 0.8252925334108099 0.014226141233702094 0.009866073320977619
3 0.44084237743068905 0.6240574818590147 0.015815914772652383 0.011483137023308564
2 0.9040981282414681 0.7407736896714121 0.0112920560063543 0.020694445916316084
4 0.4627697447184037 0.8054339674310445 0.01123750892845372 0.017569445916316085
7 0.6197640385498935 0.753048033495628 0.00967500892845372 0.017514882213985138
2 0.37544129423193634 0.7287474710592414 0.01603410308425506 0.023983137023308565