5 0.28489279179959964 0.3559590173683955 0.014307961850553053 0.01471747146395277
5 0.3725445706135557 0.5028939834556647 0.017487508928453722 0.017988020678164317
5 0.6111333323813832 0.7552164245215434 0.018940914772652383 0.011810795285270358
7 0.8260729452081662 0.4576651441234693 0.02055796185055314 0.015008569892376044
5 0.9943592950460104 0.43896230169090183 0.009538641233702095 0.00981164764263518
7 0.8115313839268061 0.2954005845701754 0.014307961850553141 0.01471747146395277
2 0.6973813348203105 0.1956295628585536 0.023655688311602675 0.01359161910658786
2 0.7217870454530476 0.2521899319651415 0.017432961850553142 0.014863020678164496
2 0.7366541148520825 0.2989386534290942 0.014307961850553141 0.01471747146395277
2 0.7374683668806774 0.39030851612554124 0.018913641233702094 0.010248295285270359
2 0.7245689464259822 0.4115649319651415 0.011155688311602675 0.013009422249741043
2 0.7966819054371616 0.20493825040977556 0.012690914772652207 0.011519696856846817
2 0.5079053721556833 0.5209077369703214 0.018968188311602675 0.01337329528527036
2 0.43826680234961113 0.645685105043452 0.017405688311602673 0.013300520678164496
2 0.1940826055165918 0.43057156554914994 0.017432961850553052 0.014863020678164496
2 0.20118026501423839 0.30053946319178515 0.015761367694751626 0.008540246071058633
2 0.2191529691541537 0.2568815084770554 0.011155688311602675 0.013009422249741043
2 0.29895924593951495 0.3121191261359012 0.020612508928453722 0.018133569892376133
2 0.3196496213449044 0.37943505872472444 0.015815914772652383 0.011665246071058632
2 0.6829115060857847 0.30580292948394205 0.012663641233702094 0.009957196856846906
2 0.6311580913131323 0.2924638674494488 0.020530688311602673 0.013446069892376133
2 0.5723597897710048 0.27801606968297915 0.02058523538950343 0.016571069892376132
1 0.7383604853862081 0.5308607415184354 0.012663641233702094 0.009957196856846906
2 0.7754571107915976 0.5989408074818702 0.012690914772652384 0.011519696856846905
2 0.7829383741842781 0.6250495432138464 0.012636367694751627 0.008394696856846906
2 0.7842945482924214 0.4791377297316112 0.012690914772652384 0.011519696856846905
2 0.8139041818154856 0.43133808457017536 0.01899546185055314 0.01493579528527036
2 0.8156945527566482 0.4891869718737283 0.015897735389503252 0.016352746071058633
2 0.7501513733734992 0.4908179383752822 0.017378414772652385 0.011738020678164318
2 0.8629711530015296 0.29077089660466865 0.017432961850553142 0.014863020678164496
2 0.7966032280793122 0.7818089654635875 0.014307961850552964 0.01471747146395277
2 0.8064515608710279 0.8540842258026696 0.015843188311602675 0.013227746071058633
2 0.17268271265803667 0.6356571718354562 0.015815914772652383 0.011665246071058632
2 0.12964973295057614 0.5852547574435981 0.012745461850553053 0.014644696856846906
2 0.14621171590444754 0.6843836162111037 0.015815914772652383 0.011665246071058632
2 0.10173323863261899 0.5511687018192456 0.017432961850553052 0.014863020678164496
2 0.32453594439738737 0.30160115715314784 0.012690914772652384 0.011519696856846817
2 0.5887405405817836 0.41148354114693186 0.018940914772652383 0.011810795285270358
2 0.649822316556366 0.3331445254311662 0.018940914772652383 0.011810795285270358