4 0.13456590672393842 0.48671875 0.02732639183263199 0.021875
4 0.3245956512816428 0.615625 0.023983137023308565 0.015625
4 0.3053248069092729 0.69765625 0.027380955534962847 0.0234375
5 0.3743079638028473 0.534375 0.014444445916315996 0.0109375
1 0.33568695182194774 0.3875 0.025654764427970277 0.01875
2 0.4895436165200705 0.2546875 0.02403770072563951 0.0171875
2 0.5730208046318382 0.21328125 0.017514882213985138 0.009375
2 0.4275048856725462 0.5546875 0.02387400961864685 0.0125
2 0.5833109415703287 0.52265625 0.031051592558271324 0.0390625
2 0.5443774163425853 0.47421875 0.028670637023308566 0.015625
2 0.5174304812260425 0.55234375 0.01967758293962447 0.0265625
2 0.4380455376719792 0.72265625 0.020694445916315907 0.0109375
2 0.45467747696487315 0.7609375 0.017569445916316085 0.0109375
2 0.4714731073647599 0.79453125 0.02080357332097762 0.0140625
2 0.39855396253690295 0.7796875 0.01924107332097762 0.0140625
2 0.35061745954167806 0.74296875 0.020858137023308566 0.015625
2 0.2469567793192767 0.48984375 0.023928573320977708 0.0140625
2 0.395667097830931 0.48203125 0.013209328130301045 0.0203125
2 0.39134916398033254 0.31484375 0.01924107332097762 0.0140625
2 0.6292732607149552 0.3921875 0.026999009618646853 0.0125
2 0.6568898292266094 0.384375 0.0336855192372937 0.025
2 0.6585391200634495 0.49375 0.02080357332097762 0.0140625
4 0.7798908196079626 0.396875 0.014662700725639511 0.0171875
2 0.5844220298674309 0.6921875 0.03346726442797028 0.01875
4 0.5252206446582208 0.66484375 0.014335318511654194 0.0078125