3 0.32578125 0.4806933470585806 0.01875 0.026092063140062294
3 0.82890625 0.4670282913169159 0.01875 0.024529563140062115
5 0.634375 0.6197606362387708 0.015625 0.01809755261671846
7 0.54609375 0.7396188389543112 0.0171875 0.0166260578783902
7 0.59453125 0.9213462520661384 0.0125 0.016353042093374626
2 0.5140625 0.39869073109003833 0.015625 0.02122255261671846
2 0.496875 0.445345923211648 0.0171875 0.021313557878390378
2 0.53046875 0.39261503633759276 0.0140625 0.02113154735504672
2 0.54140625 0.3729395731692957 0.0125 0.019478042093374802
2 0.5796875 0.409544202080256 0.0125 0.017915542093374804
2 0.4625 0.4730313074548674 0.015625 0.01966005261671846
2 0.50859375 0.5843097126741869 0.0125 0.017915542093374804
2 0.528125 0.6573222784450851 0.015625 0.01809755261671846
2 0.46796875 0.6327248258707188 0.015625 0.02122255261671846
2 0.44921875 0.5535077627306566 0.0109375 0.016262036831702888
2 0.49140625 0.6754961547957965 0.015625 0.02122255261671846
2 0.4359375 0.7425779680064458 0.015625 0.02122255261671846
2 0.56953125 0.8292651678793892 0.0125 0.021040542093374626
2 0.54140625 0.8612208231692957 0.0140625 0.01800654735504672
2 0.6296875 0.7499563704537552 0.0140625 0.01800654735504672
2 0.67109375 0.6109617598880591 0.015625 0.01809755261671846
2 0.71328125 0.37826265195319914 0.0328125 0.033161110495108836
2 0.69296875 0.5270795835514651 0.01875 0.019842063140062295
2 0.68046875 0.5029140414580903 0.0171875 0.027563557878390377
2 0.61484375 0.8983105704678727 0.01875 0.022967063140062294
2 0.446875 0.2252462548381488 0.015625 0.01809755261671846
2 0.39921875 0.21387684435715743 0.015625 0.01966005261671846
2 0.415625 0.3148323996047119 0.015625 0.02122255261671846
2 0.3828125 0.525421289109603 0.0125 0.019478042093374625
2 0.45234375 0.7122835232540004 0.0140625 0.01800654735504672
2 0.49375 0.7607889126883043 0.0125 0.017915542093374804
2 0.628125 0.6318966151920833 0.0109375 0.011574536831702887
2 0.715625 0.5541804098457069 0.015625 0.01809755261671846
2 0.7265625 0.5923174466774098 0.015625 0.02122255261671846
2 0.61015625 0.923818804682857 0.0203125 0.026183068401734032
2 0.621875 0.5307513441453959 0.015625 0.02434755261671846
2 0.61171875 0.435628559944529 0.0171875 0.021313557878390198