3 0.6523862874917985 0.6125 0.02401050296574958 0.0140625
7 0.39462020844232565 0.5921875 0.02244800296574958 0.0140625
6 0.009920192167884295 0.55859375 0.01984038433576859 0.0203125
6 0.0629152692030098 0.69921875 0.021203837946721472 0.021875
6 0.6678984713310879 0.1359375 0.05895850593149898 0.028125
6 0.6328642381370019 0.05625 0.05771434091247087 0.0359375
2 0.7025029871112377 0.45625 0.01932300296574958 0.0140625
2 0.6978778596211892 0.665625 0.024074169961943958 0.015625
2 0.6876804362363853 0.30234375 0.017760502965749582 0.0140625
2 0.4062089658566994 0.55703125 0.02094916996194396 0.015625
2 0.5542431951336338 0.26015625 0.022384335969555202 0.0125
2 0.5124629189361797 0.384375 0.02088550296574958 0.0140625
2 0.3958259282905388 0.73515625 0.03057883794672147 0.021875
2 0.2813296881763706 0.68828125 0.017760502965749582 0.0140625
2 0.3115370888981236 0.36875 0.014635502965749581 0.0140625
2 0.4006685730807928 0.44375 0.017760502965749582 0.0140625