3 0.7341522219802428 0.2833048179539375 0.014608013867708358 0.024174484396167806
3 0.7235589076756942 0.33515724502315897 0.014680749050069507 0.027299484396167806
3 0.7028652011786803 0.31686426842890736 0.01617051386770818 0.024256371551297562
3 0.6336976270904859 0.2975952900256334 0.017769381458888844 0.02590075870642732
3 0.6122967121965971 0.20886698269868714 0.019113675911805572 0.016607645861557073
5 0.6951988247537846 0.2765701390756937 0.01922277868534721 0.021295145861557074
5 0.708895689210833 0.3938362042045561 0.012936411094166544 0.01940509724103796
4 0.7398924224933332 0.3391420601520214 0.014462543502986236 0.017924484396167804
5 0.6223243692067012 0.28213738636216024 0.015988675911805573 0.016443871551297562
5 0.610988132124479 0.23148228912112226 0.011337543502986236 0.017760710085908293
3 0.5052654621965971 0.2032577125722991 0.01755117591180557 0.016525758706427317
3 0.467238785334861 0.1903139772716202 0.011483013867708359 0.02401071008590825
3 0.5015787241644444 0.12640860752934496 0.011483013867708359 0.02401071008590825
3 0.3940915728539235 0.2075999745580867 0.016170513867708357 0.024256371551297562
3 0.41198693446118034 0.24530137041964375 0.014608013867708358 0.024174484396167806
3 0.41989100664951373 0.20816986261772766 0.01773301386770836 0.024338258706427317
3 0.5375344079600346 0.12751076209732928 0.0206034407294446 0.013564533016686786
5 0.5331540728539235 0.21488793136463463 0.017478440729444423 0.013400758706427318
4 0.5795920085493748 0.2697292395960921 0.009884146276527872 0.02236632293077854
3 0.3434551400082637 0.23232333559393464 0.014717116641249995 0.028861984396167807
3 0.29863425569958324 0.17522016451760697 0.01609777868534721 0.021131371551297518
3 0.28279105015249983 0.18377629296630946 0.020676175911805574 0.01668953301668674
5 0.48600500949930536 0.29141945386587187 0.015988675911805573 0.016443871551297562
3 0.4925836242406943 0.2104151153312611 0.009884146276527872 0.02236632293077854
3 0.38751165169177054 0.3558737002478273 0.017660278685347208 0.021213258706427318
3 0.3139663553389928 0.2894431168015991 0.014608013867708358 0.024174484396167806
5 0.2561538553389928 0.28641329206179833 0.012900043502986147 0.01784259724103805
5 0.19545339789204844 0.23942874943417314 0.014462543502986147 0.017924484396167804
5 0.15597136417270807 0.3226197077110591 0.011483013867708359 0.024010710085908292
3 0.08911117249333309 0.30503606004047973 0.019113675911805572 0.016607645861556986
3 0.21038480081808997 0.40447389529573013 0.014644381458888845 0.025736984396167804
3 0.16065755775194412 0.39013475633157807 0.01773301386770836 0.02433825870642723
3 0.11518009717086768 0.46206066598794504 0.016134146276527782 0.02269387155129756
4 0.2685070785535067 0.360587776457966 0.009775043502986058 0.017678822930778538
5 0.5624012424974649 0.43700194877748916 0.011410278685347209 0.020885710085908293
3 0.6586768304533678 0.4342255088179689 0.01773301386770836 0.024338258706427317
3 0.6422517434473954 0.4677816372666713 0.022311411094166723 0.019896420171816587
7 0.6811687730826732 0.47607881614491526 0.019150043502986058 0.018170145861557074
3 0.5063135902370135 0.4942921483479479 0.014680749050069507 0.027299484396167806
3 0.48523933045336776 0.4251360345985665 0.01773301386770836 0.02433825870642714
7 0.3014085379003121 0.4593052374483856 0.01606141109416672 0.01956887155129756
3 0.3258812078281941 0.4832716819304615 0.014680749050069507 0.02729948439616763
3 0.21939416527513847 0.5214942989592032 0.020712543502986146 0.018252033016686653
3 0.22290233140329824 0.43798243611433296 0.017696646276527783 0.02277575870642714
3 0.2335287472471176 0.552740976932936 0.01773301386770836 0.02433825870642714
7 0.390851591186944 0.514835942445911 0.015988675911805573 0.016443871551297562
7 0.5282600189986107 0.5595829556748941 0.0174784407294446 0.013400758706427318
5 0.5895793787060064 0.5463703047249545 0.016025043502986235 0.018006371551297563
5 0.5705202541809717 0.5586689088633975 0.014317073138263936 0.011674484396167806
3 0.5752811425737148 0.5221548767512219 0.011519381458888844 0.025573210085908293
7 0.6103269833794093 0.595954224896771 0.009884146276527872 0.02236632293077854
5 0.6407048144014579 0.6014572744218011 0.012972778685347209 0.020967597241038048
5 0.5460092570307633 0.6371690451140161 0.016025043502986235 0.018006371551297563
5 0.50660191812493 0.6163309226582074 0.016025043502986235 0.018006371551297563
5 0.4521131334556592 0.6721405093837959 0.017478440729444423 0.013400758706427141
5 0.418500546449687 0.704795879126071 0.013045513867708181 0.02409259724103805
5 0.6095976719246522 0.7281083056294657 0.014462543502986236 0.017924484396167627
5 0.633870320101041 0.7606685001115416 0.014280705547083272 0.010111984396167806
5 0.6541263090831244 0.864980863860923 0.014644381458888845 0.025736984396167627
1 0.7294802929343053 0.41681668079880774 0.02583645459715278 0.0372476944820761
1 0.5254123484051386 0.3122575763216805 0.028888719414791632 0.034286468792335524
1 0.42512075446531217 0.35315149197094126 0.02238414627652787 0.0230214201718165
1 0.46240124249746495 0.43176117084918514 0.02409211664125017 0.029353307326946167
1 0.5034054893633328 0.5520227611928181 0.019331881458888846 0.025982645861557074
1 0.07105019709461775 0.37526999491161733 0.024164851823611146 0.03247830732694625
1 0.14919599373173592 0.24404432835784542 0.017769381458888935 0.02590075870642732
1 0.5871427500969092 0.6510578047249546 0.03215918977951393 0.040700243102595124
1 0.7203728241851036 0.6736841564885483 0.031977351823611146 0.032887743102595124
1 0.7143923150670479 0.8298113257558537 0.019331881458888846 0.025982645861557074
1 0.4294062513311802 0.4714887341690252 0.029143292553055745 0.04522396879233561
3 0.8423770703853816 0.5736985238559743 0.014644381458888845 0.025736984396167627
3 0.7411236949104163 0.5550946087725404 0.01925914627652787 0.022857645861557075
3 0.789994993163055 0.6734218848918222 0.016134146276527872 0.02269387155129756
3 0.761469949660069 0.6891354160994867 0.014571646276527872 0.022611984396167805
3 0.7419744140408675 0.7201840202379296 0.012972778685347209 0.020967597241038048
3 0.7006590830188189 0.7141077606269912 0.013045513867708358 0.02409259724103805
3 0.8916672491469786 0.6404223563976912 0.01915004350298588 0.018170145861557074
3 0.5773508292190968 0.6012658446390462 0.01773301386770836 0.02433825870642714
3 0.5656866306058677 0.598307940975573 0.014608013867708358 0.024174484396167806
3 0.5710092570307633 0.6384792395960921 0.009920513867708359 0.023928822930778536
3 0.5932641571070134 0.7241234905006032 0.01609777868534721 0.021131371551297563
3 0.5820175325819786 0.7368315304146951 0.013081881458888844 0.02565509724103805
3 0.6556180335319091 0.7672836702833582 0.012972778685347209 0.020967597241038048
3 0.4723003065176732 0.577769711667788 0.01773301386770836 0.024338258706427317
3 0.4124888954235065 0.5934079997728574 0.014644381458888845 0.025736984396167627
3 0.4946526576756942 0.32316077679665034 0.019186411094166723 0.019732645861557076
3 0.18385997483003444 0.3342499265033946 0.014608013867708358 0.024174484396167806
3 0.24221929511850676 0.24657286408806564 0.017623911094166722 0.019650758706427317
3 0.27200936578822865 0.5797881558111797 0.01773301386770836 0.024338258706427317
3 0.25741757608496474 0.7026115021477066 0.016170513867708357 0.024256371551297562
3 0.3542555552834022 0.7428856993433162 0.016206881458888933 0.025818871551297563
3 0.47487783301881886 0.7022750667107421 0.014608013867708358 0.024174484396167806
3 0.4407385691511106 0.7239519928754524 0.011519381458888844 0.025573210085908293
3 0.310107471411562 0.6568762782669884 0.019259146276527785 0.022857645861557075
3 0.8348691224377424 0.7954506931232797 0.017442073138263937 0.011838258706427318
3 0.8475139395920828 0.8234904839418824 0.01609777868534721 0.021131371551297205
3 0.8531106293715964 0.7846736454072718 0.014608013867708537 0.024174484396167806