5 0.3096904366247747 0.29947819662215247 0.014226132001908986 0.014471676959604097
7 0.6297313113065013 0.17926601887112548 0.020457950668363624 0.013091033386094875
5 0.6906324486394103 0.18061791871284094 0.018859088001272718 0.009920569279472158
4 0.5549762119669106 0.22751931393570285 0.014262494668999893 0.017596676959604096
3 0.4814574433084102 0.1695226090002802 0.022020450668363622 0.013136497492717503
3 0.7065114399665925 0.22545304559330276 0.020494313335454352 0.016216033386094876
5 0.9035858872931382 0.26970183610553355 0.017351132001908808 0.014562605172849529
3 0.9923756672899564 0.29054788202804077 0.007976132001908809 0.014289820533113406
4 0.8972262519494114 0.346423460478713 0.02988749466899989 0.01805131802583091
4 0.8260774106063209 0.42034434527673364 0.02361931333545435 0.016306961599340218
3 0.8814819785964577 0.4913638874383171 0.023619313335454705 0.016306961599340218
5 0.5164200525939124 0.5207297563347131 0.020457950668363624 0.013091033386094963
5 0.6869234565961395 0.4993679187128409 0.020494313335454352 0.016216033386094963
5 0.7577257579169584 0.5894640698081975 0.018859088001272718 0.009920569279472246
7 0.4160938832750027 0.4174349232651874 0.017278406667727175 0.00831260517284953
5 0.27429728194622977 0.38797840696785146 0.023582950668363533 0.013181961599340219
7 0.6002047065961396 0.5018911766303997 0.02198408800127254 0.010011497492717503
7 0.6016115705760952 0.6494564984171542 0.020457950668363624 0.013091033386094963
5 0.8804820052514583 0.577301387438317 0.014262494668999893 0.017596676959604096
4 0.7238860125716406 0.6787000660472738 0.026726132001909163 0.014835389812585476
4 0.3628592479312759 0.49552047083704726 0.022129538669636163 0.022511497492717504
7 0.8503212432368226 0.6859549734108368 0.020494313335454352 0.016216033386094786
1 0.20951716661363884 0.3843964173926927 0.014171588001272717 0.009784176959604096
2 0.4670847659532294 0.33082382185326165 0.036155676002545434 0.0197956744523216
4 0.39018536394018455 0.4291225810244617 0.02049431333545444 0.016216033386094963
2 0.35767176125877614 0.5386256131569154 0.07405566534054504 0.05526181301126591
2 0.8170200366009122 0.4604381478631584 0.0631363466740904 0.05650606426490725
2 0.9049547465786404 0.6218864617323542 0.05039998933799979 0.03582985141192587
1 0.8191081532463678 0.6165744875966016 0.011064769334818435 0.011255748746358662
1 0.8717422572406406 0.6572162079714305 0.01417158800127254 0.009784176959604096
4 0.7216342639242763 0.5366262263138306 0.01729658800127254 0.00987510517284953
3 0.7576428472310957 0.7308248557015748 0.014335220003181704 0.023846676959604095
2 0.37076429662636545 0.28598634646386784 0.012627269334818081 0.01130121285298138
3 0.5886683172740482 0.4194423894833812 0.031413632001908984 0.014971782132453626