5 0.3889212146965174 0.71019587850097 0.026807961850553053 0.014990082939624472
5 0.4038586477331144 0.8385019277753306 0.01899546185055314 0.014717264427970278
5 0.24642975162814834 0.6878447072642434 0.01746023538950343 0.01622520072563951
5 0.13374633969486976 0.47862845308789215 0.01905000892845372 0.017842264427970277
5 0.07714178368851536 0.500905246371803 0.014307961850553053 0.01455357332097762
3 0.23055710998740925 0.5236557216922136 0.02225682954530477 0.022638891832631992
7 0.18480209943410242 0.3269369783156356 0.017460235389503385 0.016225200725639422
5 0.2619140243530246 0.3375173250502582 0.017405688311602673 0.013100200725639333
3 0.3336095665596613 0.16636652214770056 0.01597955600635448 0.020858137023308566
5 0.31062207995234187 0.1414037276826634 0.017432961850553052 0.01466270072563942
4 0.2088141181017888 0.15901286833416903 0.02373750892845372 0.01800595553496285
5 0.4410266002448813 0.1852578766868715 0.014307961850553141 0.014553573320977708
4 0.44508285470910813 0.17652771743104437 0.017351141233702093 0.009975200725639422
3 0.41967770576476837 0.24534220481717264 0.02686250892845372 0.01811508293962456
3 0.40175777435302445 0.33263387369164665 0.017460235389503254 0.016225200725639422
4 0.3944810625024715 0.3469419103521355 0.026971603084255058 0.024365082939624562
3 0.4552782406678045 0.3081224578123975 0.020530688311602673 0.013209328130301045
5 0.5209146976470935 0.1262524097191633 0.017514782467404188 0.01935020072563942
4 0.4893980961876915 0.3662697745099533 0.01899546185055314 0.014717264427970278
3 0.5194520146137919 0.4784324686121707 0.02376478246740419 0.019568455534962937
5 0.4707417792242885 0.4957489433844273 0.017405688311602673 0.01310020072563951
5 0.5279854890462466 0.5710465545470201 0.017405688311602673 0.01310020072563951
5 0.625949656254531 0.6394567594490108 0.019022735389503432 0.01627976442797028
5 0.6635002491925164 0.5905182624442358 0.022093188311602674 0.013263891832631991
5 0.6961429740287131 0.3754463339511149 0.020530688311602673 0.013209328130301134
7 0.7060168060096498 0.43600188803479883 0.019022735389503255 0.01627976442797028
5 0.7303231051161452 0.3406794643510015 0.012745461850553141 0.014499009618646853
5 0.796004831984232 0.5140599114484438 0.01907728246740419 0.01940476442797028
5 0.7737013636408572 0.628831739578745 0.017405688311602673 0.01310020072563951
5 0.7220821367727706 0.4549602191603249 0.012745461850553141 0.014499009618646853
3 0.9439786818220763 0.5354388597270126 0.023628414772652206 0.011755955534962937
5 0.6836161059302194 0.6905356206116038 0.017514782467404188 0.01935020072563951
5 0.6987308169699936 0.8086854198859644 0.022093188311602674 0.013263891832632168
5 0.537645086855496 0.6886060767795388 0.012772735389503432 0.01606150961864685
5 0.5846740454596382 0.7228793838584476 0.012745461850553141 0.014499009618646853
3 0.2669618088490235 0.22725194764559653 0.02373750892845372 0.01800595553496276
3 0.28512147362167584 0.21568696506879168 0.012854556006354479 0.02074900961864685
3 0.3680312053577313 0.07303318439875259 0.023628414772652383 0.011755955534962847
3 0.7377595040604851 0.27249245954167806 0.029932961850553143 0.015099210344286273
3 0.6508925239459874 0.14982134057453683 0.023655688311602675 0.013318455534962848