4 0.32734375 0.35703125 0.0140625 0.01796875
4 0.328125 0.31484375 0.0140625 0.0140625
5 0.4109375 0.4046875 0.00703125 0.01953125
5 0.35703125 0.35078125 0.01484375 0.01015625
5 0.2828125 0.4640625 0.01328125 0.01171875
5 0.29765625 0.5625 0.01171875 0.01796875
4 0.19765625 0.565625 0.00859375 0.0203125
4 0.178125 0.60390625 0.0171875 0.01640625
4 0.259375 0.6703125 0.0125 0.01875
4 0.31796875 0.64921875 0.00859375 0.02421875
5 0.28671875 0.67578125 0.01171875 0.0109375
5 0.3375 0.690625 0.00703125 0.015625
4 0.3625 0.65546875 0.0140625 0.01484375
5 0.19453125 0.83515625 0.0125 0.0140625
4 0.31328125 0.85234375 0.0109375 0.01640625
4 0.315625 0.903125 0.009375 0.0203125
7 0.3265625 0.953125 0.00625 0.015625
5 0.3296875 0.98515625 0.0125 0.00703125
5 0.5109375 0.85859375 0.0078125 0.01484375
4 0.45625 0.84140625 0.00859375 0.01953125
4 0.44765625 0.8171875 0.01015625 0.015625
4 0.57578125 0.9453125 0.0109375 0.015625
7 0.75 0.9796875 0.01015625 0.01328125
5 0.67734375 0.96796875 0.01328125 0.01015625
5 0.8109375 0.9203125 0.009375 0.0125
5 0.88046875 0.83359375 0.0109375 0.0125
3 0.91796875 0.9046875 0.0078125 0.015625
4 0.7046875 0.71796875 0.0109375 0.01796875
4 0.7625 0.6734375 0.015625 0.02109375
5 0.6515625 0.5390625 0.01171875 0.0140625
5 0.6734375 0.54765625 0.00625 0.01875
3 0.684375 0.2859375 0.0078125 0.02265625
4 0.74296875 0.3828125 0.0171875 0.0125
4 0.81640625 0.353125 0.01640625 0.01796875
4 0.64921875 0.796875 0.01640625 0.01015625
5 0.603125 0.2078125 0.0078125 0.015625
5 0.521875 0.1703125 0.00703125 0.015625
7 0.528125 0.25546875 0.0078125 0.015625
2 0.8109375 0.68515625 0.021875 0.0375
2 0.8171875 0.76171875 0.009375 0.02265625
4 0.74296875 0.53359375 0.01171875 0.01328125
2 0.48125 0.51484375 0.009375 0.0234375
4 0.421875 0.51171875 0.01328125 0.01328125
2 0.2234375 0.6125 0.009375 0.01953125
0 0.58046875 0.65625 0.03671875 0.065625
6 0.6546875 0.2703125 0.0171875 0.0578125
2 0.8078125 0.85 0.01484375 0.01875