3 0.4584648386378195 0.23396850909622793 0.028288632001908988 0.01537244292790545
3 0.5765597632877293 0.36297326653982603 0.022020450668363622 0.013518844499481996
3 0.6616705599538657 0.37084573262709525 0.020512494668999893 0.018133569892376133
3 0.6774142859643653 0.2941933413946009 0.02200226933481808 0.011956344499481996
3 0.5764063166375013 0.24180674193272017 0.022038632001908986 0.015081344499481997
3 0.46892962396563787 0.2751029313459689 0.02512726933481808 0.012101893713693723
3 0.2738149292648213 0.5177141546719485 0.018986357336090796 0.02118579528527036
3 0.2225342399347757 0.49109384263745515 0.02043976933481808 0.011883569892376045
7 0.1980069546069573 0.44930444892376153 0.01567954400063636 0.005415246071058632
3 0.30781721192713973 0.5513464460282773 0.02512726933481808 0.012101893713693811
3 0.3419564019335031 0.5060361000810533 0.017405676002545344 0.019550520678164318
3 0.342383663271821 0.46931735008105324 0.014280676002545257 0.01940497146395259
3 0.3476331425843674 0.6227698358130297 0.021984088001272717 0.010393844499482085
3 0.23788816195895643 0.313587426797855 0.023637494668999892 0.01827911910658786
3 0.8408142619748649 0.22441815053361008 0.021965906667727353 0.008831344499481997
3 0.8516757525859582 0.6345208966046687 0.014280676002545078 0.01940497146395277
3 0.5746325419319123 0.528598266539826 0.023564769334818082 0.012029119106587771
3 0.23784380331000107 0.18304590219074912 0.015806813335454438 0.016352746071058542
3 0.736086567910595 0.6932344629823881 0.0174238573360908 0.02111302067816432