5 0.7923586477301444 0.150032426588458 0.012909176959604095 0.014644696856846861
4 0.8085041364473733 0.24908851074885777 0.01925010517284953 0.01806079528527036
3 0.7912006276718847 0.32474132816003454 0.016170569279472247 0.019477746071058545
3 0.7891213021242063 0.3605332789458228 0.01925010517284953 0.01806079528527027
5 0.7916301881758683 0.41994466624937576 0.019113712852981378 0.01337329528527036
5 0.8934931826990848 0.7835769807650685 0.019250105172849176 0.01806079528527036
5 0.7466706923325034 0.5372199034290942 0.016079641066226814 0.016352746071058633
5 0.7252132294795219 0.5237374462331651 0.012909176959604095 0.014644696856846906
4 0.7294066359851549 0.5606017454473768 0.019022784639735946 0.010248295285270359
4 0.5970498108996949 0.2751286641824612 0.027335389812585476 0.027799668320799588
4 0.6588621184341776 0.7102335643062957 0.01755121285298138 0.013300520678164496
5 0.623305051661988 0.6680075229499668 0.012909176959604095 0.014644696856846906
7 0.5351445074553404 0.42672324338046225 0.02076714106622681 0.016571069892376045
3 0.44581391983346813 0.25248091459674593 0.016216033386094963 0.021040246071058543
5 0.3015698263391012 0.2824316261359012 0.016079641066226814 0.016352746071058633
7 0.3416840124699053 0.3740219667064418 0.02375574874635884 0.01202911910658786
3 0.42528142563945587 0.5121084716688404 0.026971676959604098 0.015299668320799497
3 0.5151696058977653 0.812767751238345 0.02550010517284953 0.018351893713693813
3 0.27416990353613213 0.386481271297337 0.014653533386094786 0.02096747146395277
4 0.2610584866056579 0.2844457363511489 0.02076714106622681 0.016571069892376132
3 0.25303068942950946 0.38393631410140794 0.019341033386094875 0.02118579528527036
5 0.36459162971694875 0.5982236000810532 0.02076714106622681 0.016571069892376045
5 0.39045309923384774 0.7094350818840882 0.019204641066226814 0.01649829528527036
7 0.3692373287798766 0.7310724873846063 0.019022784639736123 0.010248295285270359
4 0.37033682752623537 0.7420463746881591 0.014426212852981379 0.013154971463952591
3 0.31306388512722505 0.7042702388323482 0.019341033386094785 0.02118579528527036
5 0.1938328488381363 0.5481400552100677 0.01300010517284953 0.017769696856846907
5 0.1683100116119755 0.529006911496374 0.017551212852981467 0.013300520678164318
5 0.15604202916295273 0.37551803846084475 0.012954641066226813 0.016207196856846906
3 0.14463448238251575 0.6269884931755744 0.022375105172849484 0.018206344499482087
4 0.14716610048748896 0.6871811304791274 0.02072167695960414 0.015008569892376044
1 0.8474388851272252 0.7291591544625515 0.0143352846397363 0.010029971463952769
1 0.9598395967265653 0.7578000388706203 0.009602320533113584 0.00824914764263518
1 0.9030189468848497 0.8160084911041506 0.011255748746359017 0.011446922249740865
1 0.5709288947606435 0.47676178473679104 0.014335284639736124 0.010029971463952592
1 0.5964600921742187 0.4693688157540377 0.014335284639736124 0.010029971463952592
1 0.5149312958560002 0.402376060791639 0.009602320533113407 0.00824914764263518
1 0.4708008626281899 0.44089059718556917 0.01125574874635884 0.011446922249740865
1 0.37501333801758363 0.33968550806277065 0.01111935642649069 0.006759422249741043
1 0.7096684489964209 0.6330204009478948 0.011119356426490867 0.006759422249741043