5 0.866608640884716 0.7251455055432904 0.01784259724103805 0.01300010517284953
5 0.7939247354122205 0.6670124082879997 0.01956887155129756 0.016170569279472247
5 0.8862859758012821 0.6228555798373274 0.014963258706427496 0.017596676959604096
5 0.8896533152404039 0.6423186336773934 0.013400758706427495 0.01755121285298138
5 0.766921822137809 0.6145921019406513 0.01784259724103805 0.01300010517284953
5 0.7580923767512218 0.5655552083671419 0.014799484396167628 0.014471676959604097
5 0.9325335340327395 0.6692388348518923 0.020967597241038048 0.013091033386094963
7 0.9122110679539375 0.7144293143979212 0.017678822930778538 0.00987510517284953
5 0.9198088839873112 0.7548951900247418 0.014799484396167628 0.014471676959604097
5 0.9696960193334185 0.7064971424528821 0.014799484396167628 0.014471676959604097
5 0.9400959712787265 0.5000114617323541 0.021131371551297563 0.016216033386094963
5 0.9081366423550541 0.5471054220780532 0.02088571008590847 0.011528533386094964
5 0.8486830772261916 0.5324040760764037 0.016443871551297562 0.016079641066226814
5 0.9332218515364511 0.533074014318779 0.016443871551297562 0.016079641066226814
5 0.783238461667788 0.46310615828799967 0.01940509724103805 0.013045569279472247
5 0.8240748236081469 0.4360973774091873 0.022775758706427496 0.017823997492717503
5 0.8261120364075888 0.5197593235691212 0.014553822930778537 0.009784176959604096
7 0.7495085928300239 0.5212058147936327 0.013236984396167805 0.014426212852981379
5 0.6923212918346557 0.669186325218474 0.018006371551297563 0.01612510517284953
5 0.6764196528705037 0.6195727701247667 0.01784259724103805 0.01300010517284953
5 0.6651988698538169 0.5995557868178142 0.01496325870642714 0.017596676959604096
3 0.6695864767057933 0.6534165727111915 0.024338258706427317 0.01786946159934022
5 0.6865117051090672 0.7225613778048986 0.02269387155129756 0.01626149749271768
5 0.5846725661449153 0.6754483485754389 0.020967597241038048 0.013091033386094787
5 0.5724691372666714 0.6366813652684863 0.014799484396167628 0.014471676959604097
5 0.5669627657153739 0.6211927575883543 0.014799484396167805 0.014471676959604097
5 0.5919760538204433 0.5609994036691461 0.01940509724103805 0.013045569279472247
5 0.6580071675698248 0.5817688932443048 0.018006371551297563 0.01612510517284953
5 0.6067445607178483 0.529272030549608 0.01784259724103805 0.01300010517284953
5 0.6169926639517801 0.48593956769662655 0.01956887155129756 0.016170569279472247
5 0.6346438314100632 0.43456728431053177 0.02738137155129756 0.016397889812585477
5 0.5096382666198851 0.647116411586705 0.01628009724103805 0.012954641066226813
3 0.4603852170948549 0.6180343168386967 0.02738137155129756 0.016397889812585654
4 0.5128617639063515 0.5742555731069029 0.01784259724103805 0.01300010517284953
3 0.5606098671402834 0.529831971694977 0.027299484396167806 0.014835389812585476
5 0.5077249638154946 0.744977250066507 0.01784259724103805 0.01300010517284953
5 0.44123018260783003 0.7750799387045937 0.020967597241038048 0.013091033386094787
5 0.3332395409301445 0.6553788556350679 0.02253009724103805 0.013136497492717503
5 0.3977081546795259 0.6761938093168494 0.024174484396167716 0.01474446159934022
7 0.9334664337394838 0.3585824796790429 0.01784259724103805 0.01300010517284953
2 0.4418698332190855 0.48868779763836684 0.02450203301668665 0.02099446159934022
2 0.4273702419709412 0.4210372963847256 0.01965075870642714 0.017733069279472248
2 0.46162124773669244 0.7909178873718101 0.016443871551297562 0.016079641066226814
2 0.5678778917892272 0.7580933640148452 0.02590075870642732 0.01791492570596276
2 0.5962109317033188 0.7463147780423255 0.01808825870642732 0.01768760517284953
2 0.7079739473071511 0.7289788623654925 0.023021420171816586 0.022511497492717504
2 0.6415953527796466 0.7911582651102018 0.02277575870642732 0.01782399749271768
2 0.6594036504956545 0.7726439458307296 0.02417448439616763 0.01474446159934022
2 0.6847588545886689 0.838413698338012 0.02433825870642714 0.017869461599340043
2 0.9419804551090672 0.7151279963720902 0.01784259724103805 0.01300010517284953
7 0.982864404679526 0.6591675013866553 0.014553822930778537 0.009784176959604096
2 0.5712364286511011 0.44893131268206155 0.021131371551297563 0.016216033386094963
2 0.6029301639517801 0.4863487446562306 0.01652575870642714 0.017642141066226812
2 0.5434776780852744 0.6508264332943172 0.02746325870642714 0.017960389812585475
2 0.48039782394683134 0.6714404616658471 0.014553822930778537 0.009784176959604096
3 0.5821008440732193 0.7756756691085523 0.018006371551297563 0.01612510517284953
3 0.5924751000661131 0.7198204742022595 0.019732645861557076 0.019295569279472246
3 0.6010921042499847 0.6155050472426554 0.02433825870642714 0.01786946159934022
3 0.4980346240376884 0.5003550718532617 0.01825203301668683 0.02081260517284953
3 0.26403143826203956 0.4993394557933525 0.025573210085908293 0.011664925705962937
7 0.3199538896415206 0.491452747954936 0.014553822930778537 0.009784176959604096
7 0.5523038014455941 0.7147298089211379 0.013073210085908293 0.01130121285298138
3 0.8810285877416412 0.5971879901038841 0.015127033016686654 0.020721676959604095