4 0.40016003875666717 0.7518336481298472 0.024984589448421347 0.026698855386194254
4 0.392993738911959 0.5885387625912278 0.023058068401734032 0.020439765027114733
4 0.4135304209337479 0.1226365066392994 0.024893584186749605 0.025136355386194253
4 0.45388167612483254 0.19820867838046818 0.0244385578783902 0.017323855386194253
4 0.4910260893778343 0.09795869350577871 0.024165542093374803 0.012636355386194254
4 0.5900998971856375 0.18881952196100166 0.015245568401734032 0.020394313231716588
4 0.5378827627306566 0.44624165740142524 0.03390456314006211 0.018940897540672096
3 0.6230852443853923 0.3660314617543472 0.028853042093374803 0.012663626463433175
2 0.6513599757577794 0.583128058163551 0.023240078925077866 0.023564765027114732
2 0.7182282283180281 0.6577644438003662 0.029308068401734035 0.020476126463433175
2 0.7270872888272544 0.6756877420049683 0.02167757892507769 0.023555674668035032
4 0.8972016387284324 0.7786395043016083 0.030961573663405774 0.0220477168225127
4 0.9114391729998864 0.7144724651721928 0.031052578925077512 0.023610216822512697
5 0.9790600415286775 0.6007594231159109 0.014881547355046366 0.014144313231716587
2 0.5465961520237863 0.6360990429400447 0.023058068401734032 0.020439765027114733
2 0.4782395361258313 0.7505978801758663 0.033904563140062294 0.01894089754067192
2 0.3177214521508432 0.5037915787498106 0.03426858418674961 0.025190897540672098
2 0.41493256818997254 0.24063707289607805 0.03445059471009326 0.028315897540672007
2 0.5256656708631608 0.19622802186280577 0.035376057878390196 0.01738748789975162
2 0.5174660339891055 0.22988085919682327 0.029217063140062116 0.018913626463433086
2 0.6298456656720761 0.11981499190677233 0.015245568401734032 0.020394313231716543
2 0.6647435814147393 0.16884738954564016 0.027745568401734033 0.020467036104353475
2 0.7495560100998206 0.444228663746137 0.038683068401734036 0.020530668617910842
2 0.680312457412515 0.5032451154433393 0.025637036831702886 0.011082945745273775
2 0.8071031995905944 0.4259190252806514 0.017172089448421347 0.026653403590796286
1 0.512788112349486 0.8473047085328933 0.027745568401734033 0.020467036104353298