7 0.19044675852800724 0.7734664140276806 0.02373750892845372 0.017460220003181703
3 0.20144848823546777 0.725147092695726 0.03171365016215581 0.02692612667090888
3 0.08926568263285514 0.43706474267981754 0.026807961850553053 0.014371582670272432
5 0.47938612216227383 0.47051632606617877 0.019022735389503432 0.015843176002545433
5 0.4715018896154396 0.7431362133990879 0.023846603084255236 0.023710220003181702
3 0.5851372901813371 0.4107969754137235 0.02686250892845372 0.01749658267027243
7 0.5182067090111793 0.21622881540417857 0.014417056006354479 0.020476132001908988
3 0.40208287703024254 0.1539277153882702 0.02535455600635448 0.020603401336727112
7 0.781182221593081 0.3263418014401315 0.017460235389503254 0.015824994668999892
5 0.7606867151002592 0.4261236254375861 0.020503414772652384 0.011173857336090798
7 0.76771619075053 0.5606077134388588 0.019022735389503432 0.015843176002545433
7 0.5054053311734531 0.6810180214035422 0.020476141233702096 0.009611357336090798
7 0.3447797025216528 0.7955788660486796 0.018968188311602675 0.012718176002545434
7 0.5115146038983293 0.3310180214035422 0.017405688311602673 0.012699994668999893
7 0.5656702698887976 0.3621231180776328 0.020585235389503253 0.015861357336090797
7 0.7123332155072963 0.5998151167647683 0.00964773538950343 0.015734088001272538
7 0.7360337682672398 0.6297844274347226 0.014280688311602674 0.012663632001908986