5 0.3609375 0.7970409328349726 0.015625 0.016443871551297562
2 0.72265625 0.3722478092475102 0.040625 0.05525406603337357
2 0.46796875 0.2464002029613607 0.0328125 0.04703213025772479
2 0.4 0.3139318617132165 0.0140625 0.022611984396167805
4 0.46953125 0.3136695901164904 0.0109375 0.017760710085908293
4 0.4421875 0.33176781490171975 0.0109375 0.013073210085908293
4 0.484375 0.6058537680902231 0.009375 0.017678822930778538
4 0.42421875 0.6120761126177277 0.0125 0.01784259724103805
2 0.346875 0.5494289484388049 0.0109375 0.020885710085908293
4 0.38203125 0.6536151594292243 0.0125 0.01784259724103805
4 0.440625 0.66996717774659 0.015625 0.016443871551297562
2 0.4171875 0.7984263704196437 0.04375 0.04760534034363299
2 0.46171875 0.7656039043408416 0.01875 0.016607645861557073
2 0.5015625 0.8403482767966504 0.015625 0.016443871551297562
2 0.440625 0.72231092774659 0.01875 0.019732645861557076
2 0.4046875 0.7360525231786058 0.021875 0.023021420171816586
2 0.3484375 0.47841708559393464 0.0171875 0.024338258706427317
2 0.3734375 0.5476960300760106 0.0296875 0.03124335594746519
2 0.55546875 0.4564546336486268 0.0390625 0.034859678878243726
2 0.46796875 0.5174939529613607 0.01875 0.030670145861557075
2 0.51875 0.7756240355030777 0.0125 0.01471759724103805
2 0.303125 0.7541673580951718 0.015625 0.021131371551297563
2 0.51328125 0.6659624304601235 0.0125 0.01784259724103805
2 0.384375 0.7138942401619189 0.0140625 0.017924484396167804
2 0.53203125 0.6903825763216804 0.015625 0.021131371551297563