3 0.922812689276497 0.5075934323684793 0.02713550296574958 0.014217036104353653
5 0.9006193542955249 0.49965366734136457 0.020694501977166622 0.009493174668035032
5 0.860124346881151 0.4642701583643742 0.019259335969555025 0.012609084308955331
4 0.8337210143716369 0.4680218722600206 0.020949169961944136 0.015743174668035032
4 0.8960976334587286 0.6378758300073472 0.02283000494291585 0.023564765027114732
4 0.9078017960062986 0.618417302879984 0.028952670950527094 0.020476126463433175
5 0.7329795736494464 0.3534003151766242 0.017824169961943782 0.01572499394987581
5 0.6616934585538689 0.597458866504484 0.02713550296574958 0.014217036104353476
5 0.5356402945234239 0.609222547419035 0.022384335969555025 0.012627265027114731
5 0.5418465321661342 0.5506787943939729 0.017887836958138337 0.01728749394987581
5 0.46136319471370435 0.5306839360809124 0.02225700197716627 0.009502265027114732
5 0.4644271863107473 0.4908674571581512 0.01932300296574958 0.014171584308955331
5 0.4662178379839025 0.4198009782353901 0.023946835969555026 0.012636355386194254
5 0.4871895711779885 0.3402543788011242 0.02094916996194378 0.015743174668035032
3 0.5452487633830538 0.4616572010098311 0.02276633794672147 0.02200226502711473
3 0.42506489186168556 0.6749697463857627 0.025764003954332714 0.018895445745273777
5 0.40165390817330787 0.7521589602814093 0.01782416996194396 0.01572499394987581
3 0.3076200652836706 0.7063101290957118 0.01964133794672147 0.02198408430895533
5 0.3289910465005902 0.6173930748409856 0.02094916996194396 0.015743174668035032
5 0.39254952771750995 0.5287214602814092 0.02563666996194396 0.015770445745273774
3 0.06479589532172665 0.689276123438371 0.023883168973360736 0.011073855386194254
3 0.09378305836358833 0.6722613402608838 0.010075336958138292 0.017242042154477666
4 0.08539755539783882 0.6581533884654857 0.019259335969555137 0.012609084308955331
3 0.2702062955120071 0.6123646863754999 0.01964133794672147 0.02198408430895533
3 0.23861539729889297 0.6996601532962086 0.027262836958138338 0.017342036104353475
3 0.39188634144394363 0.43577089099956845 0.019514003954332716 0.01885908430895533
5 0.3554196008354838 0.4800794272021179 0.019450336958138338 0.01729658430895533
5 0.3866377673373866 0.4794799843837102 0.021012836958138336 0.01730567466803503
3 0.4701373809500896 0.22846290592848723 0.025764003954332714 0.018895445745273864
3 0.4738963923187961 0.28237824628756686 0.01964133794672147 0.02198408430895542
5 0.5165958868815886 0.25685152634179614 0.023946835969555026 0.012636355386194254
5 0.49639347482831014 0.2786038064942213 0.02401050296574958 0.014198855386194253
3 0.6292643246380296 0.35748330629782954 0.028825336958138336 0.017351126463433175
3 0.22635820604522977 0.18799140027114647 0.02401050296574949 0.014198855386194253
4 0.24915371889681107 0.24904707493918155 0.027199169961943957 0.015779536104353474
4 0.19578066258475116 0.37683118647369584 0.025636669961943914 0.015770445745273955
4 0.23744158056952874 0.38332208098930576 0.019514003954332716 0.01885908430895533
4 0.11287927376317723 0.5083488311856975 0.024074169961943913 0.015761355386194255
4 0.060604507945846445 0.4330624848746895 0.025700336958138316 0.017332945745273776
4 0.1605076433445603 0.6804601805217676 0.022575336958138337 0.01731476502711473
4 0.21755082220375277 0.7385908430895541 0.021076503954332713 0.01886817466803503
3 0.450980087526792 0.8125879210537977 0.027262836958138338 0.0173420361043533
4 0.5792324215191809 0.8164583304983264 0.02713550296574958 0.014217036104353653
4 0.6125860909868331 0.8299304780389984 0.016325336958138335 0.01727840359079593
3 0.6603205954354574 0.851296938811387 0.028825336958138336 0.01735112646343282
4 0.6814607663859844 0.8717276134794218 0.01756950197716627 0.009474993949875454
4 0.6694435860439173 0.8068293213249442 0.027262836958138338 0.017342036104353652
3 0.47686610828703857 0.9111526860809125 0.027262836958138338 0.0173420361043533
5 0.5789949995800705 0.7914628756778662 0.023946835969555203 0.012636355386194254
4 0.6508170365775774 0.1771827279408025 0.023946835969555026 0.012636355386194254
0 0.7454503987445867 0.3144196284083407 0.06635451186299815 0.056622704722264314
0 0.876011990645641 0.3557945830324092 0.06466467787060921 0.05348861436318471
0 0.7468404382879137 0.5018832669720222 0.0534725098858317 0.04717498184962743
0 0.7039101334587285 0.6367577158405541 0.0612850098858317 0.04722043364502539
4 0.6333960677179474 0.32470262255460824 0.02088550296574958 0.01418067466803503
4 0.6962289901513493 0.3524054417382531 0.022639003954332715 0.01887726502711464
4 0.7083589170333754 0.4009020290722707 0.02407416996194378 0.015761355386194255
2 0.5836228552841081 0.5024958244482022 0.02908000494291585 0.023601126463433174
2 0.6309833335352782 0.3996708062978296 0.019514003954332716 0.018859084308955422
1 0.6457501235728967 0.5895554629136879 0.020821835969555023 0.012618174668035031
0 0.6233565869581383 0.02081000809322766 0.052963173916276675 0.03467498184962738
0 0.5781050953610952 0.06038104732083913 0.05009284190105419 0.04090680113146814
0 0.498400349315428 0.07866289382823881 0.05484400889724857 0.04249657220870699
0 0.3498819362735663 0.09498226453613531 0.053217841901054184 0.04092498184962738
0 0.3739826225471326 0.18806918920417037 0.0612850098858317 0.047220433645025484
0 0.2920376027754691 0.09386467125018946 0.07515650889724856 0.04261474687674203
4 0.32486203163466154 0.15185443325224202 0.016261669961943958 0.0157159035907962
4 0.3269815830409867 0.3955589814568439 0.027135502965749493 0.014217036104353476
4 0.3062870810638203 0.38606580678880886 0.02563666996194396 0.015770445745273864
4 0.2632347594287212 0.44127093637549997 0.02557300296574949 0.014207945745273953
4 0.5826054778312406 0.6883833274732643 0.026018671939110227 0.025145445745273953
7 0.5793239689339921 0.6461867371141846 0.02225700197716627 0.009502265027114732
4 0.6268555435348407 0.6050668334251926 0.014762836958138337 0.01726931323171659
4 0.319500641367394 0.6720123971478885 0.023946835969555203 0.012636355386194254
0 0.29381093878220527 0.501590812838933 0.06766234387822045 0.05038179508134384
4 0.2567473374896109 0.41623912011872133 0.024074169961943958 0.015761355386194255
0 0.1523145054743885 0.4218800660603869 0.046967841901054186 0.040888620413308985
4 0.11094274756572312 0.38414826190385665 0.02582767095052709 0.020457945745273865
4 0.04211183452386141 0.4009312409248137 0.02069450197716636 0.009493174668035032
4 0.025115335512444593 0.4055187469749379 0.017824169961943914 0.01572499394987581
4 0.021052576615196023 0.36331761143631847 0.013073002965749526 0.014135222872636887
4 0.03570532562661285 0.3587164698475748 0.017824169961943914 0.01572499394987581
4 0.07263627574034359 0.5174874818496275 0.02069450197716636 0.009493174668035032
2 0.051774630492979035 0.6189045361043535 0.028889003954332693 0.018913626463433177
0 0.23944838543589492 0.6434283340143678 0.06609984387822054 0.050372704722264315
4 0.23585120015091174 0.5551470840143679 0.01782416996194396 0.01572499394987581
4 0.31445370262236977 0.5673203519683486 0.01619800296574958 0.014153403590796287
4 0.3548677969948818 0.6198868157657993 0.02069450197716636 0.009493174668035032
2 0.18070876091159596 0.44782039734428025 0.022639003954332715 0.01887726502711473
4 0.5127134945999735 0.37242652936685827 0.02401050296574958 0.014198855386194253
0 0.28150064528454555 0.29531808694123407 0.08478617688202608 0.04891928903121974
0 0.12376510524692703 0.10460166246959075 0.053281508897248565 0.04248748184962738
1 0.20340877326888568 0.5065323220123152 0.01619800296574958 0.01415340359079611
1 0.17304874710861257 0.7773851774967053 0.020821835969555114 0.012618174668035031
1 0.18475693235641463 0.4704948280624395 0.02276633794672147 0.02200226502711473
1 0.13418788247014538 0.6287567799560334 0.030451503954332715 0.018922716822512696
1 0.47434465026464256 0.715090752337691 0.016325336958138335 0.017278403590796288
4 0.13351147285114373 0.26711984318775 0.023946835969555113 0.012636355386194254
4 0.12783447581689328 0.2811459817514315 0.014508168973360736 0.011019313231716588
0 0.09161967497922188 0.8300238432859459 0.02015067391627663 0.03448408430895533
0 0.05328805094921454 0.6368778312838932 0.02595500494291587 0.023582945745273774
2 0.039260043040549135 0.5993051084112564 0.013327670950527093 0.020385222872636888
2 0.11124376688027607 0.8707533824153615 0.03520267095052709 0.02051248789975162
2 0.4532429244849303 0.8297845114128772 0.02745383794672147 0.0220295361043533
3 0.6597808596955513 0.12880886045435982 0.022639003954332715 0.01887726502711464
3 0.6921198103035737 0.2898963513791736 0.02869800296574958 0.014226126463433176
3 0.26240701885744244 0.8810056020665445 0.022257001977166357 0.009502265027114732
3 0.02219592395345766 0.4297147710772388 0.009757001977166353 0.009429542154477666