3 0.7412413143108049 0.2834868544479337 0.02409247146395277 0.01474446159934022
3 0.706759306452922 0.2532825289002553 0.019696069892376045 0.020858069279472157
3 0.6732383310600278 0.252697507192643 0.02260274607105863 0.016261497492717502
4 0.6996381652204277 0.23866609943336875 0.020821922249741043 0.011528533386094875
7 0.7763033649727586 0.33473946588898934 0.011665246071058632 0.015943248746358753
3 0.718647068654031 0.4503250134608491 0.027144696856846905 0.013272889812585476
3 0.6959544313504782 0.45176549300687796 0.027290246071058632 0.016397889812585477
3 0.7300169081911143 0.507728336501245 0.019696069892376045 0.020858069279472247
3 0.7307275376367844 0.47571981855455636 0.024165246071058633 0.016306961599340218
3 0.8397258560814185 0.3968697413575254 0.013518844499482086 0.02223871285298138
5 0.8418619367271617 0.518517420824412 0.02082192224974122 0.011528533386094785
5 0.8209115818885973 0.5495544721571954 0.01457192224974122 0.011346676959604096
5 0.8058237752307876 0.6724835067969316 0.022384422249740864 0.01157399749271768
5 0.7710677855698698 0.6649126991959419 0.020894696856846907 0.013091033386094963
5 0.6341006708065081 0.8584845059390018 0.016352746071058633 0.016079641066226814
4 0.6239851162156129 0.7909022008452945 0.015988873035529316 0.008267141066226813
4 0.5715086255212378 0.8790303381505977 0.017696922249741044 0.01143760517284953
3 0.49754674069888427 0.8421728473217976 0.027071922249741042 0.011710389812585476
5 0.5873755281262717 0.7896268573509275 0.017696922249741044 0.01143760517284953
3 0.5410934952469983 0.6107493510827213 0.027144696856846905 0.013272889812585476
4 0.5618362965281245 0.4166583702830513 0.01762414764263518 0.00987510517284953
5 0.5022943225829725 0.47222406017477914 0.020894696856846907 0.013091033386094787
5 0.3136063500855625 0.5869410927029441 0.021040246071058633 0.016216033386094963
7 0.2827501482663169 0.6799014825155297 0.020821922249741043 0.011528533386094785
3 0.3476390175777925 0.258270523423472 0.024019696856846906 0.013181961599340219
5 0.4193855849889693 0.2756876924655173 0.01471747146395277 0.014471676959604097
5 0.1703273467757936 0.32974602131190095 0.02089469685684686 0.013091033386094787
3 0.2226304013666888 0.3961007955267958 0.02118579528527027 0.019341033386094962
3 0.15878622518800636 0.3932773238983257 0.025654971463952726 0.014789925705962848
3 0.03278665136668879 0.4016246844814516 0.021185795285270294 0.019341033386094962
4 0.06387613957986452 0.35390859850893197 0.017696922249741 0.01143760517284953
7 0.12275021774440828 0.513695123977468 0.016352746071058542 0.016079641066226814
5 0.14187043714144637 0.6894620021115709 0.02089469685684686 0.013091033386094963
3 0.08361482734048345 0.8011640317367423 0.02401969685684686 0.013181961599340042
3 0.34227273573648553 0.9262703656641978 0.02118579528527027 0.019341033386094608
3 0.28337723284100147 0.8171968940357278 0.021113020678164496 0.017778533386094607
5 0.6316543368509961 0.47548178932509655 0.01918664764263518 0.009920569279472246
5 0.8948477338744588 0.704221588612816 0.019186647642634825 0.009920569279472246
1 0.5559481313076968 0.1578062075092121 0.032487168320799495 0.027471782132453625
1 0.4988162198113228 0.3123860589211379 0.025946069892376043 0.021039925705962935
1 0.36515831141532074 0.18364259646386788 0.02431079528527036 0.01943196159934022
1 0.37661588813212243 0.28941522334432973 0.026018844499481997 0.022602425705962936
1 0.3458987733687608 0.47989547083704726 0.0387371683207995 0.027653638558944316
1 0.7576817975615819 0.31577651722177286 0.02431079528527036 0.01943196159934022
1 0.7944112020286426 0.43173648634296047 0.02118579528527036 0.019341033386094962
1 0.7576624110865985 0.6177110902621686 0.021331344499482086 0.022466033386094965
1 0.44082382154951516 0.569196000066507 0.02587329528527036 0.01947742570596276
1 0.5076388323028821 0.7092466870552411 0.02743579528527036 0.019522889812585476
1 0.8554640945039912 0.8965143886919584 0.027363020678164318 0.017960389812585475
1 0.2600638573242728 0.8654669094751337 0.029071069892376133 0.021130853919208194
1 0.0878786040145039 0.6091129240566102 0.025946069892376154 0.021039925705962935
1 0.0902607795740138 0.8594849970970062 0.03056079528527027 0.01961381802583091
1 0.06486051923493157 0.8688061728029691 0.02260274607105859 0.016261497492717325
1 0.21232213999414928 0.5001661698999751 0.029143844499481996 0.02269335391920819
1 0.1492613678682428 0.4637716803248164 0.031215766749222995 0.03367631802583091
1 0.18264121794929605 0.11561532515196693 0.025727746071058544 0.016352425705962893
1 0.13905592204485323 0.38136835728442053 0.02572774607105859 0.016352425705962938
3 0.716033644956548 0.40593015578071723 0.030488020678164494 0.01805131802583091