5 0.3539737243975124 0.7291597190194782 0.01175654735504672 0.014635710085908115
5 0.22595441118686307 0.6805694900503773 0.010376057878390377 0.017678822930778538
5 0.28506264262983727 0.5349394075086604 0.021040542093374803 0.013564533016686831
5 0.22657457941918793 0.4827052001362856 0.016262036831702974 0.011756371551297561
5 0.19363254777856964 0.41978579828183477 0.016353042093374803 0.013318871551297563
5 0.14076515301200665 0.39140184871137607 0.01608002630835923 0.008631371551297562
5 0.07097702680246942 0.506437028494131 0.010103042093374804 0.012991322930778537
5 0.05928139262983727 0.5467721014249095 0.0161710315700311 0.010193871551297562
5 0.45398548982959214 0.3492841112629906 0.017551521046687314 0.007150758706427318
5 0.3040379687123176 0.2893812460432711 0.006978042093374803 0.012827548620519024
5 0.3397626370858168 0.23766161578554632 0.0206765210466874 0.0073145330166868305
5 0.3088395898013573 0.3272940038451872 0.015989021046687403 0.007068871551297562
5 0.61294180282848 0.17427638794809924 0.01608002630835923 0.008631371551297517
5 0.5870618422910189 0.16394971958530502 0.01019404735504672 0.014553822930778537
5 0.3334238188958442 0.48022093000989763 0.014426521046687402 0.006986984396167628
5 0.4431866847937993 0.5881828369527311 0.022967063140062294 0.019896420171816587