3 0.7954530245862765 0.5828513852244142 0.023637494668999892 0.017460220003181703
3 0.7723058785805493 0.6253025145608231 0.01900453866963616 0.022093176002545435
3 0.7401200872454131 0.6389564818985047 0.023601132001908987 0.014335220003181704
3 0.8541478666056846 0.4392190165500054 0.017460220003181703 0.023637494668999892
3 0.7253325232734118 0.4329064765675046 0.028288632001908988 0.014389764003817973
3 0.70494729793923 0.4393928339035954 0.02676249466899989 0.01749658267027243
3 0.7303654686107752 0.40316443256686824 0.02207499466899989 0.017442038669636162
3 0.7221171639481387 0.37357692990136815 0.018986357336090796 0.020530676002545344
3 0.5138597686187294 0.34709788792968505 0.029851132001909163 0.014407945337363426
5 0.8219358979551383 0.3208599152212324 0.02360113200190881 0.014335220003181704
5 0.8133586872613214 0.5209326405554142 0.01424431333545435 0.015788632001908987
5 0.7146875666375013 0.20649851790264084 0.01733295066836362 0.012699994668999893
5 0.8203386773154099 0.12246786855509603 0.02042158800127254 0.009611357336090798
4 0.8371443693109555 0.15508037388609613 0.02672613200190881 0.014371582670272564
4 0.7431034679742284 0.18117125389882283 0.020494313335454352 0.015861357336090797
7 0.7560665446371833 0.2083604625636865 0.023564769334818082 0.011210220003181703
5 0.5302954799888642 0.07584959659454878 0.01733295066836362 0.012699994668999893
3 0.41310743264641003 0.14439160594368441 0.02512726933481808 0.011228401336727112
3 0.21426030529918338 0.24903529463718316 0.020512494668999893 0.0174238573360908
3 0.23603640264959172 0.12301768730109239 0.025218176002545258 0.01904090133672711
4 0.3065852599856825 0.10188702729154739 0.022020450668363535 0.01275453866963625
5 0.2525677326145933 0.3806029206317743 0.022020450668363622 0.012754538669636162
3 0.03896885662000214 0.34325001332750027 0.025127269334818125 0.011228401336727156
3 0.09918545723268643 0.7401517379853644 0.022093176002545345 0.01900453866963616
4 0.14097296789468666 0.7740358419796373 0.015734088001272628 0.009556813335454351
4 0.10677923388768698 0.8259892406508644 0.01729658800127267 0.009574994668999892
3 0.21994339990454984 0.7004705253023651 0.023619313335454438 0.015897720003181702
3 0.14258946455286886 0.8365085699793191 0.01727840666772722 0.008012494668999892
5 0.2481860312301411 0.7571654206317744 0.018895450668363532 0.012718176002545434
3 0.43487750922982293 0.7573365012730937 0.025163632001908985 0.014353401336727245
5 0.49632408656909544 0.7128774292648213 0.014226132001909165 0.014226132001908986
4 0.3602860418921413 0.7902313646165023 0.017296588001272716 0.009574994668999892
4 0.28099743654523285 0.8911404312937744 0.012699994668999893 0.01733295066836362
7 0.3678001919160039 0.6143864799490932 0.017296588001272716 0.009574994668999892
7 0.44417452462604723 0.2940097979392301 0.018895450668363623 0.012718176002545345
5 0.5168200419319122 0.49548084392904873 0.020457950668363624 0.012736357336090798
4 0.588340505927776 0.5251132525859583 0.01731476933481808 0.011137494668999891
1 0.7150008138924595 0.7837604519016863 0.0315227200031817 0.02380112667090888
1 0.8279206265913672 0.5449786678867324 0.025218176002545077 0.019040901336727246
1 0.7972620672740482 0.4273826352244141 0.023692038669636338 0.022147720003181704
0 0.8655671719446388 0.39768549721518726 0.06030224801081765 0.08037839067472693
1 0.7740251092855022 0.3432894458943685 0.011064769334818082 0.011064769334818082
1 0.7141875799650016 0.24946726790264084 0.023655676002545433 0.019022720003181705
1 0.6819114293045923 0.20375532590709516 0.01729658800127254 0.009574994668999892
1 0.8098835299968183 0.014010478556686879 0.022093176002545435 0.01900453866963623
1 0.4390057666295471 0.2682921826066392 0.023655676002545433 0.019022720003181705
1 0.42621377060791177 0.42779445194145727 0.026780676002545255 0.01905908267027261
1 0.5587246365770495 0.6535655165897764 0.025254538669636162 0.022165901336727245
1 0.4588695399029589 0.709407531269912 0.025218176002545434 0.01904090133672707
1 0.4942337805538234 0.8253865199315941 0.023655676002545433 0.019022720003181705
1 0.3262821172024606 0.960135331954184 0.023673857336090797 0.020585220003181703
1 0.1634024985678227 0.7261250533100011 0.026798857336090796 0.020621582670272608
1 0.28981209926004886 0.5363983872931382 0.03312158267027261 0.026944308004454243
1 0.21996267592300356 0.5645512066359105 0.025218176002545344 0.01904090133672707
1 0.08298084392904873 0.5216199139879096 0.025218176002545344 0.01904090133672707
1 0.16156256663750135 0.2129347099777283 0.022093176002545345 0.01900453866963625
2 0.7681456372533673 0.5800445585614593 0.03315794533736351 0.030069308004454242
2 0.6633217772517764 0.5929814579090043 0.04411362667090888 0.0317590773392725
1 0.4859342159452753 0.39741606126673035 0.011064769334818082 0.01106476933481817
1 0.5497063619510023 0.35449221725813984 0.011082950668363623 0.012627269334818081
1 0.5850706026018666 0.47047120591982183 0.012609088001272717 0.009520450668363623
1 0.5831808385980486 0.4986143872533673 0.014153406667727353 0.007976132001908987
1 0.5630319705999576 0.48478824458945813 0.009447725334181811 0.006359088001272717
1 0.6552836526098208 0.4110683865770495 0.012590906667727175 0.007957950668363623
2 0.40589962858054934 0.6295660372772298 0.02843408267027243 0.026889764003817974
1 0.4336411785487327 0.8635865012730936 0.007903406667727353 0.007903406667727353
1 0.4226229572326865 0.7363882019414573 0.00793976933481808 0.011028406667727175
1 0.46372921522918664 0.761687646602503 0.012590906667727353 0.007957950668363623
1 0.3904457092218688 0.8164393286123662 0.012590906667727265 0.007957950668363623
1 0.31375922394177536 0.42519725795672925 0.012590906667727175 0.007957950668363623
1 0.2982978559436844 0.41131657129218374 0.014171588001272628 0.009538632001909164
1 0.14623372724382228 0.6575841386457737 0.009484088001272628 0.00948408800127254
1 0.10890699725495816 0.5759983313176371 0.01102840666772722 0.00793976933481808
1 0.18628710992204905 0.5719733553071376 0.01102840666772722 0.00793976933481808
1 0.10623653059359425 0.536972193984728 0.011028406667727263 0.00793976933481808
2 0.1440166992361863 0.7138523199793191 0.023655676002545346 0.019022720003181705
1 0.15898081727404817 0.4348097099777283 0.007939769334818126 0.011028406667727354
2 0.22420637527850254 0.4012426846355924 0.03159544533736351 0.030051126670908878
2 0.11697129921232374 0.8899244713160464 0.02525453866963625 0.022165901336727245
2 0.5358405725652774 0.7405388052594125 0.028361357336090798 0.02063976400381797
2 0.5511655805617776 0.7661382419239581 0.028361357336090798 0.02063976400381797
3 0.2780649825748224 0.6732353159611837 0.020512494668999893 0.01742385733609062