5 0.465625 0.17790081797821103 0.0140625 0.014881547355046631
4 0.55859375 0.19972188104768604 0.0265625 0.028109589448421436
5 0.57890625 0.18527994944942008 0.009375 0.017733531570031102
4 0.4453125 0.350936499576477 0.021875 0.03096157366340586
4 0.48984375 0.3246238995341247 0.015625 0.01966005261671846
4 0.384375 0.4630122943712749 0.015625 0.03216005261671846
4 0.33125 0.541168115474432 0.0203125 0.029308068401734035
3 0.5828125 0.5917574626035996 0.0171875 0.0166260578783902
4 0.5375 0.6383370600151161 0.0125 0.021040542093374803
4 0.49765625 0.647735175842484 0.0140625 0.01488154735504672
3 0.71484375 0.728353657214871 0.0125 0.024165542093374803
4 0.5828125 0.6300387126035997 0.009375 0.020858531570031147
4 0.36328125 0.6242837233387049 0.0203125 0.04337056840173403
7 0.33828125 0.6556401391519553 0.0125 0.019478042093374802
4 0.615625 0.6756998230987085 0.0140625 0.01644404735504672
4 0.64765625 0.6197529309629815 0.0140625 0.01488154735504672
4 0.5984375 0.7098550152203182 0.0125 0.014790542093374803
7 0.56640625 0.7884581573560453 0.015625 0.01653505261671846
4 0.4296875 0.8625264469597586 0.0171875 0.027563557878390554
7 0.7203125 0.8146096756307223 0.0125 0.014790542093374626
2 0.2421875 0.22504331555913656 0.0171875 0.022876057878390376
2 0.33125 0.24038686547443203 0.0125 0.017915542093374804
2 0.28671875 0.3354494655167843 0.0125 0.019478042093374802
2 0.2125 0.37565796558737147 0.0125 0.021040542093374803
2 0.31875 0.37012757338105723 0.015625 0.01966005261671846
2 0.29453125 0.3624669918251436 0.015625 0.01809755261671846
2 0.43359375 0.2650977101139381 0.015625 0.01341005261671846
2 0.41484375 0.2530681469738759 0.0171875 0.015063557878390376
2 0.64375 0.33671291780880186 0.0140625 0.01800654735504672
2 0.59375 0.3673944994353026 0.015625 0.02122255261671846
2 0.63125 0.406297375715427 0.01875 0.021404563140062116
2 0.528125 0.470603528445085 0.0171875 0.0228760578783902
2 0.58046875 0.9915402063088585 0.025 0.01691958738228294
2 0.253125 0.6936491023908395 0.015625 0.01809755261671846
2 0.21640625 0.5297917287415511 0.0140625 0.02425654735504672
2 0.209375 0.5020384550640278 0.0171875 0.0228760578783902
2 0.21640625 0.4547917287415511 0.015625 0.01653505261671846
2 0.21640625 0.4258854787415511 0.0140625 0.01644404735504672
2 0.5421875 0.9542350758001316 0.01875 0.026092063140062294
2 0.45625 0.9179797864081799 0.009375 0.017733531570031148
4 0.46796875 0.3592873258707188 0.0203125 0.03399556840173403