3 0.77890625 0.34812289083325554 0.0203125 0.03004205600635439
3 0.35703125 0.1562679963498473 0.0203125 0.026917056006354433
3 0.5015625 0.9818701939969408 0.01875 0.01907728246740419
4 0.34296875 0.5877634582004003 0.0125 0.023655688311602675
3 0.49296875 0.7406139484611677 0.01875 0.02376478246740419
1 0.61640625 0.41502183888409083 0.028125 0.03174092370110611
1 0.10859375 0.8910732390429512 0.0234375 0.03478410308425524
2 0.53125 0.9540082467568844 0.0265625 0.019213650162155815
2 0.6671875 0.7633541988682049 0.0234375 0.031659103084255055
1 0.9046875 0.34123987094775315 0.0171875 0.02373750892845372
1 0.5078125 0.6544173498411394 0.009375 0.011101141233702094
1 0.6421875 0.6364468254914103 0.009375 0.014226141233702094
2 0.28984375 0.8222845085247119 0.028125 0.025490923701106283
5 0.46953125 0.7652418015454228 0.0109375 0.017378414772652385
5 0.6296875 0.367133763803013 0.0109375 0.011128414772652384
5 0.53671875 0.1843815393705582 0.0109375 0.012690914772652384
5 0.52578125 0.1720724541432106 0.0109375 0.014253414772652384
5 0.49453125 0.19136792492221738 0.0109375 0.015815914772652383
5 0.49140625 0.13439122200011808 0.01875 0.0190772824674041
5 0.70078125 0.17761156778077253 0.0109375 0.017378414772652385
5 0.50078125 0.22329008076641604 0.0109375 0.014253414772652384
5 0.25 0.5206362337679457 0.0109375 0.014253414772652384
5 0.32890625 0.5466026700509534 0.009375 0.014226141233702094
5 0.52734375 0.36892018060426024 0.009375 0.015788641233702005
5 0.6640625 0.3102837459461055 0.0109375 0.017378414772652385
5 0.6890625 0.47312861932290007 0.0125 0.018968188311602675
5 0.70390625 0.3064632707028718 0.0109375 0.015815914772652383
5 0.47421875 0.008429424311661758 0.015625 0.016858848623323517
5 0.16015625 0.6487669622575901 0.009375 0.017351141233702093
5 0.40546875 0.41089126664238673 0.009375 0.015788641233702095
5 0.22578125 0.3632464736216759 0.0078125 0.014198867694751715
5 0.7109375 0.4868092897775953 0.0109375 0.020503414772652384
5 0.5796875 0.7703502670494238 0.009375 0.015788641233702095
5 0.6734375 0.16168260471240348 0.0125 0.012718188311602718
5 0.38203125 0.7620816197266419 0.0125 0.022093188311602674
5 0.46640625 0.12545259862332353 0.0109375 0.012690914772652384
5 0.51328125 0.1480718924548133 0.0078125 0.014198867694751715
5 0.3421875 0.20262084496987556 0.009375 0.017351141233702006
5 0.23515625 0.6123015823879738 0.0109375 0.015815914772652383
5 0.3609375 0.2366685625024715 0.0125 0.017405688311602673
5 0.77734375 0.6715876643722059 0.0125 0.017405688311602673
5 0.51484375 0.38632586891586296 0.0109375 0.020503414772652384
5 0.26875 0.6710902013005415 0.009375 0.017351141233702093
5 0.5421875 0.590536081984232 0.009375 0.017351141233702093