3 0.3404210589862151 0.2141743247135433 0.03168641109416672 0.01911362667090888
3 0.14724379549975639 0.6573596086887262 0.02699891109416668 0.019059082670272433
4 0.5927563172512494 0.653947538749178 0.0237284407294446 0.012772720003181703
3 0.7489186643252079 0.4916577187698589 0.02387391109416672 0.019022720003181705
1 0.41080302811666636 0.3798816880569519 0.031904616641249994 0.02848862667090888
1 0.9078318841212493 0.8826747121259941 0.03332164627652787 0.022256808004454242
2 0.9680329934473955 0.4449752647994485 0.019368249050069508 0.026780676002545432
2 0.7687441211065622 0.3113707821053133 0.03179551386770836 0.02380112667090888
1 0.3317026352586111 0.08513171471195247 0.02387391109416672 0.01902272000318166
1 0.6592931198722913 0.4812372920909958 0.011192073138263935 0.011064769334818082
1 0.6390741516917705 0.34268332208781416 0.014280705547083272 0.009538632001908987
2 0.8347431422893745 0.6989622361154947 0.02569098423243048 0.029978401336727245
5 0.774899282866319 0.5169668014401314 0.01740570554708327 0.009574994668999892
5 0.3618570350505205 0.3675902260502704 0.012754573138263937 0.011082950668363534
5 0.17422778885024265 0.47168573802513525 0.014317073138263891 0.011101132001908987
5 0.1614550319163885 0.48325903735677167 0.014317073138263891 0.011101132001909163
5 0.18182143009277735 0.5147544853596352 0.017442073138263937 0.011137494668999891
5 0.1231003935236454 0.519541435351681 0.017587543502986146 0.017387494668999894
5 0.1640929886977428 0.3027721060232262 0.01740570554708336 0.009574994668999892
5 0.2148339518442704 0.5065425433640895 0.014317073138263936 0.011101132001908987
5 0.5240225414156938 0.7531748320734966 0.014317073138263936 0.011101132001908987
5 0.5501687737482633 0.6706441427434511 0.015879573138263936 0.01111931333545435
5 0.36408972264583295 0.47311352005090673 0.015843205547083274 0.009556813335454351
5 0.30164688687413166 0.33563115404199806 0.017442073138263937 0.011137494668999891
5 0.46967084147128446 0.30163905673136066 0.019004573138263935 0.011155676002545346
5 0.2979413118360067 0.29338911004136176 0.017442073138263937 0.011137494668999891
5 0.0015936419081247761 0.5422784066677272 0.0031872838162495523 0.01580681333545435
5 0.6579598239007632 0.8406941080919503 0.01740570554708327 0.009574994668999892
5 0.40965418294256895 0.5971146413908155 0.01740570554708327 0.009574994668999892
5 0.36232132200090217 0.7841146547183158 0.014244337955902787 0.007976132001909164
5 0.48349760533899283 0.2783560980664969 0.02053070554708327 0.009611357336090798
5 0.7775541170224998 0.40290430144013145 0.017442073138263937 0.011137494668999891
5 0.1493576882609025 0.3315147240213172 0.012790940729444467 0.012645450668363534
5 0.771245646373437 0.606792370106586 0.0237284407294446 0.012772720003181703
5 0.11387021067798567 0.546785188017181 0.012754573138263892 0.011082950668363623
5 0.13692715739135375 0.4962584766868172 0.01428070554708336 0.009538632001909164
5 0.19537217097472168 0.671204480028635 0.015806837955902785 0.007994313335454351
5 0.6190986520730203 0.7644401434197687 0.015879573138263936 0.01111931333545435
5 0.23101938345565917 0.6505198100334075 0.019004573138263935 0.011155676002545434
5 0.6735972348980207 0.20242194875872305 0.017442073138263937 0.011137494668999891
5 0.38334821571197875 0.48505953672022484 0.02053070554708327 0.009611357336090798
5 0.6793464742613535 0.7276310340944956 0.01740570554708327 0.009574994668999892
5 0.5928329716959024 0.44920549474854166 0.017369337955902786 0.008012494668999892