3 0.1875 0.3173353246740408 0.0203125 0.02066705600635448
5 0.2046875 0.37857283360249455 0.01875 0.0097022824674041
5 0.23828125 0.37447171468992685 0.0109375 0.012690914772652384
5 0.1828125 0.3414722540571898 0.01875 0.011264782467404099
7 0.159375 0.4879381509729347 0.015625 0.011210235389503253
5 0.31171875 0.29215982102059285 0.0234375 0.008221603084255059
7 0.39140625 0.23339452150706017 0.01875 0.0081397824674041
4 0.234375 0.22127853084255103 0.028125 0.011428423701106106
3 0.2484375 0.36058649269310405 0.0140625 0.02055796185055314
3 0.3328125 0.4378405137964224 0.0296875 0.014580697240056395
3 0.26640625 0.49761888839103297 0.0265625 0.016088650162155816
7 0.18828125 0.47984896144351596 0.01875 0.009702282467404011
4 0.2265625 0.5969234131477993 0.021875 0.01913182954530477
4 0.19765625 0.655012602677218 0.01875 0.01126478246740419
7 0.23203125 0.6532688705341255 0.0203125 0.014417056006354479
5 0.3015625 0.5872950430174156 0.021875 0.011319329545304768
5 0.29296875 0.6933950385531887 0.021875 0.014444329545304769
7 0.2703125 0.7351870722384088 0.01875 0.01907728246740419
5 0.3640625 0.42979223457542926 0.0203125 0.0128545560063543
7 0.5421875 0.18680766801576798 0.015625 0.008085235389503431
5 0.534375 0.2632338003210163 0.01875 0.0143897824674041
3 0.56484375 0.2606406343305479 0.025 0.011373876623205437
4 0.57421875 0.23189802556424993 0.0265625 0.017651150162155814
4 0.5703125 0.1669860917168741 0.03125 0.011482970779006774
4 0.60390625 0.1011662228043064 0.0265625 0.014526150162155771
5 0.67734375 0.16572932913497235 0.01875 0.011264782467404099
5 0.66015625 0.23105432020651864 0.021875 0.011319329545304768
7 0.70546875 0.2201265028360785 0.0203125 0.009729556006354478
7 0.73828125 0.2964804971540357 0.015625 0.012772735389503432
7 0.6984375 0.18484752191080195 0.0125 0.012718188311602718
7 0.83046875 0.31605838595210567 0.0203125 0.011292056006354478
7 0.69296875 0.4605333145244758 0.015625 0.011210235389503253
7 0.69765625 0.47389638514132687 0.0078125 0.017323867694751627
3 0.75703125 0.3350890296214397 0.0203125 0.01754205600635439
5 0.61953125 0.4881577081938097 0.0140625 0.017432961850553142
5 0.68828125 0.5643577439076248 0.0109375 0.015815914772652383
4 0.61171875 0.5856775904990581 0.0296875 0.014580697240056395
4 0.70078125 0.6411384322192275 0.025 0.014498876623205348
7 0.73046875 0.677594129459284 0.021875 0.014444329545304769
5 0.8328125 0.5981305462605312 0.015625 0.011210235389503432
5 0.89296875 0.6468368275101193 0.015625 0.014335235389503254
7 0.72421875 0.7665475353034826 0.021875 0.012881829545304768
7 0.7015625 0.7442770689887027 0.0203125 0.0144170560063543
3 0.79140625 0.7325640474783472 0.0265625 0.011401150162155815
7 0.66328125 0.47876511728441934 0.021875 0.009756829545304768
7 0.67109375 0.48905773497917104 0.015625 0.009647735389503254
7 0.90859375 0.3627345628996227 0.0203125 0.008167056006354478
7 0.9296875 0.3388840056754523 0.01875 0.011264782467404099
4 0.93671875 0.6851004866007289 0.0171875 0.017487508928453722
7 0.57265625 0.7443707520252996 0.0234375 0.014471603084255057
5 0.38515625 0.6739104273512588 0.025 0.011373876623205348
5 0.46953125 0.7472581984545771 0.0125 0.015843188311602675
5 0.3390625 0.7699808579522237 0.01875 0.014389782467404189
4 0.29921875 0.7520978827089901 0.021875 0.012881829545304768
7 0.52421875 0.5458690223178391 0.021875 0.011319329545304768
7 0.47734375 0.5020820661493289 0.021875 0.016006829545304767
5 0.51953125 0.40203720170098806 0.01875 0.014389782467404012
5 0.5734375 0.48579063879477485 0.0203125 0.0144170560063543
4 0.51328125 0.16755310754518668 0.025 0.017623876623205435
4 0.55078125 0.33227017247999485 0.0203125 0.01441705600635439
0 0.27578125 0.32747002962473504 0.0296875 0.027080697240056396
6 0.515625 0.5949377678536122 0.0734375 0.037219356330665934
4 0.596875 0.6377622418790299 0.0265625 0.023901150162155816
4 0.4109375 0.5946729407439394 0.0265625 0.014526150162155815
4 0.14609375 0.4134875758918568 0.021875 0.011319329545304768
4 0.16015625 0.43170178774240986 0.0234375 0.014471603084255057
4 0.228125 0.34148193668674964 0.0203125 0.01754205600635439
1 0.59453125 0.44709633157060436 0.0125 0.011155688311602675
1 0.6140625 0.3872810008074836 0.0171875 0.008112508928453721
1 0.57890625 0.34213609618110097 0.0125 0.008030688311602674
1 0.54375 0.4587099415547183 0.0140625 0.00805796185055314
1 0.45078125 0.6375559159871731 0.0125 0.008030688311602674
1 0.52109375 0.6184707252399384 0.009375 0.009538641233702095
1 0.3953125 0.508462705354436 0.0109375 0.006440914772652384
1 0.325 0.5212978961016708 0.0125 0.009593188311602673
4 0.31796875 0.4485189151763942 0.0171875 0.012800008928453722
1 0.3015625 0.6068262930174156 0.009375 0.009538641233702095
1 0.9421875 0.41488344398705496 0.0109375 0.004878414772652384
1 0.88984375 0.5499072804322187 0.0109375 0.004878414772652384
1 0.64375 0.2362366980475401 0.0125 0.009593188311602673
4 0.23984375 0.5479364882288772 0.0109375 0.015815914772652383
7 0.23671875 0.6291319411509765 0.0140625 0.01587046185055314
1 0.7359375 0.5276895868456102 0.0125 0.008030688311602674
1 0.48984375 0.7812065044609315 0.0125 0.011155688311602675
1 0.55390625 0.7370122195578955 0.0109375 0.006440914772652384
1 0.32109375 0.7391984622542949 0.009375 0.009538641233702095
1 0.2890625 0.7675456047058129 0.00625 0.007921594155801515
1 0.16171875 0.6098540612813602 0.009375 0.009538641233702095
1 0.26953125 0.38751718546893366 0.0109375 0.008003414772652383
7 0.25625 0.3693166103878558 0.015625 0.011210235389503432
1 0.29375 0.3004399253226639 0.0125 0.008030688311602674
7 0.4953125 0.5469269618472578 0.0234375 0.019159103084255058
3 0.12734375 0.4780040434244527 0.0140625 0.02055796185055314
3 0.35859375 0.545321777189103 0.025 0.011373876623205348
3 0.11484375 0.6918483551128499 0.0140625 0.017432961850553142
3 0.5890625 0.807938374184278 0.0140625 0.017432961850553142
7 0.8171875 0.2892640608710278 0.0078125 0.012636367694751627
7 0.64375 0.70264294804754 0.0125 0.008030688311602674