3 0.6351402288198239 0.6827803019175948 0.018078837946721472 0.02207499466899989
1 0.8860581526989193 0.3187519752148691 0.006695668973360824 0.011010225334181811
1 0.8141858112921568 0.2812888852244141 0.009884335969555024 0.012609088001272717
1 0.7027708088206989 0.2708610099061407 0.00994800296574958 0.014171588001272628
1 0.683725037071869 0.16790873257482242 0.009820668973360824 0.011046588001272672
1 0.6543731180985083 0.15730758724541313 0.008321835969555203 0.01259090666772722
1 0.6033517875661607 0.1711888212524128 0.011383168973360825 0.011064769334818125
1 0.5498447855889943 0.16243198659295793 0.00994800296574958 0.014171588001272672
1 0.519251360189843 0.12136209126354866 0.01151050296574958 0.014189769334818126
1 0.5027350222431215 0.0996689045990031 0.011383168973360825 0.011064769334818125
1 0.5210221072240934 0.10727231926323051 0.009820668973360824 0.011046588001272627
1 0.4616006862735663 0.08764161927118468 0.00994800296574958 0.014171588001272672
1 0.38248353064607843 0.1409307986155478 0.01001166996194396 0.015734088001272673
1 0.4258289654367699 0.226404674610139 0.011383168973360825 0.011064769334818082
1 0.4069052104938541 0.20317625994591157 0.013073002965749581 0.014207950668363533
1 0.4050681378701718 0.2540029632797752 0.013200336958138336 0.01733295066836362
1 0.5160865509120335 0.23551549793127585 0.00994800296574958 0.014171588001272717
1 0.49625155338349136 0.24747060526736667 0.011383168973360825 0.011064769334818082
1 0.5853458868815886 0.2472155192552763 0.011383168973360825 0.011064769334818082
1 0.6045269684025195 0.23839450258595826 0.011383168973360825 0.011064769334818082
1 0.5992783942959624 0.28222631858691277 0.00994800296574958 0.014171588001272628
1 0.6959769807598091 0.2959519165738679 0.011383168973360825 0.011064769334818082
1 0.7707806625847512 0.36699057523077744 0.011446835969555025 0.012627269334818081
1 0.7098113290866539 0.36691839723904984 0.011383168973360825 0.011064769334818082
1 0.7178639096190016 0.3535371499045499 0.00994800296574958 0.014171588001272717
1 0.676937820683697 0.3274382739099587 0.00994800296574958 0.014171588001272717
1 0.6718192391627661 0.33609565857736773 0.00994800296574958 0.014171588001272717
1 0.6394351620904596 0.36617405724859486 0.008321835969555203 0.012590906667727175
1 0.6187300257403436 0.5102331399188673 0.013073002965749581 0.014207950668363622
1 0.5878792737631773 0.5012126759230036 0.011383168973360825 0.011064769334818082
1 0.5424394397707883 0.4986149345958214 0.011383168973360825 0.011064769334818082
1 0.4780692391627662 0.3383501439370029 0.011383168973360825 0.011064769334818082
1 0.6808493182494201 0.7111683839115495 0.01964133794672147 0.022093176002545435
1 0.5246855484777566 0.6191910639322303 0.00994800296574958 0.01417158800127254
1 0.5388753824701453 0.6221524319303213 0.011383168973360825 0.011064769334818082
1 0.4438984634967847 0.6123149026098208 0.010075336958138337 0.01729658800127254
1 0.3597887658545118 0.4663489692870931 0.010075336958138337 0.01729658800127254
1 0.3733366126984819 0.5302841999522749 0.011383168973360735 0.011064769334818082
1 0.9065894644853678 0.6116207278803691 0.022639003954332538 0.01900453866963616
1 0.6656978676413978 0.5503308812460495 0.008258168973360824 0.011028406667727354
1 0.4352888315581119 0.3818370619430481 0.013073002965749581 0.014207950668363622
1 0.42549999608284833 0.3717898999443207 0.011446835969555025 0.012627269334818081
1 0.46864515961900166 0.3564370726050483 0.01151050296574958 0.014189769334818081
1 0.5342502549800969 0.41273197859645777 0.00994800296574958 0.014171588001272717
1 0.5895399328507063 0.46523881325591265 0.011383168973360825 0.011064769334818082
1 0.5506366003411922 0.4695995965945487 0.00994800296574958 0.01417158800127254
1 0.34778883155811186 0.382855216621593 0.01151050296574958 0.014189769334818081
1 0.31853773026551757 0.29799895862509285 0.01151050296574958 0.014189769334818081
1 0.45582948323126704 0.31047059193986637 0.011383168973360825 0.011064769334818082
1 0.2712741166156335 0.1547307639640471 0.008258168973360824 0.01102840666772722
1 0.7952169298849567 0.44877637722791397 0.01151050296574958 0.014189769334818081
1 0.8037815049800969 0.40959569855986855 0.00994800296574958 0.014171588001272717
1 0.6742160217860109 0.49082861191123134 0.011383168973360825 0.011064769334818082
1 0.7063202090481603 0.5881575979074134 0.012882001977166269 0.009520450668363623
1 0.7680681339530201 0.6265201165659138 0.011319501977166269 0.00950226933481808
1 0.5528596280215211 0.6008859592616396 0.011319501977166269 0.00950226933481808
1 0.29951976931455293 0.4834642912953654 0.01001166996194396 0.01573408800127272
1 0.2979081897707885 0.5014603132956836 0.00994800296574958 0.01417158800127254
1 0.26776043334499783 0.4713279179662743 0.00994800296574958 0.01417158800127254
1 0.25262752326888566 0.5027688219685015 0.00994800296574958 0.014171588001272717
1 0.4588642303026987 0.6918660426082299 0.009820668973360824 0.011046588001272539
1 0.4481668108350463 0.6787029712762754 0.00994800296574958 0.01417158800127254
1 0.3542921354358949 0.6383694199554566 0.009757001977166358 0.009484088001272716
1 0.33589496250820144 0.6088819146244565 0.00994800296574958 0.014171588001272717
1 0.2289008631927735 0.5343097233052285 0.00994800296574958 0.01417158800127254
1 0.48062116657626497 0.7846257072724574 0.00994800296574958 0.014171588001272717
1 0.5362702831918984 0.9418654952657759 0.01151050296574958 0.014189769334818081
1 0.5249335351690648 0.9513768552673667 0.011446835969555025 0.012627269334818437
1 0.5737039576024666 0.9781660745942308 0.008321835969555203 0.012590906667727353
1 0.5601189600739246 0.9900484565961396 0.00813083498097189 0.007903406667727353
1 0.5849133716329116 0.9655297145926397 0.008130834980972067 0.007903406667727353
1 0.4991430149031098 0.8555376439370029 0.008258168973360824 0.011028406667727354
1 0.5261312792375656 0.9232245832670485 0.011446835969555025 0.012627269334818081
1 0.5812962817090236 0.9343069865929579 0.011446835969555025 0.012627269334818437
1 0.5371895015572369 0.7917836792648213 0.013136669961943959 0.015770450668363623
1 0.717961999085779 0.7779558945735496 0.01151050296574958 0.014189769334818081
1 0.9143250741437381 0.3410900518778238 0.008258168973360824 0.011028406667727175
1 0.9238393369953194 0.4019457358768693 0.008258168973360824 0.011028406667727175
1 0.9203760973754427 0.45122812054427835 0.008258168973360824 0.011028406667727175
1 0.8613658533069417 0.480053101885778 0.008258168973360824 0.011028406667727175
1 0.3682989442194128 0.5217449939529113 0.009820668973360824 0.011046588001272718
1 0.34456035528410806 0.4954461232893202 0.008321835969555203 0.012590906667727353
1 0.3138687707974277 0.4903319092934564 0.008321835969555113 0.012590906667727175
1 0.25982059935260904 0.4682938246340015 0.009820668973360735 0.011046588001272718
1 0.20023469372512115 0.5213557373090466 0.011383168973360735 0.011064769334818082
1 0.21461818729933052 0.49070517397359215 0.009820668973360735 0.011046588001272539
1 0.4081625292375657 0.9245972739497296 0.01151050296574958 0.014189769334818081
1 0.40664910878133026 0.9066376146165023 0.011446835969555025 0.012627269334818081
1 0.44937777824898256 0.9194279686107751 0.008258168973360824 0.011028406667727354
1 0.3764867649031097 0.8569648786203203 0.009820668973360735 0.011046588001272539
1 0.3656129318993041 0.8586546479551384 0.009820668973360735 0.011046588001272539
1 0.35682818091072094 0.8540671452896383 0.011446835969555202 0.012627269334818081
1 0.37393742646209666 0.8327643099538659 0.011383168973360825 0.011064769334818435
1 0.3223112594659022 0.8318017939608655 0.008258168973360736 0.011028406667727354
1 0.3128725924697079 0.830348381962138 0.008258168973360736 0.011028406667727354
1 0.3162986814050125 0.8568836099618199 0.009884335969555114 0.012609088001272539
1 0.2683294136105154 0.7730267779678651 0.00994800296574958 0.014171588001272717
1 0.2865820065001527 0.8181483739656379 0.008258168973360824 0.011028406667727354
1 0.248771647298893 0.6958739319700923 0.009820668973360735 0.011046588001272539
1 0.23818431577796212 0.7045949513049103 0.008258168973360736 0.011028406667727175
1 0.24607772881982384 0.6873074539704105 0.012945668973360736 0.011082950668363623
1 0.20163005045492294 0.6323295999761374 0.008321835969555203 0.012590906667727353
1 0.1902614689339921 0.6410597099777282 0.010011669961943914 0.015734088001272538
1 0.17876555342067246 0.6466648199793191 0.013136669961943914 0.015770450668363623
1 0.20884964285026872 0.6752347153087284 0.011383168973360735 0.011064769334818082
1 0.23214787999868744 0.6139972233052285 0.008321835969555113 0.012590906667727353
1 0.3051542984777566 0.6217455412953654 0.011383168973360735 0.011064769334818082
1 0.24948261862998092 0.5598637066359105 0.013073002965749581 0.014207950668363622
1 0.7468974239906387 0.8167002212365044 0.008258168973360824 0.011028406667727354
1 0.6075802560058612 0.8120683599220492 0.00994800296574958 0.01417158800127254
1 0.7608206611390574 0.7555718172342772 0.00994800296574958 0.014171588001272717
1 0.7192088226980443 0.7318257819064589 0.008321835969555024 0.012590906667727175
1 0.6512201680591396 0.7896751919160039 0.013073002965749581 0.014207950668363622
1 0.7059315257775246 0.9047183892425498 0.010075336958138337 0.01729658800127254
1 0.6626271947508854 0.9161649665818221 0.008321835969555203 0.012590906667727353
1 0.6453932738003584 0.8960433705840494 0.008258168973360824 0.011028406667727354
1 0.5935469309107209 0.8513126732575035 0.01151050296574958 0.014189769334818081
3 0.5833588474126238 0.8506496019255488 0.011701503954332716 0.01887726933481808
1 0.21759724315427986 0.7556398306413193 0.011446835969555114 0.012627269334818081
1 0.2203203365382088 0.8032869899745467 0.011383168973360735 0.011064769334818082
1 0.1876404877170724 0.73019493531191 0.008258168973360736 0.011028406667727175
1 0.16320156182362947 0.686708564648319 0.011383168973360735 0.011064769334818082
1 0.11693139828747619 0.7020977546546824 0.009948002965749492 0.01417158800127254
1 0.11167089532172665 0.6880897986553187 0.008194501977166358 0.009465906667727352
1 0.11946880786929674 0.6684585513208188 0.008258168973360736 0.011028406667727354
1 0.16610106874371167 0.7195028833147736 0.009820668973360735 0.011046588001272539
1 0.33748670703381295 0.18756998862191115 0.011383168973360735 0.011064769334818082
1 0.2851310281746205 0.13033929129536537 0.011319501977166357 0.00950226933481808
1 0.29390385030401117 0.07708702196054726 0.008258168973360824 0.01102840666772722
1 0.25096427520887093 0.11666768996659245 0.011383168973360735 0.011064769334818125
1 0.20342077174882983 0.10080687997295579 0.009820668973360735 0.011046588001272672
1 0.23525570357377185 0.17234552530236508 0.01151050296574958 0.014189769334818126
1 0.15535729794628397 0.22564379531350093 0.010011669961943914 0.01573408800127272
1 0.20077988589300544 0.24700062730745573 0.008321835969555113 0.012590906667727175
1 0.14840696098814565 0.20852902064768272 0.009948002965749537 0.014171588001272717
1 0.13874280091203348 0.2399062899825008 0.008258168973360736 0.011028406667727175
1 0.13383246642535312 0.23449208398313717 0.009948002965749537 0.014171588001272717
1 0.1278225469577008 0.2212744686505462 0.008321835969555113 0.012590906667727175
1 0.11318438539871385 0.24567503198600066 0.011383168973360735 0.011064769334818082
1 0.10910172186256058 0.260573325986637 0.009820668973360735 0.011046588001272718
1 0.10919456376361476 0.30121650732018246 0.008258168973360736 0.011028406667727175
1 0.10068172680547645 0.28411991398790964 0.009757001977166358 0.009484088001272716
1 0.09018989577883718 0.29518468332272774 0.009948002965749537 0.014171588001272628
1 0.12032040615896053 0.3440761693189097 0.011510502965749491 0.014189769334818081
1 0.1078495810638203 0.3833023013208187 0.011510502965749491 0.014189769334818081
1 0.12375310676698284 0.5050500319860006 0.013136669961943914 0.015770450668363623