3 0.477970112506186 0.2436682206807233 0.03050637155129756 0.016661710344286273
3 0.578040954320157 0.38021833429038693 0.024174484396167806 0.014880955534962848
3 0.6618427442342488 0.3941022742162531 0.021295145861557074 0.019459328130301136
3 0.6876483276804769 0.3198661660488851 0.02409259724103805 0.013318455534962848
3 0.593721265265148 0.26023321650437203 0.024256371551297562 0.016443455534962848
3 0.4829132400503773 0.28375750734121213 0.02721759724103805 0.01342758293962456
3 0.25813016678091455 0.5107118438242157 0.018170145861557074 0.01935020072563951
3 0.21046727272837984 0.47930558720079375 0.02253009724103805 0.013263891832631991
7 0.19154353233931826 0.43716272721932725 0.01587066146538927 0.005233137023308565
3 0.28757864936806 0.5461781178708328 0.02721759724103805 0.013427582939624472
3 0.327371489711693 0.5037376467267733 0.018170145861557074 0.01935020072563951
3 0.3323798942796773 0.4679092741314351 0.016689533016686832 0.020858137023308566
3 0.3181458966545265 0.6200347693221117 0.024010710085908292 0.011755955534962937
3 0.247763634102912 0.3052877338427492 0.024420145861557073 0.01956845553496276
3 0.8581113138856671 0.26320448219828674 0.02236632293077854 0.010138891832631992
3 0.8172484599743666 0.669553685919151 0.01668953301668665 0.020858137023308566
3 0.5553803030315331 0.5437897609694092 0.02565509724103805 0.013373019237293704
3 0.2647165179786814 0.17595489790789978 0.016525758706427317 0.017733137023308566
3 0.694933046699955 0.7185045626908405 0.019814533016686654 0.020967264427970277