3 0.6584939330333016 0.340957047488233 0.019022735389503432 0.01595228246740401
1 0.23686657467404082 0.18342260592692416 0.011019320616851047 0.004878414772652384
1 0.2186990016215578 0.2618885251638034 0.011073867694751716 0.008003414772652383
1 0.23782292288703194 0.37252601623534964 0.012609094155801337 0.006468188311602674
1 0.14243828489974078 0.41482833888079557 0.00953864123370205 0.009538641233702095
1 0.14064000567874757 0.4461192491892211 0.012581820616851046 0.004905688311602674
1 0.1672258250777826 0.49176298579654054 0.00953864123370205 0.009538641233702095
1 0.1736491489410445 0.5463550284102142 0.012609094155801337 0.006468188311602674
1 0.14150485064532783 0.5852090227281714 0.012636367694751715 0.008030688311602674
1 0.12390429342115743 0.6066164184261004 0.009538641233702006 0.009538641233702095
1 0.1266883741842782 0.5870306213481997 0.009511367694751716 0.007976141233702095
1 0.12385942897281658 0.6488175551955756 0.012609094155801337 0.006468188311602674
1 0.1976611676087309 0.7131743356343847 0.014171594155801336 0.006495461850553141
1 0.26925374958966763 0.6509686160731939 0.009538641233702095 0.009538641233702095
1 0.25169410267392267 0.6747197617711228 0.012663641233702094 0.009593188311602673
1 0.3015168246707455 0.6636907585247119 0.015815914772652383 0.011210235389503432
1 0.25440427110002306 0.5613566911542718 0.012609094155801337 0.006468188311602674
1 0.2710968932590016 0.5774765689952932 0.009538641233702095 0.009538641233702095
1 0.24694059861673293 0.49193453531007314 0.009538641233702095 0.009538641233702095
1 0.23334570291880405 0.474197610391151 0.009538641233702095 0.009538641233702095
1 0.2778224058409034 0.4702953145310664 0.012609094155801337 0.006468188311602674
1 0.2651803096565071 0.37282997930371875 0.011101141233702094 0.009565914772652385
1 0.3144069679363377 0.2828810892878327 0.011101141233702094 0.009565914772652385
1 0.33108199918592585 0.3427646038983293 0.009538641233702095 0.009538641233702095
1 0.3161291550301245 0.33677370251835753 0.012609094155801337 0.006468188311602674
1 0.30132236119863465 0.38392143790786093 0.012609094155801337 0.006468188311602674
1 0.31075190827653537 0.38688279667415887 0.012609094155801337 0.006468188311602674
1 0.3479070348997408 0.4112418685088259 0.011046594155801337 0.006440914772652384
1 0.49457748335761326 0.39695940584749395 0.012663641233702094 0.009593188311602673
1 0.4943553409060952 0.4290042926169691 0.009538641233702095 0.009538641233702095
1 0.5037263867661799 0.4733855381527422 0.009538641233702095 0.009538641233702095
1 0.36481961972005134 0.5742776566582728 0.009538641233702095 0.009538641233702095
1 0.6755490194784652 0.28829965179030415 0.020612508928453722 0.01754205600635448
1 0.626232632301953 0.4626508153451406 0.012609094155801337 0.006468188311602674
1 0.6251786469124496 0.4470394521146157 0.009538641233702095 0.009538641233702095
1 0.6416860827884203 0.5420928534945875 0.015761367694751626 0.008085235389503254
1 0.5202531879012703 0.6590912130716643 0.015761367694751626 0.008085235389503431
1 0.5799185142001642 0.6299161818220762 0.011101141233702094 0.009565914772652206
1 0.5166301668012473 0.09335711891586299 0.01754205600635448 0.020612508928453722
1 0.5209666594943514 0.341794618915863 0.011046594155801337 0.006440914772652384
1 0.4184900904990581 0.6046003563339613 0.012663641233702094 0.009593188311602673
1 0.4101145288106608 0.6172503607981882 0.011101141233702094 0.009565914772652385
1 0.3844463271063775 0.5794054874213936 0.012636367694751627 0.008030688311602674
1 0.4221587869283357 0.5013798989476351 0.012609094155801337 0.006468188311602674
1 0.4585132982924214 0.4351003340128269 0.009538641233702095 0.009538641233702095
1 0.4740116132272295 0.4723412353927987 0.012609094155801515 0.006468188311602674
1 0.4426327483718516 0.6893611400191814 0.012636367694751627 0.008030688311602674
1 0.36688845454036184 0.737572543427748 0.012636367694751627 0.008030688311602674
1 0.34342190665168226 0.6020032362035777 0.009538641233702095 0.009538641233702095
1 0.23935951825735396 0.8187288603911511 0.009484094155801337 0.0064136412337020944
1 0.3879029691541537 0.2401793461876915 0.012636367694751627 0.008030688311602674
1 0.3472916059236289 0.24166970820040037 0.012609094155801337 0.006468188311602674
1 0.46168711688067743 0.34829976339597585 0.009538641233702095 0.009538641233702095
1 0.547478566556366 0.293661081984232 0.008003414772652383 0.011073867694751716
1 0.5689347808425509 0.2245156156694521 0.007976141233702095 0.009511367694751716
1 0.6008235292176979 0.4396496919683459 0.007976141233702095 0.009511367694751627
1 0.5532253749950571 0.7124383555231824 0.014171594155801336 0.006495461850553141
1 0.5719344646866316 0.7097673230557783 0.012609094155801337 0.006468188311602674
1 0.5499055060824893 0.7461002893705582 0.012609094155801337 0.006468188311602674
1 0.5844305105467162 0.7540940215136507 0.012609094155801337 0.006468188311602674
1 0.7153320884704633 0.5079848603944462 0.009511367694751627 0.007976141233702095
1 0.7046400503210163 0.5222382751670986 0.012609094155801337 0.006468188311602674
1 0.6899656700443628 0.6217433973260773 0.007948867694751626 0.007948867694751626
1 0.6661969334370434 0.6479473871798076 0.012609094155801337 0.006468188311602674
1 0.6222032459362197 0.7690644565788426 0.012609094155801337 0.006468188311602674
1 0.8005468396882792 0.46507856575217765 0.012609094155801515 0.006468188311602674
1 0.9380683847375849 0.37436997078559736 0.012636367694751982 0.008030688311602762
1 0.9514996392018119 0.3827318957045195 0.011101141233702094 0.009565914772652385
1 0.9646348388775003 0.32936143385396643 0.011046594155801514 0.006440914772652384
1 0.9812047301112024 0.33845006169498787 0.009484094155801159 0.0064136412337020944
1 0.9488734711827487 0.3218216692434698 0.006359094155801159 0.006359094155801337
1 0.863241708600847 0.4303802374246889 0.009484094155801159 0.0064136412337020944
1 0.922688846588138 0.38870520617510074 0.011101141233702094 0.009565914772652385
1 0.9193632491859258 0.3324961164835263 0.011101141233702094 0.009565914772652385
1 0.791752492286067 0.4089649334469293 0.014226141233702094 0.009620461850553142
1 0.7301313794625792 0.2365501911575671 0.012636367694751627 0.008030688311602674
1 0.2503699671255588 0.1511458940763711 0.009484094155801337 0.00641364123370205
1 0.3077870008107789 0.12748052313520852 0.009484094155801337 0.006413641233702005
1 0.35763699634655205 0.11801401988879764 0.009484094155801337 0.00641364123370205
1 0.4007245231319133 0.16884013433713846 0.009484094155801337 0.00641364123370205
1 0.5722287451254408 0.6370837995168279 0.011073867694751627 0.008003414772652383
1 0.553202055596022 0.6663309687537071 0.011046594155801337 0.006440914772652384
1 0.5568588896055536 0.6967451716758065 0.011046594155801337 0.006440914772652384
1 0.5500555105467162 0.7546940393705582 0.011073867694751627 0.008003414772652383
1 0.6172799667152264 0.8004099139651688 0.011101141233702094 0.009565914772652562
1 0.5827549622509995 0.7924161818220762 0.009511367694751627 0.007976141233702095
1 0.9551349281620377 0.5014546221655691 0.012636367694751627 0.008030688311602674
1 0.938056522317839 0.5080046310940228 0.011101141233702094 0.009565914772652385
1 0.9396366132272295 0.4642137207855974 0.009484094155801159 0.0064136412337020944
1 0.898140634330548 0.5493387431067317 0.009511367694751981 0.007976141233702095
1 0.9030054123337251 0.5594131724898807 0.009511367694751627 0.007976141233702095
1 0.9000440535674272 0.5688427195677813 0.011101141233702094 0.009565914772652385
1 0.8748395020252996 0.5575603461909868 0.009538641233702095 0.009538641233702095
1 0.8882122552717104 0.6073421578793841 0.009484094155801514 0.0064136412337020944
1 0.8899520332748878 0.6174711343404338 0.009484094155801159 0.0064136412337020944
1 0.9140071420411857 0.6076733944867035 0.012663641233702094 0.009593188311602673
1 0.8448264939076247 0.6737444537394688 0.01260909415580116 0.006468188311602674
1 0.8841793202065187 0.6449239784962352 0.009484094155801159 0.0064136412337020944
1 0.7743600353034825 0.7109228997617093 0.009511367694751627 0.007976141233702095
1 0.7862287897677095 0.7193120982195816 0.009484094155801337 0.0064136412337020944
1 0.7666293559203335 0.7157467674564609 0.009565914772652385 0.011101141233702094
1 0.7238475665530707 0.7719791765470705 0.011046594155801514 0.006440914772652384
1 0.7357435945562478 0.781930875004943 0.014171594155801336 0.006495461850553141
1 0.74528223578995 0.7911422337712409 0.014226141233702094 0.009620461850553142
1 0.764967444394092 0.7548501777648864 0.009538641233702095 0.009538641233702095
1 0.6991924399298652 0.7474019164008008 0.011046594155801514 0.006440914772652384
1 0.6869867203686744 0.6749365811734531 0.009538641233702095 0.009538641233702095
1 0.6412981193130142 0.7437235373419633 0.012663641233702094 0.009593188311602673
1 0.7599592012972463 0.19929960714803546 0.009484094155801337 0.00641364123370205
1 0.7920467727248761 0.336281409907979 0.012609094155801515 0.006468188311602674
1 0.6959103380667214 0.2011990722449994 0.012609094155801337 0.006468188311602674
1 0.6842012706962812 0.24672976055660212 0.011046594155801514 0.006440914772652384
1 0.759360957790068 0.299340517456461 0.012663641233702094 0.009593188311602673
1 0.8572023940730759 0.2187023977331144 0.015761367694751983 0.008085235389503431
1 0.8789916193163094 0.2581779549572848 0.01104659415580116 0.006440914772652384
1 0.8652973120921391 0.27951716680783784 0.009484094155801159 0.0064136412337020944
1 0.8350973433417271 0.34021888758684465 0.012636367694751627 0.008030688311602762
3 0.8360422345754293 0.34958025081736943 0.017351141233702093 0.00967500892845372
1 0.8410799310014114 0.7277325243563199 0.011101141233702094 0.009565914772652385
1 0.8877094691508585 0.7128518181878096 0.009538641233702095 0.009538641233702095
1 0.8252736988583191 0.7623938965152984 0.009484094155801159 0.0064136412337020944
1 0.7883600799457513 0.7966422114501065 0.009538641233702095 0.009538641233701916
1 0.8156316919584601 0.8368035612879507 0.01260909415580116 0.006468188311602674
1 0.8040629464226872 0.8456018628300782 0.007921594155801159 0.006386367694751982
1 0.7821333993447863 0.842858692375383 0.009484094155801514 0.0064136412337020944
1 0.820214051942574 0.7859268539016245 0.009511367694751981 0.007976141233702095
1 0.2537162986961632 0.7457998750016477 0.009538641233702006 0.009538641233702095
1 0.2118657637931271 0.810612397322782 0.007976141233702095 0.009511367694751627
1 0.15800042410155263 0.8138970844165687 0.009484094155801337 0.0064136412337020944
1 0.20858680518898493 0.8466180811701578 0.009538641233702095 0.009538641233702095
1 0.2047720584353958 0.8966999017870089 0.009511367694751627 0.007976141233702095
1 0.2656726022668856 0.8487475969984704 0.012636367694751627 0.008030688311602674
1 0.3402692276722751 0.9138719906678044 0.014171594155801336 0.006495461850553141
1 0.34956636119533935 0.8644759626646273 0.011046594155801337 0.006440914772652207
1 0.32483514244492745 0.9250822260573079 0.012609094155801337 0.006468188311602674
1 0.3584561659838778 0.9260583449698755 0.009484094155801337 0.0064136412337020944
1 0.3538913969091543 0.9331714155867266 0.012609094155801337 0.006468188311602674
1 0.343090264603906 0.941174830359379 0.011046594155801337 0.006440914772652207
1 0.3713652690681329 0.9492776566582728 0.009538641233702095 0.009538641233702095
1 0.38622265583760806 0.9497998080382446 0.009511367694751716 0.007976141233702095
1 0.42668401460390604 0.9397156960255358 0.009484094155801337 0.0064136412337020944
1 0.4112908396849839 0.9532696814150391 0.007948867694751626 0.007948867694751626
1 0.42468118384078524 0.9592878563339612 0.012609094155801337 0.006468188311602674
1 0.46461070859755155 0.9187349943212524 0.012636367694751627 0.008030688311602674
1 0.5068527556754523 0.9211236087695932 0.012636367694751627 0.008030688311602674
1 0.6209737568932683 0.8777127536567433 0.014226141233702094 0.009620461850553142