3 0.4660508773787555 0.166857632301953 0.016207196856846906 0.012772735389503432
4 0.6529622183635808 0.28349352759284485 0.02162244292790554 0.02847955600635439
4 0.5643533668347855 0.5743718977232286 0.013009422249741043 0.011155688311602675
7 0.685498350914132 0.9111333323813833 0.013227746071058633 0.015843188311602675
5 0.47172694934255543 0.9011468575451869 0.006832196856846906 0.01260909415580116
5 0.35058400351916585 0.8161524744291594 0.011810795285270358 0.018940914772652206
7 0.2560613697302696 0.6800183311668626 0.008540246071058544 0.015761367694751626
4 0.2698006921038451 0.6200529959395149 0.01962329528527027 0.01907728246740419
4 0.3816907241545491 0.500813846588138 0.016643844499481995 0.02214773538950343
4 0.401495955957584 0.47848487905554216 0.018206344499481907 0.02217500892845372
2 0.5681718796550671 0.5259616712621789 0.013518844499482086 0.022093188311602674
2 0.47537441170577105 0.4031496883083074 0.016643844499482086 0.02214773538950343
2 0.5331952963232368 0.8404508652558246 0.016207196856846906 0.012772735389503253
2 0.44708232196379993 0.7419939999967047 0.021476893713693813 0.02535455600635448
2 0.44826814040843405 0.6661718396882792 0.01337329528527036 0.018968188311602675