3 0.85859375 0.646422258646284 0.021875 0.011446646276527871
3 0.6953125 0.6705351719246522 0.025 0.013081881458888844
7 0.7296875 0.7189538349186799 0.0125 0.01591594072944442
4 0.66328125 0.4884682075438536 0.0203125 0.009847778685347208
3 0.803125 0.16099455813319377 0.01875 0.01918641109416668
3 0.4734375 0.3061681198722913 0.021875 0.009884146276527872
3 0.5671875 0.7516423144014579 0.025 0.014644381458888845
5 0.3609375 0.37206783643729135 0.0203125 0.011410278685347209
3 0.15859375 0.6728711894951734 0.0234375 0.01773301386770836
3 0.10859375 0.3068474524129513 0.021875 0.009884146276527783
3 0.0046875 0.2787971472264583 0.009375 0.00803070554708336
1 0.428125 0.13925403001652742 0.0375 0.021185322188333355
1 0.31875 0.1816435113991664 0.0390625 0.02434668977951393
1 0.06953125 0.6804128921924653 0.021875 0.016134146276527872
1 0.2125 0.4809915075994443 0.0078125 0.007994337955902786
1 0.1046875 0.35381337139090274 0.0109375 0.008067073138263936
1 0.4859375 0.4707209291428468 0.0109375 0.006504573138263936
1 0.60859375 0.4444285732351731 0.0109375 0.006504573138263936
1 0.56015625 0.3166497185617704 0.009375 0.00803070554708336
1 0.3515625 0.3894735419843747 0.009375 0.011155705547083361
1 0.25078125 0.1441630016155206 0.009375 0.009593205547083362
3 0.21796875 0.5050829710303123 0.021875 0.008321646276527872
1 0.35546875 0.5331326230064233 0.00625 0.0079579703647223
1 0.3921875 0.5924342346136802 0.0125 0.006540940729444422
1 0.42109375 0.3698864341768399 0.009375 0.006468205547083361
1 0.37109375 0.6765189470946178 0.0078125 0.004869337955902786
1 0.40078125 0.8508279628621871 0.00625 0.006395470364721945
1 0.328125 0.842362805852083 0.00625 0.007957970364721945
1 0.26953125 0.796851590521354 0.0078125 0.006431837955902608
3 0.61796875 0.7574916176880897 0.0125 0.012790940729444422