5 0.6199508968140656 0.3250299415824658 0.018133569892376043 0.020712543502986146
5 0.5869308432566277 0.4873656342117713 0.013664393713693634 0.025290940729444423
5 0.556449284736791 0.5701592972057992 0.014717471463952591 0.014389808320624909
3 0.23326003370333379 0.46742780860496536 0.01827911910658786 0.023837543502986235
5 0.36358754259467396 0.5344542672861808 0.016425520678164496 0.01755117591180557
5 0.33606401012968523 0.5634689668493406 0.011738020678164407 0.017442073138263937
5 0.21055243382716832 0.5160646771460765 0.016425520678164406 0.01755117591180557
5 0.7943151960282773 0.3322099279990979 0.016352746071058633 0.015988675911805573
3 0.5759311073197636 0.08364122216767408 0.01962329528527036 0.01918641109416668
1 0.5839941261359012 0.30702417078090327 0.01991439371369381 0.025436411094166722
1 0.3199637053339023 0.23454453305375028 0.01984161910658786 0.02387391109416672
2 0.3464833558720215 0.1337093848773614 0.019768844499481998 0.022311411094166678
1 0.3752934840748373 0.6182298552420836 0.011446922249741042 0.011192073138263935
2 0.3100687444139195 0.6252961664125003 0.006541098428423453 0.0063954703647222996
2 0.27794760318142514 0.6393761969977085 0.00824914764263518 0.009556837955902786
1 0.48576429549015804 0.42648072596739617 0.011374147642635179 0.009629573138263936
1 0.6642232433804622 0.538330028588438 0.00846747146395277 0.014244337955902787
2 0.16254308105551868 0.6749298776591668 0.024892992142117175 0.03179551386770836
1 0.30989757816003455 0.7891768284565975 0.011374147642635179 0.009629573138263936
1 0.3683457789458228 0.7874156131258683 0.006613873035529317 0.0079579703647223
1 0.2761604329985988 0.8188273076550349 0.005051373035529316 0.007921602773541637
1 0.5037888192686945 0.7296966449453477 0.011446922249740865 0.011192073138263935
2 0.2523931774170275 0.49284603590354187 0.006541098428423453 0.0063954703647222996
2 0.23175749979060303 0.5524567720358335 0.008176373035529316 0.007994337955902786
1 0.5935361000810533 0.36109407494121576 0.00824914764263518 0.009556837955902786
1 0.6852163318840881 0.3858596452296881 0.00817637303552914 0.007994337955902786
2 0.6455587107105858 0.17110616099725748 0.011446922249740865 0.011192073138263892
2 0.23135927770747777 0.29257327896968766 0.008176373035529316 0.007994337955902786
2 0.5832898430517399 0.09083612632798659 0.016571069892376045 0.020676175911805574
1 0.2877977921803892 0.6833080349536113 0.022893844499481997 0.02238414627652787