5 0.18133228721352554 0.47364828720864305 0.02067621285298147 0.013209328130301045
5 0.1850423089211379 0.5070783461016505 0.022284176959604142 0.01482639183263199
3 0.3424827358807421 0.4875321940173995 0.030096676959604097 0.015099210344286362
5 0.6209045672344081 0.2530381098118305 0.017460284639736125 0.009975200725639422
4 0.5740773798499628 0.33349942532825994 0.016170569279472247 0.019295637023308564
5 0.591852250066507 0.44682531534679343 0.014471676959604097 0.01455357332097762
4 0.5632809691876947 0.48996768013758335 0.022420569279472245 0.01951389183263199
5 0.5307375906578802 0.6159771086307042 0.017596676959604096 0.014662700725639511
5 0.5155672317241069 0.6008977456540128 0.012954641066226813 0.01606150961864685
5 0.48913746087442433 0.7313764193378102 0.020630748746358663 0.011646828130301046
5 0.43264341996648215 0.6880827763240518 0.016034176959604095 0.014608137023308565
5 0.5599440543687914 0.7655852390305908 0.020630748746358663 0.011646828130301046
5 0.5199555518615089 0.7451288952911931 0.019022784639735946 0.010029764427970277
3 0.6136169721571955 0.8253669775978455 0.020858069279472247 0.0194593281303014
3 0.6281377763929729 0.6750123135326949 0.023892141066226814 0.016443455534962938
5 0.7127233765512575 0.6111829373091595 0.014653533386094963 0.02080357332097762
5 0.694953203352577 0.6586308561836335 0.02536371285298138 0.013373019237293704
5 0.7047230084462842 0.6715574421184829 0.020585284639736124 0.010084328130301046
5 0.12214750382743071 0.4960069260460501 0.022284176959604097 0.01482639183263199
7 0.13572060735092756 0.6196254753204107 0.022238712852981467 0.013263891832631991
7 0.23400865782578126 0.4335664350317249 0.01768760517284953 0.01778770072563951
4 0.2014759879923131 0.666497986120184 0.026926212852981468 0.013427582939624472
3 0.3176178135399914 0.6983432084453698 0.02076714106622681 0.016334328130301046
4 0.3916941595416409 0.7542906188823232 0.020858069279472157 0.019459328130301046
4 0.3677829495916533 0.6372767336731131 0.01929556927947216 0.01940476442797028
5 0.6859168356433152 0.5668525839511149 0.020630748746358663 0.011646828130301046
5 0.7406187075092121 0.5376263862207005 0.017596676959604096 0.014662700725639511
2 0.7291021974800822 0.45061745954167803 0.04787521034569906 0.0360119110699257
5 0.8714033577466388 0.4417459126295702 0.022147784639736302 0.010138891832631992
5 0.8555139332943174 0.47820176780171336 0.023801212852981736 0.013318455534962937
5 0.8825561549227874 0.5412548393085924 0.017596676959604096 0.014662700725639511
7 0.9306921265512574 0.6035713008340051 0.019113712852981378 0.013154764427970278
5 0.9178798894833811 0.5610936241549828 0.020630748746359017 0.011646828130301046
7 0.9008023865803872 0.692026165624795 0.020630748746358663 0.011646828130301046
7 0.8855207158889893 0.7612399570946072 0.017596676959604096 0.014662700725639511
5 0.7148959788211131 0.7242732143510014 0.02067621285298138 0.013209328130301045
5 0.8229982646479833 0.2545658603599847 0.0174602846397363 0.009975200725639422
5 0.4205873523363627 0.5659721633473603 0.02067621285298138 0.013209328130301045
7 0.35110992663039975 0.5933729662499181 0.014380748746358751 0.01142857332097762
3 0.8036689738065481 0.6774676470204735 0.02076714106622681 0.016334328130301046
4 0.7916547071135007 0.688033124787955 0.02380121285298138 0.013318455534962937
4 0.7880319504495832 0.7857166566391204 0.019295569279472246 0.01940476442797028
4 0.812250700449583 0.7848709192529922 0.014380748746359018 0.01142857332097762
3 0.8799633861846757 0.844942834499269 0.01621603338609461 0.02085813702330839
3 0.7987301065595048 0.9008505833181427 0.02076714106622681 0.016334328130301046
3 0.586417974664478 0.84816956053747 0.02067621285298138 0.013209328130301401
3 0.6390883335982511 0.8619393946582209 0.011392141066226814 0.016006945916316084
4 0.926560904527076 0.6919071145363359 0.017596676959604096 0.014662700725639511
2 0.5446947905787379 0.6459275034585611 0.02380121285298138 0.013318455534962937
2 0.5193167058598596 0.6866169908446894 0.011392141066226814 0.016006945916316084
2 0.5243080827403214 0.7028322678865313 0.019159176959604098 0.014717264427970278
2 0.5315068173009152 0.7236531993748769 0.017505748746358664 0.01153770072563951
2 0.6303474825820368 0.7600048724257022 0.022329641066226813 0.01638889183263199
2 0.6119982993542264 0.720061918704838 0.019113712852981378 0.013154764427970278
2 0.6172828444188039 0.6457340413001763 0.01612510517284953 0.017733137023308566
3 0.6539751991959418 0.7794716350395741 0.02067621285298138 0.013209328130301045
2 0.8707260931651625 0.6259572215225775 0.02085806927947189 0.019459328130301046
2 0.8988965572717852 0.6234125748806222 0.017551212852981734 0.013100200725639333
2 0.8954389366595297 0.6617756704341184 0.014380748746359018 0.01142857332097762