4 0.43359375 0.621875 0.009375 0.02109375
4 0.4515625 0.60234375 0.0078125 0.02109375
4 0.4234375 0.59453125 0.0125 0.021875
5 0.70703125 0.43046875 0.01484375 0.015625
2 0.2 0.35703125 0.00859375 0.01328125
2 0.3375 0.42734375 0.00859375 0.0140625
2 0.3046875 0.41171875 0.009375 0.01796875
2 0.38515625 0.37734375 0.01015625 0.01640625
2 0.36484375 0.31328125 0.00703125 0.01484375
2 0.3625 0.19921875 0.00859375 0.0203125
4 0.39140625 0.2546875 0.0078125 0.0125
2 0.4171875 0.30234375 0.009375 0.01484375
2 0.43203125 0.371875 0.0109375 0.02109375
2 0.50234375 0.38984375 0.009375 0.01328125
2 0.5234375 0.29375 0.00859375 0.0109375
2 0.57109375 0.27265625 0.00546875 0.01484375
2 0.4109375 0.528125 0.01015625 0.01796875
2 0.3328125 0.55625 0.009375 0.0140625
2 0.3125 0.6125 0.00625 0.01875
2 0.45 0.69453125 0.00703125 0.01484375
2 0.48046875 0.703125 0.01171875 0.0125