3 0.6887753724377423 0.7261184565464532 0.03005117591180557 0.016661710344286363
3 0.8183810984051387 0.2555653651693081 0.02536367591180557 0.016498019237293705
3 0.0041003928580553095 0.5948759903813532 0.008200785716110619 0.01627976442797028
4 0.37688262300642333 0.34201879737544405 0.022093205547083362 0.010138891832631992
3 0.24452079863388843 0.5285242709665743 0.02223867591180557 0.01638889183263199
1 0.5946649625778467 0.5771849379421317 0.028706881458888844 0.02598214664195524
1 0.03260921219659708 0.17528025299522487 0.03168641109416668 0.01984127404661713
2 0.03405411768808976 0.6162772752277434 0.016170513867708357 0.023983137023308565
2 0.24967715805694385 0.709446888752589 0.030160278685347208 0.021349210344286364
1 0.7147540313477075 0.8508902780533323 0.02223867591180557 0.016388891832632167
1 0.33520035002065923 0.5230158262313845 0.009593205547083272 0.00970238221398514
1 0.3742966047703119 0.6543551062684514 0.012681837955902785 0.008249009618646852
2 0.1309888947579164 0.3420188304925538 0.022456881458888932 0.02576389183263199
5 0.21528789352364539 0.5100297313108605 0.015806837955902785 0.008358137023308565
5 0.6453552935998953 0.5793178676163789 0.011155705547083273 0.009756945916316085
5 0.8163425536678816 0.4437647696158118 0.012718205547083273 0.009811509618646852
5 0.8283886119885064 0.4292930418483304 0.012718205547083273 0.009811509618646852
5 0.8040432286297566 0.4020410610856241 0.015843205547083274 0.009920637023308565
5 0.8606205369503815 0.3860142678017133 0.015988675911805573 0.016170637023308565
5 0.8500057727983329 0.6072989907598714 0.015806837955902608 0.008358137023308565
5 0.7724841041047219 0.41641358513224125 0.012718205547083273 0.009811509618646852
5 0.4302096043890623 0.23087047704969121 0.012718205547083273 0.009811509618646852
5 0.4164906368741317 0.31721720481717264 0.014280705547083272 0.00986607332097771
5 0.6290237384134023 0.4760663820443492 0.014244337955902787 0.00830357332097762
5 0.709653529732187 0.6004909739696483 0.015843205547083274 0.009920637023308565
5 0.5473522450629161 0.6647047853097264 0.01740570554708327 0.00997520072563951
5 0.7196272885659022 0.6415152780533323 0.015843205547083274 0.009920637023308565
5 0.983495645707847 0.33878954901990654 0.0112284407294446 0.012881945916315907
5 0.28640635942305537 0.1711011513664608 0.015806837955902785 0.008358137023308565
5 0.5660717563651734 0.36351430754224506 0.015806837955902785 0.008358137023308565
5 0.5861699700803819 0.17078117051893651 0.0142079703647223 0.006741073320977708
5 0.5374135473996174 0.6892509175237116 0.018931837955902787 0.008467264427970278
5 0.22827624316305503 0.6227653442875519 0.01584320554708336 0.009920637023308565
5 0.860889374621944 0.5756943266947208 0.011192073138263935 0.011319445916316085
5 0.20566028001652742 0.4205952090783419 0.022093205547083362 0.010138891832631992
5 0.8659444697960413 0.3585068266947207 0.011155705547083273 0.009756945916315906
5 0.8506454716959023 0.4121229000156984 0.012681837955902608 0.008249009618646852
5 0.7685265687698608 0.2510614036438955 0.0157704703647223 0.006795637023308565
5 0.3348061854111109 0.23810511289187342 0.01428070554708336 0.00986607332097771
5 0.7366765035153817 0.2779339276905126 0.01740570554708327 0.009975200725639422
5 0.3591956687905202 0.8000768340359329 0.015843205547083274 0.009920637023308388
5 0.6081481939604857 0.46742799202581564 0.018931837955902787 0.008467264427970278
5 0.28060834147128444 0.2860540287711225 0.015806837955902785 0.008358137023308565
5 0.40500370374413147 0.542435459626496 0.0173329703647223 0.00685020072563951