3 0.19521715558119618 0.6628540380049485 0.020903533386094873 0.020903533386094963
5 0.21063155542291162 0.6014164328320989 0.019022784639736123 0.009920569279472246
5 0.244384429796091 0.6059077045397112 0.011301212852981468 0.012818248746358663
5 0.18904371192854463 0.6387944123781277 0.019068248746358752 0.011483069279472246
7 0.1636308717993899 0.4909706778175339 0.015943248746358753 0.011392141066226814
5 0.3195184736070271 0.6889498735817565 0.023664820533113407 0.00849446159934022
7 0.4002432878719343 0.7491539361973112 0.018977320533113406 0.008358069279472247
4 0.2426126442984251 0.759995810966202 0.02848871285298138 0.013318353919208192
3 0.25573110675569516 0.6196519557933524 0.014653533386094786 0.020721676959604095
3 0.3395090616911178 0.542932679929105 0.030142141066226813 0.01648881802583091
3 0.27128424742621055 0.48236490446056896 0.027017141066226814 0.016397889812585477
7 0.192809906439126 0.4995045918450144 0.019022784639736123 0.009920569279472246
4 0.2308518125490476 0.3826747930195133 0.02242056927947216 0.0193864974927175
4 0.20019519444407438 0.3233596289920329 0.019068248746358752 0.011483069279472157
7 0.23466112265731978 0.32548441864633393 0.020721676959604095 0.014653533386094875
5 0.30541154334871773 0.39223399795493596 0.02219324874635875 0.011573997492717503
5 0.296828502045064 0.28536187232811533 0.023846676959604095 0.01474446159934022
7 0.2729219891129403 0.24305235187414423 0.01929556927947216 0.01929556927947216
5 0.3702505963308539 0.5514211298499627 0.022238712852981467 0.013136497492717503
7 0.5525248533904829 0.7963291499082225 0.015852320533113407 0.008267141066226813
5 0.5440471121659715 0.7199485063347131 0.019159176959604098 0.014608069279472247
3 0.5746067903792168 0.7221869562555708 0.02531824874635884 0.011664925705962758
4 0.5848228763517364 0.7508204216158347 0.02706260517284953 0.017960389812585475
4 0.580482368829889 0.8166272780423256 0.03161371285298138 0.013409282132453626
4 0.615227093361353 0.8820787818032493 0.026971676959604098 0.014835389812585476
5 0.6884312611497571 0.8181777546853606 0.019068248746358662 0.011483069279471892
5 0.6708967686716045 0.7530073957515874 0.02219324874635866 0.011573997492717503
7 0.7157917315245859 0.7642116687128409 0.020630748746358663 0.011528533386094964
7 0.7487202403000746 0.6866262263138306 0.01755121285298138 0.01300010517284953
7 0.709760691870285 0.798791257192643 0.012909176959604095 0.014426212852981379
7 0.8412343492338478 0.6682961119697811 0.020630748746358663 0.011528533386094964
7 0.7009322949980703 0.5222514892459543 0.015943248746358663 0.011392141066226814
7 0.7059918680384663 0.508029864872775 0.00831260517284953 0.017414820533113405
3 0.7664018337944416 0.6493619070343584 0.02081260517284953 0.017778533386094964
5 0.6266082449189281 0.4939195522572204 0.014562605172849529 0.017596676959604096
5 0.6947384678010394 0.41687366745919974 0.011392141066226814 0.015943248746358663
4 0.6174712741483879 0.3948826586837111 0.030142141066226813 0.01648881802583091
4 0.7073544765765281 0.3398792584462842 0.025409176959604096 0.014789925705962936
7 0.7368002841775176 0.3038364583671419 0.023846676959604095 0.01474446159934022
5 0.8407951138818313 0.38447504143666766 0.015943248746359016 0.011392141066226814
5 0.9003459586298395 0.33504569127838313 0.016034176959604452 0.014517141066226813
7 0.729521330100025 0.21491035068700998 0.02380121285298138 0.013181961599340219
7 0.706697595539431 0.2366860622863502 0.020721676959604095 0.014653533386094875
3 0.7969732545523465 0.24891562615554602 0.026880748746358662 0.011710389812585565
7 0.6706537616119755 0.5028028072717852 0.022147784639736122 0.01001149749271768
7 0.6781934769722394 0.4932004867386719 0.015897784639736123 0.009829641066226812
7 0.9180636221951012 0.621491656638647 0.020539820533113585 0.008403533386094963
7 0.9398847979010643 0.6458778911992408 0.01906824874635902 0.011483069279472246
4 0.944635516230829 0.2985709821863254 0.01768760517284953 0.01768760517284953
7 0.576873703219563 0.23577208313603273 0.023846676959604095 0.01474446159934022
5 0.3889167136444043 0.3061397220906885 0.02531824874635875 0.011664925705962937
5 0.4727628647397609 0.23176419622644104 0.01300010517284953 0.01755121285298138
5 0.34227974287386403 0.20819396707612356 0.019204641066226814 0.016170569279472156
4 0.3021548480467135 0.22656353384831326 0.02380121285298147 0.013181961599340219
7 0.5310851447606435 0.4357098986545812 0.02219324874635884 0.011573997492717503
7 0.4846564256394559 0.47928405390657297 0.022329641066226813 0.016261497492717502
5 0.5266968246232415 0.580491201241006 0.019159176959604098 0.014608069279472247
5 0.580514494918928 0.49526074340258947 0.020721676959604095 0.014653533386094963
4 0.523382922669955 0.8159429679340533 0.02550010517284953 0.01791492570596276
4 0.5599927094212622 0.6498944191085523 0.020721676959604095 0.014653533386094786
0 0.28327108504808274 0.6524728159807669 0.03050585391920819 0.02898881802583091
6 0.5210365433487177 0.38595995124100596 0.07609113855894431 0.03968227711788863
4 0.6026897086298393 0.3437066035900039 0.02724446159934022 0.024210389812585564
4 0.4154768651354724 0.3859037784380369 0.026971676959604098 0.014835389812585564
4 0.15172791686396728 0.5655986047771381 0.02219324874635875 0.011573997492717503
4 0.16526757963780642 0.5472206778175339 0.023892141066226814 0.016306961599340218
4 0.23442440808847867 0.6398197032860701 0.02081260517284953 0.017778533386094964
1 0.6020090616911178 0.5352947100164945 0.012818248746358663 0.01130121285298138
1 0.623290679796091 0.594882658683711 0.017460284639735944 0.00987510517284953
1 0.5878449247815261 0.639701065189344 0.012727320533113406 0.008176212852981379
1 0.5508186347315137 0.5227097934817317 0.014289820533113406 0.008221676959604097
1 0.45565558425666 0.34251147961253586 0.012727320533113406 0.008176212852981469
1 0.5266045817493775 0.3623405948145152 0.01125574874635884 0.011255748746358752
1 0.40076715894640846 0.47156013361088644 0.012772784639736124 0.00973871285298138
1 0.330022749933493 0.4587622684089071 0.012772784639736124 0.00973871285298138
4 0.32356581294475906 0.5324498209953319 0.019113712852981378 0.013045569279472247
1 0.3056244920159342 0.37268001590162464 0.011255748746358752 0.01125574874635884
1 0.951719556676553 0.5689062142396366 0.011119356426490867 0.006568248746358663
1 0.8977414473470683 0.4336423156515625 0.011119356426490867 0.006568248746358663
1 0.6543086622451137 0.7472347688711254 0.012772784639736124 0.00973871285298138
4 0.24478393190766204 0.4315298301665319 0.011392141066226814 0.015943248746358663
7 0.2408345663099713 0.3495440442731545 0.014517141066226813 0.016034176959604095
1 0.7435313204666064 0.45454951220720796 0.012727320533113406 0.008176212852981379
1 0.4929018685006847 0.19833793078703482 0.012818248746358663 0.011301212852981468
1 0.558328291699365 0.24334890241550494 0.011164820533113406 0.00813074874635884
1 0.32363504295300627 0.2392310184089071 0.011255748746358752 0.011255748746358752
1 0.2915439569804867 0.21123405054136066 0.006477320533113407 0.00799435642649069
1 0.16557615353613214 0.36971780344435456 0.011255748746358752 0.01125574874635884
1 0.27607469899642084 0.5932569403539463 0.011210284639736123 0.009693248746358662
7 0.26329355416927036 0.6108308852602391 0.015943248746358753 0.011392141066226814
1 0.30129967102060234 0.6808789608079173 0.012727320533113406 0.008176212852981379
7 0.5021334306540208 0.4349884846271008 0.023983069279472247 0.01943196159934022
3 0.13184967438581469 0.5004964420032989 0.014653533386094875 0.020721676959604095
3 0.3629572703874641 0.4351285401165194 0.02531824874635875 0.011664925705962937
3 0.11698187767188466 0.2851214945897237 0.014562605172849486 0.017596676959604096
3 0.5921971748480331 0.17120947796318325 0.014608069279472247 0.019159176959604098
7 0.8279447390464334 0.6952677889293852 0.008176212852981734 0.012727320533113406
7 0.6485046623116207 0.2790386983380121 0.012727320533113406 0.008176212852981469