5 0.7365305829175455 0.4947526507589341 0.021040246071058633 0.016452670950527094
5 0.6833156916850511 0.5073998893902276 0.01806079528527036 0.019450336958138338
5 0.6998867615774274 0.5283490593521715 0.024238020678164496 0.01814250494291585
3 0.5871897466902312 0.28514820459953605 0.03212329528527036 0.02002333992388783
3 0.42999798490340685 0.3255291709877081 0.026018844499482087 0.022893671939110228
4 0.5391225818840881 0.3915772767289267 0.02423802067816432 0.01814250494291585
5 0.18380799730940364 0.5143383671099251 0.019259422249740997 0.011701503954332537
5 0.2209633949520388 0.5252095415204934 0.02096747146395277 0.014890170950527092
4 0.6217168738595896 0.6748792080595771 0.028852746071058633 0.016771005931498984
3 0.41448657071643646 0.6789114975657231 0.025946069892376224 0.021331171939110227
3 0.08128219499482003 0.22164684832684484 0.028852746071058588 0.016771005931498984
4 0.17392130521006774 0.1848737015966055 0.035393844499482 0.023275673916276628
5 0.4630995450758733 0.5842011754363324 0.014863020678164496 0.017760502965749582
5 0.4789814102535198 0.6238366784020819 0.02118579528527036 0.019577670950527093
5 0.5456081381276132 0.6647601087441493 0.022675520678164317 0.018078837946721472
4 0.533185105043452 0.44825835824985755 0.01962329528527036 0.01951400395433254
4 0.1948483128585536 0.7011526176042168 0.027217471463952723 0.015144838935304605
4 0.2366738622821623 0.15935904844057552 0.035321069892376135 0.021713173916276585
2 0.7134463014860141 0.6185748113293379 0.02096747146395277 0.014890170950527092
1 0.7194844398230243 0.7147322283255322 0.011374147642635179 0.009820668973360824
1 0.6693836625298314 0.2752413053978388 0.017696922249740864 0.011637836958138336
2 0.3927528118250963 0.6140849936113904 0.024238020678164406 0.01814250494291585
2 0.344766922040344 0.5715818172236559 0.02096747146395277 0.014890170950527092
2 0.33235465922006246 0.5227304817483923 0.02096747146395268 0.014890170950527092
2 0.34814447911243857 0.5436478182122391 0.025946069892376133 0.021331171939110227
2 0.3861688639347921 0.5062088266151961 0.032268844499482086 0.023148339923887918
2 0.2319073571103666 0.6262454595052709 0.03412244292790545 0.029462006920082117
2 0.18641938275092979 0.7210831156270504 0.038737168320799584 0.02809050790866543
2 0.17013510318142516 0.6393237796574953 0.027726893713693725 0.026082338935304605
2 0.1462181060769093 0.5276222757031626 0.03724744292790545 0.029589340912470875
2 0.0751072394515208 0.5410998438782205 0.04513271753501129 0.03147017589344294
2 0.20013501054397 0.41285412155854945 0.022675520678164408 0.01807883794672165
2 0.08266706658260727 0.2848644313306504 0.03397689371369372 0.026337006920082295
2 0.3602419489237615 0.21741824064564091 0.02943494292790545 0.029271005931498985
2 0.3804281703877142 0.2322765780980708 0.03368579528527036 0.020087006920082296
2 0.3939920184018529 0.3895624960828484 0.03434076674922304 0.03414950692008221
2 0.46516285111451056 0.4610820104173044 0.021040246071058633 0.016452670950527094
2 0.49325361786373356 0.494976849352609 0.01918664764263518 0.010139003954332537
2 0.556387164596746 0.4609002796946763 0.021040246071058633 0.016452670950527094
2 0.5114493078961548 0.6345168518240669 0.02743579528527036 0.019832338935304606
2 0.4404411410230974 0.5497479209877081 0.02587329528527036 0.01976867193911023
2 0.2585297074008168 0.42770980041774187 0.021040246071058633 0.016452670950527094
2 0.34546905107172937 0.7540759822426839 0.026018844499482087 0.022893671939110228