7 0.993006869062877 0.7121825245951565 0.013986261874245898 0.01386507892507769
7 0.9964439289340146 0.6805685035484691 0.007112142131970955 0.016717063140062292
2 0.958861417908509 0.7716709166602964 0.03264208163720568 0.02838260523343692
2 0.9635068950685876 0.5911643693052498 0.0329696302577247 0.03463260523343692
2 0.8685053335577697 0.6774119534214122 0.04061835594746519 0.03196263154179633
3 0.8061491757104251 0.7735126796733016 0.02738137155129756 0.017172089448421347
3 0.8956277555386085 0.7463593744963345 0.033795145861557074 0.020661110495108836
7 0.7612018458822416 0.7980723348926213 0.01956887155129756 0.016717063140062115
7 0.76013066881302 0.8075383401542933 0.01315509724103805 0.013228042093374626
7 0.6995550169585693 0.8478973006211671 0.021131371551297563 0.016808068401734034
7 0.6228862963572115 0.775566545288908 0.024174484396167806 0.015427578925077689
7 0.6361498569635181 0.6697869821488458 0.013400758706427318 0.017915542093374627
4 0.8093892831282284 0.6260006428415987 0.02746325870642714 0.018734589448421345
4 0.7707981739014028 0.7269862901684105 0.024338258706427317 0.01855257892507787
4 0.7781945940732193 0.7484972691217232 0.021049484396167627 0.015245568401734032
2 0.7336423326532586 0.6609741532943554 0.027954581637205676 0.028109589448421346
2 0.7688694244672296 0.5257045112292154 0.050239017412854636 0.037196163111827295
7 0.5760135391211222 0.5839551689381965 0.041853307326946164 0.025803636803468068
3 0.47070524140511444 0.6081122767318823 0.02639208163720568 0.028018584186749608
7 0.4445621432595653 0.5728041082877959 0.022611984396167628 0.015336573663405772
7 0.5503860973525796 0.6332495136482897 0.030833920171816586 0.02360409997176518
4 0.49387714778212094 0.6913952135918201 0.02417448439616763 0.015427578925077868
4 0.5039957762308235 0.6751331767601171 0.019732645861557076 0.019842063140062295
4 0.535157245023159 0.7015290767883521 0.027463258706427317 0.018734589448421345
7 0.4153770115315024 0.7186927319370844 0.016443871551297562 0.01653505261671846
7 0.38542059588224165 0.819959100324701 0.022857645861557075 0.02002407366340577
7 0.3884094770444776 0.876990350324701 0.018006371551297563 0.0166260578783902
7 0.3560706105815627 0.7832704424039584 0.01471759724103805 0.01331904735504672
7 0.329753772046952 0.7895050318523797 0.022611984396167805 0.015336573663405772
7 0.36667391790850895 0.8061619108339272 0.021049484396167807 0.015245568401734032
7 0.3471526339873111 0.7626317187123176 0.01956887155129756 0.016717063140062115
7 0.339391043643678 0.719200237128169 0.021049484396167807 0.015245568401734032
7 0.18959908355776975 0.7169537396178306 0.026064533016686743 0.021768584186749606
7 0.46416639359824946 0.7973490819794368 0.021131371551297563 0.016808068401734034
4 0.44371777476048546 0.8557454109045143 0.017678822930778538 0.010376057878390554
4 0.4298666367008446 0.8306922029978893 0.024420145861557073 0.020115078925077513
4 0.5322413641996073 0.8701803662508908 0.02918953301668683 0.02195059471009344
2 0.5834420160540581 0.8303674373540479 0.03124335594746519 0.03141659997176518
2 0.5109938059681498 0.8236161793909531 0.042508404567984215 0.038303636803468065
3 0.6954130715719822 0.7987695558828389 0.029271420171816588 0.023513094710093264
2 0.6648524683380502 0.8436494163779479 0.04374335594746519 0.032144642065139804
7 0.6856529692425615 0.8667306006070497 0.013073210085908293 0.011665542093374625
7 0.6437963398893478 0.8605484900413536 0.02721759724103805 0.014047089448421346
2 0.6010699293284697 0.8826278873681656 0.034286468792335614 0.03003611049510866
7 0.622736889414378 0.8923368163355955 0.016607645861557073 0.01966005261671846
4 0.56244011928799 0.7884907504941102 0.02746325870642714 0.018734589448421345
4 0.5425746766149363 0.8131568215266801 0.01956887155129756 0.016717063140062292
2 0.589204015149547 0.8057391636765245 0.0356851944820761 0.027002115756780753
4 0.6087076096770516 0.7442633373822829 0.02738137155129756 0.017172089448421347
7 0.6473639959276701 0.7192864532096508 0.017924484396167627 0.015063557878390199
2 0.6583900271353347 0.690433411116276 0.06495661465389269 0.050515210466873836
4 0.6677340496365718 0.644438371653737 0.026228307326946164 0.024893584186749605
3 0.6127190010160528 0.6413735558122517 0.024010710085908292 0.012302578925077867
4 0.5585460781307028 0.5497089715549149 0.024665807326946343 0.024802578925077867
7 0.5328024496820003 0.5668810610033365 0.021131371551297563 0.016808068401734034
3 0.48482529511401606 0.533628216222656 0.029189533016686652 0.021950594710093262
4 0.4362273428300239 0.5184351267036474 0.011510710085908293 0.011574536831702887
4 0.13718449174379865 0.853224439561361 0.02417448439616776 0.015427578925077512
7 0.1620959605361342 0.8799843606362832 0.01471759724103805 0.013319047355046364
7 0.15111419493230197 0.8947294000988221 0.014635710085908294 0.01175654735504672
4 0.14466279907074492 0.8762979185146735 0.021213258706427273 0.018370568401734032
4 0.2556888302784094 0.8416205396743004 0.020885710085908293 0.012120568401734033
2 0.26387646652902796 0.8184182581042693 0.027790807326946255 0.024984589448421347
2 0.2894153770899061 0.797339918655848 0.032642081637205854 0.02838260523343692
2 0.2656602945481891 0.7477872396884179 0.034286468792335614 0.030036110495108837
2 0.23211081015202137 0.7356358501835267 0.03913774310259503 0.03343412628012423
2 0.1904146330827999 0.7474679922486664 0.040945904567984304 0.03821263154179633
4 0.17975377204695198 0.7982415369728773 0.013236984396167805 0.014790542093374803
4 0.13521587799441726 0.8306136921921968 0.016525758706427272 0.01809755261671846
4 0.14401434588224163 0.8340194132530016 0.01660764586155703 0.019660052616718816
2 0.12927905924751024 0.7173324421921968 0.034450243102595035 0.033161110495108836
4 0.13525574230962553 0.6519426606221657 0.021131371551297518 0.016808068401734034
4 0.10922883084423626 0.6487567474397512 0.01471759724103805 0.01331904735504672
4 0.1218516615769309 0.6503724553463764 0.018252033016686743 0.021313557878390378
4 0.1883907083884276 0.6041807238328151 0.011674484396167806 0.014699536831702886
5 0.2122509322691458 0.5510711343843937 0.024010710085908292 0.012302578925077867
5 0.30641369007106195 0.5385340660532468 0.024174484396167806 0.015427578925077689
2 0.3337441519659925 0.5964984844973331 0.0309976944820761 0.02672909997176518
2 0.36893802351729 0.6101213687405524 0.03617651741285455 0.03637711575678075
2 0.4255908152404041 0.6444361845820378 0.048512743102595124 0.03398015785015538
4 0.43566850011154157 0.6273928977503348 0.021049484396167627 0.015245568401734032
4 0.36309081524040404 0.6480763950489117 0.011428822930778538 0.010012036831702886
4 0.35247421980838833 0.6847419371422865 0.024174484396167806 0.015427578925077868
4 0.3741312138154945 0.7391186240022243 0.016607645861557073 0.01966005261671846
4 0.4680007225219218 0.7508913109327493 0.024174484396167806 0.015427578925077868
2 0.48007027532631225 0.6522340030543589 0.0356851944820761 0.027002115756780753
2 0.5980456693788471 0.6155846005364625 0.0470321302577247 0.03545165258848364
2 0.6527774349826793 0.5982914137471118 0.034450243102595125 0.033161110495108836
2 0.6265524496820003 0.5614207453030255 0.03741146879233561 0.030218121018452494
2 0.6810075763216805 0.4939910506211671 0.03741146879233561 0.030218121018452494
5 0.5962297845985665 0.4613143294897751 0.025573210085908116 0.012393584186749606
7 0.7108355964480685 0.5996117190652533 0.016443871551297562 0.01653505261671846
7 0.7230146918800842 0.5628551717102068 0.018006371551297563 0.0166260578783902
4 0.7918675904551747 0.650530205981661 0.01940509724103805 0.013592063140062116
4 0.799870440975573 0.5340861586266143 0.027463258706427317 0.018734589448421345
2 0.8106508107178483 0.5005456165332396 0.029189533016686652 0.021950594710093262
2 0.7663309226582073 0.4772670112292154 0.0309976944820761 0.02672909997176518
2 0.7832417836940553 0.4261294454583172 0.042262743102594945 0.03361613680346807
4 0.8724923914505428 0.49929465869720147 0.016443871551297208 0.01653505261671846
4 0.873399794209505 0.4867036534355297 0.01956887155129756 0.016717063140062292
3 0.8479018272261918 0.508563242883951 0.0216226944820761 0.026183068401734032
4 0.8723086849826792 0.5855051744822171 0.021049484396167627 0.015245568401734032
4 0.9218992492070306 0.5747805061087179 0.02088571008590847 0.012120568401734033
4 0.9267129019659925 0.5619619876928664 0.021049484396167627 0.015245568401734032
3 0.9811403731331773 0.4341940324876642 0.032396420171816584 0.02369510523343692
4 0.9750917689947343 0.4533535561651876 0.024338258706427494 0.01855257892507787
2 0.9495119148562914 0.4736506456136091 0.03757524310259512 0.03334312101845249
2 0.9146832134768103 0.48194826400122565 0.03938340456798421 0.03812162628012441
7 0.976258121324155 0.3858930403801721 0.03247830732694652 0.025257605233436918
7 0.9183570901164906 0.41747624032370234 0.017924484396167627 0.015063557878390199
5 0.8783595318850331 0.3720041166038267 0.024256371551297208 0.01699007892507769
4 0.9726550864984459 0.3171430403801721 0.018170145861557074 0.019751057878390377
4 0.9274919934412793 0.20301192192196832 0.029189533016686652 0.021950594710093262
4 0.9045391723195231 0.2435305061087179 0.02145892017181623 0.023058068401734032
7 0.8432055246489437 0.17971020079057629 0.016607645861557073 0.01966005261671846
2 0.8661716338757695 0.079634606080483 0.03132524310259512 0.03297909997176514
2 0.8235990315463487 0.14950676129980256 0.0407821302577247 0.03508763154179624
2 0.791677324173974 0.21327312968741916 0.04407090456798439 0.03839464206513989
7 0.7808969544316987 0.24681367178079397 0.021131371551297563 0.016808068401734034
2 0.7491866089996829 0.28470778490673865 0.05212906603337366 0.04353716837349921
2 0.7127887635676673 0.32287491381769906 0.0407821302577247 0.03508763154179615
4 0.6714677227490644 0.3119598006211671 0.024174484396167806 0.015427578925077689
2 0.6831632185651928 0.4155020295744797 0.040700243102595124 0.03352513154179615
2 0.6352613070998037 0.41359019005547104 0.032805855947465365 0.03150760523343692
2 0.7249412827895443 0.4052323875093398 0.0376571302577247 0.034905621018452494
2 0.7492861855485062 0.3912763033225902 0.024665807326946166 0.02480257892507769
4 0.6580879754625979 0.38561710849955744 0.021049484396167807 0.015245568401734032
4 0.6315730630926975 0.358166942686307 0.021049484396167807 0.015245568401734032
4 0.6414427080497433 0.35210665848544 0.016443871551297562 0.01653505261671846
2 0.4879282044316987 0.26387715834426567 0.04053646879233561 0.030400131541796237
2 0.44943891451760704 0.27708978988606187 0.04530585594746519 0.03223564732681172
5 0.43415142921692806 0.2395820846102726 0.021049484396167807 0.015245568401734032
4 0.46073386137453215 0.1486994793768356 0.022611984396167628 0.01533657366340586
4 0.46266925486124 0.3202027530543589 0.027299484396167806 0.015609589448421436
5 0.3839301011977669 0.3130342661379514 0.019896420171816497 0.022967063140062204
7 0.32889512041964375 0.39930496608148164 0.021131371551297563 0.016808068401734034
4 0.397058622228666 0.44392024509126404 0.021131371551297563 0.016808068401734034
2 0.36394955110690985 0.48503036347888057 0.03897396879233561 0.03030912628012441
2 0.32928130201142103 0.5113422344973332 0.034368355947465276 0.031598610495108835
4 0.2927263263216805 0.5166058581466216 0.021049484396167807 0.015245568401734032
4 0.2968505823145743 0.46072758446909823 0.021049484396167807 0.015245568401734032
4 0.31797863183960445 0.4900587686982002 0.020967597241038048 0.013683068401734033
2 0.27222571856519295 0.43943641339417605 0.03872830732694634 0.02562162628012423
2 0.25432556761525327 0.5016024844267459 0.034450243102595035 0.033161110495108836
4 0.17473324287545242 0.44824924224866647 0.04078213025772479 0.035087631541796324
2 0.20745056761525324 0.5043326422769014 0.04596095318850333 0.0447356473268119
4 0.23560322308774867 0.5630328080901519 0.016443871551297562 0.01653505261671846
4 0.2900384175698247 0.584938629193309 0.021131371551297563 0.016808068401734034
2 0.25174055743848794 0.6616145212584489 0.042180855947465276 0.032053636803468066
4 0.24963582485134247 0.6962170344126285 0.035603307326946255 0.025439615756780755
2 0.29383952623082343 0.6873733844549809 0.04259029172311406 0.039866136803468066
2 0.31292039687760986 0.6776420686840827 0.03593085594746528 0.031689615756780753
2 0.30440521200647225 0.6945943502541139 0.034286468792335524 0.030036110495108837
4 0.20471947252192182 0.7662256975244558 0.022857645861557075 0.02002407366340577
2 0.13491382632168053 0.5257973895754784 0.03609463025772479 0.034814615756780756
2 0.285451657620202 0.3179863476232779 0.042344630257724794 0.03517863680346807
2 0.29148697365357557 0.3583838344690983 0.04579717887824373 0.041610647326811724
2 0.3358710594746529 0.27821892135727094 0.042590291723113974 0.039866136803468066
2 0.3677728346894235 0.3037880687546699 0.03757524310259504 0.03334312101845249
4 0.5387514772716202 0.44115301890996167 0.02253009724103805 0.013774073663405773
4 0.4806523722286661 0.4390514635918201 0.026064533016686653 0.021768584186749606
4 0.4578323479184066 0.43724603988606187 0.021131371551297563 0.016808068401734034
4 0.47979587912607097 0.4077559609609841 0.009948210085908116 0.011483531570031147
4 0.48123222636710905 0.4202104583301482 0.017678822930778538 0.010376057878390377
4 0.4064944979638351 0.3548199477362174 0.027299484396167806 0.015609589448421436
4 0.38720558740295696 0.3755342661379514 0.025736984396167718 0.015518584186749607
4 0.43910560210227806 0.3341133346102726 0.02606453301668683 0.021768584186749606
4 0.4688816333099425 0.30416822937683563 0.025982645861557074 0.020206084186749608
4 0.48730740671569084 0.28193691360593753 0.02417448439616763 0.015427578925077689
4 0.5538951204196437 0.38620020840073543 0.018170145861557074 0.019751057878390377
7 0.7209753205559293 0.12022035067763684 0.040208920171816584 0.024150131541796238