4 0.5296875 0.15234375 0.01796875 0.025
4 0.63359375 0.36171875 0.01328125 0.02109375
4 0.7171875 0.3546875 0.0203125 0.02578125
5 0.546875 0.39765625 0.00859375 0.01171875
1 0.40703125 0.33671875 0.01484375 0.0234375
2 0.25703125 0.46875 0.0140625 0.021875
2 0.20546875 0.54453125 0.0078125 0.015625
2 0.5609375 0.45390625 0.00859375 0.02109375
2 0.51015625 0.60390625 0.0359375 0.02578125
2 0.4671875 0.55703125 0.01328125 0.0265625
2 0.54765625 0.54296875 0.02421875 0.01484375
2 0.72578125 0.490625 0.009375 0.01953125
2 0.7609375 0.51328125 0.009375 0.01484375
2 0.7921875 0.53515625 0.0125 0.01953125
2 0.78671875 0.46015625 0.0125 0.0171875
2 0.75625 0.40703125 0.0140625 0.01875
2 0.51875 0.26484375 0.0109375 0.02265625
2 0.49296875 0.4109375 0.01953125 0.0109375
2 0.328125 0.38046875 0.0125 0.0171875
2 0.37578125 0.62890625 0.009375 0.02578125
2 0.36484375 0.6546875 0.02109375 0.0296875
2 0.47265625 0.6734375 0.0125 0.01875
4 0.36171875 0.77890625 0.01640625 0.0125
2 0.67734375 0.63125 0.01484375 0.03125
4 0.6578125 0.56796875 0.00546875 0.0140625