3 0.30234375 0.19921875 0.0171875 0.0171875
5 0.36328125 0.21171875 0.00703125 0.01953125
5 0.36015625 0.24453125 0.01328125 0.01015625
5 0.32578125 0.1921875 0.009375 0.01796875
7 0.46875 0.159375 0.01015625 0.01484375
5 0.284375 0.32265625 0.00625 0.0234375
7 0.2296875 0.40546875 0.00703125 0.0171875
4 0.21015625 0.2515625 0.009375 0.028125
3 0.34765625 0.25625 0.01875 0.0125
3 0.428125 0.33359375 0.0109375 0.0265625
3 0.48359375 0.2640625 0.0140625 0.025
7 0.46171875 0.18828125 0.0078125 0.01796875
4 0.578125 0.21875 0.0171875 0.01953125
4 0.634375 0.18515625 0.01015625 0.01953125
7 0.63515625 0.21953125 0.0125 0.01796875
5 0.5734375 0.2921875 0.01015625 0.02265625
5 0.67734375 0.27734375 0.01328125 0.0203125
7 0.7171875 0.2515625 0.0171875 0.01640625
5 0.421875 0.36484375 0.0109375 0.0203125
7 0.19296875 0.55703125 0.00703125 0.01484375
5 0.2671875 0.54375 0.01171875 0.0171875
3 0.26640625 0.57421875 0.00859375 0.02421875
4 0.2390625 0.5859375 0.01640625 0.025
4 0.17421875 0.58515625 0.01015625 0.0296875
4 0.11171875 0.62265625 0.0109375 0.0234375
5 0.178125 0.690625 0.01015625 0.01875
5 0.24140625 0.6703125 0.01015625 0.02109375
7 0.2328125 0.7140625 0.0078125 0.0203125
7 0.31015625 0.7421875 0.01015625 0.01484375
7 0.19921875 0.7109375 0.0125 0.0109375
7 0.33359375 0.83203125 0.009375 0.01953125
7 0.46875 0.68671875 0.01015625 0.01640625
7 0.48203125 0.68984375 0.01640625 0.00703125
3 0.3484375 0.75703125 0.0140625 0.01796875
5 0.49296875 0.6125 0.01484375 0.0125
5 0.57109375 0.67421875 0.0140625 0.009375
4 0.58828125 0.59765625 0.0125 0.028125
4 0.646875 0.68203125 0.0125 0.0234375
7 0.68359375 0.70859375 0.0125 0.0203125
5 0.6109375 0.81484375 0.00859375 0.015625
5 0.6625 0.8703125 0.0125 0.0140625
7 0.77109375 0.69609375 0.0109375 0.0203125
7 0.74765625 0.67578125 0.0125 0.01796875
3 0.740625 0.76484375 0.009375 0.02578125
7 0.48515625 0.65546875 0.0078125 0.02109375
7 0.4953125 0.6625 0.0078125 0.01484375
7 0.38359375 0.9046875 0.00703125 0.01953125
7 0.36171875 0.9265625 0.0078125 0.01875
4 0.7015625 0.9109375 0.015625 0.015625
7 0.74140625 0.5484375 0.01171875 0.02109375
5 0.6625 0.36875 0.00859375 0.02578125
5 0.73984375 0.446875 0.015625 0.0109375
5 0.7546875 0.3171875 0.01328125 0.0171875
4 0.734375 0.2796875 0.0109375 0.021875
7 0.54375 0.51484375 0.01015625 0.0203125
7 0.49921875 0.471875 0.0140625 0.01953125
5 0.40234375 0.51953125 0.01171875 0.0171875
5 0.4875 0.56640625 0.0125 0.01796875
4 0.171875 0.52890625 0.01484375 0.02265625
4 0.3359375 0.55546875 0.01171875 0.01875
0 0.3171875 0.28515625 0.025 0.02734375
6 0.5921875 0.50234375 0.0296875 0.0703125
4 0.6375 0.5796875 0.0203125 0.025
4 0.5859375 0.39921875 0.01328125 0.02421875
4 0.3953125 0.1515625 0.00859375 0.0203125
4 0.41328125 0.1640625 0.01328125 0.021875
4 0.32734375 0.23671875 0.01484375 0.01875
1 0.45078125 0.58984375 0.01015625 0.0109375
1 0.39296875 0.6140625 0.00703125 0.01640625
1 0.34765625 0.5828125 0.00625 0.0125
1 0.459375 0.53984375 0.00625 0.0140625
1 0.6296875 0.4359375 0.00625 0.01171875
1 0.61484375 0.50625 0.009375 0.00859375
1 0.50078125 0.390625 0.00703125 0.0109375
1 0.509375 0.31953125 0.0078125 0.01171875
4 0.4375 0.31796875 0.0109375 0.0171875
1 0.5921875 0.29140625 0.009375 0.00859375
1 0.4375 0.934375 0.0046875 0.01015625
1 0.5671875 0.8734375 0.0046875 0.01015625
1 0.24609375 0.653125 0.00703125 0.0109375
4 0.53203125 0.234375 0.015625 0.01015625
7 0.6109375 0.22578125 0.01328125 0.01171875
1 0.53671875 0.72421875 0.00546875 0.0125
1 0.77265625 0.46484375 0.00859375 0.0109375
1 0.7328125 0.53046875 0.00703125 0.01015625
1 0.7234375 0.3015625 0.00859375 0.00859375
1 0.74921875 0.26796875 0.0078125 0.00703125
1 0.5875 0.15390625 0.00859375 0.00859375
1 0.37578125 0.27421875 0.0078125 0.0109375
7 0.35703125 0.2625 0.00859375 0.01484375
1 0.29140625 0.3046875 0.00703125 0.01171875
7 0.54296875 0.48671875 0.0171875 0.0203125
3 0.45703125 0.12890625 0.0171875 0.0125
3 0.53515625 0.35078125 0.009375 0.02421875
3 0.66640625 0.1015625 0.01484375 0.0125
3 0.8046875 0.56015625 0.01640625 0.01171875
7 0.30703125 0.8203125 0.01328125 0.00546875
7 0.70390625 0.62109375 0.00703125 0.01171875