5 0.6443071655594789 0.3230918157422918 0.014389808320624909 0.014307961850553053
7 0.32942900759944427 0.21833653733537278 0.020603440729444422 0.012854556006354479
5 0.26914547103031233 0.22275525608578467 0.02053070554708336 0.009729556006354478
4 0.40184821504638873 0.2633683936660387 0.016025043502986235 0.01746023538950343
3 0.47515973489802066 0.20290422645775438 0.022165940729444424 0.012881829545304768
3 0.25401012709048587 0.2686035442352316 0.020676175911805574 0.015979556006354388
5 0.059750327603576125 0.3207040121748646 0.01755117591180557 0.01592500892845372
4 0.0658171832269094 0.3958403798696163 0.030123911094166678 0.019268197240056396
4 0.13611019301055519 0.46506371266133195 0.023801175911805573 0.01603410308425506
3 0.081275916225069 0.5375739123370205 0.023801175911805573 0.01603410308425506
5 0.44052362965593705 0.5493155762955986 0.020603440729444422 0.0128545560063543
5 0.27279126899861067 0.536227420858437 0.020676175911805574 0.01597955600635448
5 0.20343989732336754 0.6280234086835724 0.02053070554708336 0.009729556006354301
7 0.5398898096518051 0.4439752857105196 0.018968205547083273 0.009702282467404188
5 0.6790620656357288 0.4081077439076248 0.02372844072944442 0.012909103084255236
7 0.3588015041809718 0.5346024655007058 0.022093205547083362 0.009756829545304768
7 0.35698181820118 0.6799422390396561 0.020603440729444422 0.0128545560063543
5 0.08241888250572864 0.622784709414921 0.016025043502986124 0.01746023538950343
4 0.2358146798084369 0.7145609265404799 0.026926175911805572 0.016088650162155816
4 0.5921049666619093 0.5175724728043064 0.02238414627652787 0.02225682954530477
7 0.11279475389663134 0.7280449537328783 0.020676175911805574 0.01597955600635448
1 0.7425433373872219 0.40061857223511355 0.014280705547083272 0.009620461850553142
2 0.4886922919843747 0.3602354853862081 0.03641027868534721 0.02093979139585782
4 0.5646897879003121 0.45300541233372515 0.020676175911805574 0.0159795560063543
2 0.596573607904444 0.5606366801906326 0.07623649810013902 0.0544341298696164
2 0.14535725323104126 0.5043034906645092 0.0637728656913195 0.055778441558013724
2 0.059507406157082776 0.6669341298696163 0.05080008700597225 0.03524775324641087
1 0.14335572929534668 0.6574557642034595 0.011192073138263892 0.011128414772652384
1 0.09077493674229108 0.7003057374180983 0.014280705547083338 0.009620461850553142
4 0.2382883292190967 0.5747035397710047 0.017442073138263937 0.01123750892845372
3 0.20254693170829796 0.767126818991998 0.014571646276527784 0.022120461850553143
2 0.5843691211065623 0.3126667844927037 0.012754573138263937 0.011155688311602675
3 0.3692863689223607 0.4535024699649327 0.030014808320625086 0.014580697240056395