4 0.0796875 0.7715573583130605 0.0171875 0.00947499394987581
5 0.0828125 0.7622005390312198 0.0171875 0.01259999394987581
5 0.0328125 0.7501908975406719 0.0140625 0.01101931323171641
7 0.04375 0.7190045300542293 0.0140625 0.011019313231716588
2 0.01328125 0.7461710180521768 0.01875 0.01885908430895533
3 0.03671875 0.6642761234383711 0.0125 0.014135222872636887
7 0.0609375 0.6956670240041051 0.0125 0.0063227228726368875
4 0.1078125 0.7076584847764936 0.0171875 0.01884999394987581
4 0.13125 0.7210760901626878 0.0140625 0.01414431323171641
7 0.01953125 0.5938636294884952 0.0171875 0.00947499394987581
5 0.0125 0.6430414728726369 0.0109375 0.011001132513557365
4 0.0984375 0.6115101926220159 0.0140625 0.011019313231716588
4 0.05703125 0.592519298106406 0.0140625 0.011019313231716588
2 0.0078125 0.5625454517953982 0.015625 0.012590903590796287
2 0.05859375 0.5769033884654856 0.0140625 0.00945681323171641
2 0.05234375 0.5518670270291672 0.0203125 0.015743174668035032
2 0.01640625 0.536032948770336 0.0109375 0.009438632513557366
3 0.0078125 0.47035795179539813 0.015625 0.018840903590796286
3 0.0375 0.43693691861791084 0.0171875 0.01572499394987581
4 0.028125 0.5462573764634332 0.0109375 0.012563632513557365
7 0.0015625 0.5257903403590796 0.003125 0.007830680718159223
2 0.0265625 0.3337482861043535 0.0125 0.020385222872636888
2 0.084375 0.32783462939029934 0.0140625 0.014144313231716587
2 0.03359375 0.2908204427202118 0.0125 0.023510222872636887
7 0.03359375 0.31660169272021177 0.0109375 0.007876132513557366
3 0.071875 0.4972931565176625 0.0140625 0.01101931323171641
3 0.084375 0.45752212939029935 0.015625 0.01727840359079611
2 0.0625 0.4230198643631847 0.0265625 0.014217036104353476
4 0.034375 0.5236374878997516 0.0125 0.014135222872636887
2 0.053125 0.5393715722087069 0.01875 0.012609084308955331
2 0.05625 0.6057960029268663 0.0140625 0.011019313231716588
2 0.0890625 0.5262994004675382 0.0203125 0.012618174668035031
2 0.05859375 0.40815338846548566 0.0171875 0.01259999394987581
4 0.078125 0.3692045179539809 0.0171875 0.01259999394987581
2 0.04921875 0.300286346311008 0.0140625 0.011019313231716588
2 0.11015625 0.28814087031511304 0.0203125 0.011055674668035032
2 0.103125 0.30528746369925475 0.0203125 0.01418067466803503
3 0.15078125 0.36415846965118315 0.0125 0.020385222872636888
5 0.10625 0.384211894417414 0.015625 0.01415340359079611
3 0.09609375 0.6521215570833965 0.0171875 0.00947499394987581
4 0.140625 0.6390993823171656 0.0203125 0.012618174668035031
4 0.10625 0.641243144417414 0.0140625 0.009456813231716588
2 0.0890625 0.5716119004675382 0.0140625 0.007894313231716587
2 0.08203125 0.5551647438516799 0.015625 0.009465903590796288
2 0.09453125 0.5630499667243168 0.0109375 0.012563632513557365
2 0.11171875 0.5303374606741926 0.0109375 0.011001132513557365
2 0.1296875 0.5866919998036083 0.015625 0.011028403590796288
5 0.109375 0.5725113251355732 0.0171875 0.01259999394987581
2 0.12578125 0.5530755239059092 0.0109375 0.009438632513557366
3 0.14765625 0.5446090389330239 0.021875 0.009502265027114732
4 0.1203125 0.5092937076491306 0.0109375 0.007876132513557366
7 0.159375 0.517333466626121 0.0109375 0.007876132513557366
4 0.125 0.5296334787263695 0.015625 0.00946590359079611
4 0.10859375 0.47875677995603344 0.0171875 0.01259999394987581
4 0.13046875 0.4741965449831481 0.0171875 0.01416249394987581
4 0.11875 0.482722117290051 0.0109375 0.009438632513557366
4 0.1125 0.49206075585373255 0.0171875 0.00947499394987581
4 0.08828125 0.4997323552879983 0.015625 0.011028403590796288
4 0.09765625 0.4880681474424762 0.0078125 0.014107951795397967
1 0.12109375 0.43195450282867043 0.0109375 0.007876132513557366
4 0.11484375 0.4412931413923519 0.0140625 0.01726931323171659
3 0.12734375 0.35152211426498886 0.0265625 0.014217036104353476
4 0.15546875 0.32746699072842195 0.0171875 0.00947499394987581
7 0.0984375 0.24197894262201594 0.0109375 0.011001132513557365
2 0.121875 0.2530527980082102 0.021875 0.020439765027114642
4 0.13515625 0.18281756606038693 0.01875 0.00948408430895542
4 0.1609375 0.22828005698520065 0.021875 0.020439765027114642
3 0.1453125 0.6781891533944044 0.01875 0.015734084308955332
2 0.16328125 0.58766869252382 0.0234375 0.022011355386194253
2 0.14765625 0.507109038933024 0.0140625 0.011019313231716588
2 0.1671875 0.4962851684215191 0.0140625 0.011019313231716588
2 0.165625 0.6236198280624394 0.0140625 0.009456813231716588
2 0.1984375 0.6011544756031114 0.015625 0.023528403590796287
2 0.1890625 0.5776624334486338 0.0109375 0.011001132513557365
2 0.20859375 0.532463562937129 0.015625 0.020403403590796287
4 0.14765625 0.4203902889330239 0.0171875 0.01259999394987581
5 0.1890625 0.3510999334486337 0.01875 0.00948408430895542
4 0.19453125 0.2737879997054124 0.0140625 0.014144313231716587
4 0.19375 0.7105022045258726 0.0140625 0.00945681323171641
4 0.16328125 0.6946999425238201 0.0171875 0.011037493949875809
4 0.16953125 0.7173925539601386 0.0140625 0.007894313231716587
4 0.18984375 0.8268857286281734 0.0109375 0.007876132513557366
4 0.1921875 0.8026806141667929 0.0171875 0.00947499394987581
3 0.19609375 0.7714533400644921 0.0140625 0.014144313231716587
7 0.21953125 0.7419021954506863 0.0078125 0.014107951795398144
4 0.171875 0.7783436894987579 0.0109375 0.011001132513557365
4 0.225 0.6138090117074649 0.0109375 0.009438632513557366
4 0.209375 0.6152806081166687 0.0125 0.007885222872636887
4 0.228125 0.5958584424256241 0.025 0.015770445745273955
5 0.2546875 0.5569504785299777 0.0140625 0.01414431323171641
5 0.2765625 0.5570777435570923 0.01875 0.009484084308955332
2 0.25234375 0.5694368429913583 0.0296875 0.020485216822512697
3 0.26484375 0.5866970658639952 0.025 0.014207945745273776
2 0.25625 0.5968033188890572 0.015625 0.011028403590796288
4 0.2359375 0.4927788942210222 0.009375 0.015679542154477845
4 0.25546875 0.4874237737095175 0.0140625 0.011019313231716588
4 0.2671875 0.49608570140261465 0.0140625 0.007894313231716587
4 0.27734375 0.5133322887366322 0.0109375 0.007876132513557366
4 0.24453125 0.47954764119596016 0.009375 0.012554542154477844
2 0.234375 0.4537073038619427 0.0140625 0.01101931323171641
4 0.2203125 0.4544067406302261 0.0125 0.0063227228726368875
4 0.1890625 0.4557874334486337 0.0140625 0.007894313231716587
4 0.19609375 0.438640840064492 0.0140625 0.007894313231716587
2 0.22421875 0.4247419665279251 0.0125 0.007885222872636887
2 0.18515625 0.3815459575509347 0.0125 0.011010222872636977
2 0.20546875 0.44260163221896975 0.0125 0.007885222872636887
2 0.22734375 0.3692913972460844 0.0265625 0.017342036104353475
7 0.21953125 0.3536209454506863 0.009375 0.010992042154477666
4 0.21953125 0.3223709454506863 0.0203125 0.009493174668035032
4 0.23515625 0.3013680990414825 0.0125 0.0063227228726368875
2 0.215625 0.2676607195529872 0.0109375 0.007876132513557366
5 0.25390625 0.2944459333504379 0.0203125 0.012618174668035031
3 0.24453125 0.2756413911959602 0.015625 0.017278403590796198
3 0.25546875 0.2600800237095175 0.0234375 0.007948855386194253
7 0.21953125 0.24424594545068629 0.0140625 0.012581813231716588
4 0.159375 0.191552216626121 0.009375 0.01099204215447771
4 0.16875 0.1916067587805987 0.0109375 0.007876132513557321
4 0.1921875 0.24564936416679295 0.0140625 0.007894313231716587
4 0.18671875 0.25811754791001434 0.0125 0.014135222872636887
2 0.23984375 0.3349891201187213 0.0171875 0.01259999394987581
4 0.23515625 0.3560555990414825 0.0171875 0.01259999394987581
7 0.25859375 0.6272857044276767 0.0140625 0.007894313231716587
4 0.240625 0.6795249152982612 0.0140625 0.011019313231716588
4 0.240625 0.7154624152982612 0.015625 0.009465903590796288
4 0.253125 0.7061601381708981 0.0125 0.007885222872636887
2 0.23125 0.8388453731437835 0.0234375 0.018886355386194254
2 0.23828125 0.7951362797596417 0.0140625 0.007894313231716587
2 0.246875 0.7873737767345796 0.0140625 0.014144313231716587
3 0.28125 0.7977300146343312 0.0140625 0.01726931323171641
3 0.29375 0.8157714875069683 0.0140625 0.01414431323171641
2 0.315625 0.7971487525340828 0.0140625 0.00789431323171641
2 0.27265625 0.7898675176593933 0.0109375 0.009438632513557366
2 0.2828125 0.8102391049934109 0.0140625 0.00945681323171641
2 0.26328125 0.8218442255049154 0.0140625 0.00789431323171641
3 0.26015625 0.8663572947867564 0.0234375 0.011073855386194254
7 0.26484375 0.8413845658639951 0.0109375 0.007876132513557366
4 0.2671875 0.7656169514026147 0.0109375 0.014126132513557366
2 0.28203125 0.729765809813871 0.015625 0.011028403590796288
5 0.271875 0.7047067224798534 0.009375 0.014117042154477667
4 0.28828125 0.6766771712501894 0.0171875 0.01259999394987581
4 0.2875 0.6532351260706497 0.0109375 0.007876132513557366
2 0.2921875 0.6251373971478886 0.0125 0.009447722872636889
2 0.29375 0.5899902375069681 0.0125 0.0063227228726368875
4 0.3140625 0.5502646621750031 0.009375 0.0063045421544778435
4 0.2765625 0.4945777435570923 0.0109375 0.007876132513557366
5 0.2875 0.4524538760706497 0.0203125 0.011055674668035032
2 0.30703125 0.44475500555914493 0.0171875 0.01259999394987581
2 0.24296875 0.4162573008368806 0.009375 0.007867042154477843
2 0.2765625 0.36332774355709235 0.0140625 0.007894313231716587
3 0.33046875 0.28395386094533914 0.0203125 0.01418067466803503
4 0.28359375 0.34461865017295057 0.0140625 0.007894313231716587
4 0.30078125 0.3087811441228264 0.0125 0.007885222872636887
4 0.278125 0.292243083916172 0.0109375 0.007876132513557366
4 0.31640625 0.2377782977136226 0.0109375 0.007876132513557366
2 0.2828125 0.20398910499341077 0.0203125 0.011055674668035032
2 0.27578125 0.18285444837755255 0.015625 0.0188409035907962
3 0.23359375 0.23104650868240287 0.021875 0.009502265027114643
4 0.1359375 0.19922836123992677 0.009375 0.01411704215447771
4 0.08671875 0.2473795149289188 0.0125 0.012572722872636888
7 0.05390625 0.2534386173882468 0.0140625 0.007894313231716587
2 0.19453125 0.1612879997054124 0.0140625 0.007894313231716587
2 0.3265625 0.2034623850476401 0.0171875 0.00947499394987581
4 0.2734375 0.24299706283893308 0.0078125 0.010982951795398144
4 0.34296875 0.17230783381797607 0.015625 0.006340903590796199
2 0.21328125 0.7817095840143679 0.0109375 0.007876132513557366
4 0.2328125 0.761510713502863 0.0140625 0.01726931323171659
4 0.2265625 0.7747556020665446 0.0078125 0.010982951795398144
4 0.20546875 0.8410391322189696 0.0203125 0.01261817466803521
4 0.21328125 0.832490834014368 0.0140625 0.00789431323171641
4 0.31484375 0.774487957354543 0.0109375 0.012563632513557365
7 0.3109375 0.7604027314568439 0.0125 0.004760222872636888
4 0.328125 0.6480027254067198 0.0140625 0.007894313231716587
4 0.31171875 0.6643135266363838 0.0140625 0.007894313231716587
4 0.30546875 0.8064646652000654 0.0140625 0.01101931323171641
4 0.34296875 0.40043283381797606 0.015625 0.009465903590796288
4 0.30859375 0.5760140959182245 0.0109375 0.011001132513557365
2 0.35234375 0.4832998759724537 0.015625 0.011028403590796288
3 0.3453125 0.6223214693565955 0.0140625 0.020394313231716588
3 0.3296875 0.8503555657657994 0.028125 0.01110112646343282
3 0.3484375 0.8465584000747548 0.0125 0.01726022287263689
2 0.3390625 0.8105663579202771 0.0125 0.011010222872636888
7 0.3453125 0.6981027193565955 0.0125 0.0063227228726368875
2 0.334375 0.6011640868430381 0.0171875 0.00947499394987581
4 0.365625 0.5544708940246306 0.0140625 0.007894313231716587
4 0.39609375 0.6608981560266831 0.0171875 0.00947499394987581
4 0.40234375 0.6812470174630015 0.0140625 0.007894313231716587
5 0.40078125 0.690612927103922 0.01875 0.011046584308955332
4 0.375 0.8146816861791082 0.015625 0.006340903590796287
4 0.3609375 0.8536623729473917 0.0140625 0.01414431323171641
4 0.36796875 0.7458907795632499 0.0171875 0.01259999394987581
4 0.38046875 0.6217447524358869 0.0125 0.004760222872636888
4 0.37109375 0.6373152102814093 0.01875 0.007921584308955332
4 0.39765625 0.5327822463857628 0.0171875 0.01416249394987581
2 0.36875 0.3583953247427898 0.0109375 0.009438632513557366
3 0.37265625 0.28185555064048884 0.0109375 0.014126132513557366
2 0.37578125 0.3037487313586481 0.015625 0.01415340359079611
2 0.353125 0.4543981711519936 0.0125 0.012572722872636888
7 0.37890625 0.4475169120768073 0.0171875 0.00947499394987581
2 0.428125 0.4056157583878153 0.0109375 0.011001132513557365
7 0.42890625 0.44937030356735513 0.009375 0.0063045421544778435
4 0.384375 0.4787987283335859 0.0078125 0.014107951795397967
4 0.3875 0.45225440905174513 0.015625 0.009465903590796288
4 0.37734375 0.34516407171772767 0.0109375 0.007876132513557366
4 0.43515625 0.3392504150036736 0.0109375 0.0063136325135573655
2 0.34921875 0.31687544525429456 0.0296875 0.020485216822512697
2 0.40703125 0.2812742885402404 0.025 0.014207945745273953
4 0.42578125 0.2938833728491958 0.0140625 0.007894313231716587
2 0.37265625 0.25451180064048884 0.0125 0.0063227228726368875
3 0.3890625 0.21163849941082483 0.0171875 0.01259999394987581
2 0.3953125 0.20386236084714326 0.0140625 0.015706813231716587
2 0.4046875 0.19141690300162098 0.0171875 0.01572499394987581
2 0.40078125 0.16951917710392195 0.0140625 0.011019313231716543
2 0.3765625 0.18500327653818788 0.0140625 0.011019313231716588
4 0.36015625 0.19584532776785188 0.0203125 0.009493174668035032
4 0.4515625 0.2737208637740095 0.0171875 0.00947499394987581
2 0.45 0.2916805234149299 0.0265625 0.018904536104353477
2 0.4359375 0.26269246018321335 0.0140625 0.007894313231716587
2 0.41796875 0.24852542105379777 0.0125 0.011010222872636888
2 0.471875 0.21446403844204456 0.015625 0.014153403590796199
4 0.33828125 0.24181181274073724 0.0171875 0.011037493949875809
7 0.3890625 0.3264822494108248 0.0125 0.014135222872636887
4 0.4015625 0.8609299722834617 0.015625 0.009465903590795932
4 0.41953125 0.8665032614128773 0.015625 0.006340903590795932
4 0.396875 0.8382464512062228 0.0125 0.0063227228726368875
3 0.44296875 0.8853896167990716 0.0203125 0.01574317466803521
2 0.40234375 0.8164032674630015 0.009375 0.010992042154477844
2 0.41328125 0.8399043999765589 0.0109375 0.007876132513557366
2 0.38984375 0.7850805445903646 0.0078125 0.007857951795397966
2 0.4296875 0.8595310987468949 0.0125 0.007885222872636887
2 0.44296875 0.8267958667990716 0.0140625 0.00789431323171641
1 0.42265625 0.7563651921310366 0.0359375 0.02520907825883114
4 0.43828125 0.7330185957218328 0.009375 0.006304542154477666
4 0.421875 0.7141731469514967 0.0125 0.007885222872636887
7 0.44375 0.6658629119786115 0.015625 0.006340903590796287
7 0.425 0.643878827669656 0.009375 0.009429542154477843
3 0.49140625 0.6481714179305398 0.01875 0.01885908430895533
4 0.4640625 0.6292623366466465 0.0125 0.012572722872636888
0 0.434375 0.5712771198241338 0.046875 0.034647710772388506
2 0.43046875 0.5478168939264346 0.0265625 0.014217036104353653
4 0.44609375 0.5291577975172308 0.0171875 0.011037493949875809
4 0.4265625 0.46888791802873564 0.0140625 0.011019313231716588
4 0.478125 0.4684066498783631 0.015625 0.009465903590796288
4 0.4875 0.4817424420328408 0.0125 0.004760222872636888
4 0.4015625 0.5593674722834617 0.0109375 0.014126132513557366
2 0.4921875 0.44426971311007957 0.0171875 0.01728749394987581
5 0.5 0.4833776649054776 0.0125 0.012572722872636888
2 0.5171875 0.47566515885535343 0.015625 0.020403403590796287
2 0.5203125 0.41240208957351265 0.01875 0.011046584308955332
7 0.5375 0.4351583335233885 0.01875 0.011046584308955332
5 0.55078125 0.42351685157556523 0.0140625 0.012581813231716588
5 0.4828125 0.4567151709556018 0.0125 0.0063227228726368875
4 0.50859375 0.4248339118804155 0.0109375 0.014126132513557366
4 0.50234375 0.3662038004440971 0.0171875 0.00947499394987581
2 0.53359375 0.30935435762568947 0.015625 0.017278403590796198
7 0.521875 0.3077236799325923 0.0125 0.007885222872636887
7 0.59296875 0.3784497912707149 0.0171875 0.00947499394987581
3 0.5625 0.3782725292686624 0.0171875 0.011037493949875809
2 0.53203125 0.3859077672666098 0.0109375 0.011001132513557365
5 0.48984375 0.28956857757146015 0.01875 0.00948408430895542
5 0.465625 0.3097401770057261 0.0109375 0.007876132513557366
2 0.57109375 0.34863502624360027 0.0140625 0.011019313231716588
3 0.6390625 0.35606170686356364 0.021875 0.009502265027114643
2 0.60390625 0.40507592378427226 0.0171875 0.00947499394987581
3 0.48515625 0.8082913064942214 0.0203125 0.01261817466803521
2 0.50859375 0.8053026618804155 0.0203125 0.01574317466803521
2 0.521875 0.8256924299325924 0.01875 0.018859084308955686
3 0.53125 0.71715322208707 0.0203125 0.009493174668035032
7 0.51328125 0.7732986829576545 0.015625 0.009465903590796288
4 0.4765625 0.7840225595192833 0.015625 0.007903403590796287
7 0.496875 0.6708594841873184 0.0203125 0.009493174668035032
2 0.4953125 0.8356941438282387 0.0203125 0.01574317466803521
4 0.5203125 0.8483395895735126 0.0171875 0.00947499394987581
2 0.53125 0.7648094720870701 0.01875 0.012609084308955331
7 0.57734375 0.7463276376799188 0.0140625 0.01101931323171641
5 0.5296875 0.6944878817279905 0.0203125 0.009493174668035032
3 0.5328125 0.5640373124461496 0.0234375 0.015761355386194255
7 0.53203125 0.5515327672666098 0.0203125 0.006368174668035032
7 0.52421875 0.5397685654712118 0.0125 0.007885222872636887
2 0.51015625 0.5389055022394953 0.01875 0.012609084308955331
2 0.57109375 0.6455100262436003 0.0125 0.018822722872636886
2 0.54609375 0.6398958304983264 0.0109375 0.007876132513557366
7 0.55625 0.6071424178323439 0.0125 0.004760222872636888
2 0.6015625 0.4886560382456528 0.03125 0.026744307181592396
4 0.58046875 0.524470818398078 0.0171875 0.00947499394987581
2 0.5515625 0.4907088967551051 0.0140625 0.007894313231716587
2 0.56640625 0.44548275516636143 0.0125 0.009447722872636889
4 0.6015625 0.4378747882456528 0.0125 0.0063227228726368875
4 0.54296875 0.44925264978016716 0.0140625 0.007894313231716587
5 0.6421875 0.3951423875817229 0.0140625 0.007894313231716587
2 0.67109375 0.4203105592246958 0.01875 0.023546584308955332
7 0.6765625 0.4539361254814745 0.0140625 0.007894313231716587
3 0.68125 0.33365089655871333 0.0203125 0.012618174668035031
5 0.6953125 0.3485764597904299 0.0171875 0.01259999394987581
4 0.56171875 0.2610804840891226 0.015625 0.00946590359079611
4 0.69140625 0.29308498389273085 0.01875 0.00948408430895542
3 0.678125 0.4719139658405541 0.0140625 0.014144313231716587
7 0.7 0.4657912308676687 0.0171875 0.00947499394987581
2 0.55390625 0.8860350322937244 0.0265625 0.014217036104353297
2 0.5515625 0.8500838967551051 0.0125 0.012572722872636888
3 0.5421875 0.8570606046006273 0.0140625 0.01101931323171641
2 0.57109375 0.8767600262436002 0.015625 0.009465903590795932
3 0.6390625 0.9021554568635637 0.0140625 0.01570681323171641
3 0.61953125 0.9090730773750686 0.0203125 0.011055674668035208
2 0.60546875 0.8793037641433518 0.0203125 0.009493174668035209
3 0.57890625 0.8471179780389984 0.0234375 0.015761355386194255
3 0.58046875 0.838533318398078 0.009375 0.017242042154477843
4 0.59375 0.8300168364502547 0.0140625 0.00789431323171641
4 0.57265625 0.8377066166026801 0.0140625 0.00789431323171641
4 0.6171875 0.8348406918364489 0.0234375 0.011073855386194254
4 0.61640625 0.8160861466569092 0.0140625 0.00789431323171641
2 0.49609375 0.7911674390077786 0.0109375 0.011001132513557365
4 0.49296875 0.7833367582896195 0.0125 0.004760222872636888
4 0.54375 0.739882194959707 0.0171875 0.01259999394987581
4 0.509375 0.7271822070599554 0.0140625 0.007894313231716587
7 0.61328125 0.7004429659387499 0.0125 0.007885222872636887
4 0.61484375 0.6692020562978296 0.0125 0.007885222872636887
2 0.57265625 0.6728628666026799 0.015625 0.012590903590796287
2 0.63828125 0.6787134116840239 0.015625 0.014153403590796287
2 0.64453125 0.6865622731203423 0.0171875 0.01259999394987581
3 0.6453125 0.8654730682998821 0.015625 0.01727840359079593
2 0.671875 0.8187526044042357 0.0140625 0.01258181323171641
2 0.62578125 0.7552031888113869 0.015625 0.011028403590796109
7 0.64375 0.7943702279408026 0.0109375 0.007876132513557366
7 0.65234375 0.7592639749157405 0.0125 0.0063227228726368875
7 0.6765625 0.7320611254814745 0.0125 0.0063227228726368875
4 0.6734375 0.7711054447633152 0.0109375 0.014126132513557366
7 0.65859375 0.7218003363520589 0.009375 0.007867042154477843
3 0.696875 0.6884293001495095 0.021875 0.015752265027114732
3 0.73671875 0.6480361043060399 0.015625 0.017278403590796288
7 0.71015625 0.6353815682016862 0.015625 0.011028403590796109
4 0.62421875 0.6325378484523073 0.0125 0.0063227228726368875
3 0.65 0.527219089377121 0.0234375 0.014198855386194253
2 0.6765625 0.4890923754814745 0.0125 0.015697722872636887
2 0.703125 0.48690316158582797 0.0140625 0.014144313231716587
2 0.7265625 0.4417270169720222 0.0171875 0.011037493949875809
2 0.6515625 0.5045719297362006 0.015625 0.009465903590796288
4 0.7515625 0.41687246271729617 0.021875 0.009502265027114732
4 0.7671875 0.43571336630809226 0.0171875 0.00947499394987581
3 0.7453125 0.5512111012809776 0.0171875 0.01728749394987581
2 0.73359375 0.6277054235878806 0.025 0.015770445745273774
7 0.4140625 0.3735026951560987 0.009375 0.014117042154477667
2 0.7 0.7415724808676687 0.0296875 0.025172716822512698
4 0.678125 0.7492577158405541 0.015625 0.00790340359079611
4 0.6921875 0.5259020290722706 0.0125 0.011010222872636888
4 0.71875 0.38230656517662415 0.0203125 0.012618174668035031
2 0.55234375 0.3039946919346449 0.0171875 0.01259999394987581
2 0.78203125 0.5256434747193486 0.0171875 0.02353749394987581
2 0.77890625 0.4045315440011894 0.025 0.014207945745273776
4 0.64140625 0.2631065924021831 0.0234375 0.018886355386194254
7 0.6875 0.6461872579950318 0.0109375 0.011001132513557365
7 0.6125 0.29496967075921016 0.0140625 0.007894313231716587
4 0.58203125 0.4080736587571576 0.0109375 0.011001132513557365
5 0.63203125 0.5607083002477055 0.0125 0.01726022287263689
3 0.7296875 0.8495576976901814 0.0234375 0.014198855386194253
3 0.67578125 0.8945565803019345 0.0203125 0.01730567466803521
4 0.67890625 0.8437935110200939 0.0140625 0.00945681323171641
2 0.72265625 0.835454291074323 0.0140625 0.01570681323171641
2 0.715625 0.8026008844584649 0.0140625 0.01414431323171641
4 0.70546875 0.7970730471244474 0.0171875 0.01572499394987581
4 0.64609375 0.6287588634794219 0.015625 0.00946590359079611
4 0.625 0.4153548936318471 0.0234375 0.015761355386194255
4 0.77578125 0.6670133632830302 0.0125 0.011010222872636888
4 0.76875 0.661503706667172 0.0140625 0.00789431323171641
3 0.78828125 0.6530235861556671 0.0234375 0.014198855386194253
3 0.82421875 0.6266701644144984 0.015625 0.020403403590796287
7 0.81875 0.6453883481577197 0.0171875 0.00947499394987581
4 0.78828125 0.758492336155667 0.01875 0.009484084308955332
4 0.7890625 0.7475593813352069 0.0171875 0.01259999394987581
4 0.8015625 0.5476321042078439 0.0140625 0.011019313231716588
4 0.77578125 0.4959196132830302 0.0171875 0.01259999394987581
4 0.79296875 0.48976960723290597 0.01875 0.009484084308955332
7 0.80859375 0.3875167608237022 0.0171875 0.01259999394987581
4 0.7859375 0.45847870061704776 0.015625 0.009465903590796288
4 0.7953125 0.5780644927715255 0.0171875 0.01259999394987581
4 0.80703125 0.5609451704646226 0.0140625 0.014144313231716587
2 0.74765625 0.793412236819597 0.0109375 0.011001132513557365
2 0.765625 0.8122667759490128 0.0125 0.014135222872636887
4 0.69375 0.4024736194313503 0.009375 0.006304542154477666
4 0.68828125 0.41103555317457163 0.0125 0.0063227228726368875
3 0.18984375 0.21672947862817357 0.0109375 0.011001132513557365
2 0.084375 0.31299087939029935 0.009375 0.010992042154477666
2 0.11875 0.33115961729005094 0.0109375 0.011001132513557365
2 0.47421875 0.702758923980664 0.0140625 0.00945681323171641
4 0.46953125 0.4792941529034252 0.015625 0.014153403590796287
2 0.58125 0.23697536357761778 0.015625 0.01259090359079611
7 0.75 0.6629571223582165 0.0203125 0.009493174668035032
3 0.8546875 0.5151286764165509 0.0203125 0.009493174668035032
3 0.82265625 0.5579110740554187 0.0109375 0.014126132513557366
1 0.81796875 0.6016338029781799 0.0109375 0.011001132513557365
4 0.79140625 0.5999167668738263 0.0125 0.014135222872636887
2 0.83359375 0.6634434565689761 0.0203125 0.009493174668035032
7 0.8734375 0.42148776072550637 0.015625 0.006340903590796287
4 0.65078125 0.2897236345566608 0.015625 0.01727840359079611
4 0.85546875 0.5534144715960907 0.015625 0.00946590359079611
4 0.83828125 0.5759707276462149 0.0203125 0.012618174668035031
4 0.846875 0.5447707246211528 0.025 0.009520445745273776
3 0.85234375 0.6252712908779314 0.0171875 0.01259999394987581
4 0.8859375 0.6106229835981433 0.0140625 0.007894313231716587
4 0.84921875 0.7486906101597721 0.0125 0.0063227228726368875
4 0.834375 0.7415730017485158 0.015625 0.011028403590796288
4 0.83203125 0.7548406162098964 0.01875 0.009484084308955332
4 0.74453125 0.6957378061014378 0.0109375 0.012563632513557365
2 0.7015625 0.8431440712267484 0.01875 0.011046584308955687