5 0.18203125 0.26997711298477045 0.0140625 0.02425654735504663
3 0.25546875 0.34300436028334735 0.0140625 0.030506547355046633
5 0.21328125 0.28351596821820746 0.0171875 0.022876057878390376
5 0.44453125 0.18292224694564105 0.0171875 0.016626057878390332
5 0.53828125 0.086038812645952 0.0140625 0.02113154735504663
5 0.56484375 0.07742965209437344 0.0125 0.021040542093374782
5 0.50859375 0.19759096267418688 0.0140625 0.018006547355046632
3 0.63828125 0.11451939939295035 0.0203125 0.027745568401734033
3 0.6921875 0.27234658092062913 0.015625 0.03059755261671846
3 0.5625 0.24604314420186565 0.021875 0.01846157366340586
3 0.3984375 0.5193000917263214 0.01875 0.027654563140062295
3 0.41640625 0.5008154022355478 0.0234375 0.02167757892507769
5 0.46015625 0.5619572995623596 0.0125 0.025728042093374804
5 0.49609375 0.567175420580812 0.0140625 0.02425654735504672
5 0.51484375 0.5448299837208743 0.0171875 0.013501057878390376
5 0.51015625 0.5812757179358587 0.0140625 0.02113154735504672
3 0.44765625 0.5846667574689848 0.0234375 0.024802578925077867
5 0.61953125 0.5071773362528882 0.0109375 0.024074536831702888
5 0.51953125 0.6724467495058898 0.0171875 0.0197510578783902
5 0.54140625 0.7065333231692957 0.0140625 0.02425654735504672
5 0.528125 0.654197278445085 0.015625 0.01966005261671846
5 0.465625 0.701338317978211 0.015625 0.02747255261671846
3 0.5390625 0.6431155652767879 0.015625 0.03059755261671846
3 0.478125 0.7114413600715859 0.015625 0.02747255261671846
5 0.634375 0.37679188623877075 0.0125 0.024165542093374803
5 0.5953125 0.3698292546969745 0.0125 0.024165542093374803
5 0.32421875 0.33450859179690867 0.0140625 0.02113154735504672
5 0.25078125 0.4380438444983318 0.0125 0.021040542093374803
5 0.39921875 0.6568455943571575 0.015625 0.01653505261671846
5 0.30390625 0.6825442733951746 0.0171875 0.013501057878390376
5 0.428125 0.7272791916980866 0.0140625 0.02425654735504672
5 0.59765625 0.6441845125894823 0.0140625 0.02581904735504672
3 0.37265625 0.702173504908736 0.0234375 0.02636507892507787
5 0.5375 0.4781808100151161 0.015625 0.01653505261671846
5 0.41640625 0.3187841522355478 0.0171875 0.022876057878390376
3 0.13984375 0.43001997091963046 0.01875 0.022967063140062294
3 0.13671875 0.4134317103962868 0.0203125 0.015245568401734032
5 0.5078125 0.25613921004335094 0.0171875 0.022876057878390376
5 0.5234375 0.7750180126600694 0.0140625 0.02113154735504672
5 0.6015625 0.692849525743662 0.015625 0.01966005261671846
5 0.56015625 0.6763753863093578 0.0140625 0.02113154735504672
3 0.67109375 0.43439925988805916 0.0234375 0.024802578925077867
3 0.7640625 0.3140328229575342 0.01875 0.027654563140062115
5 0.15390625 0.5417765182746772 0.0125 0.019478042093374802
3 0.30859375 0.2781297891801902 0.0140625 0.025819047355046632
3 0.284375 0.36812545762427656 0.0125 0.025728042093374804
3 0.22109375 0.40193974452656656 0.021875 0.018461573663405773
3 0.16015625 0.5015155393213645 0.0171875 0.0260010578783902
3 0.2625 0.7535701339608707 0.015625 0.02122255261671846
3 0.27109375 0.7142269129000658 0.0125 0.028853042093374803
3 0.6765625 0.12456152830391062 0.0125 0.025728042093374804
3 0.64765625 0.13850293096298144 0.0171875 0.026001057878390334
3 0.67109375 0.18596175988805919 0.01875 0.016717063140062206
3 0.6765625 0.25034277830391066 0.015625 0.02747255261671846
3 0.47421875 0.3479325969174062 0.025 0.018643584186749607
3 0.49609375 0.3976441705808121 0.0171875 0.026001057878390375
3 0.58359375 0.3410217152344356 0.0203125 0.015245568401734032
3 0.51640625 0.18320223898254612 0.0125 0.025728042093374804
3 0.496875 0.176595923211648 0.01875 0.019842063140062205
3 0.0515625 0.26862817363517105 0.0109375 0.022512036831702886
3 0.71328125 0.5884189019531991 0.01875 0.019842063140062295
3 0.70859375 0.5053333861681836 0.0171875 0.026001057878390375
3 0.78515625 0.48869889399010413 0.0140625 0.02425654735504672