5 0.30636748841340233 0.502137401376498 0.02053070554708336 0.009611357336090798
5 0.30580444396048573 0.49275331070972533 0.01755117591180557 0.015824994668999892
5 0.3376915300165274 0.43217034671386145 0.020712543502986146 0.0174238573360908
5 0.3848574707459719 0.42021578672022486 0.02053070554708327 0.009611357336090798
5 0.41657894301055515 0.46747259472467917 0.0206034407294446 0.012736357336090798
5 0.428805532866319 0.5129396360598154 0.02372844072944442 0.012772720003181703
5 0.3708690123490969 0.34972147338477033 0.022129573138263935 0.01119203866963625
5 0.46959745307854134 0.3383668973981334 0.0237284407294446 0.012772720003181703
5 0.4865868909581943 0.24635212006681512 0.014389808320624909 0.014226132001908986
5 0.4653768528704509 0.6204254193984515 0.02053070554708327 0.009611357336090798
4 0.3789665741851036 0.639737946053452 0.017442073138263937 0.011137494668999891
3 0.6028457109623261 0.3547651514162689 0.01922277868534721 0.020530676002545344
5 0.6633110854873608 0.34218388275776856 0.014389808320624909 0.014226132001908986
5 0.6388169657119788 0.488032184754905 0.020567073138263937 0.011173857336090798
3 0.7180121968102773 0.5772588640992682 0.026926175911805572 0.01593408267027243
5 0.7348717352792703 0.6251241994350407 0.017478440729444423 0.012699994668999893
3 0.6927011126540966 0.6910577347628593 0.023764808320624907 0.014335220003181704
5 0.6531677935998953 0.6101071794239049 0.01751480832062491 0.014262494668999893
5 0.6074994562126734 0.22197083274981436 0.012900043502986236 0.017332950668363534
5 0.7973938383371524 0.42345315877622214 0.012900043502986059 0.01733295066836362
5 0.7702689470946178 0.38015714477240425 0.01755117591180557 0.015824994668999892
3 0.7511013730064233 0.36430487810308615 0.02372844072944442 0.012772720003181703
5 0.2950279852792703 0.6200061540419981 0.011264808320624996 0.014189769334818081
5 0.6336157469627771 0.7450725254216778 0.01751480832062491 0.014262494668999893
5 0.5839995663013189 0.6272759507479053 0.012863675911805572 0.015770450668363623
5 0.6230133938079858 0.32764866808558696 0.01907730832062491 0.014280676002545345
5 0.8802790735195135 0.4212917694541308 0.0206034407294446 0.012736357336090798
7 0.5486056205378814 0.7042288020766783 0.0206034407294446 0.012736357336090798
6 0.3995323409026036 0.6962424847230884 0.03677395459715278 0.036355670671545326
2 0.3062415082650344 0.4404004700429526 0.024092116641249994 0.028397720003181703
2 0.31318314570784694 0.3771828547103616 0.020567073138263937 0.011173857336090798
2 0.3804063600886455 0.41000499271958846 0.019004573138263935 0.011155676002545434
2 0.3947039430105551 0.4672180560550429 0.014317073138263936 0.011101132001908987
2 0.4501545092149649 0.46864474339590617 0.024019381458888843 0.025272720003181703
2 0.3105990871028815 0.5889288767106798 0.022529616641249993 0.028379538669636162
2 0.29886476614881907 0.45516240404199804 0.014317073138263936 0.011101132001908987
2 0.5109153969421178 0.20834359006999675 0.030305749050069507 0.026907945337363515
6 0.5318974313270484 0.34768790073995115 0.0418978656913195 0.055160214672181594
2 0.42728331971979144 0.3097419107256337 0.01591594072944442 0.012681813335454439
2 0.4328436419081248 0.27229645472626995 0.017478440729444423 0.012699994668999893
2 0.484478223880104 0.30337427940004236 0.015952308320624907 0.01424431333545444
2 0.582134473880104 0.3045106127466327 0.02053070554708327 0.009611357336090798
2 0.5659438165856594 0.4293560714114964 0.019150043502986235 0.017405676002545434
2 0.5852562078281941 0.4725611787475872 0.019186411094166723 0.018968176002545255
2 0.7361134590624651 0.303176474100859 0.025581881458888844 0.025290901336727158
2 0.675301286000451 0.39780717409290484 0.015879573138263936 0.011119313335454439
2 0.6525365864372914 0.3686282040897232 0.015988675911805573 0.015806813335454528
2 0.6330572749825343 0.5004685500874959 0.017623911094166722 0.01894999466899989
2 0.6837826671749996 0.5706088747612684 0.014317073138263936 0.011101132001908987
5 0.28206043227697886 0.3713504780394527 0.014389808320624997 0.014226132001908986
5 0.35226252308267325 0.4440618193825432 0.014389808320624997 0.014226132001908986
5 0.4167425971708677 0.4604413447246792 0.014317073138263936 0.011101132001908987
5 0.35327820279420097 0.5347231820496341 0.014389808320625086 0.014226132001908986
5 0.25871189162378433 0.4679800300365892 0.011264808320624996 0.014189769334818081
5 0.5034236731589232 0.5302185900699967 0.011264808320624908 0.014189769334818081
5 0.5248311201566317 0.2819629034054512 0.015952308320624907 0.014244313335454529
5 0.533570340521354 0.27581290073995113 0.011264808320624908 0.014189769334818081
5 0.5022300747537845 0.24575268340226958 0.012827308320624908 0.014207950668363622
2 0.6231777011786803 0.2870145774188143 0.023764808320624907 0.014335220003181704
7 0.7108205587018747 0.41619409476445013 0.008067073138263936 0.011028406667727354
2 0.48723693512677047 0.45344700473422417 0.028670513867708358 0.023764764003817974
5 0.43015439979190956 0.2871129327259518 0.011264808320624908 0.014189769334818081
5 0.38358787110656223 0.3068890833863612 0.02053070554708336 0.009611357336090798