7 0.65546875 0.18092780727178526 0.01875 0.008358069279472158
3 0.79140625 0.241034929995612 0.015625 0.017642141066226812
3 0.725 0.24218590452707595 0.0234375 0.01005696159934022
5 0.68671875 0.20423727513933168 0.0140625 0.017596676959604096
3 0.82890625 0.25478754143666765 0.025 0.011664925705962937
5 0.8078125 0.3225888068760739 0.0140625 0.012909176959604095
3 0.821875 0.45108587991646976 0.0171875 0.01768760517284953
3 0.87421875 0.43862533234460993 0.025 0.011664925705962937
3 0.85625 0.5938356695707707 0.025 0.010102425705962759
3 0.859375 0.5679634913575253 0.021875 0.011573997492717503
4 0.8734375 0.5839605643979212 0.01875 0.009920569279472246
3 0.81953125 0.6214665760764038 0.0234375 0.00849446159934022
4 0.85 0.5104237759972614 0.0171875 0.01143760517284953
4 0.87265625 0.4886707964512326 0.0234375 0.01474446159934022
3 0.83203125 0.7570403632234223 0.0140625 0.017596676959604096
4 0.7171875 0.8314757250601893 0.0359375 0.029170674452321778
3 0.77421875 0.5860662851684615 0.0296875 0.01805131802583091
3 0.73203125 0.47948131604727384 0.0203125 0.019341033386094962
3 0.70078125 0.5194530981797275 0.025 0.008539925705962759
3 0.709375 0.5598280455933027 0.025 0.010102425705962759
5 0.75078125 0.5406544967678018 0.0109375 0.015943248746358663
3 0.678125 0.3287060777257564 0.0203125 0.017778533386094874
3 0.546875 0.6700250626820615 0.0265625 0.017960389812585475
7 0.51015625 0.5429684691876947 0.0203125 0.014653533386094963
4 0.465625 0.511451696226441 0.0234375 0.01943196159934022
3 0.57265625 0.34193115492278736 0.025 0.011664925705962937
4 0.58203125 0.4174396202830513 0.0296875 0.01961381802583091
5 0.55625 0.37053352804232553 0.0125 0.014426212852981467
5 0.521875 0.3590337383880245 0.0140625 0.017596676959604096
3 0.44375 0.3784944437191585 0.025 0.011664925705962937
3 0.51796875 0.1997723986545812 0.025 0.013227425705962892
3 0.33046875 0.24585309144930295 0.0140625 0.017596676959604096
4 0.40703125 0.29831285022479154 0.0234375 0.01474446159934022
5 0.35078125 0.42182455806320807 0.0109375 0.015943248746358663
4 0.4328125 0.5874064424655174 0.0265625 0.014835389812585476
5 0.43984375 0.6356393539857152 0.0171875 0.014562605172849529
3 0.3296875 0.8435320735026142 0.0171875 0.019250105172849176
3 0.17734375 0.8206210738983255 0.021875 0.011573997492717324
3 0.221875 0.8224503468595792 0.021875 0.008448997492717325
5 0.2140625 0.7406464173926927 0.015625 0.009829641066226812
5 0.1703125 0.2997319123781278 0.0140625 0.012909176959604095
5 0.221875 0.3521378468595793 0.0125 0.014426212852981467
3 0.1359375 0.35932587272382677 0.028125 0.01331835391920828
3 0.14375 0.3958173021907133 0.021875 0.011573997492717503
3 0.17421875 0.46368075211157106 0.025 0.011664925705962937
5 0.225 0.553609418646334 0.0171875 0.01768760517284953
5 0.17734375 0.42296482389832574 0.01875 0.009920569279472246
4 0.240625 0.5726860275801071 0.021875 0.017823997492717503
3 0.1171875 0.5497151920032989 0.0265625 0.013272889812585476
3 0.15390625 0.5931780354976659 0.025 0.011664925705962758
5 0.18046875 0.6517801456850802 0.0171875 0.01612510517284953
3 0.0453125 0.5197752909079423 0.0296875 0.01492631802583091
3 0.04140625 0.5769202011744989 0.0203125 0.017778533386094964
3 0.01953125 0.5447441986672165 0.0265625 0.011710389812585653
5 0.07421875 0.7603404549354227 0.0171875 0.014562605172849529
1 0.30625 0.7465577851019545 0.0359375 0.022920674452321776
1 0.29140625 0.82355219411487 0.0265625 0.024210389812585477
1 0.084375 0.9006699382423751 0.0234375 0.017869461599340043
1 0.03515625 0.8333520576009896 0.0171875 0.020812605172849174
1 0.41953125 0.44794913737181014 0.0203125 0.016216033386094786
1 0.6 0.5028542830568904 0.009375 0.009647784639735946
1 0.64609375 0.5491693419115213 0.0078125 0.008039820533113407
1 0.63515625 0.6643313406578801 0.0109375 0.009693248746358662
1 0.56640625 0.6421130113492781 0.009375 0.008085284639735946
1 0.7265625 0.6991716904204532 0.009375 0.009647784639736123
1 0.66171875 0.7666834508452945 0.009375 0.009647784639736123
1 0.5953125 0.8506469253767583 0.0109375 0.008130748746359018
1 0.33125 0.4591116093959916 0.0078125 0.008039820533113407
1 0.36015625 0.391864273423472 0.0125 0.00973871285298138
1 0.36640625 0.49402616699698126 0.00625 0.00643185642649069
1 0.2875 0.4955408543814267 0.0109375 0.00813074874635884
1 0.346875 0.6063132183297648 0.0109375 0.011255748746358662
1 0.09921875 0.6869567792294597 0.009375 0.009647784639735946
1 0.1921875 0.5389391648854103 0.0109375 0.011255748746358662
1 0.01640625 0.3682726268804618 0.0234375 0.02099446159934022
1 0.43359375 0.847539960412206 0.0421875 0.027790030878812644
1 0.1484375 0.27458715987084525 0.0234375 0.01943196159934022
1 0.0609375 0.5036956498417154 0.00625 0.0064318564264908675
1 0.08125 0.5366983664556205 0.0109375 0.006568248746358663
1 0.09296875 0.5183886356559505 0.0078125 0.006477320533113407
1 0.14375 0.4973798021907133 0.009375 0.009647784639736123
1 0.02890625 0.6241589140274805 0.009375 0.006522784639735946
1 0.04765625 0.6322070947480082 0.0109375 0.011255748746358662
1 0.08046875 0.28515859850893194 0.0109375 0.00969324874635884
3 0.08203125 0.4429256344023093 0.01875 0.011483069279472246
3 0.09296875 0.34338863565595046 0.0078125 0.015852320533113407
3 0.11171875 0.35221806637647834 0.0265625 0.014835389812585652
3 0.1921875 0.5115954148854103 0.021875 0.01157399749271768
1 0.2625 0.6986120300873896 0.009375 0.011210284639735946
1 0.2734375 0.873293781341031 0.009375 0.009647784639736302
3 0.69296875 0.6415554187128409 0.0140625 0.019159176959604098
3 0.58125 0.5893373523363626 0.025 0.013227425705962758
3 0.609375 0.8150814984171543 0.0109375 0.017505748746359018
3 0.059375 0.742803613948338 0.0171875 0.01768760517284953
3 0.028125 0.7663691460807918 0.0140625 0.014471676959604097
3 0.03515625 0.8028833076009896 0.021875 0.014698997492717325
3 0.0828125 0.5749341523489979 0.0203125 0.016216033386094963
3 0.28046875 0.35199544286122875 0.025 0.008539925705962936