3 0.49240819855986856 0.78671875 0.018859088001272718 0.009375
7 0.44966945194145724 0.43125 0.01724204400063627 0.0046875
1 0.30671143463559236 0.22890625 0.02369203866963616 0.021875
1 0.2798654819382756 0.4546875 0.020530676002545344 0.01875
1 0.24626954256845907 0.7234375 0.01894999466899989 0.0171875
1 0.571864814648319 0.13515625 0.018895450668363623 0.0125
1 0.7011388559039136 0.7078125 0.018968176002545432 0.01875
1 0.004748397955138427 0.66875 0.009496795910276854 0.015625
2 0.14329908390359533 0.71015625 0.022020450668363535 0.0125
1 0.5690296213001378 0.24453125 0.01099204400063627 0.0046875
1 0.5857171346276381 0.2875 0.00942954400063627 0.0046875
1 0.5477535106222293 0.32734375 0.01257272533418181 0.00625
1 0.492002949952275 0.3515625 0.01257272533418181 0.00625
1 0.3817552459420936 0.4265625 0.006322725334181811 0.00625
1 0.32846661394018456 0.440625 0.009447725334181811 0.00625
1 0.3987529366247746 0.30859375 0.009447725334181811 0.00625
1 0.41044331993954825 0.4453125 0.006322725334181811 0.00625
1 0.708399014600594 0.48671875 0.00948408800127254 0.009375
1 0.6819723272597307 0.5421875 0.006322725334181811 0.00625
1 0.620371755927776 0.53203125 0.009447725334181811 0.00625
1 0.8650950046149115 0.38125 0.00948408800127254 0.009375
1 0.8633325099459116 0.3984375 0.00948408800127254 0.009375
1 0.6572070425684591 0.7234375 0.009447725334181811 0.00625
1 0.653427514560823 0.7796875 0.006322725334181811 0.00625
3 0.38185195922186876 0.82109375 0.01731476933481808 0.0109375