2 0.3943948076270631 0.2359225647986392 0.03541171034428627 0.030887901451278843
2 0.3152703028177396 0.24492803176634742 0.028998019237293705 0.025982146641955417
2 0.335575368334169 0.19974201733837713 0.026999009618646853 0.01342758293962456
2 0.2578719758685649 0.3468104794967619 0.025873019237293703 0.025873019237293703
0 0.24819438630551835 0.4228372661572508 0.04387897477225655 0.04991071996293304
0 0.15730151307720788 0.5453968016366133 0.06597222958157997 0.05692461179556503
0 0.019293114705971965 0.6130257896557137 0.03858622941194393 0.039573420688572544
2 0.10702620536532681 0.6220609945577044 0.02721726442797028 0.01967758293962447
2 0.1844493117185963 0.6841219957388308 0.025873019237293703 0.025873019237293703
2 0.2066144883976186 0.6973933220550333 0.022693455534962846 0.02420139183263199
0 0.2676487029182561 0.7818749602594683 0.06112103847458741 0.05207342068857255
0 0.35625487904912423 0.5907291158870983 0.06808036660488855 0.0726041754978958
0 0.5107712865756708 0.29974447342149413 0.0644097295815799 0.05687004809323426
3 0.4933680209665742 0.23948901970062986 0.01778770072563951 0.01778770072563942
0 0.598005935664697 0.10318444275145508 0.0673710384745874 0.05229167549789597
0 0.6714335119808995 0.12324891689073943 0.0567063569862416 0.05972222958157998
3 0.3799379488267228 0.3370857607149552 0.017733137023308566 0.016225200725639422
3 0.42787939710529155 0.48366809483570605 0.02220238221398514 0.010138891832631992
2 0.40461800109630836 0.3900644277753306 0.022748019237293703 0.02576389183263199
2 0.34518591507664087 0.7065996525475872 0.03206845553496285 0.02452877404661713
3 0.29300585618363345 0.7037400365756709 0.025272818511654284 0.008685519237293705
3 0.2887176602673175 0.7148139458314979 0.01778770072563942 0.01778770072563951
3 0.36641109593201443 0.836168101459128 0.02063988221398514 0.010084328130301046
2 0.6041368183420183 0.6203074553653268 0.03374008293962447 0.027708337748947896
2 0.6895013994675443 0.6337127017371298 0.027108137023308564 0.01655258293962447
2 0.6498238297747637 0.5633109217000628 0.030505955534962936 0.024474210344286363
2 0.6654041897562302 0.5416988165279197 0.01935020072563951 0.017842264427970277
1 0.6549602191603249 0.7067062576349123 0.020967264427970277 0.019459328130301046
0 0.7018997065464532 0.680877878416152 0.04727679328391084 0.05783234736759475
1 0.9243600383049515 0.5669889600898322 0.02598214664195524 0.028998019237293705
2 0.8217658063611186 0.4660117918483304 0.03541171034428601 0.030887901451278843
2 0.7814235485565704 0.43698897996009806 0.02576389183263199 0.022748019237293703
2 0.6028323010036412 0.2778024968351391 0.02705357332097762 0.01499008293962456
3 0.3156473034507118 0.12240819102217455 0.023928573320977708 0.014880955534962848
3 0.19419888938556124 0.1367931279528159 0.014553573320977708 0.014553573320977708
2 0.46853908032291774 0.7717385245099532 0.01778770072563951 0.01778770072563951
2 0.5096204373091595 0.7125619319516818 0.01767857332097762 0.014662700725639511
3 0.7558059565464531 0.6789954306857375 0.020858137023308566 0.016334328130301046
0 0.827839702370102 0.5602156596343454 0.059613102176918176 0.0535813569862416
0 0.4164136182493511 0.5215227589008566 0.030505955534962936 0.024474210344286363
2 0.2669914824071688 0.6219369650687916 0.028834328130301134 0.021294646641955416
2 0.2540797654394606 0.7011978791339422 0.02080357332097771 0.014771828130301045
2 0.3990475581752172 0.4378570870311577 0.021021828130301134 0.021021828130301047
2 0.5756819469278064 0.6977702564537859 0.03017857332097762 0.015099210344286362
2 0.828519259449011 0.607790064080849 0.017787700725639156 0.01778770072563951
2 0.6647543706116037 0.6720311572720925 0.022584328130301045 0.02107639183263199
2 0.6344666698859642 0.6902553676163788 0.016006945916316084 0.011483137023308564
2 0.8739334854872117 0.3128123807784048 0.030342264427970278 0.019786710344286272
2 0.7201785468272899 0.15744037841615205 0.01627976442797028 0.019295637023308564
3 0.7895113893855613 0.11600435736475982 0.02220238221398514 0.010138891832631992
3 0.8502951219623661 0.09593490482502186 0.022420637023308387 0.01638889183263197
2 0.9704786140729997 0.3859100856803954 0.017787700725639156 0.01778770072563942
2 0.9308432283156355 0.1578867786014865 0.01940476442797028 0.01940476442797028
2 0.551810459626496 0.3981894079050648 0.02085813702330839 0.016334328130301133
2 0.06691464837123592 0.2512599104369535 0.022857146641955418 0.02888889183263199
2 0.05659965254758716 0.3678844152462769 0.025982146641955417 0.028998019237293705
2 0.05107136044480272 0.5038491970974424 0.022638891832631992 0.022638891832631992
0 0.8621179216152448 0.9639929348620889 0.059702382213985314 0.011448420688572724
3 0.7581843897640794 0.9684026710670907 0.017460318511654194 0.00841270072563951