5 0.47131097484278717 0.7230524819097769 0.026753414772652383 0.012329581637205855
5 0.5279001197299372 0.8348254635924113 0.01899546185055314 0.015045145861557075
5 0.3279603952974824 0.7524201566041493 0.017432961850553052 0.01496325870642714
5 0.1486974095009419 0.6033662601767653 0.017460235389503385 0.016525758706427317
5 0.10273034456613375 0.6432409876755282 0.014307961850553053 0.014799484396167628
3 0.2563053579588144 0.6094347964728124 0.02225682954530477 0.023021420171816586
7 0.14596965016545108 0.44662161521971944 0.017432961850553052 0.014963258706427318
5 0.22355886201600414 0.4285057010407967 0.017378414772652385 0.011838258706427318
3 0.23295895576476838 0.24770940242027767 0.015979556006354388 0.021131371551297563
5 0.20277657792374698 0.23289995194530783 0.017405688311602673 0.013400758706427318
4 0.11133337175523676 0.28452440694283354 0.023710235389503388 0.016853307326946343
5 0.34104419115427176 0.22643418871632487 0.014307961850553053 0.014799484396167805
4 0.3419890823879738 0.21701824513875997 0.017351141233702006 0.010275758706427319
3 0.3415157495962582 0.2888523015611951 0.026835235389503432 0.017017081637205854
3 0.35484581818451433 0.3747931235874624 0.017432961850553142 0.014963258706427318
4 0.3530105827950109 0.39050001074259216 0.025381829545304768 0.0231851944820761
3 0.39694754342774796 0.332779363976524 0.020530688311602673 0.013564533016686742
5 0.39789025487126395 0.14462094470921866 0.01592500892845372 0.018006371551297518
4 0.4500901343371385 0.3737042571245476 0.01899546185055314 0.015045145861557075
3 0.5163951984611677 0.46545466587640333 0.020639782467404187 0.019814533016686654
5 0.4760196144516361 0.498011538332212 0.017378414772652385 0.011838258706427318
5 0.5563559508967997 0.5460971562654648 0.017378414772652385 0.01183825870642714
5 0.6721758198093675 0.5735903132082985 0.017405688311602673 0.013400758706427141
5 0.6927161907505299 0.5147542237691766 0.022093188311602674 0.013646420171816586
5 0.6494958449698756 0.3078358384230691 0.020530688311602673 0.013564533016686742
7 0.6798049078760888 0.36010434532047403 0.019022735389503432 0.016607645861557073
5 0.6713259805215348 0.2645428618288174 0.012745461850553141 0.01471759724103805
5 0.7915412487854793 0.39795847015113195 0.017487508928453722 0.01808825870642732
5 0.8098627804421046 0.510956437134445 0.017378414772652208 0.01183825870642714
5 0.7014617195644861 0.3714579251486575 0.012745461850553141 0.01471759724103805
3 0.9404151254086848 0.3651791904138055 0.022038641233702094 0.010521420171816499
5 0.745095122569311 0.5994291169172001 0.01592500892845372 0.018006371551297563
5 0.7995177954596382 0.7011686793325291 0.022093188311602674 0.013646420171816586
5 0.6052826002481766 0.649685823723748 0.011210235389503253 0.016198210085908292
5 0.6620138413197229 0.663884442561512 0.011182961850553142 0.014635710085908294
3 0.1902299391256769 0.32566066203121613 0.023710235389503433 0.016853307326946343
3 0.2037839245151803 0.30933962121261327 0.012854556006354479 0.020967597241038048
3 0.23388230194916462 0.1500940959978426 0.022038641233702094 0.010521420171816499
3 0.6537214691574491 0.19990050769037446 0.029932961850553143 0.015618355947465279
3 0.529467537338668 0.11899242367831948 0.023628414772652383 0.012165807326946254