3 0.47966737850653657 0.6568948184855203 0.02511817466803503 0.020894381458888844
3 0.4259999394987579 0.16198301519888852 0.02510908430895533 0.019331881458888932
5 0.5927248729473916 0.3471905505337495 0.017278403590796288 0.01602504350298615
7 0.7182202975172308 0.4294373932393049 0.01572499394987581 0.01755117591180557
7 0.893710656026683 0.37534603923149235 0.015697722872636887 0.012863675911805572
2 0.3840634661351417 0.47472005775194415 0.020403403590796197 0.01609777868534721
2 0.43103391490547766 0.4900352800165274 0.021974993949875808 0.017696646276527873
2 0.3761600625443455 0.4592768957078469 0.020394313231716588 0.014535278685347208
2 0.35578847521032797 0.44959342439319416 0.018822722872636886 0.012936411094166721
2 0.3883737162333375 0.4097672049784025 0.01726022287263689 0.012900043502986236
2 0.4609168576256895 0.5229380457840969 0.018840903590796286 0.01606141109416672
2 0.5676708516737611 0.4727906157882288 0.01726022287263689 0.012900043502986236
2 0.638646427005726 0.45082339038951336 0.017278403590796288 0.01602504350298606
2 0.6194651558302914 0.5114342352792703 0.02040340359079611 0.01609777868534721
2 0.5422350353187866 0.5327656810427078 0.015688632513557364 0.011301175911805572
2 0.6583913004440971 0.4870875454997564 0.02040340359079611 0.01609777868534721
2 0.7297895774732643 0.5377765701010411 0.02040340359079611 0.01609777868534721
2 0.8047981469514968 0.403200241928784 0.018822722872636886 0.012936411094166721
2 0.8385464330558502 0.4289808387184021 0.01726931323171641 0.014462543502986059
2 0.722430553665551 0.34729704046576326 0.01726931323171659 0.014462543502986147
2 0.5807970446885605 0.31152580746760367 0.017278403590796288 0.01602504350298615
2 0.3477618308911098 0.2786633285535066 0.029878397540671918 0.03350348423243057
2 0.49708512002052546 0.2931589735957635 0.01729658430895533 0.019150043502986058
2 0.47372034289316234 0.30620448746347184 0.02509999394987581 0.017769381458888935
2 0.8693737313586481 0.35559723689479095 0.02198408430895569 0.01925914627652787
2 0.21728048711418468 0.5481426400082637 0.017278403590796198 0.01602504350298606
2 0.21052649306611304 0.5959625441685763 0.01884090359079611 0.016061411094166544
2 0.3088594539366974 0.5757026359242012 0.02040340359079611 0.01609777868534721
2 0.5191838755796704 0.5997174449104163 0.018822722872636886 0.012936411094166544
2 0.698453219062008 0.5236601719246522 0.01726931323171659 0.014462543502986236
2 0.7435248245463981 0.48119926178041605 0.015697722872636887 0.012863675911805572
2 0.6052612343837102 0.3531496098043051 0.011001132513557365 0.011192073138263935
2 0.520390809813871 0.26995720972805515 0.017278403590796288 0.01602504350298606
2 0.5578271773003136 0.2581468875397218 0.020403403590796287 0.01609777868534721
2 0.895958957256347 0.3588852378447215 0.02512726502711473 0.022456881458888845
2 0.505311231358648 0.3640708856398607 0.023528403590796287 0.016170513867708357
2 0.4124061138722054 0.37717225731510384 0.021974993949875808 0.017696646276527783