5 0.33612511075423557 0.6358104094943513 0.020639808320625085 0.0144170560063543
1 0.0861803153513884 0.5954955064928218 0.014462543502986125 0.017432961850553142
1 0.36223366907486054 0.6221979228870319 0.01602504350298606 0.01746023538950343
1 0.37010006725124944 0.6535979273512588 0.022165940729444424 0.012881829545304768
1 0.34773345155992996 0.7079172345754292 0.020712543502986146 0.0175420560063543
1 0.2816051841768399 0.4261802650142384 0.017623911094166722 0.01905000892845372
1 0.2729062506655901 0.2290734399331605 0.012681837955902785 0.008030688311602762
1 0.6350035943210761 0.3870179480475401 0.028488675911805574 0.016115923701106104
1 0.5478367815351388 0.0689616489410445 0.039680749050069505 0.02724433847375849
1 0.3952696003049997 0.3445365730491877 0.011119337955902786 0.008003414772652383
1 0.4058986289903469 0.3244013510523649 0.009593205547083272 0.009538641233702095
1 0.38923715264170106 0.3686598656628616 0.009556837955902786 0.007976141233702095
1 0.1351620227983328 0.6401182597392326 0.014244337955902787 0.00805796185055314
1 0.10014220431281236 0.1635324403401976 0.01584320554708336 0.009647735389503387
1 0.04987010058934016 0.14077105032431156 0.014317073138263891 0.011182961850553053
1 0.44708993949517345 0.1664621659871731 0.011119337955902786 0.008003414772652383
1 0.49364732323517313 0.6174576501588606 0.012681837955902785 0.008030688311602674
1 0.12657153885024267 0.47193132142762995 0.009629573138263892 0.011101141233702094
1 0.16345002374826334 0.6671853202098139 0.017442073138263892 0.01123750892845372
1 0.4667919228745827 0.7303161603051302 0.017442073138263937 0.01123750892845372
2 0.6160658774717355 0.6969696465054126 0.014389808320624909 0.014307961850553141
2 0.35931848898208324 0.10943882426700371 0.04614895459715278 0.03672843262955987
2 0.4615121961446872 0.3527269484545772 0.026926175911805572 0.016088650162155816