5 0.3342049198309727 0.5894196438079858 0.020676175911805574 0.01609777868534721
5 0.49421504625586854 0.5458300319163885 0.023692073138263936 0.011483013867708359
5 0.5762274592498964 0.509527549583819 0.014389808320624909 0.014389808320624909
3 0.47442269101378487 0.19922778885024267 0.02383754350298606 0.01773301386770836
5 0.5413764145126392 0.3219554676118398 0.01751480832062491 0.014462543502986059
5 0.5696280478713891 0.2931576671749995 0.017442073138263937 0.011337543502986148
5 0.5230595595548959 0.17308220972805513 0.015988675911805573 0.015988675911805573
5 0.342892854860834 0.7611855410344441 0.014389808320625086 0.014389808320624909
3 0.0967406342117713 0.5628980838718401 0.01918641109416668 0.019186411094166543
1 0.3177798328250005 0.5554083197197914 0.02387391109416672 0.019295513867708357
1 0.2453911140757989 0.29992269234496505 0.022311411094166723 0.019259146276527785
2 0.1468815321038197 0.33270078438493045 0.020712543502986146 0.017660278685347208
1 0.6236076862641322 0.32863991907486056 0.011192073138263935 0.011192073138263935
2 0.6306921812301391 0.26359614732336756 0.0063954703647222996 0.006395470364722211
2 0.6439909618153474 0.23045633900274254 0.009556837955902786 0.008030705547083272
1 0.43494718939826427 0.45106369899447873 0.009629573138263936 0.011155705547083273
1 0.5443618230413547 0.6181401365897912 0.014244337955902787 0.008139808320624909
2 0.6795991938635766 0.11472158301881888 0.03179551386770818 0.024164851823611146
1 0.7922290932742364 0.25201960163617987 0.009629573138263936 0.011155705547083361
1 0.790449694147917 0.309904836818541 0.0079579703647223 0.006431837955902786
1 0.8203352562682641 0.21697180119933962 0.007921602773541637 0.004869337955902786
1 0.7334756083762157 0.44802373907899246 0.011192073138263935 0.011192073138263935
2 0.49982273451677095 0.21583340739135376 0.0063954703647222996 0.006395470364722211
2 0.5586704044446529 0.19179518892649258 0.007994337955902786 0.007994337955902786
1 0.3703054207809032 0.5620025054152428 0.007994337955902786 0.007994337955902786
1 0.3950164396826047 0.6497564253431247 0.007994337955902786 0.007994337955902786
2 0.18342432304135467 0.6265410501524998 0.011155705547083361 0.009629573138263936
2 0.3034744113785071 0.20946004008451363 0.007994337955902786 0.007994337955902786
2 0.1039537221676741 0.5705469297115278 0.020676175911805574 0.01609777868534721
1 0.6871415497712502 0.23726873024527723 0.02238414627652787 0.022384146276527784