5 0.32375895739177 0.4397434277510269 0.02049431333545444 0.016216033386094786
5 0.48968394939526994 0.4703438730530311 0.023564769334818082 0.01161946159934022
5 0.5751583727323151 0.5001654168639673 0.014226132001909165 0.014471676959604097
3 0.5117253181094494 0.8208667102791921 0.023601132001908987 0.014744461599340042
5 0.5641134267584048 0.6919664719576745 0.01733295066836362 0.01300010517284953
5 0.5956634187619047 0.7186570040901281 0.015734088001272538 0.009829641066226812
5 0.563533266112313 0.8434607757977405 0.017351132001908985 0.014562605172849529
5 0.31001298870145294 0.26518369695135685 0.01424431333545444 0.016034176959604095
3 0.08765837273231517 0.4859806155976908 0.017387494668999894 0.01768760517284953
1 0.31011462806331525 0.47527175079142286 0.02207499466899989 0.01782399749271768
1 0.2702185234324954 0.7380839878592991 0.020512494668999893 0.017778533386094964
2 0.1660577347628592 0.7131856247688908 0.020512494668999893 0.017778533386094964
1 0.6459628634229504 0.6787283375553652 0.011064769334818082 0.011255748746358662
2 0.6599986387650864 0.743958532461658 0.0047602253341818114 0.0063863923198681505
2 0.6783310154359953 0.7757313696878189 0.007903406667727353 0.008039820533113407
1 0.4408748267424965 0.5712327716411053 0.009484088001272716 0.009647784639736123
1 0.5301811327179976 0.3934236718785322 0.012590906667727175 0.008176212852981379
2 0.7272963214512673 0.8896180249398107 0.029942038669636163 0.022738818025830908
1 0.8232071634309047 0.7424595316037281 0.00948408800127254 0.009647784639735946
1 0.8147128634229505 0.6836384610706148 0.007885225334181812 0.006477320533113407
1 0.8563832901018135 0.7746642778428046 0.007867044000636269 0.004914820533113406
1 0.740529381405133 0.5502743801126602 0.011064769334818082 0.01125574874635884
2 0.5349355514401315 0.8020174218785321 0.00474204400063627 0.004823892319868151
2 0.5976446367759041 0.8218047361434394 0.006322725334181811 0.0064318564264908675
1 0.3623220180617245 0.46507604836328265 0.007903406667727176 0.008039820533113407
1 0.3768743193825432 0.37334318942950945 0.006322725334181811 0.00643185642649069
2 0.16727260005567926 0.41488451708875884 0.011064769334818125 0.011255748746358662
2 0.3391781561107222 0.8252179264973858 0.006322725334181811 0.0064318564264908675
2 0.09381746606458793 0.47834997202418156 0.020476132001908988 0.014653533386094963
1 0.7203821554344044 0.7652401505666313 0.02054885733609062 0.020903533386094787