7 0.409375 0.2703125 0.0078125 0.015625
4 0.41015625 0.2390625 0.00546875 0.01484375
5 0.45078125 0.25625 0.0140625 0.0125
4 0.40703125 0.33984375 0.009375 0.01796875
4 0.475 0.3453125 0.01484375 0.0140625
4 0.37421875 0.44921875 0.0140625 0.01484375
3 0.4390625 0.5109375 0.009375 0.02265625
7 0.434375 0.48046875 0.00703125 0.01640625
7 0.51328125 0.47421875 0.0140625 0.0109375
5 0.4921875 0.45 0.0109375 0.01484375
4 0.446875 0.4203125 0.01015625 0.01796875
5 0.55546875 0.50390625 0.0109375 0.01796875
4 0.34609375 0.56640625 0.009375 0.02421875
4 0.49296875 0.553125 0.0125 0.01953125
5 0.49296875 0.6265625 0.0109375 0.01484375
7 0.509375 0.65390625 0.0046875 0.01796875
5 0.51875 0.6515625 0.0109375 0.0125
3 0.4515625 0.6421875 0.01328125 0.0171875
5 0.5875 0.7640625 0.0078125 0.0203125
5 0.584375 0.86171875 0.00859375 0.01640625
5 0.5671875 0.84140625 0.0109375 0.01640625
5 0.55078125 0.86953125 0.00859375 0.0171875
3 0.453125 0.8125 0.0109375 0.02109375
7 0.3796875 0.7578125 0.00703125 0.01640625
5 0.37734375 0.7796875 0.00546875 0.01796875
5 0.42578125 0.84296875 0.0125 0.0109375
7 0.378125 0.9046875 0.00546875 0.0171875
5 0.65859375 0.77421875 0.01171875 0.0140625
5 0.62734375 0.92109375 0.0109375 0.01015625
7 0.7625 0.76015625 0.0109375 0.01640625
7 0.4265625 0.928125 0.0109375 0.01484375
7 0.39453125 0.759375 0.01171875 0.01484375
2 0.4484375 0.5296875 0.0109375 0.0171875
4 0.365625 0.5109375 0.00859375 0.01328125
4 0.38671875 0.50859375 0.00625 0.0109375
1 0.5140625 0.53203125 0.00546875 0.0125
2 0.4015625 0.37578125 0.00625 0.0140625
2 0.35859375 0.375 0.0078125 0.015625
2 0.36875 0.3484375 0.01953125 0.01640625
4 0.47578125 0.58203125 0.0078125 0.01796875
2 0.34765625 0.8703125 0.0125 0.01640625
2 0.41796875 0.87421875 0.0140625 0.01640625
2 0.425 0.9109375 0.01015625 0.0140625
2 0.5078125 0.76640625 0.009375 0.01484375
2 0.534375 0.8265625 0.01171875 0.01171875
2 0.51171875 0.8296875 0.01015625 0.01328125
2 0.48828125 0.81953125 0.009375 0.0109375
2 0.4765625 0.82890625 0.00703125 0.01328125
4 0.53671875 0.7140625 0.00703125 0.01484375
2 0.571875 0.67265625 0.0125 0.0140625
2 0.53515625 0.67265625 0.01171875 0.0203125
3 0.54375 0.53671875 0.01171875 0.0203125
0 0.53359375 0.42265625 0.0484375 0.05078125
3 0.409375 0.65390625 0.01328125 0.0109375