2 0.6630902439247321 0.25547135440423563 0.0336855192372937 0.02519089754067192
2 0.7357638520921002 0.2777736012809776 0.024255955534962938 0.023573855386194255
2 0.7272172313108605 0.23162076394696013 0.025381945916316085 0.011082945745273954
2 0.7656745521847674 0.38343779400118944 0.022638891832631992 0.022002265027114644
0 0.7545163081752172 0.4568252970262515 0.03751984736759475 0.045521578258831144
0 0.8124602390305908 0.5876576613894363 0.05944941106992552 0.047211343285945874
0 0.9397915761465665 0.6782604563725843 0.06499008293962447 0.026935204722264315
2 0.8401462402117172 0.6675224233914887 0.025545637023308386 0.015770445745273774
2 0.750200797290626 0.7146650681034904 0.022638891832631992 0.02200226502711473
2 0.7256546650766409 0.7238991675377563 0.017842264427970277 0.01884999394987581
0 0.6458555484717523 0.7937616947633153 0.054598219962933216 0.04249657220870695
0 0.609679979411944 0.5989804598886257 0.060049611795565026 0.06439884328594588
0 0.5349999602594682 0.29848503531878656 0.05637897477225664 0.04875566256778665
3 0.5673784398410482 0.24397479732083913 0.016170637023308565 0.0157159035907962
0 0.5013591141578179 0.09824868598271652 0.060848219962933214 0.042532933645025486
0 0.42684026379499806 0.10641064392643469 0.04867560217691817 0.05183521077238851
3 0.6502504488267229 0.3546355622497579 0.01606150961864685 0.01259090359079611
3 0.5675148159797655 0.486212294295777 0.022093254809323427 0.0063772650271147315
2 0.6142385377567972 0.4013105743500063 0.01951389183263199 0.02198408430895533
2 0.5909349246952876 0.7106128514773694 0.027271828130301046 0.020467036104353475
3 0.6415252017371298 0.716377038147457 0.02516369110699266 0.004832945745273954
3 0.6426784739696483 0.7281048785065366 0.014608137023308565 0.015706813231716587
3 0.5375420514669773 0.8298577551663614 0.01891369110699248 0.004796584308955331
2 0.36469486162592907 0.5881782735131258 0.028943455534962848 0.023601126463433174
2 0.2795658934770945 0.5869015989432865 0.025436509618646852 0.012645445745273775
2 0.33481887786799786 0.5262731711519937 0.025709328130301135 0.020457945745273775
2 0.32620776970062987 0.5043436289975158 0.01606150961864685 0.012590903590796287
1 0.2941343357652134 0.6620015928931624 0.019295637023308564 0.015734084308955332
0 0.2554364235141614 0.6289572887366321 0.03930060217691826 0.05178066861791084
1 0.07053068857510383 0.48644656010845855 0.024255955534962848 0.023573855386194255
2 0.19521571924514292 0.40668685811666877 0.03374008293962456 0.02675339754067192
2 0.24126482922660947 0.3858567285299777 0.022529764427970278 0.01887726502711464
2 0.4526338935619125 0.26284245110802706 0.025436509618646852 0.012645445745273865
3 0.7663913479157489 0.16152188738533116 0.02063988221398514 0.009493174668035032
3 0.8793352920179665 0.19421673359814323 0.012936509618646851 0.012572722872636976
2 0.45662192288118925 0.7528089209556018 0.016170637023308565 0.015715903590796287
2 0.4322419709744235 0.6901543848512484 0.014444445916316084 0.011019313231716588
3 0.20417402387698108 0.6200635568870048 0.017624009618646852 0.01259999394987581
0 0.007728132129167123 0.6508903343089554 0.015456264258334245 0.03928066861791084
0 0.16554308821228414 0.4955948220123153 0.05314484736759484 0.04561248184962743
0 0.570111537123825 0.5237350201934761 0.025709328130301044 0.020457945745273952
2 0.6863044775978454 0.6424037278426067 0.025545637023308566 0.015770445745273955
2 0.679697324332468 0.7197247519449077 0.01907738221398514 0.009484084308955332
2 0.607160158538037 0.4473725080932276 0.01622520072563951 0.017278403590796288
2 0.3721774902117171 0.6647998608471433 0.026944445916315996 0.011092036104353475
2 0.1522419908446893 0.5408391443192182 0.014608137023308565 0.015706813231716587
2 0.29377223721649226 0.6276175025340829 0.019295637023308564 0.015734084308955332
2 0.31800834538386025 0.6496379482793566 0.012827382213985139 0.009447722872636889
2 0.18337546207356678 0.25346186416679295 0.028670637023308566 0.015788626463433174
2 0.3697172445577044 0.13108339099956845 0.013045637023308566 0.015697722872636932
3 0.31445931488345724 0.0799703428931624 0.022093254809323427 0.006377265027114642
3 0.2615352115254126 0.05153172550491558 0.02074900961864685 0.012618174668035031
2 0.07287198249198683 0.30751758421075953 0.016170637023308565 0.0157159035907962
2 0.16851933230665236 0.09709368949875795 0.016170637023308565 0.015715903590796176
2 0.4702529247801057 0.3848447161351417 0.019186509618646853 0.01260908430895542
2 0.9725446002780018 0.3221286310406194 0.019623019237293704 0.02510908430895542
2 0.9529910137101801 0.4345377274498231 0.024255955534962938 0.023573855386194255
2 0.9234349445655535 0.5648610317045494 0.01940476442797028 0.01885908430895533
0 0.027759117975273938 0.885442596311008 0.055518235950547876 0.02855224687674216
3 0.1281099985644196 0.896239716626121 0.01606150961864685 0.012590903590796287
3 0.08368787596908131 0.892855641392352 0.022093254809323427 0.0063772650271147315
2 0.9307116981089326 0.8040144352953454 0.01627976442797028 0.018840903590796286