3 0.15234375 0.5123949399897373 0.0140625 0.01726931323171659
4 0.296875 0.6857728317748727 0.03125 0.022056807181592218
4 0.578125 0.5630428171405415 0.0125 0.014135222872636887
7 0.93515625 0.6453406700908488 0.0171875 0.01416249394987581
5 0.89453125 0.4315145194269189 0.0125 0.007885222872636887
5 0.79140625 0.32039573312617364 0.0203125 0.01418067466803503
7 0.63984375 0.24080874795689655 0.0171875 0.00947499394987581
4 0.58203125 0.26223884124284236 0.0203125 0.020430674668035033
4 0.47734375 0.38941039530117677 0.0234375 0.018886355386194254
4 0.4578125 0.41139902478967205 0.0234375 0.022011355386194253
2 0.52890625 0.5727041634515494 0.0234375 0.015761355386194255
2 0.39140625 0.4945978650505557 0.0234375 0.018886355386194254
2 0.8421875 0.5013502964560861 0.015625 0.01727840359079611
2 0.73046875 0.4262190071302787 0.028125 0.022038626463433176
2 0.65390625 0.43603943472518003 0.021875 0.015752265027114732