5 0.2795854764455551 0.5920634865634717 0.01904094072944442 0.013592063140062293
5 0.32402646067798563 0.5649241338902835 0.014462543502986059 0.01800654735504672
5 0.30558558520302037 0.5505508207502213 0.023764808320624997 0.015427578925077868
3 0.4629584080569439 0.7466886153332577 0.03001480832062491 0.01579159997176518
3 0.5955182945498259 0.664443804682857 0.023837543502986235 0.01855257892507787
4 0.4820194922131245 0.633581670580812 0.023764808320624907 0.015427578925077689
5 0.774901895707847 0.41907663872843226 0.015843205547083274 0.01028505261671846
5 0.7381285943210761 0.41928176507914383 0.017442073138263937 0.0119385578783902
4 0.34216213089020797 0.3907431812453301 0.02521820554708327 0.010831084186749607
3 0.5282100400845137 0.3296068021226083 0.02383754350298606 0.018552578925077688
3 0.935053573235173 0.6638794464656483 0.025254573138263937 0.012393584186749606
4 0.8600886344055898 0.7252271991670713 0.030123911094166546 0.02047909997176518
5 0.5054972790665969 0.43154873372087427 0.012900043502986236 0.017915542093374804
5 0.48278713089020797 0.3989336547957965 0.01755117591180557 0.016626057878390377
5 0.41205705680201365 0.3791679153897274 0.020639808320624908 0.015245568401734032
4 0.4746804241088537 0.5791748916416168 0.017587543502986237 0.018188557878390375
4 0.721798345555347 0.2470049466774098 0.025254573138263937 0.012393584186749606
4 0.8090521580569439 0.7668462807935723 0.03317617591180557 0.017536110495108836
2 0.2722658985576385 0.46959695236260474 0.019004573138263935 0.012029563140062293
1 0.2438155498681594 0.3811035997600036 0.009593205547083272 0.009921031570031148
1 0.39102820345979106 0.7784853759271885 0.01428070554708336 0.01019404735504672
2 0.562929225779965 0.3840436731410608 0.023764808320624907 0.015427578925077689
2 0.6162899619122566 0.41062085466873965 0.017442073138263937 0.011938557878390377
2 0.6380188383371524 0.45178418096298145 0.019004573138263935 0.012029563140062293
2 0.6187967128621872 0.4373653651920833 0.02223867591180557 0.016899073663405772
2 0.5934869351267704 0.48282978363616963 0.028488675911805574 0.01726309471009326
2 0.7050816646095484 0.32660914669152724 0.02707164627652787 0.023422089448421436
2 0.7246330580362846 0.22604770456991757 0.03328527868534721 0.022223610495108837
2 0.7581709502287498 0.2976265729575342 0.02391027868534721 0.02167757892507769
2 0.8059525271667358 0.39585124133103333 0.030233013867708537 0.02516659997176518
2 0.8669452317638886 0.36341744390539954 0.039608013867708534 0.02571263154179624
2 0.7835482374634719 0.5181511755601352 0.01907730832062491 0.015154563140062294
2 0.9199929241088537 0.605111391218094 0.03019664627652787 0.02360409997176518
2 0.6843612825819786 0.7462846098598244 0.023983013867708357 0.02480257892507769
2 0.661868686742291 0.7379337835655825 0.03005117591180557 0.01735409997176518
2 0.6127980199485412 0.5942601072995755 0.02881598423243048 0.03132559471009344
2 0.533293011114826 0.5481670863234753 0.017478440729444423 0.013501057878390376
2 0.4986459073913537 0.5242444679358587 0.015806837955902785 0.008722552616718459
2 0.45057077688239533 0.5730768100857032 0.01751480832062491 0.015063557878390376
2 0.4507195132990275 0.3986305469315236 0.023801175911805573 0.01699007892507769
2 0.534602897607708 0.45827783369263936 0.020639808320624908 0.015245568401734032
2 0.7271709508943399 0.5203437361399488 0.01751480832062491 0.015063557878390199
2 0.5733244779641665 0.23992194681858417 0.02383754350298606 0.018552578925077688