4 0.20546875 0.5892318391004376 0.0265625 0.010767081637205678
4 0.2 0.45123719414339175 0.03125 0.025075243102595124
7 0.25078125 0.5095133616016748 0.01875 0.013482645861557074
5 0.32109375 0.290984689620836 0.01875 0.011920145861556986
5 0.396875 0.08623191259704302 0.015625 0.010193871551297518
2 0.3953125 0.33787629975217276 0.0546875 0.03724105042954129
4 0.37265625 0.4109386635015541 0.015625 0.010193871551297562
5 0.3296875 0.6335030602676224 0.0203125 0.008877033016686653
5 0.38515625 0.7595023162605161 0.009375 0.019241322930778536
4 0.3390625 0.6798867373368438 0.0296875 0.01874335594746519
4 0.43984375 0.4917925158309748 0.01875 0.010357645861557074
5 0.5921875 0.30099601820582406 0.021875 0.010521420171816499
5 0.62578125 0.7164229443705343 0.015625 0.016443871551297562
1 0.6828125 0.2774965632082984 0.021875 0.016771420171816587
2 0.640625 0.4023637663968017 0.03125 0.020387743102595123
1 0.5953125 0.4313009938955645 0.009375 0.006741322930778537
1 0.621875 0.4385026622583588 0.009375 0.006741322930778537
1 0.646875 0.4317237177762827 0.0109375 0.006823210085908293
1 0.63203125 0.4457828957500154 0.009375 0.006741322930778537
1 0.45546875 0.4237861442796773 0.009375 0.009866322930778538
1 0.49296875 0.38510210255656324 0.009375 0.006741322930778537
1 0.5109375 0.33337915027257115 0.009375 0.009866322930778538
1 0.528125 0.30200964156614385 0.0078125 0.00978443577564878
1 0.4109375 0.3698699282008753 0.009375 0.011428822930778538
1 0.4109375 0.48940117820087525 0.0125 0.00534259724103805
1 0.35390625 0.5900463093631112 0.0125 0.00846759724103805
1 0.36875 0.5666121313893786 0.009375 0.008303822930778536
1 0.40078125 0.5938396947092187 0.0125 0.0069050972410380496
1 0.39140625 0.6052685176399971 0.009375 0.009866322930778538
1 0.34921875 0.5613857208285005 0.009375 0.009866322930778538
1 0.32578125 0.5907390281554468 0.0078125 0.006659435775648781
1 0.2484375 0.6385424423343695 0.009375 0.008303822930778536
1 0.5328125 0.6892639801007545 0.0109375 0.006823210085908115
1 0.54765625 0.703329802127022 0.0125 0.0069050972410380496
1 0.52890625 0.7058749479885791 0.015625 0.007068871551297562
1 0.55703125 0.7473697291962434 0.0125 0.0069050972410380496
1 0.521875 0.7476496901866628 0.009375 0.006741322930778537
1 0.24921875 0.7299077487568046 0.015625 0.007068871551297562
2 0.2234375 0.6945401368164454 0.0234375 0.02310330732694634
2 0.24140625 0.4756296845324533 0.03125 0.023512743102595123
2 0.28203125 0.3360006184990798 0.0375 0.020715291723113972
2 0.2140625 0.17003145974722397 0.028125 0.020223968792335522
2 0.5453125 0.2323588828597166 0.03125 0.017262743102595034
2 0.4953125 0.5271667718238687 0.025 0.0263101944820761