7 0.836370327923747 0.22907683604471707 0.02373750892845372 0.017596603084255057
3 0.8206947349857616 0.2769921846647453 0.03012387662320535 0.025518197240056485
3 0.9139229890462467 0.5737114517108739 0.026780688311602675 0.012963650162155815
5 0.5227309732179342 0.5235258599874092 0.020585235389503253 0.0159795560063543
5 0.5509686160731939 0.2481167569031541 0.02384660308425506 0.02384660308425506
3 0.4124150361241473 0.579341257713933 0.026835235389503432 0.016088650162155816
7 0.4667365231385038 0.7783321367727705 0.0144170560063543 0.02055796185055314
3 0.5795717138857386 0.8466536684293956 0.02376478246740419 0.019159103084255235
7 0.20802181656295654 0.6555430677774773 0.017432961850553052 0.014362508928453721
5 0.23709743628630311 0.5558470308458463 0.022065914772652385 0.011319329545304768
7 0.23868898417498272 0.41992316761532145 0.01899546185055314 0.014389782467404012
7 0.5116373348236058 0.30894120860743746 0.018913641233702094 0.0097022824674041
7 0.6822419354722289 0.19974566640080074 0.018940914772652206 0.011264782467404099
7 0.4804735150208289 0.6625025852306429 0.017378414772652208 0.01123750892845372
7 0.4279485328777365 0.6290548855549545 0.02058523538950343 0.0159795560063543
7 0.2979236623403157 0.3821816599046837 0.008057961850553052 0.014198867694751715
7 0.2757992463498473 0.3521083762194636 0.014253414772652384 0.011182961850553053