3 0.6687323401626879 0.10792401725355913 0.015743174668035032 0.020858137023308566
3 0.6765135447867564 0.23658473059307025 0.017332945745273776 0.025600200725639333
5 0.4491152526322787 0.2351487492822098 0.01418067466803503 0.02080357332097771
7 0.43011124345889656 0.3264557955613455 0.015734084308955332 0.019295637023308564
3 0.3557328912941561 0.16730153957089572 0.014198855386194253 0.023928573320977708
5 0.36651585518980256 0.14035709365457974 0.015743174668035032 0.020858137023308566
5 0.38282665641946656 0.12337792478010576 0.01727840359079611 0.016225200725639422
5 0.38646474082661786 0.0771477655242786 0.018859084308955422 0.01940476442797028
5 0.195014080792914 0.3448238827621393 0.012618174668035031 0.02074900961864685
5 0.43918223731057643 0.4081869451985257 0.01418067466803503 0.02080357332097762
3 0.4188697373105764 0.40889627332882694 0.017323855386194253 0.02403770072563951
5 0.31790720100983116 0.5155679139803325 0.014198855386194253 0.02392857332097762
5 0.6892095083878153 0.40414425282558886 0.011073855386194254 0.023819445916315907
5 0.6698327944921687 0.43138879910472455 0.01571590359079611 0.016170637023308565
3 0.7564515505422931 0.4111730136253621 0.020403403590796287 0.016334328130301046
5 0.6769635175611974 0.3139284805930703 0.014135222872636887 0.012991073320977709
5 0.5915441680287357 0.40599198422126737 0.014135222872636887 0.01299107332097762
7 0.4897185684962738 0.4986284067239383 0.01416249394987581 0.01767857332097762
5 0.44439697813719425 0.49864825409153324 0.015734084308955332 0.019295637023308564
5 0.4613344932625047 0.45507930336589386 0.015697722872636887 0.013045637023308566
5 0.4481077854169825 0.4649180948357062 0.011055674668035032 0.020694445916316084
4 0.4596538185944697 0.4348213670682247 0.011055674668035032 0.020694445916316084
4 0.3042128605525557 0.5793402373013102 0.01884090359079611 0.01627976442797028
3 0.3853765021412993 0.5616591747801057 0.025090903590796198 0.016498019237293705
5 0.2606805082896194 0.48396573911540874 0.00947499394987581 0.017514882213985138
5 0.6828782160369459 0.5247022894860777 0.015734084308955332 0.019295637023308564
5 0.8706781978865733 0.569717145206375 0.01572499394987581 0.017733137023308566
3 0.7207600111182897 0.5890177606301371 0.02200226502711473 0.022638891832631812
7 0.5989077370159889 0.5971799794119439 0.01729658430895533 0.01935020072563951
5 0.6200605743500064 0.6065996194304774 0.011055674668035032 0.020694445916316084
3 0.5029821586589618 0.6294418971052915 0.01887726502711473 0.022529764427970278
5 0.4638065500513136 0.7456770215147284 0.01731476502711473 0.02247520072563951
5 0.3542861043060398 0.7244964806778883 0.015743174668035032 0.020858137023308566
5 0.38142584210759545 0.8227876477382636 0.011055674668035032 0.020694445916316084
3 0.6883161915418614 0.7878471302302505 0.022020445745273953 0.025763891832631815
5 0.8048769776462148 0.8103446344066019 0.011064765027114731 0.022256945916316086
5 0.7870536733914888 0.8359721169834067 0.015734084308955332 0.019295637023308387
5 0.781698552879984 0.8556943399415647 0.01726022287263689 0.013100200725639156
5 0.7889388811388153 0.8913863032810758 0.012636355386194254 0.02387400961864685
3 0.8919275257526209 0.8643475989272392 0.01887726502711473 0.022529764427970278
3 0.8082968934354554 0.7266144751507747 0.014217036104353297 0.02705357332097762
3 0.5208201402140016 0.8749627282308176 0.018895445745273954 0.025654764427970277
6 0.7639332941975812 0.6226735088160387 0.05504202400410509 0.06284722958158007
4 0.6501384389095828 0.5383481272350258 0.02353749394987581 0.018005955534962936
4 0.6605896046988231 0.4543724313187097 0.011001132513557365 0.011319445916316085
4 0.6491839512062229 0.3742856272350257 0.009456813231716588 0.014389882213985138
2 0.61559072208707 0.5098610286863046 0.042460210772388506 0.04834821996293304
2 0.43914185157556523 0.5355579770496912 0.015743174668035032 0.020858137023308566
2 0.5130288034691592 0.47593495118897555 0.01259999394987581 0.017624009618646852
2 0.4556213453290493 0.6818873400263827 0.017323855386194253 0.02403770072563951
2 0.4059935291704665 0.6132935966498045 0.048692030054229285 0.04544147477225664
2 0.2750667577986401 0.8077479794967619 0.044040891490547726 0.05152778366526398
2 0.5459105229239506 0.7553124271423585 0.020494307181592397 0.03195932813030104
2 0.7161553661117006 0.8720485154394606 0.03777271077238851 0.04818452885594056
4 0.7518196344584649 0.6895162684346855 0.012618174668035031 0.02074900961864685
2 0.5320071042078439 0.7831472504633362 0.026698855386194254 0.02436508293962447
2 0.5559708032727675 0.6041492312260426 0.014126132513557366 0.01142857332097762
2 0.5813475322937245 0.5337176801375833 0.01101931323171641 0.014444445916316084
4 0.3697015051663614 0.5536110618034142 0.012581813231716588 0.014499009618646853
2 0.533924128211949 0.8440301867610053 0.012609084308955331 0.019186509618646853
7 0.4126758421075955 0.8216963736916465 0.01259999394987581 0.017624009618646852
7 0.405017878211949 0.8485316922033009 0.017251132513557366 0.01153770072563951
4 0.421526062937129 0.19391611407299977 0.01416249394987581 0.01767857332097771
2 0.36390900565734075 0.22952872105924146 0.017323855386194253 0.024037700725639332
2 0.31010729478675636 0.24937991878965599 0.01581589754067192 0.033358137023308566
3 0.9455878151766243 0.6858753693456594 0.015734084308955686 0.019295637023308564
3 0.849499131237011 0.8244145688901725 0.020403403590796287 0.016334328130301046