3 0.7485369923096256 0.6203900701057034 0.025736984396167627 0.015372694482076099
3 0.3923135685197644 0.5199827928547679 0.028698210085908293 0.012411468792335612
7 0.3560064970593239 0.3354373744919736 0.02236632293077854 0.010521420171816499
7 0.4406448479184066 0.44067707315792115 0.020885710085908116 0.012002033016686831
3 0.3181789484388049 0.3311526662150876 0.02409259724103805 0.013728307326946344
7 0.652452129126071 0.40137447648271 0.021131371551297563 0.01668953301668665
3 0.4460815411572872 0.21555756445149385 0.025573210085908116 0.012247694482076011
6 0.9016210487320606 0.6115838789029877 0.09570864767057934 0.07201884215265544
0 0.6913608208946136 0.35154821687177157 0.055827276119281774 0.05434666327441153
1 0.5038863178423959 0.06289955393604428 0.025982645861557074 0.020060194482076032
6 0.3845663455435574 0.596378196518241 0.04727779172311397 0.03987472749876275
1 0.47155185266810495 0.13353295850402858 0.0294351944820761 0.026473968792335524
2 0.6279025084792847 0.41127842096478595 0.0263101944820761 0.0263101944820761
3 0.8434765988229177 0.44385082428957484 0.013564533016686652 0.020967597241038048
2 0.296468802011421 0.5148216593176826 0.032642081637205764 0.028200243102595123