5 0.8141665620766446 0.2329717086830841 0.01948698439616763 0.015154563140062204
5 0.8031504969477823 0.2499694928839511 0.021295145861557074 0.019933068401734033
5 0.691700662597043 0.3553766006776368 0.01636198439616763 0.01497255261671846
5 0.6736599915207153 0.4023804032943553 0.022448210085908294 0.01221157366340595
5 0.8097136782008754 0.3625227007905763 0.019159435775648603 0.008904563140062206
5 0.6288465377663852 0.24688083219119816 0.01628009724103805 0.01341005261671846
5 0.5417283180695385 0.304138866321478 0.020967597241038048 0.013683068401734033
5 0.5698223405707756 0.347676763718877 0.023928822930778536 0.01074007892507769
5 0.5625431863414756 0.15961532159726732 0.01628009724103805 0.01341005261671846
5 0.47943079319345205 0.11071436098921902 0.019241322930778536 0.010467063140062205
5 0.4252025593631112 0.3280607556851948 0.02072193577564878 0.008995568401734034
5 0.39161653267800245 0.18125364511949887 0.01940509724103805 0.013592063140062205
5 0.3633853120766447 0.2592267266754125 0.019241322930778536 0.010467063140062117
5 0.1810641350074232 0.26049934229101884 0.019241322930778536 0.010467063140062205
5 0.2143336584131715 0.2795909765342382 0.019241322930778536 0.010467063140062205
5 0.08562880427472855 0.2683944132530017 0.01636198439616776 0.01497255261671846
5 0.6041376283371609 0.6291850979762137 0.016361984396167806 0.01497255261671846
5 0.594282350747541 0.5051406532237681 0.01915943577564878 0.008904563140062294
5 0.6050317429910533 0.5824011032378855 0.019241322930778536 0.010467063140062294
5 0.5957762516974807 0.5658051374387526 0.01159259724103805 0.013137036831702887
5 0.33219178652318976 0.5126170371846388 0.019323210085908295 0.012029563140062293
3 0.3928117039814728 0.559712574086929 0.025736984396167804 0.015518584186749607
5 0.18753214100031698 0.3154220607209878 0.010030097241038005 0.013046031570031147
5 0.17376289009580584 0.3403688528143626 0.01636198439616776 0.01497255261671846
5 0.1335783033702174 0.28974649751033843 0.010030097241038005 0.013046031570031147
3 0.613027949458917 0.6676105611445108 0.022611984396167805 0.015336573663405772
5 0.5923569233396352 0.720219621653737 0.016198210085908115 0.01184755261671846
5 0.33882464608869967 0.3860545371846388 0.016361984396167806 0.01497255261671846
7 0.2775551961795567 0.5594157134506458 0.02072193577564878 0.008995568401734034
7 0.23901831863536538 0.5219381002541137 0.01915943577564878 0.008904563140062294
2 0.38895744290019635 0.42519336091863186 0.032396420171816584 0.02369510523343692
3 0.49438192729636404 0.405033508386618 0.01965075870642714 0.018279563140062294
3 0.41198550712454757 0.43164078199355416 0.022448210085908294 0.012211573663405773