5 0.6587227578893663 0.2718873135326948 0.016170637023308565 0.016170637023308565
7 0.3412872320286507 0.20866314955236226 0.02080357332097771 0.014771828130301135
5 0.2837748323914704 0.21927575653860396 0.020694445916315994 0.011646828130301134
4 0.4167882290334258 0.24279012369164663 0.01622520072563951 0.017733137023308566
3 0.48017611723786063 0.1764359481937507 0.02080357332097762 0.014771828130301135
3 0.27441967975906517 0.26497020245492 0.02247520072563942 0.01795139183263199
5 0.09319945081045741 0.33935018747879553 0.019295637023308564 0.01627976442797028
4 0.10823666296884223 0.4115699278601486 0.028779764427970277 0.019732146641955238
4 0.1845833973597456 0.46991565199943297 0.02560020072563942 0.018060519237293703
3 0.14110870507162668 0.5465252812181933 0.02560020072563942 0.018060519237293703
5 0.49045394064365644 0.5155530118960815 0.02074900961864685 0.013209328130301045
5 0.3256647543459873 0.5228719824919869 0.02247520072563942 0.01795139183263199
5 0.27037210833700404 0.6194493713293939 0.020694445916315994 0.011646828130301046
7 0.5732986677781656 0.4015872264167191 0.017514882213985138 0.00997520072563951
5 0.7021577885594054 0.3509374072720926 0.02392857332097762 0.014880955534962848
7 0.40895840398316763 0.511359074417286 0.022256945916316086 0.011701391832631991
7 0.42480663719294454 0.65160212850097 0.02080357332097762 0.014771828130301045
5 0.15181308129516205 0.629064962706539 0.01627976442797028 0.019295637023308564
4 0.31308045270937396 0.700089246919957 0.02716270072563942 0.018115082939624473
4 0.6318949069783925 0.4668104331328083 0.022638891832631992 0.022638891832631812
7 0.19512162639317138 0.7268923382971021 0.02247520072563942 0.01795139183263199
1 0.7634127470895932 0.3355008910300238 0.014389882213985138 0.00986607332097771
2 0.5135937963639537 0.3270163015517953 0.03826389183263199 0.023184528855940557
4 0.5977629544386545 0.4077727390305908 0.02247520072563951 0.01795139183263199
2 0.6426885632389947 0.5071080509188232 0.07534722958157988 0.05725199400955035
2 0.1983656443645207 0.5061978923807862 0.06602679328391084 0.058487111795565025
2 0.13461814681159143 0.6742509771345093 0.0496924651536097 0.03762897477225664
1 0.21529522793711747 0.6550074146133047 0.011319445916315996 0.011319445916316085
1 0.17083838900704312 0.703492043832065 0.012827382213985139 0.009811509618646852
4 0.2973686287554241 0.5637524428362731 0.01595238221398514 0.009920637023308565
3 0.2868106185886231 0.7541963935619125 0.01638889183263199 0.022420637023308564
2 0.5991567849312084 0.26849198422126735 0.011319445916316085 0.011319445916315996
3 0.40927337331312846 0.43078119701262435 0.030233137023308564 0.016661710344286363