5 0.471164254757511 0.33982040280992165 0.010321069892376045 0.02074914764263518
5 0.48057564206106385 0.33947580045255676 0.01642552067816432 0.017915246071058634
5 0.5416929245260527 0.3720742847367911 0.018133569892376043 0.021113020678164406
5 0.5519732990093239 0.42031273159363797 0.010321069892376045 0.02074914764263518
5 0.5027160076529951 0.4524681060769093 0.013446069892376223 0.020894696856846907
5 0.4560400607961482 0.4628212551672865 0.013664393713693813 0.025582196856846907
5 0.6237584077768296 0.4087802262169545 0.011956344499482085 0.02238442224974104
5 0.6316372202256076 0.5085811730738014 0.013664393713693813 0.025582196856846907
5 0.7230969741545491 0.528499874893047 0.01471747146395277 0.014717471463952591
5 0.3464081956185018 0.49686230727698233 0.010393844499482085 0.022311647642635178
4 0.32935343631287683 0.4091611000810532 0.011738020678164407 0.017696922249740864
3 0.6097172167109509 0.6430096770027427 0.02118579528527036 0.019696069892376045
5 0.6201966443373754 0.7037845111631424 0.014717471463952591 0.014717471463952591
5 0.47434048883685753 0.6750686980951919 0.011883569892376045 0.020821922249740867
3 0.380639684660247 0.7536966581866051 0.018424668320799586 0.027363020678164318
5 0.3321465266785297 0.7694457826698764 0.013300520678164496 0.017769696856846907
3 0.26610630376683486 0.7248738372607717 0.01515411910658786 0.024092471463952592
5 0.3508473308551401 0.6873246414373821 0.016425520678164496 0.017915246071058634
5 0.744055829407398 0.6500495432138464 0.017769696856846907 0.013300520678164318
5 0.5340685916085072 0.8383542562007438 0.017769696856846907 0.013300520678164318
5 0.5783836718399654 0.8114493078961548 0.016425520678164496 0.017915246071058277
3 0.5941734917323416 0.7918281666636606 0.01515411910658777 0.024092471463952592
5 0.3520696524001461 0.32487814536632353 0.016207196856846906 0.013227746071058543
5 0.21336660153330453 0.6636965887085138 0.014863020678164408 0.01784247146395259
5 0.3345545508713507 0.6168837088485588 0.017769696856846907 0.013300520678164318
5 0.6361148968185748 0.6645957326270953 0.01493579528527036 0.01940497146395277
5 0.5325552874318966 0.9212759181114027 0.013446069892376044 0.020894696856846907
7 0.2588118422276796 0.578906365796819 0.013446069892376133 0.020894696856846907
6 0.2713033418133949 0.4283798269216895 0.03924659057054054 0.03924659057054054
2 0.5329921666681697 0.34035124979060305 0.029289393713693813 0.02630994292790545
2 0.5975812055432993 0.34884014598549606 0.013446069892376044 0.020894696856846907
2 0.5623478728306415 0.41609826653982596 0.011810795285270358 0.019259422249740865
2 0.503026376759583 0.42899421877335636 0.013227746071058633 0.016207196856846906
2 0.5004064909037721 0.4852442187733564 0.026164393713693813 0.026164393713693813
2 0.3833731563290875 0.3419950248119936 0.02921661910658786 0.02474744292790536
2 0.5192571524001461 0.33266502832665024 0.011592471463952769 0.014571922249741043
2 0.7618491050479612 0.5537931273742462 0.028017992142117264 0.032487168320799495
6 0.6193148486378204 0.5714257754311662 0.058142139784752266 0.0432448858558109
2 0.6610186592245716 0.4661047286981539 0.013227746071058633 0.016207196856846906
2 0.698300335403254 0.47253881926869445 0.013300520678164318 0.017769696856846907
2 0.666102111458102 0.5250623517336831 0.014790246071058633 0.01627997146395277
2 0.6623349485139858 0.622754989037236 0.010321069892376045 0.02074914764263518
2 0.5356461699779386 0.6027613585581086 0.01806079528527036 0.019550520678164318
2 0.4916949627820095 0.6218538068626975 0.01962329528527036 0.01962329528527036
2 0.6581824878034002 0.7791505382514478 0.026164393713693813 0.026164393713693813
2 0.5632916728734227 0.7152271253073317 0.011665246071058632 0.016134422249741043
2 0.5941071792835635 0.692391092842343 0.017915246071058634 0.01642552067816432
2 0.46209519996172793 0.6690177512383452 0.019550520678164318 0.01806079528527036
2 0.38849072601657586 0.7196127566150285 0.01159247146395268 0.014571922249741043
5 0.6045054476854164 0.3178448571103666 0.01471747146395277 0.01471747146395277
5 0.528465178454994 0.38711708787994425 0.014717471463952591 0.014717471463952681
5 0.510564894956548 0.45205072911243854 0.01315497146395277 0.014644696856846906
5 0.43613212924078226 0.38594838606069864 0.014717471463952591 0.01471747146395277
5 0.5070504048813455 0.29216630686269757 0.014571922249740864 0.011592471463952769
5 0.4361042423515141 0.537838371792675 0.014571922249741043 0.011592471463952592
5 0.6869389962804556 0.565180083536718 0.014790246071058633 0.01627997146395277
5 0.6919710986378205 0.5748097946615885 0.014571922249741043 0.011592471463952592
5 0.7239681153870434 0.5434163995001529 0.014644696856846906 0.013154971463952591
2 0.6775575341221277 0.6657430097154005 0.01515411910658777 0.02409247146395277
7 0.543649106909988 0.7503277173256142 0.011301373035529139 0.008321922249740866
2 0.5135036503332315 0.523435577540862 0.02474744292790536 0.029216619106587773
5 0.6843469973139129 0.46954009780474165 0.014571922249740864 0.011592471463952592
5 0.6662177355270886 0.42171902791236554 0.010321069892376045 0.02074914764263518