5 0.7063843208208085 0.251804330760632 0.015245568401734032 0.020476132001908988
5 0.6806940760824803 0.2530668387571322 0.016353042093374803 0.012681813335454439
5 0.6613679524331919 0.21614809408813232 0.01386507892507769 0.023582950668363533
5 0.6517500287274337 0.23867707475331423 0.008540542093374803 0.012590906667727175
5 0.5844183155591367 0.24882368674408734 0.01855257892507787 0.023637494668999892
5 0.5589100813441521 0.2532111947405875 0.01230257892507769 0.023564769334818082
5 0.5150312787274337 0.23708620806808778 0.02122255261671846 0.015861357336090797
5 0.5421544918251435 0.30064017807126947 0.012120568401734033 0.02043976933481808
5 0.5121862707643388 0.3088793920671333 0.010376057878390198 0.017296588001272716
5 0.6056177523484874 0.30450152207986 0.016717063140062292 0.01893181333545444
5 0.4952963604245217 0.11272200739972423 0.012120568401734033 0.020439769334818125
5 0.4256656708631607 0.20403680338954286 0.013683068401734033 0.020457950668363534
5 0.33958468671876346 0.13355103337840704 0.015245568401734032 0.020476132001908988
3 0.3224349840738101 0.14740444804263442 0.013956084186749606 0.025145450668363534
5 0.30369268934959937 0.1339141127068618 0.016717063140062206 0.01893181333545444
5 0.27302651827467717 0.15697889536918017 0.01809755261671846 0.015824994668999892
5 0.2609206314006219 0.19040901336727117 0.016717063140062115 0.01893181333545444
5 0.2546552208490433 0.21688060669954395 0.015427578925077689 0.023601132001908987
3 0.3094784997176513 0.30027490937299817 0.022587631541796237 0.0392988573360908
5 0.22347238125944754 0.33831016402768055 0.01653505261671846 0.015806813335454438
5 0.1548889812312127 0.36717950401813554 0.012120568401734033 0.02043976933481808
5 0.21310329963294672 0.3881556226925443 0.016717063140062206 0.01893181333545444
5 0.21741136803468075 0.4085044853596352 0.019842063140062205 0.018968176002545255
5 0.2666756206655167 0.4098584473663166 0.01689907366340595 0.02205681333545435
5 0.35385012599777566 0.3382658053787252 0.01809755261671846 0.015824994668999892
5 0.3825666601986427 0.34874931938254317 0.01386507892507769 0.023582950668363533
5 0.46267836540384477 0.41057770472627003 0.015336573663405772 0.022038632001908986
5 0.4906892443148051 0.44915894672976986 0.016717063140062292 0.01893181333545435
5 0.5144529680064458 0.44162825739972417 0.016717063140062292 0.01893181333545435
5 0.4564353416557344 0.4776470260582245 0.013865078925077868 0.023582950668363623
5 0.4207099442583354 0.5076794240531339 0.015336573663405772 0.022038632001908986
5 0.38085078370675685 0.5337601187141796 0.016717063140062206 0.01893181333545435
3 0.5492114597610023 0.8105327987348605 0.018734589448421345 0.02676249466899989
3 0.645835101755555 0.9279844754137236 0.01579159997176518 0.02985113200190881
3 0.3511688019108468 0.7613851320416799 0.017081084186749605 0.02518181333545435
3 0.16788732309870852 0.6171613226845901 0.015609589448421436 0.026726132001908987
3 0.29279007060904694 0.46949707670272567 0.018734589448421435 0.02676249466899989
1 0.6506333917122041 0.42057196475172337 0.021768584186749606 0.0252363573360908
1 0.34389202609659775 0.23431410204486153 0.010194047355046632 0.014171588001272717
1 0.5034277938771646 0.9091515647278609 0.029672089448421347 0.026889764003817974
5 0.7387172206372818 0.4450185287634955 0.014790542093374803 0.012663632001908986
5 0.8062540601562904 0.39818043877304055 0.010376057878390554 0.017296588001272716
5 0.6869132549793232 0.30622820142422313 0.017824536831702886 0.011137494668999891
5 0.6884519101280555 0.42647706675681396 0.010467063140062117 0.01885908800127254
5 0.6501860706796341 0.3994873054184961 0.01331904735504672 0.014207950668363622
5 0.6470232733245875 0.38539753341817795 0.011938557878390377 0.01731476933481808
5 0.7137396074407498 0.48532535542645033 0.010376057878390377 0.01729658800127254
5 0.7500026021084909 0.5583543227641319 0.012120568401734033 0.02043976933481808
5 0.7725524362952404 0.5835997707669953 0.01809755261671846 0.015824994668999892
5 0.6983413915710297 0.5694639980903595 0.010376057878390377 0.01729658800127254
5 0.6929258494776549 0.5569094540897231 0.014790542093374803 0.012663632001908986
5 0.6446178811182732 0.49154753608367796 0.011938557878390377 0.01731476933481808
5 0.6458317706231644 0.4587713987507689 0.01230257892507769 0.023564769334818082
5 0.6379205600857032 0.47039015141626894 0.010467063140062294 0.01885908800127254
5 0.6157424522214303 0.43812254408017814 0.017824536831702886 0.011137494668999891
5 0.6116919890531334 0.4490055000795419 0.016353042093374626 0.01268181333545435
5 0.5981300179923285 0.4574356180776328 0.012120568401734033 0.02043976933481808
5 0.6118053811182732 0.49116572807922365 0.015245568401734032 0.020476132001908988
5 0.6265350100292335 0.5295924287475872 0.012120568401734033 0.02043976933481808
5 0.6090058757860142 0.5637401620782692 0.014790542093374803 0.012663632001908986
5 0.5963091837349918 0.5065998240769964 0.01488154735504672 0.014226132001908986
5 0.5817615653473751 0.4712981234086328 0.016808068401734034 0.020494313335454352
5 0.5965282625894822 0.6041924394095874 0.01653505261671846 0.015806813335454528
5 0.6713840494211852 0.615993552752996 0.01488154735504672 0.014226132001908986
5 0.6782633809770988 0.640275937420405 0.01331904735504672 0.014207950668363622
5 0.7756312046405047 0.6632690894334499 0.014790542093374803 0.012663632001908986
5 0.8083904967338796 0.6761418067711316 0.012120568401734033 0.02043976933481808
3 0.7625466466915272 0.7201094354312227 0.012393584186749606 0.02512726933481808
5 0.6200329229998864 0.7262583434118145 0.015336573663405772 0.022038632001909163
5 0.6445177125330125 0.6640856074156326 0.013683068401734033 0.020457950668363624
5 0.5972408941312785 0.643236758076042 0.013683068401734033 0.020457950668363624
5 0.5999325256024874 0.7564725547421783 0.015336573663405772 0.022038632001908986
5 0.6937959176676275 0.7997236627545868 0.012120568401734033 0.02043976933481808
5 0.7432876834526431 0.8049838747612684 0.01653505261671846 0.01580681333545435
5 0.6166943623494859 0.8565998240769964 0.017733531570031148 0.009574994668999892
5 0.5926113912180939 0.9390759694064057 0.011574536831702887 0.011064769334818082
5 0.5645696912039765 0.953583364735815 0.013046031570031147 0.009520450668363623
5 0.5536853991106017 0.9409651860677695 0.01028505261671846 0.015734088001272538
5 0.5534810017837899 0.8972424580680878 0.010376057878390198 0.01729658800127254
5 0.5697346043158038 0.9990391260343621 0.01139252630835923 0.0019217479312757745
5 0.524285596423296 0.996431746697953 0.011665542093374804 0.007136506604093995
5 0.528950709619828 0.9586339440642696 0.010467063140062294 0.01885908800127254
5 0.44626701223654647 0.9732862427195885 0.012302578925077867 0.023564769334818082
5 0.45119743594230466 0.9507027180537703 0.01653505261671846 0.01580681333545435
5 0.4310137385590231 0.9660822700509067 0.01644404735504672 0.01424431333545435
5 0.43181039911060165 0.9395470420512249 0.017915542093374804 0.012699994668999893
5 0.4357775622930161 0.9138294267186339 0.01331904735504672 0.014207950668363622
5 0.46843116759704034 0.8712697567234065 0.012120568401734033 0.02043976933481808
5 0.5056959491670714 0.8810720180617244 0.017915542093374804 0.012699994668999893
5 0.40345788595642207 0.9353135280474069 0.012120568401734033 0.02043976933481808
5 0.40128073592818714 0.9649555747135434 0.016353042093374803 0.012681813335454706
5 0.38345619909648426 0.9538180800445435 0.01386507892507769 0.023582950668363623
3 0.6091339493788329 0.6597702774108601 0.017536110495108836 0.03299431333545435