5 0.1429898865803873 0.7223097099777283 0.020721676959604095 0.01429885733609062
5 0.1544274917532368 0.7049949406429101 0.020903533386094873 0.020548857336090798
5 0.2689877484171544 0.6060387252944108 0.019204641066226814 0.015843176002545433
5 0.28829768956252344 0.5597358899586382 0.02219324874635875 0.011192038669636162
5 0.14922081769662654 0.5886886879774101 0.018977320533113406 0.008030676002545433
5 0.3319614583671419 0.7232347686187295 0.017551212852981467 0.012699994668999893
5 0.4217202918323791 0.6714262732734119 0.02223871285298138 0.012754538669636162
5 0.3934194470843709 0.6241154686107754 0.023710284639736123 0.009647720003181703
5 0.39871939786315835 0.8177381992759571 0.017551212852981467 0.012699994668999893
5 0.48297472591811913 0.8745507259309576 0.019022784639735946 0.009593176002545079
5 0.5408567367386719 0.6567632419239581 0.020539820533113408 0.008048857336090797
5 0.5739012542896491 0.8094518899188674 0.02067621285298138 0.012736357336090975
5 0.6027142275674718 0.7317990572485948 0.019022784639736123 0.009593176002545434
5 0.7889556044479337 0.7460326378899141 0.019022784639735946 0.009593176002545434
5 0.7544585839939625 0.7237854678946867 0.020630748746358663 0.011173857336090798
5 0.8858078723946223 0.7456866452100966 0.017642141066226812 0.015824994668999892
5 0.3620547529695009 0.33317284261618413 0.017642141066226812 0.015824994668999892
5 0.37006817827975236 0.4603802326145933 0.018977320533113406 0.008030676002545433
5 0.35990957977082044 0.38005693328295687 0.019022784639736123 0.009593176002545344
5 0.3687390104913483 0.39869784528168417 0.012909176959604095 0.014207950668363533
5 0.6390765910535915 0.4752127025780041 0.02067621285298138 0.012736357336090798
3 0.576582602732074 0.4220518872533673 0.027017141066226814 0.01593408267027261
5 0.7819985622863502 0.6898826352244141 0.011346676959604096 0.014189769334818081
5 0.7967884879923132 0.6647190032225051 0.017596676959604096 0.014262494668999893
5 0.8381432622072079 0.7196877665500054 0.01130121285298138 0.012627269334818081
3 0.35308056974169055 0.29266602128422947 0.025409176959604096 0.014353401336727068
5 0.3749161173135504 0.24008591394813875 0.01750574874635875 0.011137494668999891
5 0.6290758022572204 0.6041916779121859 0.017596676959604096 0.014262494668999893
7 0.6942331039857152 0.4316166965706862 0.020539820533113408 0.008048857336090797
7 0.7320908051602142 0.47256841323205007 0.018977320533113406 0.008030676002545433
2 0.5788317613492782 0.5594791619191856 0.03349446159934022 0.023819308004454243
3 0.4707010126029193 0.5716711739338212 0.02081260517284953 0.0174238573360908
3 0.5556443139357029 0.5511581319223672 0.02219324874635866 0.011192038669636162