5 0.7917869640401156 0.46500425117835037 0.022147784639736122 0.009502265027114732
4 0.6817861752437444 0.3367161455957644 0.018977320533113406 0.007921584308955421
7 0.6824704853520166 0.27967126005714493 0.020585284639736124 0.009493174668035032
5 0.7331022858268703 0.462220139643836 0.017596676959604096 0.01416249394987581
5 0.4963882328447342 0.30263255796715927 0.014562605172849529 0.01726931323171659
5 0.33029187140367855 0.34110522638867835 0.02219324874635884 0.011064765027114643
5 0.3486530779884538 0.40819727761834235 0.02063074874635875 0.011055674668035032
5 0.46338683089144767 0.5380206121236896 0.01300010517284953 0.01726022287263689
7 0.5199634398252209 0.5220638140172834 0.017596676959604096 0.01416249394987581
7 0.38240726702225186 0.6283506963344492 0.011346676959604096 0.014126132513557366
5 0.034644402282490896 0.38501989461380576 0.017551212852981446 0.01259999394987581
5 0.1241591948397858 0.48060912968488695 0.01447167695960414 0.014144313231716587
5 0.019531530812305388 0.5101289789227612 0.009784176959604129 0.014117042154477667
6 0.5012254631821859 0.6300035790443982 0.027017141066226814 0.015779536104353654
4 0.6553577190546805 0.4220405672387373 0.014289820533113406 0.007894313231716587
7 0.6634346435070022 0.457937160622879 0.014471676959604097 0.01414431323171641
2 0.5848813976636373 0.5779456544745589 0.01925010517284953 0.01729658430895533