5 0.18424475243588692 0.3825868753580443 0.020403403590796197 0.015861357336090797
4 0.28328325789683595 0.7555891180378619 0.017278403590796198 0.015824994668999892
4 0.42243509884509073 0.36973452872372464 0.017242042154477666 0.009574994668999892
4 0.41029014373004297 0.5648924873885883 0.018813632513557367 0.011155676002545434
4 0.4174446344584649 0.7204339627227702 0.021974993949875808 0.017442038669636162
4 0.4095139597904299 0.7000305560550429 0.01726022287263689 0.012699994668999893
2 0.1629004966803503 0.20500676802195353 0.05031816256778665 0.05526930267345422
4 0.08880953258831208 0.3603840640117722 0.014135222872636933 0.012663632001908986
4 0.06231975546094902 0.37257498134149963 0.015688632513557323 0.011119313335454439
4 0.06346461982413373 0.43508407200827237 0.01567954215447771 0.009556813335454351
4 0.1263691408031767 0.5053425753500902 0.0156704517953981 0.007994313335454351
4 0.19828050223949517 0.5124289166931806 0.01724204215447771 0.009574994668999892
4 0.24126743295765443 0.5160539033656804 0.020403403590796197 0.015861357336090797
4 0.28970090865896175 0.6502021840388164 0.01726931323171659 0.014262494668999893
4 0.27787761952954615 0.6320970740372256 0.020403403590796197 0.015861357336090797
4 0.26632301687382637 0.7944516233688621 0.017251132513557366 0.011137494668999891
4 0.33239292358788053 0.7374118300445434 0.020376132513557365 0.011173857336090798
1 0.3692747791704665 0.6315981820496341 0.020394313231716588 0.014298857336090797
4 0.3213367280389984 0.582606151376498 0.01727840359079611 0.015824994668999892
4 0.32983502926866237 0.566299898710998 0.014144313231716587 0.014226132001908986
4 0.36490946603694585 0.5526464787157706 0.014117042154477667 0.009538632001909164
4 0.22364814090137256 0.44163515869668046 0.017242042154477666 0.009574994668999892
4 0.329793601771957 0.42490273937777073 0.021974993949875808 0.017442038669636162
4 0.3197782523376911 0.4490033107097253 0.017251132513557366 0.011137494668999891
4 0.38553155912649995 0.7403737453850885 0.014135222872636887 0.012663632001908986
4 0.45960434250037896 0.5818714493952699 0.01726022287263689 0.012699994668999893
4 0.4663543122497579 0.6678816747294516 0.01726022287263689 0.012699994668999893
1 0.49099472218526585 0.4720879167329515 0.011001132513557365 0.011064769334818082