3 0.4125 0.0703125 0.01796875 0.0171875
3 0.72109375 0.16171875 0.01328125 0.0203125
3 0.84921875 0.30390625 0.009375 0.02421875
3 0.81640625 0.259375 0.015625 0.01640625
3 0.68046875 0.25703125 0.00859375 0.025
5 0.73046875 0.25390625 0.01796875 0.01640625
3 0.75625 0.22578125 0.0078125 0.02265625
3 0.15703125 0.34609375 0.0140625 0.01875
3 0.359375 0.3890625 0.01015625 0.0234375
3 0.60703125 0.4109375 0.009375 0.025
3 0.75703125 0.32734375 0.01640625 0.0203125
3 0.86015625 0.371875 0.0078125 0.02421875
3 0.765625 0.4234375 0.01015625 0.0265625
3 0.71953125 0.36953125 0.0078125 0.0234375
3 0.6734375 0.36875 0.0125 0.01484375
3 0.5265625 0.4640625 0.01796875 0.01796875
3 0.4984375 0.66015625 0.01015625 0.02578125
3 0.5265625 0.73046875 0.0125 0.02265625
3 0.28125 0.79375 0.01328125 0.02265625
3 0.496875 0.9171875 0.0125 0.0234375
3 0.44453125 0.94921875 0.01953125 0.0109375
3 0.2984375 0.79765625 0.015625 0.02265625
3 0.91640625 0.5609375 0.01171875 0.028125
3 0.61796875 0.9890625 0.0171875 0.015625
3 0.3421875 0.55859375 0.01328125 0.01953125
3 0.46484375 0.509375 0.01015625 0.02890625
3 0.49453125 0.48046875 0.00859375 0.0265625
3 0.5328125 0.321875 0.009375 0.02578125
3 0.63203125 0.84296875 0.0125 0.025
3 0.56328125 0.86875 0.01015625 0.028125
5 0.38515625 0.1578125 0.009375 0.02421875
5 0.47578125 0.12890625 0.0109375 0.01875
5 0.5109375 0.12265625 0.01171875 0.01875
5 0.56875 0.13203125 0.01015625 0.01484375
5 0.59375 0.1109375 0.00703125 0.01953125
5 0.640625 0.12265625 0.01328125 0.01484375
5 0.678125 0.19453125 0.00625 0.02109375
5 0.6078125 0.25078125 0.01015625 0.0171875
5 0.5140625 0.26875 0.01171875 0.01875
5 0.47421875 0.28359375 0.00859375 0.02265625
5 0.49921875 0.3 0.01640625 0.0125
5 0.38515625 0.2265625 0.0109375 0.0203125
5 0.30546875 0.2140625 0.0125 0.0203125
5 0.225 0.23046875 0.009375 0.01953125
5 0.484375 0.39609375 0.0125 0.0171875
5 0.26328125 0.3875 0.01015625 0.01875
5 0.3109375 0.40546875 0.00703125 0.01953125
5 0.46875 0.42734375 0.01328125 0.01328125
5 0.5453125 0.42890625 0.0078125 0.01875
5 0.53046875 0.3671875 0.01171875 0.01328125
5 0.6671875 0.39609375 0.01015625 0.02265625
5 0.6765625 0.43359375 0.0078125 0.0203125
5 0.64609375 0.46171875 0.00859375 0.01796875
5 0.609375 0.50625 0.00859375 0.02109375
5 0.67578125 0.53046875 0.00859375 0.01875
5 0.61328125 0.709375 0.01640625 0.015625
5 0.5 0.76953125 0.01328125 0.01484375
5 0.43828125 0.68203125 0.015625 0.01015625
5 0.3046875 0.76640625 0.009375 0.0234375
5 0.25703125 0.73515625 0.01328125 0.0140625
5 0.19609375 0.3703125 0.00859375 0.0171875
5 0.22578125 0.35625 0.00859375 0.01640625
5 0.24609375 0.35234375 0.00703125 0.015625
5 0.22734375 0.3921875 0.0109375 0.01015625
5 0.28046875 0.3921875 0.01015625 0.0140625
5 0.253125 0.43359375 0.009375 0.0109375
5 0.24609375 0.46953125 0.01015625 0.01015625
5 0.17890625 0.51328125 0.00703125 0.01484375
5 0.18125 0.4640625 0.00625 0.01640625
5 0.30859375 0.5 0.00625 0.0171875
5 0.2625 0.5484375 0.009375 0.01484375
5 0.31640625 0.5640625 0.00859375 0.01640625
5 0.31953125 0.58359375 0.0125 0.00859375
5 0.3234375 0.62265625 0.009375 0.0171875
5 0.37265625 0.5953125 0.00703125 0.01953125
5 0.33203125 0.5828125 0.01171875 0.00859375
5 0.2796875 0.6453125 0.00625 0.0203125
5 0.31015625 0.665625 0.01171875 0.01796875
5 0.31640625 0.68671875 0.0140625 0.0078125
5 0.36171875 0.7515625 0.0125 0.01328125
5 0.36484375 0.72109375 0.0046875 0.01640625
5 0.38046875 0.7421875 0.0125 0.01015625
5 0.48984375 0.7890625 0.01015625 0.01328125
5 0.49609375 0.8265625 0.0046875 0.015625
5 0.46953125 0.8328125 0.0078125 0.0171875
5 0.31171875 0.346875 0.009375 0.0125
5 0.328125 0.50625 0.00703125 0.01796875
5 0.265625 0.47421875 0.01328125 0.02109375
5 0.34140625 0.42578125 0.00625 0.02109375
5 0.34453125 0.50078125 0.0078125 0.01484375
5 0.28828125 0.7453125 0.0109375 0.00859375
5 0.25 0.72109375 0.01328125 0.01171875
5 0.4171875 0.6359375 0.009375 0.0125
5 0.4125 0.65546875 0.009375 0.01484375
5 0.434375 0.60859375 0.00703125 0.015625
5 0.45078125 0.628125 0.01171875 0.00625
5 0.42421875 0.625 0.00546875 0.01875
5 0.47265625 0.5875 0.00625 0.01796875
5 0.475 0.5546875 0.0046875 0.01875
5 0.53359375 0.5484375 0.0078125 0.021875
5 0.54765625 0.56484375 0.0140625 0.00859375
5 0.5484375 0.5515625 0.0125 0.00859375
5 0.61484375 0.61171875 0.0140625 0.0078125
5 0.57421875 0.6171875 0.009375 0.015625
5 0.5734375 0.6375 0.0109375 0.01796875
5 0.55703125 0.66640625 0.00703125 0.01796875
5 0.6265625 0.634375 0.01328125 0.00703125
5 0.628125 0.66796875 0.01328125 0.01171875
5 0.68515625 0.58203125 0.009375 0.015625
5 0.69609375 0.5703125 0.0078125 0.01796875
5 0.72265625 0.540625 0.00625 0.0171875
5 0.73515625 0.54375 0.00546875 0.0203125
5 0.68671875 0.478125 0.01171875 0.0140625
5 0.734375 0.43984375 0.00859375 0.0171875
5 0.73125 0.4 0.00703125 0.01640625
5 0.7625 0.35703125 0.0078125 0.01484375
5 0.775 0.325 0.00703125 0.01640625
5 0.8453125 0.384375 0.0109375 0.0109375
5 0.83125 0.42265625 0.00625 0.01640625
5 0.78046875 0.43125 0.009375 0.01484375
5 0.7765625 0.44296875 0.01171875 0.01015625
5 0.8453125 0.4484375 0.00859375 0.015625
5 0.846875 0.4296875 0.00859375 0.01640625
5 0.8640625 0.43203125 0.009375 0.01484375
5 0.89296875 0.39453125 0.009375 0.015625
5 0.8984375 0.36875 0.0046875 0.01640625
5 0.90859375 0.409375 0.009375 0.0078125
5 0.92109375 0.38828125 0.00390625 0.0125
5 0.9375 0.3765625 0.0078125 0.01875
5 0.90625 0.43203125 0.00859375 0.009375
5 0.884375 0.45859375 0.00625 0.0125
5 0.81953125 0.44765625 0.00625 0.0109375
5 0.79296875 0.5078125 0.01171875 0.0140625
5 0.81640625 0.509375 0.0125 0.00546875
5 0.84140625 0.553125 0.00625 0.01640625
5 0.83203125 0.58203125 0.0078125 0.01875
5 0.8171875 0.60546875 0.0078125 0.015625
5 0.76796875 0.58125 0.0109375 0.015625
5 0.76953125 0.62890625 0.009375 0.01640625
5 0.90078125 0.6265625 0.01328125 0.0078125
5 0.79140625 0.715625 0.01015625 0.0125
5 0.7375 0.6828125 0.01171875 0.01640625
5 0.66640625 0.634375 0.00859375 0.01484375
5 0.69609375 0.640625 0.0109375 0.01484375
5 0.78671875 0.525 0.00859375 0.015625
5 0.775 0.528125 0.01015625 0.01171875
5 0.81796875 0.521875 0.0125 0.009375
5 0.67578125 0.865625 0.00859375 0.01875
5 0.70078125 0.875 0.00859375 0.0171875
5 0.7390625 0.84453125 0.00625 0.01796875
5 0.73125 0.88515625 0.0078125 0.015625
5 0.75390625 0.903125 0.00703125 0.01640625
5 0.76875 0.8828125 0.01328125 0.01171875
5 0.7828125 0.85 0.00703125 0.015625
5 0.69375 0.8125 0.01171875 0.0171875
5 0.70390625 0.81875 0.00859375 0.01484375
5 0.74453125 0.8 0.009375 0.0125
5 0.74140625 0.76328125 0.01015625 0.015625
5 0.7203125 0.7828125 0.01328125 0.01015625
5 0.6890625 0.790625 0.0140625 0.0109375
5 0.66640625 0.80234375 0.01171875 0.0140625
5 0.66796875 0.71640625 0.0140625 0.009375
5 0.7890625 0.75703125 0.0125 0.00703125
5 0.76796875 0.7796875 0.0078125 0.01484375
5 0.76171875 0.79609375 0.0140625 0.00625
5 0.8015625 0.76640625 0.009375 0.01328125
5 0.81953125 0.771875 0.00546875 0.0171875
5 0.8359375 0.725 0.01328125 0.01015625
5 0.840625 0.75859375 0.0109375 0.00703125
5 0.85390625 0.74765625 0.009375 0.01328125
3 0.32109375 0.11875 0.00859375 0.0234375
3 0.2796875 0.121875 0.01796875 0.0109375
3 0.21953125 0.66796875 0.0109375 0.0265625
3 0.1953125 0.740625 0.01171875 0.01171875
3 0.2609375 0.91484375 0.01328125 0.01015625
3 0.2609375 0.840625 0.00859375 0.0203125
3 0.75625 0.9265625 0.0078125 0.0234375
3 0.81171875 0.625 0.00625 0.028125
3 0.78515625 0.59375 0.01328125 0.01796875
3 0.8921875 0.51484375 0.0125 0.01875
3 0.9640625 0.58515625 0.009375 0.02109375
3 0.95390625 0.3546875 0.009375 0.02265625
3 0.86328125 0.13125 0.0140625 0.0125
3 0.91953125 0.23359375 0.00625 0.02265625
3 0.11875 0.42421875 0.01171875 0.01796875
3 0.465625 0.62265625 0.00703125 0.02421875
1 0.45078125 0.684375 0.00703125 0.0140625
1 0.54140625 0.7484375 0.0078125 0.0109375