3 0.3470593221641785 0.6115214920432708 0.022457196856846905 0.012754538669636162
7 0.599963844290085 0.5762037994111783 0.019332196856846905 0.012718176002545434
6 0.9823182719165094 0.5205292481301304 0.03212329528527036 0.01911362667090888
6 0.9342896484666955 0.6628616514560399 0.019696069892376045 0.020530676002545434
6 0.29702916542531543 0.1408817280394527 0.05577911910658786 0.02407384667409058
6 0.3260573858558109 0.060013536043907065 0.05621576674922295 0.03344884667409058
2 0.2868751852749104 0.45934082670272564 0.017769696856846907 0.012699994668999893
2 0.30823657071643645 0.6665084367043164 0.02252997146395268 0.014317038669636161
2 0.28989952377853634 0.306334005370771 0.016207196856846906 0.012681813335454439
2 0.5851179402373091 0.542455508076042 0.019332196856846905 0.012718176002545434
2 0.41722184904759596 0.2570618060550429 0.01918664764263518 0.009593176002545344
2 0.4681379937947471 0.37790156472786085 0.019332196856846905 0.012718176002545345
2 0.6096749462331651 0.7176464120782692 0.029071069892376223 0.02063976400381797
2 0.7181017222880131 0.6650310367599956 0.016207196856846906 0.01268181333545435
2 0.6644479135632887 0.3512952534213596 0.013082196856846907 0.012645450668363534
2 0.5822583058292403 0.43076403007636016 0.016207196856846906 0.01268181333545435