5 0.3693537373846062 0.35254648138127054 0.017915246071058634 0.015824994668999892
7 0.3915198358130296 0.3590510200509067 0.010175520678164407 0.017296588001272716
7 0.5089085430089588 0.38149927940004236 0.010248295285270359 0.018859088001272718
3 0.6229903136871231 0.40000492608208715 0.018351893713693813 0.025199994668999894
3 0.6044928707592178 0.37167993141308725 0.016789393713693812 0.02518181333545444
5 0.7140669239023708 0.36046171542804106 0.010393844499482085 0.021984088001272717
7 0.6791610769216895 0.2983702480903595 0.010175520678164319 0.01729658800127263
3 0.720888466292157 0.49015830609481387 0.02118579528527036 0.018986357336090796
5 0.6158050140586266 0.5474975440801781 0.020894696856846907 0.012736357336090798
5 0.5707472251834972 0.5524390354073603 0.011956344499482085 0.02200226933481808
5 0.532264767987568 0.5309089334022696 0.012029119106587771 0.023564769334818082
4 0.49238678473679104 0.5632396280633153 0.017769696856846907 0.012699994668999893
4 0.6573867384180636 0.4511588934197688 0.014863020678164317 0.017351132001908985
2 0.6829303939185815 0.4295929760900414 0.019477746071058632 0.015843176002545433
2 0.7141076193114756 0.42839410276095025 0.02474744292790554 0.028397720003181703
2 0.4161645789886041 0.48583169605345206 0.027872442927905538 0.028434082670272608
2 0.4545935322555918 0.5229777073917701 0.01642552067816432 0.01736931333545435
4 0.5778298250596626 0.5033293734086329 0.02587329528527036 0.01904090133672707
7 0.6914963728261323 0.5632139980903595 0.014644696856846906 0.012663632001909165
3 0.7336732183590715 0.6808287594286775 0.013737168320799497 0.026707950668363623