5 0.4763932865953328 0.2698086399284142 0.01730567466803503 0.021313557878390378
5 0.456666072994274 0.43886945306847636 0.011082945745273775 0.025637036831702886
5 0.4608263321676561 0.5292214372834609 0.014144313231716587 0.01488154735504672
3 0.7919717930382405 0.5278970718090289 0.015761355386194255 0.02434755261671846
5 0.6512422539088248 0.5540562953594952 0.01416249394987581 0.01800654735504672
5 0.6682115852909141 0.5905552374811049 0.011037493949875809 0.017824536831702886
5 0.798680335290914 0.5829562981315055 0.01416249394987581 0.01800654735504672
5 0.3110955395221991 0.22320519766563018 0.015706813231716587 0.01497255261671846
3 0.5909244609687803 0.04836700845720513 0.01728749394987581 0.018188557878390334
1 0.513911467313492 0.26449951364828983 0.018886355386194254 0.024529563140062206
1 0.7817302263886784 0.2746733612715677 0.01887726502711473 0.022967063140062118
2 0.7885983708060924 0.1680593402248803 0.01886817466803503 0.021404563140062206
1 0.6133013714934634 0.6320216716396196 0.011001132513557365 0.011574536831702887
2 0.6725036546709507 0.6582509716960894 0.006286361436318444 0.006614021046687313
2 0.698134913746137 0.6825306348785039 0.007867042154477666 0.00983002630835923
1 0.5692887928418487 0.41122332422810326 0.010992042154477666 0.010012036831702886
1 0.3706149435057787 0.4634059924604281 0.007894313231716587 0.01451752630835923
2 0.7945644861512358 0.7534508086548491 0.023619307181592396 0.03261507892507787
1 0.6231525735834491 0.8181033848079167 0.010992042154477844 0.010012036831702886
1 0.5693781337901036 0.7985868163355955 0.006295451795398144 0.008176521046687313
1 0.6447957694269189 0.8566730611445108 0.004732951795398144 0.008085515785015573
1 0.4606076426688981 0.7010509346526248 0.011001132513557365 0.011574536831702887
2 0.7676439587292851 0.5480576533649424 0.004714771077238921 0.004960515785015574
2 0.7672667088274809 0.6129014033649425 0.007857951795398143 0.00826752630835923
1 0.48941546136156366 0.3135663452042035 0.007867042154477843 0.00983002630835923
1 0.39650125351604143 0.3096061582736785 0.007857951795398143 0.00826752630835923
2 0.49839607250329454 0.11233006889584422 0.011001132513557365 0.011574536831702975
2 0.8476183259211402 0.35986813765051406 0.007857951795397966 0.00826752630835923
2 0.5807454850710811 0.052864792658072146 0.015743174668035032 0.02122255261671848
1 0.6760371999486864 0.7220859585419097 0.02200226502711473 0.023149073663405774