5 0.3711983863959728 0.7031839066582728 0.014389808320624997 0.014307961850553141
7 0.6913491918668062 0.7913837414818786 0.020603440729444422 0.012854556006354479
5 0.751359971502084 0.7840837102322906 0.020567073138263937 0.0112920560063543
4 0.6161485169049312 0.7504917345820198 0.016025043502986235 0.01746023538950343
3 0.5480901543477438 0.8149866570653099 0.022165940729444424 0.012881829545304768
3 0.7635865613578479 0.7385393851512128 0.020676175911805574 0.0159795560063543
5 0.9543739090973965 0.6750284898603208 0.01755117591180557 0.01592500892845372
4 0.9440526985163199 0.6009597443245477 0.030123911094166546 0.019268197240056396
4 0.869832642095556 0.5350404638857386 0.023837543502986235 0.017596603084255237
3 0.9188864315144795 0.4599353238698525 0.02383754350298588 0.017596603084255057
5 0.5587483653100699 0.4670031245979058 0.020603440729444422 0.012854556006354479
5 0.7276620194703823 0.4710888323912691 0.020676175911805574 0.01597955600635448
5 0.791886213999549 0.37617970698587966 0.02053070554708327 0.009729556006354478
7 0.46752591289711865 0.5772332869349263 0.018968205547083273 0.009702282467404011
5 0.33019022026781303 0.6202719951320314 0.023764808320625087 0.014471603084255057
7 0.642614872243924 0.4772627402640627 0.023692073138263936 0.011346603084255058
7 0.6353264362641322 0.33201842411143845 0.020603440729444422 0.012854556006354479
5 0.9130163315907296 0.3756285077172283 0.01602504350298588 0.01746023538950343
4 0.7531672464846183 0.2908831351512126 0.026926175911805572 0.016088650162155816
4 0.4111655037028129 0.5063128607981882 0.02238414627652787 0.02225682954530477
7 0.8762047029816322 0.27154102557413584 0.020676175911805574 0.01597955600635448
1 0.2679084258148964 0.6307379366900449 0.01428070554708336 0.009620461850553142
2 0.5233414614340978 0.6583235998411394 0.03641027868534721 0.020939791395857908
4 0.4423258911456255 0.5690759135581317 0.020676175911805574 0.01597955600635448
2 0.4023710787409379 0.4642617284929399 0.0762728656913195 0.0559966298696164
2 0.8572228861116322 0.496963765427866 0.06533536569131967 0.05580571509696384
2 0.9330554214464934 0.32994781494139874 0.05239895459715278 0.03683752678536116
1 0.8489531783803475 0.3431393360447171 0.011192073138263935 0.011128414772652384
1 0.8994792020317017 0.29770805925935584 0.014280705547083272 0.009620461850553052
4 0.7595653296908684 0.43145358807331197 0.017442073138263937 0.01123750892845372
3 0.7831625645888891 0.23643141437220586 0.014571646276527872 0.022120461850553053
2 0.43079159194305616 0.7115225121781599 0.012754573138263937 0.011155688311602675
3 0.6367116707809032 0.5594303579588142 0.03001480832062491 0.014580697240056395