2 0.5512641392786846 0.5316634587444055 0.03708350593149916 0.028543170671545326
2 0.04052022923975333 0.09895566800604517 0.011701503954332693 0.018877269334818102
2 0.030050961445256198 0.18324885200509067 0.01826983893530465 0.02676249466899989
2 0.13945650045711053 0.39477779268777174 0.04020850593149907 0.028579533338636144
7 0.528192759317178 0.7525935767424965 0.027199169961943957 0.01593408267027261
7 0.3226682484799442 0.4062890993793615 0.045087006920082294 0.033321577339272504
4 0.8094665474148114 0.1798122467774949 0.021012836958138336 0.0174238573360908
4 0.330817693613578 0.6666635253819069 0.02088550296574958 0.014298857336090797
4 0.5474481422072529 0.9130498187459963 0.02732650395433254 0.019059082670272433
4 0.6318217781002584 0.664694682089405 0.030515170950527092 0.020657945337363516
2 0.6027059169590133 0.4009498080839961 0.03265067391627667 0.03473862667090888
2 0.29227509433533105 0.34653229137490715 0.04177100593149907 0.028597714672181595
2 0.2592013146778358 0.48683911803786195 0.04059050790866543 0.037954533338636055
2 0.3879576674533049 0.3961061247214975 0.037338173916276675 0.034793170671545325
2 0.6710088838786581 0.1633503580919503 0.033767504942915846 0.02381930800445433
2 0.5722304856655439 0.07465948074472369 0.043397172927693364 0.030178396005727005
2 0.6206388107606842 0.1143037834181779 0.027644838935304606 0.026871582670272565
2 0.7132083127378506 0.10600148209735916 0.03239600593149916 0.02848862667090888
2 0.6905348166921832 0.08697876209417749 0.027326503954332716 0.019059082670272565
4 0.7723113987074056 0.09418328210531333 0.013073002965749581 0.014207950668363556
2 0.7562487055137572 0.2198372627704952 0.030706171939110405 0.025345445337363513
4 0.7365980973010806 0.3376332901018135 0.014762836958138337 0.017351132001908985
2 0.8240569935370283 0.4355718981142219 0.03708350593149916 0.028543170671545326
2 0.930841551331963 0.5579656134627212 0.03995383794672165 0.022329533338636055
2 0.6460845493547966 0.5640316107574505 0.04059050790866543 0.037954533338636055
2 0.4186041950964528 0.6606504300604518 0.029271005931499162 0.02845226400381797
2 0.29033993224487153 0.7201243327100435 0.038646005931498986 0.02856135200509069
2 0.3248568536896902 0.6978589813812706 0.03864600593149907 0.028561352005090513
2 0.1341045196973014 0.6987658586887263 0.03577567391627663 0.03477498933799979
2 0.16253326722584344 0.710820963359317 0.03545733893530469 0.026962489337999784
2 0.11711333787235938 0.7704772266868172 0.03383117193911027 0.02538180800445424
2 0.1612320468833387 0.5701141473583625 0.03695617193911027 0.025418170671545327
2 0.045095052320546156 0.5429692973424541 0.035712006920082216 0.033212489337999786
2 0.2347318497725385 0.320069241366953 0.03421317391627667 0.03475680800445433
2 0.3486590400004375 0.20962318471513414 0.043970175893442945 0.04424089600572696
2 0.3080778023577272 0.1505294480426344 0.043651840912471054 0.036428396005727004
2 0.1822010518634356 0.1514096006922261 0.02745383794672147 0.02218408267027252
2 0.5820418843729497 0.15997027207985998 0.029271005931499162 0.028452264003818017
2 0.5105979658938805 0.1677367714035422 0.03395850593149916 0.02850680800445433
2 0.49317038536153285 0.1542464360677696 0.030387836958138337 0.017532945337363427
4 0.5051756368444076 0.14735154606936046 0.01801517095052709 0.020512494668999893
2 0.4692553828900749 0.16569246606458793 0.04196200692008212 0.033285214672181554
2 0.5142575236888152 0.28893051873804215 0.03682883794672147 0.022293170671545237
2 0.567458119544202 0.2301464120782691 0.01932300296574958 0.014280676002545345
4 0.4206521037268713 0.3034737293920882 0.017696835969555024 0.012699994668999893
2 0.5219970864266656 0.386723128739633 0.027517504942915848 0.02374658267027261
2 0.4361073714841873 0.6147384933959061 0.027517504942915848 0.02374658267027243
7 0.3525865587463368 0.5160640887173613 0.017760502965749582 0.014262494668999893
2 0.1801146980622023 0.6438061860279987 0.022957338935304696 0.02681703866963616
4 0.08222102612309204 0.6676789433481811 0.01964133794672147 0.022093176002545435
2 0.6966018611040641 0.6670117074315409 0.03864600593149916 0.02856135200509069
7 0.8972690700778623 0.8639701654598578 0.02088550296574958 0.014298857336090976
7 0.9312607039937013 0.6244082261298123 0.017887836958138337 0.017387494668999894
2 0.5206335631949611 0.49691574140672384 0.025891337946721472 0.022165901336727245
2 0.12264302665456465 0.27030450401813555 0.024137836958138335 0.017460220003181703