4 0.5544180091180557 0.16586392247999485 0.02093074905006951 0.026917056006354433
4 0.6548765232701046 0.38862135835596556 0.016134146276527872 0.02214773538950343
4 0.7415225380877434 0.3870100397677095 0.02409211664125017 0.02853410308425506
5 0.5642521764804865 0.42061960632737067 0.0096659407294446 0.012663641233702094
1 0.4219724510817711 0.3470712378218401 0.017769381458888844 0.025300008928453722
2 0.2639989097629865 0.4716058133099551 0.01773301386770836 0.02373750892845372
2 0.2079502379352435 0.5463779423687926 0.011301175911805572 0.015815914772652383
2 0.576535277354167 0.478623021100023 0.011446646276527871 0.022065914772652385
2 0.5207061174942714 0.6299303766199101 0.039717116641250175 0.02880683847375849
2 0.4773366707809032 0.578412741068251 0.014717116641250172 0.02837046185055314
2 0.5606758476426393 0.5689343754020941 0.026962543502986058 0.017651150162155814
2 0.7455950550895838 0.5284299265371846 0.011410278685347209 0.020503414772652384
2 0.7813331865484726 0.5540435811635673 0.011301175911805572 0.015815914772652383
2 0.8131468842117713 0.5788078019425742 0.014498911094166544 0.01899546185055314
2 0.8097841884483337 0.5014367784036237 0.014498911094166544 0.01899546185055314
2 0.7795505213702434 0.44390096793304246 0.017660278685347208 0.020612508928453722
2 0.5391404608654169 0.281175276782066 0.013009146276527873 0.022093188311602674
2 0.5082203820275698 0.42901275892515844 0.020603440729444422 0.012854556006354479
2 0.3401055084524656 0.3862507402574721 0.014498911094166723 0.018995461850553053
2 0.3804993447928478 0.6454445081143796 0.011555749050069508 0.026753414772652383
2 0.368599410047327 0.6710075698027769 0.02420121941479163 0.03322160308425524
2 0.4793375415062158 0.6979303542987758 0.014498911094166544 0.01899546185055314
4 0.3621883687285423 0.7981876785690748 0.017514808320625 0.014362508928453721
2 0.6918732558870144 0.6696219423654972 0.017914851823611144 0.03155000892845372
4 0.6739213832618407 0.6029293202065187 0.006577308320624908 0.014171594155801515