3 0.32765590257004995 0.6980303458182059 0.02512726933481808 0.011956171939110406
3 0.413520129893414 0.767934327529417 0.011155676002545434 0.019195668973360825
3 0.20091158923459546 0.7188123725099516 0.017387494668999894 0.017887836958138337
3 0.16767620663591049 0.21962279741481133 0.018968176002545346 0.019514003954332716
5 0.6237978426161842 0.34628086752985465 0.020494313335454352 0.016452670950527094
3 0.5071739639560929 0.302618392244434 0.023564769334818082 0.01189250494291585
4 0.7313568986314561 0.229451511788636 0.03459317600254526 0.020150673916276673
3 0.8559178099140947 0.5976364846025988 0.017423857336090975 0.021012836958138336
5 0.7936381752864566 0.31281049844276315 0.01733295066836362 0.013200336958138336
1 0.8532922492441404 0.6219507350968903 0.02053067600254508 0.019577670950527093
1 0.4574477786441829 0.1469069031188489 0.047347714672181594 0.04253500988583174
1 0.5811034546467282 0.12312721041949197 0.037790901336727245 0.026528007908665385
1 0.6258217772517765 0.5749961165412715 0.014189769334818081 0.01151050296574958
1 0.6452979359086861 0.6460434455907443 0.012609088001272539 0.009884335969555203
1 0.6469797092616396 0.5015121955907443 0.012590906667727353 0.008321835969555203
1 0.5013223112667303 0.46996505973492 0.009465906667727352 0.008194501977166268
1 0.3796382152689575 0.45852483543808253 0.012590906667727175 0.008321835969555024
1 0.41153419995227497 0.3346270790122919 0.011064769334818082 0.011383168973360735
1 0.8751881672899564 0.28371856464065476 0.011064769334818435 0.011383168973360825
1 0.6400222792807296 0.36123736406981355 0.011064769334818082 0.011383168973360735
1 0.8356267753023652 0.19396765654170894 0.011028406667727354 0.008258168973360736
1 0.5659035266152296 0.3556677963890471 0.012590906667727353 0.008321835969555113
1 0.7814098006047301 0.42419366741612397 0.00948408800127254 0.00975700197716627
1 0.7051985525541415 0.7997785992410659 0.011064769334818082 0.011383168973360825
1 0.7597411492282321 0.7428945878723594 0.00948408800127254 0.00975700197716627
1 0.7086562899825009 0.09996960022964907 0.012590906667727175 0.008321835969555113
1 0.6522159333227278 0.05151219559074436 0.011028406667727354 0.008258168973360736