3 0.61484375 0.3265625 0.01171875 0.021875
7 0.56953125 0.5703125 0.01171875 0.01953125
6 0.49921875 0.93984375 0.01640625 0.0296875
6 0.63828125 0.89140625 0.01953125 0.01875
6 0.1625 0.28359375 0.02109375 0.053125
6 0.0828125 0.31171875 0.03046875 0.05078125
2 0.47109375 0.26953125 0.0109375 0.01640625
2 0.66953125 0.2875 0.01328125 0.02109375
2 0.32265625 0.27421875 0.01171875 0.015625
2 0.53671875 0.55703125 0.01328125 0.01875
2 0.26953125 0.3984375 0.01015625 0.01875
2 0.38359375 0.4453125 0.01171875 0.0171875
2 0.70546875 0.578125 0.01875 0.02734375
2 0.65 0.68359375 0.0125 0.015625
2 0.34921875 0.63515625 0.01171875 0.01328125
2 0.4296875 0.55546875 0.0125 0.01484375