7 0.4562540923209837 0.7249869598865255 0.013136669961943959 0.016207196856846906
4 0.18071155874633676 0.5023308256833443 0.01001166996194396 0.01606164764263518
4 0.15859647821398912 0.4901048074863793 0.011446835969555114 0.013009422249740865
4 0.13936897574253118 0.5026968527716497 0.011574169961943914 0.016134422249741043
4 0.4326148873386992 0.118649222706807 0.016452670950527094 0.021040246071058588
4 0.5812341180613273 0.2029599485139859 0.010075336958138337 0.01762414764263518
4 0.5261633215979181 0.4254192994236087 0.01801517095052709 0.021113020678164496
4 0.5362320468833387 0.5419154406561031 0.013200336958138336 0.017769696856846907
4 0.32021972771969753 0.48491638565092304 0.013200336958138336 0.017769696856846907
4 0.386675057263462 0.4997558275453712 0.011637836958138336 0.017696922249741044
4 0.425578389772976 0.5018427123677248 0.01151050296574958 0.014571922249741043
4 0.36433182505795914 0.41658160856261783 0.013200336958138336 0.017769696856846907
4 0.3559542978719219 0.5456334077768296 0.013200336958138336 0.017769696856846907
2 0.5314065785180002 0.39242486290584405 0.018269838935304605 0.027363020678164495
2 0.4563667692401909 0.2820738678682428 0.017951503954332714 0.019550520678164495
1 0.37625616349897223 0.3918534363128769 0.01281833498097198 0.008394696856846906
1 0.5277444317505798 0.6928058525667617 0.011446835969555025 0.013009422249740865
4 0.3937845617120863 0.4783709791169478 0.010075336958138337 0.01762414764263518
4 0.33996985912689764 0.6508667173301236 0.011510502965749491 0.014571922249740864
4 0.5601576837277463 0.6819389731210918 0.01151050296574958 0.014571922249741043