7 0.7056889987568046 0.23248965805694385 0.019241322930778536 0.009811411094166722
3 0.8165236001817142 0.32120470630958264 0.016525758706427494 0.01755117591180557
3 0.7540612217330116 0.3070525937523952 0.025573210085908293 0.011519381458888844
5 0.7283109492317743 0.2623947103936452 0.01496325870642714 0.017514808320625
3 0.8473674864323326 0.34311542069038126 0.02721759724103805 0.013118249050069508
5 0.8099217181149669 0.4025092576963535 0.01471759724103805 0.012827308320625086
3 0.7876638585494571 0.529435433608159 0.01808825870642732 0.01758754350298606
3 0.8399666649718922 0.5289983693036104 0.02721759724103805 0.013118249050069508
3 0.781651796699955 0.6739303160169785 0.027135710085908114 0.011555749050069508
3 0.7915147976044661 0.6495115442654854 0.02409259724103805 0.013045513867708358
4 0.7999071517429093 0.668043338718402 0.020885710085908116 0.011410278685347209
3 0.7401260379935277 0.692063373387673 0.02236632293077854 0.009884146276527872
4 0.7976286787667022 0.5924075590831243 0.019323210085908114 0.011373911094166722
4 0.8257503567404347 0.5769273762374645 0.02269387155129756 0.016134146276527872
3 0.7151968798074989 0.8252941006862493 0.01496325870642714 0.017514808320625262
4 0.5879449830414307 0.8711722579806939 0.03749335594746519 0.03052395459715278
3 0.7081257654922906 0.6475509603936451 0.03050637155129756 0.01631598423243048
3 0.696793197084068 0.5362322538966313 0.021377033016686652 0.020785278685347207
3 0.6569560911366026 0.566810759880555 0.025491322930778538 0.009956881458888844
3 0.6539638879480993 0.6090164436761453 0.027135710085908114 0.011555749050069508
5 0.6974239608788777 0.5986413349186799 0.011838258706427318 0.017442073138263937
3 0.687013162597043 0.3804004811952077 0.021295145861557074 0.01922277868534721
3 0.47170026458777947 0.677243032866319 0.025900758706427142 0.017769381458888844
7 0.4722878420411137 0.5469197532310413 0.021131371551297563 0.01609777868534721
4 0.4385203516520521 0.506349957828194 0.02293953301668683 0.020821646276527873
3 0.5838848405707757 0.36797517600871477 0.02721759724103805 0.013118249050069508
4 0.5729639507021125 0.44235758016902726 0.030670145861557075 0.01944098423243048
5 0.5615627832438295 0.39190363848965226 0.013236984396167628 0.014353440729444422
5 0.5321176226829513 0.37308155651767316 0.014881371551297562 0.015952308320624997
3 0.45403356626051616 0.37411868607670096 0.02721759724103805 0.013118249050069508
3 0.5721738138856669 0.21921102089847172 0.024174484396167806 0.014608013867708358
3 0.38483758819592645 0.22045013184013856 0.014963258706427318 0.017514808320625085
4 0.4413089162150877 0.2893624795796871 0.02269387155129756 0.016134146276527782
5 0.3561759203989592 0.39512347672989556 0.011838258706427318 0.017442073138263937
4 0.38750672829173227 0.571521669359201 0.02738137155129756 0.01624324905006951
5 0.38184322648271 0.6200319045415622 0.017924484396167804 0.014462543502986236
3 0.22209533299600218 0.7946351270904859 0.016607645861556986 0.019113675911805572
3 0.0861854884684976 0.7377155927055554 0.024092597241038006 0.013045513867708358
3 0.12767694764989473 0.7500149177436803 0.022366322930778493 0.009884146276527872
5 0.14200944256151207 0.6700910284010069 0.01603443577564878 0.008176175911805573
5 0.22090124095488844 0.23675054511850674 0.01471759724103805 0.012827308320624998
5 0.2543035611721335 0.2991771567257636 0.011674484396167806 0.014317073138263936
3 0.17226898914586614 0.2862608890583332 0.030260710085908294 0.01162848423243057
3 0.16956339100031698 0.3229978228539235 0.024092597241038006 0.013045513867708358
3 0.1798590818643484 0.39454551453329845 0.027217597241038005 0.01311824905006942
5 0.20282519109117403 0.4923283978920484 0.01808825870642723 0.017587543502986237
5 0.19354312358746245 0.35677275759944427 0.019241322930778494 0.009811411094166722
4 0.21179407734179262 0.5147482585493748 0.021295145861557074 0.01922277868534721
3 0.10285949061620418 0.4642235413187846 0.027217597241038005 0.013118249050069508
3 0.12519815807448725 0.5144229098598958 0.02565509724103805 0.013081881458888844
5 0.13442267186929718 0.5766319691304512 0.017924484396167804 0.014462543502986059
3 0.04511891169253187 0.41952994357923606 0.028780097241038007 0.013154616641249995
3 0.025928498418120303 0.4730368032866319 0.019650758706427275 0.017623911094166722
3 0.013247532225746927 0.4382260454028472 0.026495064451493855 0.011555749050069508
5 0.007556374944229173 0.6568669426293056 0.015112749888458347 0.014462543502986236
1 0.22651391734674142 0.6954345608860761 0.03716580732694634 0.02427395459715278
1 0.19157899536590256 0.7664744127096873 0.027790807326946255 0.02405574905006951
1 0.41338091078802075 0.4351477582650343 0.021213258706427318 0.017660278685347208
1 0.5668976571699761 0.5283314477602078 0.00978443577564878 0.008030705547083272
1 0.597543469585305 0.5837995445498259 0.009866322930778538 0.009593205547083272
1 0.555996699458917 0.6916672491469786 0.012991322930778537 0.009665940729444423
1 0.497846684759596 0.65478615140743 0.00978443577564878 0.008030705547083272
1 0.6319959554518109 0.7452994357923606 0.00978443577564878 0.008030705547083272
1 0.5528949536427885 0.7955189477602078 0.011428822930778538 0.009629573138263936
1 0.4682875802824687 0.8614725625015968 0.01134693577564878 0.008067073138263936
1 0.32727631445149385 0.42544740957555527 0.009866322930778538 0.009593205547083272
1 0.37241175203616494 0.3682154846136802 0.012991322930778537 0.009665940729444423
1 0.3508056676854257 0.4678160943210761 0.008221935775648781 0.007994337955902786
1 0.2767883135469827 0.4508117386977428 0.01134693577564878 0.008067073138263936
1 0.30251425260199183 0.5703787030785413 0.011510710085908293 0.011192073138263935
1 0.050091937473129414 0.592640135258611 0.011428822930778515 0.009629573138263936
1 0.17666880484055544 0.4703085807377082 0.009948210085908293 0.011155705547083273
1 0.0585307157401178 0.2678401570101041 0.02614642017181652 0.022456881458888932
1 0.3181957270485369 0.822049652641701 0.043661468792335525 0.02910692496187508
1 0.20683209690235377 0.20742672103031232 0.024502033016686832 0.020858013867708358
1 0.06366087177844013 0.4081742162806597 0.008221935775648758 0.007994337955902786
1 0.07349621721045584 0.4438389593468054 0.009702548620519003 0.006468205547083272
1 0.08907695160662361 0.42943096723059015 0.009784435775648758 0.008030705547083272
1 0.14261138738227236 0.4203819691304512 0.009948210085908248 0.011155705547083273
1 0.0025451879811558176 0.5157698171543402 0.005090375962311635 0.004905705547083273
1 0.016031197988578993 0.5278879574469444 0.01151071008590826 0.011192073138263935
1 0.14079433910043765 0.20194109365548601 0.00978443577564878 0.008030705547083272
3 0.0992575350528517 0.35428549686586797 0.020967597241038007 0.012972778685347209
3 0.13612012720550706 0.26135246124666656 0.008631371551297517 0.015806837955902785
3 0.15104908638690417 0.27427003533486094 0.025818871551297518 0.016206881458888933
3 0.18344774932263147 0.44518129416857627 0.022530097241038004 0.013009146276527873
1 0.19821185493141247 0.6399119127096873 0.009948210085908293 0.011155705547083273
1 0.1619833485998344 0.8100795955553469 0.008303822930778536 0.009556837955902609
3 0.616521441657001 0.6832358468865273 0.015045145861557075 0.01907730832062491
3 0.5252623558359236 0.6081105199485413 0.02417448439616763 0.014608013867708358
3 0.49019687980749893 0.8305310338162496 0.01183825870642714 0.017442073138263937
3 0.003030988241354998 0.6375720819719792 0.006061976482709996 0.017587543502986237
3 0.06449967548734178 0.481502613507118 0.021213258706427273 0.017660278685347208
3 0.30903532677596574 0.31194860723885387 0.025491322930778538 0.009956881458888933