3 0.731488135294028 0.3312417311793532 0.027108137023308564 0.016862168320799585
3 0.3781052188666248 0.46375870884855885 0.03017857332097771 0.015445217535011223
7 0.3716989953603126 0.6600151246881591 0.025436509618646852 0.013664393713693813
7 0.4417163402808367 0.5431594185256874 0.02236607332097762 0.015081344499482086
3 0.3329911594254632 0.6683520095105127 0.02716270072563942 0.018424668320799496
7 0.6680159454529798 0.5685190992524838 0.02247520072563951 0.018206344499482087
3 0.484275895630465 0.7791354598820162 0.026999009618646853 0.013737168320799497
6 0.892098253080043 0.3293625157112565 0.10261905771188111 0.0796575748547749
0 0.7165278565229055 0.6175773374656595 0.0613938569862416 0.060577935070022446
1 0.5700373247565581 0.9344458521479678 0.025709328130301044 0.021476893713693813
6 0.35818953375008195 0.38483318817039447 0.05147321996293304 0.044516287427387446
1 0.5245859263005042 0.8613508004525567 0.03061508293962447 0.027945217535011578
2 0.6403993769413254 0.5594330436281313 0.02749008293962447 0.027799668320799498
3 0.8585566106992568 0.5079755132300571 0.014880955534962936 0.024092471463952592
2 0.2803224832945951 0.4779239086008899 0.03546627404661713 0.03285104135632881