0 0.9105224396592453 0.6539488039730801 0.035775673916276673 0.03537521034569906
2 0.732880259317178 0.7238845339148202 0.02652800790866543 0.038227425705962756
2 0.4991764213704566 0.7525336858015997 0.02094916996194396 0.016216033386094963
2 0.40321395844232566 0.5797530668386968 0.038518671939110224 0.026091138558944314
2 0.3358633378723594 0.7580659349436699 0.03657416996194396 0.016670674452321777
2 0.2123475834237351 0.7827286173135504 0.03513900395433271 0.01975021034569906
0 0.5561718151721274 0.46449647670954197 0.031088173916276673 0.03523881802583091
6 0.6058627504571106 0.3748740355641729 0.060168178859192525 0.05949467194503928
6 0.5118899159704302 0.3830706319615338 0.06696200692008211 0.03472199247815251
0 0.24836197376536484 0.5116886916075876 0.06115767589344294 0.045477636051661816
1 0.03228864619876668 0.49066445242814016 0.0319503369581383 0.018096782132453627
1 0.30176018228205254 0.3119327325155298 0.019386669961943957 0.016170569279472156
3 0.25853015262455725 0.45364887107447416 0.013136669961943959 0.01598871285298138
3 0.24907689817593304 0.4749926736608989 0.019132001977166357 0.009920569279472246
1 0.277983148175933 0.4741515876883792 0.012754667984777512 0.006613712852981379
2 0.37067466695901335 0.3824976336108864 0.016261669961943958 0.016079641066226814
2 0.33619223760552924 0.4435858977966515 0.019259335969555202 0.013045569279472247
3 0.47361793623638526 0.28820441284034615 0.020567167984777514 0.006841033386094875
2 0.4757335345632301 0.21713339489365752 0.013136669961943782 0.01598871285298138
2 0.7326361560845984 0.4234669967678018 0.03513900395433271 0.01975021034569906
2 0.5995225671492938 0.45387121377741824 0.030196835969555025 0.01336381802583091
4 0.733536764297275 0.3056119070343584 0.011192167984777512 0.00656824874635884
4 0.7596535953239142 0.31577651722177286 0.009629667984777513 0.006522784639736124
4 0.7336176773391367 0.3227766749810471 0.011128500988583135 0.005005748746358752
2 0.8001645542977126 0.5088983799164698 0.014953837946721648 0.022284176959604097
2 0.8003528966930583 0.4659750940230924 0.019259335969555025 0.013045569279472247
4 0.6859137119023668 0.5551405455933027 0.009629667984777513 0.006522784639735946
4 0.698332798860505 0.5376120647936327 0.012754667984777512 0.006613712852981379
4 0.7101324619023668 0.5544358519406513 0.009629667984777513 0.006522784639736124
2 0.830597517720135 0.6812447413575253 0.03813666996194378 0.016716138558944316
2 0.7458975014456938 0.36611749802144294 0.011637836958138336 0.01750574874635875
1 0.7019883339552078 0.37129674300687804 0.012818334980972068 0.008176212852981379
1 0.676337076540834 0.40715768665952956 0.00975700197716627 0.009647784639735946
1 0.6771329139932638 0.38762643665952956 0.009629667984777513 0.006522784639736124
1 0.6935391639932638 0.38714906353999146 0.009629667984777513 0.006522784639736124
2 0.680364048860505 0.5381349020197935 0.00994800296574958 0.014335284639736124
4 0.6795655528148378 0.5194303661264161 0.015879667984777513 0.006704641066226813
2 0.6813336412558508 0.4951888840731048 0.01756950197716627 0.00987510517284953
3 0.6892310073771928 0.33967466996648216 0.008449169961943958 0.015852320533113407
4 0.665408846806789 0.3114958456724451 0.02225700197716627 0.010011497492717503
4 0.4613593808757274 0.5507498769469688 0.022384335969555025 0.01313649749271768
4 0.46980855083767137 0.5348975564138554 0.012691000988583135 0.005051212852981379
4 0.47352379984908827 0.5394713961472988 0.009502333992388756 0.0033977846397359457
4 0.4759802963890471 0.5557867179340533 0.015879667984777513 0.006704641066226813
4 0.4919700523205462 0.5272298089211379 0.019068334980972067 0.008358069279472247
4 0.3900228917501424 0.5013241899582349 0.019259335969555112 0.013045569279472247
4 0.4458219055903069 0.43415341033306376 0.019004667984777512 0.006795569279472247
4 0.39395961114124506 0.25150604638472557 0.015879667984777513 0.006704641066226813
4 0.43321842931630294 0.3221535155059132 0.013009335969555025 0.012863712852981468
4 0.35859252513450884 0.6598641156641978 0.012627333992388756 0.0034887128529813793
4 0.3638238531953986 0.684682259237707 0.01125583498097189 0.008130748746358663
2 0.41308636555268824 0.6247245860390266 0.016134335969555026 0.012954641066226813
3 0.5195392954004638 0.5592012229486183 0.019132001977166267 0.009920569279472246
2 0.597968042929006 0.568624035564173 0.01938666996194378 0.016170569279472247
2 0.631874810723503 0.48336248548503064 0.012882001977166269 0.00973871285298138
4 0.6582264050960152 0.4303140418323791 0.013009335969555025 0.01286371285298138
4 0.6578589905712787 0.42018052388569044 0.014699169961943781 0.016034176959604095
4 0.705804400647391 0.4499984045270759 0.00975700197716627 0.009647784639735946
2 0.5512415760465423 0.41313856518934405 0.03057883794672165 0.022738818025830908
4 0.5290933675298547 0.6119852421489481 0.01744216798477751 0.00675010517284953
4 0.556963699545077 0.61741688822974 0.015879667984777513 0.006704641066226813
4 0.5190312539171517 0.36101377553504305 0.015943334980972067 0.008267141066226813
4 0.6348578892786845 0.5059050752184739 0.006632001977166268 0.009556856426490689
4 0.6337529871112377 0.43726873548503065 0.015879667984777513 0.006704641066226813
4 0.5073005750579591 0.41909906017477916 0.014317167984777512 0.006659176959604096
2 0.4712184950199031 0.40454246668041216 0.016134335969555026 0.012954641066226813
4 0.4428468028148377 0.5263181782797524 0.016007001977166268 0.009829641066226812
4 0.43368400292856857 0.36817906934597916 0.016007001977166268 0.009829641066226812
4 0.48044359779537216 0.31219584230723274 0.012754667984777512 0.006613712852981468
4 0.42790223513407144 0.4526222655059132 0.014444501977166268 0.009784176959604096
4 0.44030673463977976 0.4546023026529317 0.009629667984777513 0.006522784639736124
2 0.4208882311797387 0.471554121932404 0.014444501977166268 0.009784176959604096
4 0.35405621684528266 0.5413869003039338 0.018877333992388758 0.003670569279472247
4 0.37561288186431063 0.5485629028112162 0.0127546679847776 0.006613712852981379
4 0.3169872983662135 0.551049056809567 0.019004667984777512 0.006795569279472247
4 0.37443238384147703 0.539233366917839 0.015879667984777513 0.006704641066226813
4 0.3916344712939069 0.5192247437983009 0.01782416996194387 0.01612510517284953
4 0.5163970493547966 0.540564883215175 0.02212966798477751 0.006886497492717502
4 0.47484887790997804 0.5644031999873647 0.016134335969555026 0.012954641066226813
4 0.4672194031188489 0.44523566284034616 0.011064833992388756 0.00344324874635884
4 0.4932964248676788 0.34147416534762864 0.012818334980972068 0.008176212852981469
2 0.4997162267311143 0.4903292024946472 0.014253500988583134 0.005096676959604096
1 0.5183388927387256 0.492908633215175 0.00975700197716627 0.009647784639735946
4 0.5303587316740301 0.46602788446881627 0.020567167984777514 0.006841033386094963
4 0.5785733971873499 0.47008724716351313 0.015879667984777513 0.006704641066226813
4 0.5822249792025722 0.47622358689695643 0.019004667984777512 0.006795569279472247
2 0.4745995271116753 0.6471247717741193 0.02538200197716627 0.010102425705962936
4 0.5978261214841873 0.5912575535108615 0.008194501977166268 0.009602320533113407
4 0.6484654500393686 0.6124134879923131 0.012627333992388756 0.0034887128529813793
4 0.6010770913695815 0.3391183919906636 0.015879667984777513 0.006704641066226813
4 0.6049024283277198 0.32183996377741825 0.008258168973360824 0.011164820533113406
4 0.5926319441078697 0.642129731724107 0.012818334980972068 0.008176212852981379
4 0.2597557771116752 0.653376086434738 0.019004667984777512 0.006795569279472247
4 0.29421298463977974 0.4588531966221524 0.014253500988583134 0.005096676959604096
3 0.6271515241459257 0.6567317893250966 0.019132001977166267 0.009920569279472246
1 0.5805364396964263 0.26870660359000387 0.02088550296574958 0.014653533386094875
4 0.5179754312934695 0.31032345374828846 0.012754667984777512 0.006613712852981379
4 0.3492890982896638 0.31367107726353793 0.019004667984777512 0.006795569279472247
4 0.306856270191593 0.6847791991294349 0.0127546679847776 0.006613712852981379
4 0.2818244366934958 0.6862878748353978 0.015752333992388755 0.003579641066226813