7 0.13828125 0.88046875 0.0078125 0.02265625
7 0.175 0.93828125 0.01484375 0.0109375
7 0.16640625 0.89375 0.01328125 0.015625
7 0.23671875 0.97265625 0.01875 0.01953125
2 0.09296875 0.82734375 0.02265625 0.0265625
2 0.2625 0.88046875 0.02734375 0.025
2 0.20703125 0.7671875 0.02265625 0.034375
3 0.13359375 0.6828125 0.0109375 0.02421875
3 0.134375 0.77421875 0.01171875 0.03125
7 0.12265625 0.63359375 0.0125 0.01640625
7 0.1140625 0.6296875 0.01015625 0.0109375
7 0.09296875 0.56171875 0.0125 0.01640625
7 0.18203125 0.50859375 0.009375 0.021875
7 0.278125 0.55 0.0140625 0.00859375
4 0.271875 0.72578125 0.0125 0.02421875
4 0.18671875 0.66171875 0.01171875 0.02265625
4 0.16484375 0.66328125 0.01015625 0.01875
2 0.26015625 0.64453125 0.02265625 0.021875
2 0.37734375 0.7140625 0.025 0.0421875
7 0.37578125 0.51640625 0.015625 0.0359375
3 0.38203125 0.41171875 0.02109375 0.0203125
7 0.4234375 0.3953125 0.009375 0.01953125
7 0.33671875 0.4796875 0.01484375 0.02578125
4 0.29765625 0.41015625 0.009375 0.021875
4 0.31015625 0.42421875 0.015625 0.015625
4 0.27578125 0.44609375 0.0125 0.025
7 0.29296875 0.32890625 0.01328125 0.0125
7 0.20625 0.27265625 0.015625 0.01796875
7 0.1515625 0.2609375 0.01171875 0.0140625
7 0.2484375 0.2546875 0.01015625 0.01171875
7 0.25 0.22890625 0.01015625 0.01953125
7 0.22421875 0.25859375 0.009375 0.01953125
7 0.27109375 0.25234375 0.0125 0.01484375
7 0.31328125 0.25625 0.00859375 0.01953125
7 0.3578125 0.115625 0.01484375 0.021875
7 0.20546875 0.35390625 0.01171875 0.01640625
4 0.15625 0.31796875 0.00625 0.0140625
4 0.184375 0.31171875 0.01328125 0.0203125
4 0.11796875 0.39765625 0.01484375 0.025
2 0.14140625 0.4578125 0.0234375 0.025
2 0.1671875 0.390625 0.02734375 0.03515625
3 0.13984375 0.57109375 0.0171875 0.02421875
2 0.10625 0.53046875 0.02109375 0.03671875
7 0.07890625 0.54296875 0.009375 0.0109375
7 0.09609375 0.50546875 0.0078125 0.0234375
2 0.08671875 0.459375 0.021875 0.028125
7 0.07265625 0.47734375 0.01484375 0.0125
4 0.18671875 0.44921875 0.01328125 0.0234375
4 0.16953125 0.4234375 0.01171875 0.015625
2 0.16328125 0.46875 0.01796875 0.03125
4 0.215625 0.50390625 0.01015625 0.0234375
7 0.22890625 0.546875 0.0109375 0.01484375
2 0.253125 0.56640625 0.0328125 0.05625
4 0.29375 0.58671875 0.01875 0.02265625
3 0.3125 0.5359375 0.00703125 0.02109375
4 0.4140625 0.51015625 0.01953125 0.0203125
7 0.4046875 0.48046875 0.0109375 0.01796875
3 0.44921875 0.44375 0.0140625 0.02421875
4 0.47734375 0.40234375 0.009375 0.009375
4 0.24296875 0.0296875 0.0078125 0.02109375
7 0.2109375 0.04609375 0.0078125 0.0125
7 0.2 0.03203125 0.0078125 0.01171875
4 0.21953125 0.03046875 0.01328125 0.0171875
4 0.221875 0.14453125 0.00625 0.01796875
2 0.24140625 0.159375 0.0171875 0.0234375
2 0.25390625 0.1890625 0.01953125 0.02734375
2 0.30703125 0.1796875 0.02265625 0.028125
2 0.32734375 0.1515625 0.0234375 0.0328125
2 0.328125 0.10859375 0.02890625 0.03203125
4 0.28359375 0.08515625 0.01171875 0.00859375
4 0.265625 0.034375 0.01328125 0.0125
4 0.259375 0.040625 0.01484375 0.01171875
2 0.37421875 0.05859375 0.02421875 0.02890625
4 0.434375 0.0828125 0.01171875 0.01875
4 0.44375 0.05859375 0.01015625 0.01328125
4 0.4390625 0.0703125 0.0171875 0.0140625
4 0.46484375 0.1453125 0.01328125 0.0078125
5 0.50703125 0.1828125 0.00703125 0.02109375
5 0.49375 0.275 0.009375 0.02109375
2 0.43125 0.284375 0.0171875 0.02578125
2 0.40859375 0.3140625 0.02734375 0.028125
2 0.3609375 0.3578125 0.02109375 0.0421875
4 0.3734375 0.37265625 0.009375 0.01953125
4 0.375 0.2984375 0.0078125 0.00859375
4 0.34296875 0.27890625 0.00859375 0.021875
4 0.28515625 0.284375 0.01484375 0.01171875
4 0.2484375 0.36953125 0.01015625 0.02109375
2 0.3390625 0.40859375 0.0171875 0.03203125
2 0.33984375 0.52890625 0.0234375 0.0390625
2 0.34140625 0.58515625 0.025 0.02734375
2 0.38359375 0.5703125 0.0203125 0.03046875
2 0.4328125 0.63984375 0.02109375 0.0296875
5 0.48671875 0.56875 0.00703125 0.0234375
7 0.32421875 0.6390625 0.01171875 0.01171875
7 0.35546875 0.66171875 0.01328125 0.0140625
4 0.25390625 0.703125 0.009375 0.0171875
4 0.36171875 0.740625 0.0125 0.0234375
2 0.38984375 0.76015625 0.01484375 0.02421875
2 0.42421875 0.725 0.01796875 0.0265625
2 0.46875 0.75546875 0.0234375 0.0359375
4 0.375 0.81953125 0.0125 0.01328125
4 0.3859375 0.82421875 0.01171875 0.01484375
3 0.37265625 0.79375 0.021875 0.0140625
4 0.29375 0.7953125 0.00859375 0.01875
4 0.2890625 0.8453125 0.00625 0.01796875
4 0.3 0.853125 0.009375 0.01796875
2 0.31328125 0.978125 0.01640625 0.02734375
3 0.40546875 0.9390625 0.01640625 0.028125
4 0.3890625 0.92890625 0.01171875 0.0203125
2 0.37734375 0.89921875 0.025 0.03203125
2 0.37890625 0.86484375 0.02890625 0.0296875
7 0.453125 0.9484375 0.0171875 0.02734375
7 0.4390625 0.88515625 0.0109375 0.0140625
5 0.49296875 0.859375 0.0109375 0.02109375
4 0.51875 0.9640625 0.01484375 0.0140625
4 0.6390625 0.9515625 0.01484375 0.02421875
4 0.60703125 0.91875 0.0171875 0.01640625
7 0.684375 0.878125 0.0140625 0.0125
2 0.77265625 0.92734375 0.0265625 0.02421875
2 0.71875 0.86796875 0.0234375 0.0328125
2 0.6671875 0.8203125 0.0265625 0.03671875
7 0.63828125 0.80078125 0.0125 0.01875
2 0.61171875 0.7609375 0.03203125 0.04296875
2 0.5859375 0.71640625 0.025 0.034375
4 0.60703125 0.68046875 0.009375 0.02109375
2 0.50625 0.66328125 0.02265625 0.0328125
2 0.52109375 0.61875 0.025 0.02578125
2 0.50390625 0.70546875 0.0265625 0.0296875
2 0.5109375 0.7328125 0.01875 0.0203125
4 0.540625 0.64765625 0.009375 0.01796875
4 0.57421875 0.63046875 0.0078125 0.0171875
4 0.5765625 0.64140625 0.01171875 0.0125
2 0.703125 0.5203125 0.0203125 0.0359375
2 0.7015625 0.4796875 0.02109375 0.040625
5 0.740625 0.4765625 0.009375 0.01796875
4 0.81953125 0.52578125 0.009375 0.0203125
4 0.65703125 0.48125 0.00859375 0.0234375
5 0.6859375 0.40859375 0.01796875 0.01640625
7 0.61953125 0.33359375 0.0125 0.01875
4 0.55859375 0.3859375 0.01328125 0.01875
2 0.528125 0.34296875 0.01953125 0.034375
2 0.51328125 0.303125 0.02265625 0.02734375
4 0.51796875 0.26796875 0.0078125 0.01953125
4 0.5703125 0.28671875 0.01015625 0.01875
4 0.53671875 0.29921875 0.0078125 0.01953125
2 0.596875 0.26953125 0.015625 0.0328125
2 0.54296875 0.2359375 0.02421875 0.02734375
4 0.615625 0.175 0.02421875 0.0328125
2 0.55390625 0.18984375 0.03359375 0.0375
4 0.48984375 0.2015625 0.0125 0.0125
4 0.4546875 0.24609375 0.01328125 0.01953125
2 0.3921875 0.1890625 0.02265625 0.03515625
4 0.3609375 0.178125 0.0171875 0.0296875
2 0.35703125 0.22265625 0.0296875 0.0328125
2 0.3609375 0.24375 0.02265625 0.02890625
2 0.346875 0.23046875 0.02109375 0.0265625
4 0.30625 0.1171875 0.01640625 0.01875
2 0.553125 0.11640625 0.0265625 0.0296875
5 0.62734375 0.0140625 0.01015625 0.02109375
2 0.7078125 0.3140625 0.025 0.03515625
2 0.6671875 0.309375 0.03203125 0.03828125
2 0.73125 0.37265625 0.03046875 0.0328125
2 0.6984375 0.3953125 0.02421875 0.03046875
4 0.521875 0.5203125 0.0078125 0.0203125
4 0.53984375 0.465625 0.015625 0.02265625
4 0.54765625 0.44453125 0.0109375 0.0171875
4 0.56875 0.4734375 0.01015625 0.0078125
4 0.55703125 0.471875 0.00625 0.01640625
4 0.63984375 0.41875 0.01015625 0.02421875
4 0.62578125 0.39453125 0.00859375 0.0234375
4 0.65 0.4546875 0.01484375 0.021875
4 0.66953125 0.490625 0.01328125 0.02265625
4 0.6859375 0.51484375 0.01015625 0.02265625
4 0.56953125 0.55 0.01640625 0.0140625
7 0.77421875 0.7796875 0.0140625 0.03671875