7 0.8747165066639176 0.13318243387647044 0.023755748746359016 0.01189250494291585
7 0.9397110208496825 0.1678240307204405 0.014562605172849529 0.017760502965749537
7 0.8919411105831259 0.16197593733651156 0.017642141066226812 0.016325336958138294
2 0.8125514757851052 0.08851192102488918 0.030460389812585476 0.02777217292769345
2 0.8909900275136001 0.26337926984602555 0.029034282132453626 0.03239600593149898
2 0.7662340684215424 0.2130370771466686 0.038272889812585476 0.02809050790866543
3 0.668185361836767 0.1419340568807136 0.027017141066226814 0.01670733893530465
3 0.7632023451437197 0.13566149364857147 0.03482964106622681 0.017025673916276584
7 0.6148785054102763 0.13351937901010427 0.019159176959604098 0.014826503954332715
7 0.6099409528238515 0.12473462802152109 0.01286371285298138 0.013009335969555114
7 0.5368755258642475 0.10771161269848188 0.020721676959604095 0.014890170950527092
7 0.49362328252816495 0.20348968631074732 0.02536371285298138 0.013518671939110227
7 0.5503483071387713 0.3025611976794539 0.01143760517284953 0.017633168973360737
4 0.7323879173261857 0.28344773623419767 0.027017141066226814 0.016707338935304607
4 0.6534612837818063 0.19907805342067247 0.025454641066226812 0.01664367193911027
4 0.6512168221824661 0.17557688642447808 0.02067621285298138 0.013327670950527093
2 0.6463594891129404 0.27682105144350616 0.024164925705962757 0.02595500494291585
2 0.7348573509497074 0.3951346527361005 0.04778428213245363 0.0331600098858317
7 0.5291756522824909 0.40626185923844077 0.03960806927947225 0.02034167490485981
3 0.42034622156196305 0.42055516950483335 0.024119461599340218 0.02439250494291585
7 0.4091419486007094 0.4645770835352782 0.02219324874635866 0.01182883794672147
7 0.48513849577685786 0.367792266843095 0.030233069279472245 0.01995967292769336
4 0.40759851748447024 0.3310788340295698 0.02536371285298138 0.013518671939110227
4 0.42356449828414033 0.3434342539915137 0.01768760517284953 0.017887836958138337
4 0.4419818776718847 0.30594884144394363 0.027017141066226814 0.016707338935304607
7 0.3225786598043383 0.3322964827369755 0.014471676959604097 0.014635502965749581
7 0.2513735980467135 0.24512013490442225 0.02081260517284953 0.01801517095052709
7 0.230986890208297 0.18810613095008957 0.017596676959604096 0.014762836958138292
7 0.23941080713877128 0.2898914654367699 0.014426212852981379 0.013073002965749581
7 0.21222618151195066 0.2942460430033681 0.022238712852981467 0.013391337946721472
7 0.23868338143280834 0.2648914654367699 0.02219324874635884 0.01182883794672147
7 0.2393569828447341 0.3148596319386727 0.017596676959604096 0.014762836958138337
7 0.25000497783016923 0.3589916339158391 0.02219324874635884 0.01182883794672147
7 0.10883206004176513 0.41488485376405226 0.023937605172849485 0.01814250494291585
7 0.3354758134069774 0.23918315269891943 0.020721676959604095 0.014890170950527092
4 0.29112040815498563 0.18977606030357363 0.015852320533113407 0.008449169961943915
4 0.2888592261808166 0.21933622631118482 0.023892141066226814 0.01658000494291585
4 0.36937578879637123 0.1438043271094876 0.027108069279472246 0.01983233893530465
2 0.43476510807584334 0.16519650745155484 0.028943353919208194 0.02927100593149907
2 0.3693590684215423 0.1968656601132932 0.04153428213245362 0.03290534190105419
3 0.552301949062928 0.15515961566423142 0.0271989974927175 0.022957338935304696
2 0.5061028989837857 0.12284452277459405 0.04139788981258548 0.028217841901054187
7 0.5146140809579547 0.09353902475176042 0.014380748746358663 0.011510502965749536
7 0.4785318284506722 0.11391785034119221 0.025318248746358664 0.011956171939110227
2 0.4291766861308042 0.10722483996106887 0.030414925705962936 0.02620967292769345
7 0.445105563011266 0.09148709342110999 0.014562605172849529 0.017760502965749537
4 0.4322455133278352 0.21269358996106885 0.027017141066226814 0.016707338935304607
4 0.40288462226160837 0.19589075053147262 0.017596676959604096 0.014762836958138292
2 0.4494413735152495 0.1868632604173044 0.03501149749271768 0.023275673916276586
4 0.4931064569804867 0.23936351931455296 0.026971676959604098 0.015144838935304605
7 0.5402542416202227 0.2506485292003847 0.017596676959604096 0.014762836958138337
2 0.562811203219563 0.2749773671471062 0.06368206677218975 0.04317167984777566
4 0.5905330379384414 0.3159034560824108 0.025636497492717503 0.022893671939110228
3 0.5404792136444042 0.33883427870609306 0.022147784639735945 0.01026633794672147
4 0.5272327190546806 0.446759525246052 0.02407399749271768 0.02283000494291585
7 0.4950196126281899 0.43920435182406703 0.020721676959604095 0.014890170950527092
3 0.46444321404011574 0.4878991784020819 0.027108069279472246 0.019832338935304606
4 0.42479569233250325 0.5198375865010277 0.011255748746358662 0.011383168973360825
4 0.011831376418243436 0.29934608399238877 0.006568248746358768 0.011192167984777512
7 0.01629991607254445 0.26519391847906915 0.014380748746358769 0.01151050296574958
4 0.12020616607254445 0.2694277737259962 0.018977320533113406 0.008576503954332714
2 0.13874321740532797 0.2896911941822317 0.0271989974927175 0.022957338935304605
2 0.1710699840983754 0.3011526176042167 0.03036946159934022 0.024647172927693452
2 0.16880044193679192 0.35724345011373076 0.03202288981258557 0.02783583992388783
2 0.1429199035361321 0.3795986111784261 0.03831835391920828 0.02965300790866543
2 0.09778925996262286 0.3840022682887887 0.03850021034569899 0.03590300790866543
4 0.06680603292387643 0.3382613453610953 0.011346676959604141 0.014508168973360736
4 0.014053105964272311 0.3220660009885832 0.009829641066226812 0.016007001977166358
4 0.017777499537781585 0.31597516847906915 0.014562605172849491 0.017760502965749582
2 0.052460039587794015 0.4352172584029569 0.03363085391920826 0.029462006920082117
4 0.08624165769276723 0.496678681824942 0.02072167695960414 0.014890170950527092
4 0.06240935259906002 0.5089730933839289 0.01598871285298147 0.013136669961943782
4 0.0731649961725693 0.5031687623572896 0.016216033386094852 0.02094916996194378
4 0.15571908339873014 0.5244800296574953 0.009784176959604141 0.014444501977166268
5 0.20065115017091983 0.5668877055509383 0.022102320533113406 0.008703837946721471
5 0.29369645651826826 0.5464889753226017 0.02375574874635884 0.01189250494291585
2 0.2956704819868043 0.48024189281308766 0.030323997492717504 0.02308467292769336
2 0.32302259217421875 0.4548253987445867 0.03372178213245362 0.0325870069200823
2 0.3620336163891136 0.4010119906456409 0.046085389812585566 0.02840884288963732
4 0.379584829242095 0.41421232760377913 0.02219324874635884 0.011828837946721649
4 0.30170988182851977 0.4196227277940595 0.011255748746358752 0.011383168973360825
4 0.2766045817493775 0.3881671393530466 0.023755748746358753 0.01189250494291585
4 0.27483148159109294 0.3272296393530466 0.014562605172849529 0.017760502965749582
4 0.35857834428578983 0.2822619906456409 0.02380121285298147 0.01345500494291585
2 0.41121526246990536 0.3749243345238614 0.0365739974927175 0.02333934091247105
2 0.5366327996169239 0.3675495277175099 0.044613818025830906 0.03147017589344294
2 0.5950901572970558 0.3652495400747996 0.03211381802583091 0.030960839923887828
2 0.5854938484424249 0.41089762110143885 0.03353992570596276 0.026337006920082118
2 0.66567309342786 0.45786280440925564 0.03353992570596294 0.026337006920082295
5 0.5987871217993899 0.5191239565767024 0.025272784639735944 0.010393671939110404
7 0.6498769456977156 0.34407221843970054 0.014471676959604097 0.014635502965749581
7 0.6765447457768579 0.37559147387690794 0.016079641066226814 0.016261669961943958
4 0.7053707762599588 0.266740397298893 0.020630748746358663 0.011765170950527093
4 0.7600475675636125 0.3758726581733079 0.027017141066226814 0.016707338935304607
2 0.7843034214828208 0.4049526631162238 0.027108069279472246 0.019832338935304606
2 0.7526502562016992 0.4434594061961416 0.03032399749271768 0.02308467292769336
2 0.7898380191338229 0.4878924971086126 0.04144335391920837 0.029780341901054184
4 0.843019191936792 0.38471575897161064 0.016034176959604095 0.014699169961943958
4 0.849610172736462 0.3966891769563882 0.017596676959604096 0.014762836958138337
3 0.8164794239901031 0.384414670036306 0.017869461599340043 0.024137836958138335
4 0.8070385763391013 0.3013156685534312 0.020630748746359017 0.011765170950527093
4 0.8583055596460536 0.29326042942784614 0.018977320533113583 0.008576503954332714
4 0.8687800583924126 0.3046117649031097 0.020630748746359017 0.011765170950527093
3 0.9732749932695753 0.40953136965574516 0.031841033386094605 0.02158583992388774
4 0.9595163701500372 0.3925839501880929 0.023846676959604452 0.015017504942915849
2 0.9264310855103013 0.38187194326801055 0.038318353919208195 0.02965300790866543
2 0.8914566919367919 0.3866894358536368 0.03537521034569906 0.035775673916276673
7 0.9867924409142599 0.45854187262149465 0.026415118171480144 0.02308467292769336
7 0.9213320600417652 0.44799169178513587 0.017596676959604096 0.014762836958138337
5 0.9019432140401158 0.5057259373365116 0.023801212852981736 0.01345500494291585
4 0.9794581117702601 0.6220313696557451 0.019341033386094962 0.021076503954332713
7 0.9475609055811962 0.7057869457394685 0.014562605172849529 0.017760502965749582
2 0.9982295291629526 0.7933625415948554 0.0035409416740947107 0.032268671939110226
2 0.942356580033518 0.741469777754691 0.038318353919208195 0.02965300790866543
2 0.8854784427282147 0.6907720993897901 0.04153428213245362 0.03290534190105419
7 0.8620265708623178 0.6625051779449713 0.020721676959604095 0.014890170950527092
2 0.8160321092629775 0.6372213350553341 0.04957410266556721 0.04103617688202608
2 0.7669353797169487 0.6125914081733079 0.03992631802583091 0.03127917490485963
4 0.7317707695295343 0.6376895672608369 0.023755748746358663 0.01189250494291585
2 0.699841156439126 0.5326054778312407 0.036710389812585474 0.02802684091247105
2 0.6551196898252208 0.5510716349416033 0.03206835391920819 0.029398339923887917
2 0.7434093000126353 0.5281381537246836 0.035284282132453625 0.03265067391627667
2 0.7724519423325032 0.5340034931542799 0.024028533386094963 0.02126750494291585
4 0.6884322949980703 0.5695961418616855 0.020630748746358663 0.011765170950527093
4 0.6754609335570146 0.606523138895936 0.020630748746358663 0.011765170950527093
4 0.6864438976636373 0.6085313078692968 0.014471676959604097 0.014635502965749581
2 0.5789533095795467 0.7492916176413977 0.03978992570596294 0.026591674904859808
2 0.5368567377927921 0.7506976087441493 0.044522889812585474 0.02834517589344294
5 0.5388200545649818 0.7913544422422464 0.020630748746358663 0.011765170950527093
4 0.6004227957894932 0.8703362880976332 0.023755748746358663 0.01189250494291585
4 0.5307825825408002 0.702850357755566 0.026926212852981378 0.013582338935304606
5 0.4600214531530559 0.738202925930624 0.019341033386094962 0.021076503954332713
7 0.3723335850480828 0.6745449911399325 0.020721676959604095 0.014890170950527092
4 0.4179439502500621 0.6061743345238615 0.02076714106622681 0.016452670950527094
2 0.3695148104374765 0.5776699911399324 0.03818196159934022 0.02496550790866543
2 0.32700906169111776 0.5650134822426839 0.03206835391920828 0.029398339923887917
4 0.29056309633085387 0.5728923078321158 0.02219324874635875 0.011828837946721649
4 0.31706341184940234 0.625473479771226 0.02063074874635884 0.011765170950527093
4 0.32537000534376936 0.5891367317483923 0.020585284639736124 0.010202670950527093
2 0.3038647298752333 0.6545879768054764 0.03648306927947216 0.020214340912470874
2 0.26015418230337345 0.6005252179082279 0.03206835391920828 0.029398339923887917
4 0.20707229790106424 0.680296289543327 0.03831835391920828 0.02965300790866543
2 0.21373382336960028 0.6142402080223961 0.043278638558944316 0.03921900889724857
4 0.21724761678482496 0.5472755425090765 0.014471676959604097 0.014635502965749581
4 0.25898883590601257 0.5068388849044223 0.022329641066226813 0.01651633794672147
2 0.1916816639609734 0.4463523710642578 0.03983538981258557 0.02815417490485981
4 0.1751019177218971 0.4129032011023138 0.03344899749271755 0.02321200692008212
2 0.22016436513547238 0.40615579399195123 0.03850021034569906 0.03590300790866543
2 0.242866079242095 0.40864146543676994 0.03519335391920819 0.029525673916276675
2 0.22763588433580226 0.39475537897292323 0.030414925705962936 0.026209672927693363
4 0.10413854836328262 0.3608512697716635 0.020858069279472157 0.019577670950527093
2 0.13742137595602502 0.6197142752088709 0.035284282132453625 0.03265067391627667
5 0.04619463387358382 0.7026130054372075 0.014426212852981447 0.013073002965749581
2 0.36490518144544365 0.767881155664669 0.04148881802583091 0.031342841901054186
2 0.35432538261994256 0.7260929036875026 0.04488660266556703 0.04084517589344294
2 0.42949051867160454 0.7884602525086389 0.03850021034569906 0.03590300790866543
2 0.4487346121659714 0.7525691734591661 0.03519335391920819 0.029525673916276675
4 0.5531169206248909 0.5586201966908707 0.02375574874635884 0.01189250494291585
4 0.4991568463308539 0.5813918518240669 0.025545569279472248 0.019768671939110406
4 0.47760009507721257 0.5914380138773454 0.020721676959604095 0.014890170950527092
4 0.5101996464099962 0.6122744372993305 0.011255748746358662 0.011383168973360825
4 0.5082734335570147 0.5997107703031361 0.017414820533113405 0.008512836958138337
4 0.46408081584775285 0.6899882604173044 0.026971676959604098 0.015144838935304605
4 0.4379358529947714 0.6764377549800968 0.026926212852981378 0.013582338935304606
4 0.5033024402209323 0.6970486853221642 0.025545569279472248 0.019768671939110406
4 0.5428650453937818 0.715827860227024 0.02550010517284953 0.018206171939110404
4 0.5706407044066972 0.7317857826604258 0.02536371285298138 0.013518671939110227
4 0.5904183438235714 0.6069595376033418 0.017733069279472248 0.019450336958138338
7 0.8583967686716045 0.8059368429639996 0.03956260517284953 0.018779174904859985