5 0.3265609373574586 0.39355480555592565 0.01418067466803503 0.020721676959604095
1 0.28503300927157804 0.14714881848804934 0.017278403590796198 0.016125105172849485
1 0.3475365126894236 0.41325354011651944 0.01728749394987581 0.01768760517284953
1 0.320869473560008 0.4319951799291051 0.012627265027114642 0.02223871285298138
1 0.2630751542781672 0.4305523518741442 0.01730567466803503 0.02081260517284953
1 0.5069438498270493 0.2687951832943173 0.020421584308955333 0.019341033386094785
1 0.6893978015242517 0.19084236487277495 0.007894313231716587 0.014289820533113406
1 0.6558661213952676 0.5839391470052286 0.017342036104353475 0.02706260517284953
1 0.9272649193052818 0.3893551065595048 0.028343168617910662 0.03831835391920828
1 0.6197614915139888 0.3451865355641729 0.007885222872636887 0.012727320533113406
1 0.6416183107958296 0.3476750380714554 0.009429542154477843 0.009647784639736123
1 0.5947433107958296 0.3490389612701358 0.007876132513557366 0.011164820533113406
1 0.2581159852674729 0.20885920830063495 0.009465903590796198 0.015897784639736123
1 0.6959392138956465 0.007128566409731802 0.009465903590796288 0.014257132819463603
1 0.8034143288480065 0.32968825303600785 0.007885222872636887 0.012727320533113406
1 0.3944837146812134 0.5337418848645277 0.007894313231716587 0.014289820533113406
1 0.4147386899897373 0.14025029763836683 0.010992042154477666 0.00969324874635875
1 0.14806025009819584 0.0605246598708453 0.01418067466803503 0.02072167695960414
1 0.24306770218818158 0.2444473673135504 0.01259999394987581 0.017551212852981467
1 0.28034849180857646 0.5495607646479834 0.01259999394987581 0.01755121285298138
2 0.35850933236404786 0.6753898272635379 0.014144313231716587 0.014471676959604097
2 0.8282194070086417 0.22820230938335634 0.03776362041330898 0.04640363855894432
2 0.6334467416121847 0.4096211086045688 0.017342036104353475 0.02706260517284953