3 0.6342788553389929 0.2652019032463676 0.02688980832062491 0.014371582670272609
3 0.5412204927818054 0.20302062392586703 0.012972778685347209 0.020457950668363534
3 0.7591522219802428 0.2356314872295048 0.019186411094166543 0.018968176002545255
3 0.8390844969627771 0.7275366292170963 0.020785278685347207 0.02054885733609062
5 0.3702273538203814 0.6369245512810479 0.02071254350298606 0.0174238573360908
3 0.49122953163204813 0.6730064072645032 0.02532730832062491 0.014353401336727068
4 0.2736043141171174 0.7614529312937746 0.03644664627652787 0.022293170671545327
3 0.11474499249746492 0.4055858339831371 0.019259146276527785 0.022093176002545435
5 0.20354769367614525 0.684164272636865 0.017514808320625 0.014262494668999893
1 0.11454562395635386 0.38059492464990985 0.022347778685347208 0.020567038669636162
1 0.5549075590831244 0.8230058599220491 0.051054660144236055 0.04589430267345449
1 0.43386770725951324 0.8556558226050484 0.039717116641250175 0.028579533338636054
1 0.34737565454156216 0.41068931528486596 0.01591594072944442 0.01268181333545435
1 0.32085082855350666 0.34226657928868387 0.014280705547083272 0.009538632001908987
1 0.33314819396048573 0.4850535159532294 0.014244337955902787 0.007976132001909164
1 0.4810765476839579 0.5052012892664122 0.011119337955902786 0.00793976933481808
1 0.6044231287060066 0.507671213916322 0.014244337955902787 0.007976132001908987
1 0.584326221411562 0.6328712085853219 0.011192073138263935 0.011064769334818082
1 0.12464079046576329 0.7186670893141371 0.011192073138263892 0.011064769334818082
1 0.3525859121410064 0.6230711366168205 0.011192073138263935 0.011064769334818082
1 0.1726223891552424 0.804804036640683 0.012718205547083361 0.009520450668363623
1 0.4275495445498259 0.6237609326066391 0.014244337955902787 0.007976132001909164
1 0.2061661602411453 0.571664272636865 0.009629573138263936 0.011046588001272718
1 0.24777961730684012 0.19315746463241065 0.011192073138263935 0.011064769334818082
1 0.19716071504638868 0.2538864266390922 0.011192073138263847 0.011064769334818082
1 0.308921605435902 0.8883512386219111 0.014244337955902787 0.007976132001909164
1 0.36960387908725617 0.9321643259468662 0.012681837955902785 0.007957950668363623