5 0.8346477017979073 0.8446335014085126 0.013319047355046364 0.014571835969555025
4 0.8422411229434168 0.7464360819408603 0.019751057878390554 0.017951503954332714
3 0.8183871230140038 0.6730131693932903 0.016717063140062292 0.019386669961943957
3 0.8131234993647155 0.636421753385679 0.01966005261671846 0.016389003954332716
5 0.8097563046828572 0.578609253385679 0.017915542093374627 0.013200336958138336
5 0.8803678523908396 0.21785348410830713 0.0197510578783902 0.017951503954332714
5 0.7551381521649606 0.46101984676960794 0.01653505261671846 0.016261669961943958
5 0.7363349442583355 0.4743156842220378 0.01331904735504672 0.014571835969555025
4 0.7365400706090469 0.4375014337277463 0.017733531570031148 0.010075336958138337
4 0.6300372545558002 0.7198430429290059 0.026547089448421345 0.027581171939110406
4 0.6535393128577136 0.2897443660469799 0.017915542093374627 0.013200336958138336
5 0.6214849470303456 0.3309887899632565 0.01331904735504672 0.014571835969555113
7 0.554712488911959 0.5694238902672677 0.02122255261671846 0.016452670950527094
3 0.48094730717251866 0.7415800745636676 0.016808068401734034 0.02094916996194396
5 0.3350586835232302 0.7107186882135516 0.01653505261671846 0.01626166996194378
7 0.36741688623877067 0.6209094303048862 0.022512036831702886 0.01182883794672147
3 0.43854218636582765 0.48410049699706936 0.02738154735504672 0.015144838935304605
3 0.501075194540684 0.18632223019115546 0.026001057878390375 0.018206171939110272
3 0.2993193336220522 0.608022111141245 0.015245568401734032 0.02088550296574958
4 0.29503292299988654 0.7092171966165086 0.02122255261671846 0.016452670950527094
3 0.27831658888372407 0.6104441155898692 0.018370568401734032 0.021012836958138336
5 0.3701646417122041 0.39917901034294234 0.02122255261671846 0.016452670950527094
5 0.3864505233951746 0.2888808388981236 0.01966005261671846 0.016389003954332716
7 0.3640371971009328 0.2670840933467479 0.019296031570031145 0.010139003954332714
4 0.3642269129000658 0.2568960098486507 0.014790542093374803 0.013073002965749581
3 0.3099335260260106 0.2927817717116488 0.019933068401734033 0.021076503954332713
5 0.2053432785156722 0.4466163789357422 0.013501057878390376 0.017696835969555024
5 0.1813898390248984 0.4656038008748524 0.017915542093374804 0.013200336958138336
5 0.18240484940706778 0.6174846358558244 0.013410052616718505 0.016134335969555203
3 0.1491850128012438 0.3698111398101571 0.022876057878390376 0.018078837946721472
4 0.14641705759604168 0.3088418063120599 0.02113154735504663 0.014890170950527092
1 0.8396210260260105 0.2711986600017501 0.012955026308359407 0.008321835969555203
1 0.9484121971009329 0.24327263677004546 0.008267526308359408 0.008130834980971979
1 0.8855334945265667 0.18553573262543235 0.011574536831702887 0.011383168973360735
1 0.5855305784309676 0.5203987998490882 0.014608531570031147 0.00994800296574958
1 0.6125936073701628 0.5279102109137835 0.014608531570031147 0.00994800296574958
1 0.5365463178370367 0.5936572277196974 0.00983002630835923 0.008194501977166268
1 0.4888676810335687 0.554878570609335 0.011574536831702887 0.011383168973360825
1 0.40305825462638734 0.6546968398867067 0.01130152104668749 0.006695668973360824
1 0.7112600785721419 0.36648593817637054 0.011301521046687312 0.006695668973360736