0 0.08850817680766404 0.7401147110397741 0.040654174904859786 0.03974433847375849
2 0.2644194193932902 0.7721754143689106 0.03121550790866543 0.038018197240056395
2 0.4915867558571369 0.7533770012211113 0.021012836958138336 0.01754205600635448
2 0.5709426279099781 0.5685286684293956 0.04177100593149916 0.028834112012708957
2 0.6488235942981501 0.7264308973260774 0.036765170950527094 0.020939791395857908
2 0.7690405938038584 0.7266745848269011 0.03533000494291585 0.024037517856907442
0 0.41575506220637787 0.4877031826328551 0.03427684091247105 0.03651024431795698
6 0.36187532851800025 0.41135491680454256 0.06342051285158128 0.06200116801906326
6 0.4512879969970694 0.4012065750843732 0.06708934091247087 0.037082988635914305
0 0.7137933141835442 0.4731325734628154 0.06291117688202608 0.049501168019063256
1 0.9209319935370284 0.4094034898603208 0.030515170950527092 0.020830697240056394
1 0.6493991862363853 0.29079340625453104 0.021076503954332713 0.019104556006354478
3 0.7011779090503479 0.4187041720828436 0.014762836958138337 0.017432961850553142
3 0.7113832385941125 0.4364820073101912 0.020821835969555023 0.0128545560063543
1 0.6838484876055293 0.4416467942418222 0.012818334980972068 0.008030688311602674
2 0.5875584194304713 0.37150366396516876 0.017887836958138337 0.017487508928453722
2 0.6244244080617648 0.4247280754914103 0.01932300296574958 0.014389782467404012
3 0.4818615177573161 0.30230542492221735 0.019132001977166267 0.009702282467404011
2 0.4744747820917722 0.23451395292539462 0.014762836958138337 0.017432961850553052
2 0.24341714718734986 0.48290440868686774 0.03682883794672147 0.02250229139585791
2 0.37210056270066943 0.48612309172346463 0.03032416996194396 0.016143197240056396
4 0.23318925441144325 0.36988225730689595 0.01125583498097198 0.008003414772652383
4 0.2091787514456937 0.38435386039115105 0.009693334980971979 0.007976141233702095
4 0.2348645009514021 0.3862475969984704 0.009629667984777513 0.0064136412337020944
2 0.18409654391758917 0.5784038693196047 0.01658000494291585 0.023710235389503433
2 0.18112805281483774 0.5362981899364557 0.020949169961943914 0.0159795560063543
4 0.2979852889746733 0.5998367642067548 0.009693334980971979 0.007976141233702095
4 0.28374637543852 0.585252112826783 0.01281833498097198 0.008030688311602674
4 0.2736073714841873 0.604165754060485 0.009629667984777513 0.0064136412337020944
2 0.1669369243362061 0.750456147322782 0.03670150395433271 0.01937729139585791
2 0.22605057505795917 0.430120327923747 0.011701503954332716 0.018940914772652383
1 0.26836540905034795 0.42625894237208783 0.01125583498097198 0.008003414772652383
1 0.29603015262455734 0.4562231319015065 0.011383168973360735 0.011128414772652384
1 0.29288790657888997 0.4375413157488824 0.00969333498097189 0.007976141233702095
1 0.27791682258650124 0.4409254143689106 0.009693334980971979 0.007976141233702095
2 0.3009975424347144 0.5833896038983293 0.01151050296574958 0.014253414772652384
4 0.3002308798871443 0.5638856274372797 0.01438083498097198 0.00805796185055314
2 0.29643471783386577 0.5420924480541306 0.019195668973360735 0.01126478246740419
3 0.27826433247233295 0.3940776879078609 0.010075336958138337 0.017351141233702006
4 0.298319505894318 0.36171915544045685 0.023883168973360736 0.011346603084255058
4 0.5122997983662134 0.5515963129095086 0.024074169961943958 0.016034103084255236
4 0.5034659678338658 0.5384787041432106 0.012691000988583135 0.004905688311602674
4 0.5001499668452827 0.5432207512211112 0.009566000988583312 0.004851141233702094
4 0.4994814633852416 0.5596270012211113 0.015943334980972067 0.008085235389503431
4 0.4817501353243518 0.5349542836885154 0.019132001977166267 0.009702282467404011
4 0.5772509777196975 0.49034912135149494 0.02094916996194378 0.01597955600635448
4 0.5193230725865012 0.4367116526010831 0.019132001977166267 0.009702282467404188
4 0.5558056951336339 0.2502695921305017 0.01594333498097189 0.008085235389503431
4 0.5222490958182059 0.3265826761400334 0.014635502965749581 0.014307961850553053
4 0.6197037800774247 0.6363786416440345 0.012691000988583312 0.004905688311602674
4 0.6163095246402173 0.66220080195246 0.012882001977166269 0.009593188311602673
2 0.5643769515222434 0.6147042390462467 0.01619800296574958 0.014335235389503431
3 0.45762954441188075 0.5712872500032953 0.020821835969555204 0.012854556006354479
2 0.3832052059708677 0.5967878563339613 0.019386669961943957 0.01595228246740419
2 0.34416922228249003 0.5201804918856204 0.014508168973360736 0.011182961850553142
4 0.31404798216832186 0.47386459943410236 0.014635502965749581 0.014307961850553141
4 0.3144299841454882 0.4644895994341024 0.014699169961943958 0.01587046185055314
4 0.26993322623682275 0.5027396217552368 0.011383168973360735 0.011128414772652384
2 0.4154486560845984 0.43774409294128064 0.032268671939110226 0.025545470779006863
4 0.45233986654127145 0.6244667970811959 0.01594333498097189 0.008085235389503431
4 0.4261766145641051 0.6342918104738766 0.01594333498097189 0.008085235389503254
4 0.4435219179475965 0.38104407954860003 0.016007001977166268 0.00964773538950343
4 0.3424966343357686 0.5420691286550957 0.008194501977166358 0.009511367694751627
4 0.33895248167403025 0.475771972810897 0.01594333498097198 0.008085235389503254
4 0.45854474007698726 0.43386907062014635 0.014380834980972068 0.00805796185055314
2 0.49296616102751434 0.412970189532714 0.017760502965749582 0.014362508928453721
4 0.5290389707996154 0.5239798275200052 0.01756950197716627 0.00967500892845372
4 0.5251539199247629 0.3702508555231824 0.01756950197716627 0.00967500892845372
4 0.47621901281440027 0.3258247455390684 0.012818334980972068 0.008030688311602674
4 0.5374364026245573 0.452009370133679 0.014508168973360824 0.011182961850553142
4 0.5255903186321685 0.4553389216758065 0.009693334980972069 0.007976141233702095
2 0.5461428991645162 0.46825197889997694 0.016070668973360826 0.011210235389503253
4 0.6150083042977125 0.5216985328777365 0.019004667984777512 0.006577282467404011
4 0.5942183018262546 0.5337718388840909 0.012818334980972068 0.008030688311602674
4 0.650850303803421 0.5234149914818786 0.01750583498097207 0.008112508928453721
4 0.5961946373015181 0.5235883153451406 0.014380834980972068 0.00805796185055314
4 0.5773318907615592 0.5075229845820198 0.017887836958138337 0.017487508928453722
4 0.45917479836621344 0.5525236132338202 0.02219333498097189 0.008194329545304769
4 0.5014750449061725 0.5681798409126857 0.017760502965749582 0.014362508928453721
4 0.49921881962075165 0.4511150718379623 0.009566000988583312 0.004851141233702094
4 0.4671650063886096 0.35642986323382014 0.011255834980972068 0.008003414772652383
2 0.4722133092406284 0.5007701984611678 0.012754667984777512 0.006468188311602674
1 0.4532086412558508 0.5073474809285718 0.011383168973360825 0.011128414772652384
4 0.44013297969686394 0.4833741927791248 0.02069450197716627 0.009729556006354301
4 0.3942793102292116 0.49744637540868475 0.01594333498097198 0.008085235389503431
4 0.39168089224443403 0.5037372857171103 0.019132001977166267 0.009702282467404011
2 0.5076348615983555 0.6469224496789837 0.027071835969555025 0.012963650162155815
4 0.3838763680241462 0.618635582795011 0.008194501977166358 0.009511367694751627
4 0.33738602859454997 0.6483327654245707 0.012691000988583135 0.004905688311602674
4 0.36333966943047125 0.37541741680454255 0.01438083498097189 0.008057961850553052
4 0.35772633939241516 0.3599015109603439 0.009820668973360735 0.011101141233702094
4 0.3936851081383145 0.6653060312528833 0.014444501977166447 0.009620461850553142
4 0.7144406185184378 0.610523479307014 0.019132001977166267 0.009702282467404188
4 0.6663572400769873 0.43024168993975104 0.012754667984777512 0.006468188311602674
3 0.36082618718778736 0.6861776388013654 0.020821835969555114 0.0128545560063543
1 0.3779871012554133 0.303337865262415 0.02094916996194396 0.01597955600635448
4 0.44083992832771984 0.3319071501654511 0.012754667984777512 0.006468188311602674
4 0.6028916007611217 0.301754225653566 0.019132001977166267 0.0097022824674041
4 0.6714108601154808 0.6510899780891981 0.012818334980971891 0.008030688311602674
4 0.6950075276059667 0.646774625004943 0.014253500988583311 0.004932961850553141