4 0.2515111651779659 0.6467052248361966 0.024620568401734034 0.020721603084255236
4 0.16053828370675682 0.5319512037328782 0.030870568401734032 0.020830697240056394
4 0.23193732864272903 0.3240353380667214 0.027290542093374802 0.012963650162155815
7 0.2530395129424181 0.2307489882288772 0.019296031570031145 0.009702282467404011
4 0.5237901706513993 0.43058889569463366 0.032706084186749605 0.025545470779006863
5 0.5215304496611817 0.364991169233584 0.01956904735504672 0.0143897824674041
4 0.4620783969032887 0.4966309070587194 0.030779563140062294 0.019268197240056396
4 0.8014392155873715 0.22627313716992167 0.03408657366340577 0.022447744317957152
3 0.9023415629283006 0.25691125689326827 0.02278505261671846 0.016006829545304767
7 0.8903468810476861 0.5735669228837367 0.02242103157003115 0.009756829545304768
4 0.9251937759554234 0.3946703555132965 0.02985409997176518 0.030178423701106107
7 0.9967240180982092 0.7028198206102605 0.006551963803581628 0.014526150162155815
2 0.29374562585660136 0.4874490016215578 0.02122255261671846 0.01597955600635448
2 0.24745591282947865 0.34928079991727445 0.02122255261671846 0.01597955600635448
2 0.5775290916557344 0.4822565357105197 0.01809755261671846 0.01592500892845372
2 0.5244719810900383 0.5226945750777826 0.016626057878390377 0.01746023538950343
2 0.584544202080256 0.5893014224799948 0.016626057878390377 0.01746023538950343
2 0.4614784284027326 0.5801291996723932 0.023240078925077866 0.023819329545304767
2 0.6119734391378379 0.3634480344927037 0.02903505261671846 0.016115923701106104
2 0.9541356362387706 0.6503845673638495 0.03354054209337463 0.013072744317957153
2 0.6603423206796342 0.4033151038917387 0.020949536831702885 0.011292056006354478
2 0.6593636496047118 0.4267116935833132 0.02278505261671846 0.016006829545304767
2 0.46347648400322294 0.2258371659871731 0.02747255261671846 0.016088650162155816
2 0.6255508207502214 0.32856451988220703 0.01956904735504672 0.014389782467404012
2 0.773298076011893 0.3327043693130142 0.021859589448421347 0.026917056006354478
2 0.7725175550357929 0.25230380316039 0.024529563140062115 0.019159103084255058
2 0.8699826311888603 0.4249248713416091 0.029581084186749606 0.025490923701106106
2 0.8513992311606255 0.4542578153352547 0.020949536831702885 0.0112920560063543
2 0.9360017443148052 0.45963683643857306 0.015063557878390555 0.017432961850553142
2 0.8760120942865702 0.48824703165003464 0.03372255261671846 0.016197744317957154