3 0.773165556452922 0.2650735392266413 0.030269696856846905 0.012845445337363426
3 0.7852867208447802 0.22276786055859588 0.023946922249741043 0.011210220003181703
3 0.754758004757511 0.30823319322886844 0.025582196856846907 0.012790901336727157
3 0.7031227301504052 0.31039567723586814 0.023946922249740866 0.011210220003181703
3 0.7519176410276065 0.402746261895323 0.022238873035529138 0.008067038669636161
3 0.6872001695636538 0.41755419657068626 0.028634422249741043 0.011264764003817974
3 0.6429407473139129 0.4290007739099587 0.02118579528527036 0.018986357336090796
3 0.7293299733259795 0.18359681989977733 0.030124147642635178 0.009720445337363427
3 0.7443578138965201 0.14594227856464106 0.011592471463952592 0.014189769334818126
3 0.6650277247737216 0.23978373257482238 0.016571069892376045 0.02049431333545444
3 0.6397730136488511 0.24554338391154956 0.024092471463952592 0.014335220003181704
5 0.7476967138154669 0.493371261895323 0.022238873035529315 0.008067038669636161
5 0.7246038161728316 0.5030098912317319 0.022238873035529138 0.008067038669636161
5 0.794736533707843 0.47252241255573235 0.01911387303552914 0.008030676002545433
3 0.8637005494236087 0.5341860712126418 0.024165246071058633 0.015897720003181702
3 0.8859864642297517 0.6424616478755967 0.017988020678164674 0.017387494668999894
3 0.9209672398703148 0.5452321118714605 0.021113020678164673 0.0174238573360908
3 0.783698372211469 0.625692865889596 0.02111302067816432 0.01742385733609062
5 0.7160185665871165 0.6538093225652774 0.02096747146395277 0.014298857336090797
3 0.6745395419800106 0.6558536279042316 0.022238873035529315 0.008067038669636161
3 0.7194539356937043 0.6303445505649592 0.027290246071058632 0.01593408267027261
3 0.7183408918561761 0.704536028564641 0.025509422249741044 0.011228401336727246
5 0.6413460523190928 0.6476507765754588 0.014717471463952591 0.014226132001908986
5 0.6620545045526232 0.7059718065722771 0.01784247146395277 0.014262494668999893
5 0.5934757866033271 0.5857416699156858 0.020821922249741043 0.01117385733609062
5 0.6242228265119139 0.49558883724541314 0.020821922249741043 0.011173857336090798
3 0.6083580779596559 0.5512121285805494 0.027144696856846905 0.01280908267027243
3 0.623131207405326 0.5190263372454131 0.024092471463952592 0.014335220003181704
3 0.6487390213018461 0.6733320292409588 0.02111302067816432 0.0174238573360908
3 0.47947109863782045 0.5355336792648213 0.030342471463952768 0.014407945337363514
3 0.4943726606723137 0.4838257285964578 0.024092471463952592 0.014335220003181704
5 0.595618445204217 0.3217973485837311 0.017696922249741044 0.011137494668999891
3 0.49402386600621595 0.25660924793127593 0.01806079528527036 0.01894999466899989
3 0.4685465229544761 0.3342075366009121 0.03041524607105863 0.015970445337363425
5 0.4704878585626179 0.37634958326704854 0.027144696856846905 0.01280908267027261
5 0.4148157473139129 0.43165524860759363 0.023946922249740866 0.011210220003181703
5 0.3865644687778656 0.4179291032781844 0.016425520678164496 0.01736931333545435
3 0.4403979441707596 0.4188643472708665 0.015008569892376044 0.020476132001908988
5 0.3361363215495152 0.5785853399506842 0.023946922249741043 0.011210220003181703
3 0.35236494313730243 0.5151495486155478 0.01806079528527027 0.01894999466899989
5 0.30864929218489834 0.26345123595641107 0.017769696856846907 0.012699994668999893
3 0.28073399979511227 0.39339327462604734 0.02409247146395277 0.014335220003181704
3 0.5465922861890423 0.43558767592300357 0.030269696856846905 0.012845445337363514
3 0.5288033186540311 0.4654660799252307 0.014863020678164496 0.017351132001908985
5 0.5750961217971842 0.47742063991886746 0.01940497146395259 0.014280676002545433
5 0.6593726143535861 0.5959064632400043 0.008540246071058633 0.015715906667727354
5 0.6002844046764577 0.6574984912476403 0.011519696856846905 0.012627269334818081
5 0.6397021615008832 0.7835337325748224 0.019259422249740865 0.011155676002545434
7 0.6404662948754948 0.7671274825748224 0.019113873035529316 0.008030676002545433
7 0.6150234166681697 0.30751667258118576 0.014426373035529317 0.007976132001908987
7 0.5687134968996281 0.2791649532543218 0.014571922249741043 0.011101132001908987
7 0.5979279619534401 0.2889757579169584 0.01762414764263518 0.009574994668999892
0 0.712193823202145 0.23298829256845907 0.067662688998964 0.044513616008908664
7 0.6636064658823815 0.30382805124127693 0.019113873035529316 0.008030676002545256
7 0.6292613910276066 0.4041734965786404 0.015916098428423453 0.006431813335454351
7 0.6853786503332315 0.49019226523714077 0.011592471463952769 0.014189769334818081
7 0.6465196273787555 0.15098486191123137 0.01271832382131759 0.004832950668363534
7 0.6488655314315314 0.11738202124445865 0.011374147642635179 0.00950226933481808
7 0.6502995988427082 0.13688599924414047 0.011446922249741042 0.011064769334818125
3 0.6657768955757206 0.17340475457514057 0.025582196856846907 0.012790901336727112
3 0.6659417154680967 0.1531013452419133 0.02543664764263518 0.009665901336727113
3 0.6481098984712046 0.28448770524350414 0.02111302067816432 0.0174238573360908
7 0.8001003141059172 0.692653099220278 0.01598887303552914 0.007994313335454351
7 0.7973006457851175 0.7192337805538234 0.01449914764263518 0.009538632001908987
7 0.763794632964836 0.7680349072247322 0.019113873035529316 0.008030676002545433
7 0.6248884524429273 0.598650202578004 0.011738020678164318 0.01731476933481808
7 0.3782639712590649 0.37820353194622974 0.014426373035529317 0.007976132001908987
7 0.3549891370986652 0.3917484112826387 0.019259422249741042 0.011155676002545346
7 0.3902331242783836 0.43974955927754805 0.017696922249741044 0.011137494668999891
7 0.4287777016143578 0.2995330919398664 0.011446922249741042 0.011064769334818082
7 0.3870566586053991 0.6755961526098208 0.008394696856846906 0.012590906667727353
7 0.2640237270500332 0.6012875906270019 0.017551373035529318 0.008012494668999892
7 0.4341480599675787 0.13393536394018457 0.022238873035529315 0.008067038669636251
7 0.23907734677579356 0.3321926926320925 0.01784247146395277 0.014262494668999893
7 0.509954927007252 0.3001501625955033 0.015988873035529316 0.00799431333545444
7 0.5083796184874153 0.21662004726291234 0.013082196856846907 0.012645450668363534
3 0.7276046916895604 0.45534455056495926 0.02118579528527036 0.018986357336090796
3 0.7155114141869704 0.34616954523395915 0.02096747146395277 0.014298857336090797
3 0.721637289703699 0.2984678419000955 0.016425520678164496 0.01736931333545444
3 0.7694733221686878 0.327582629893414 0.01493579528527036 0.018913632001908987
7 0.8090345899513679 0.19906673122218693 0.017405823821317768 0.004887494668999892
7 0.7904130225401913 0.17976274789150498 0.011446922249741042 0.011064769334818125
3 0.8040388748975562 0.18897411588959598 0.025363873035529137 0.008103401336727111
3 0.8657747415229446 0.20465311254777818 0.02074914764263518 0.009611357336090798
3 0.801329097809251 0.23038945655636872 0.014863020678164673 0.017351132001908985
3 0.5022836681159119 0.3642672065961396 0.023946922249740866 0.011210220003181703
3 0.4476517103008102 0.6319456026018666 0.017988020678164497 0.017387494668999894
3 0.3965451286216098 0.6059921772756389 0.027144696856846905 0.01280908267027243
3 0.39745481121043297 0.586460927275639 0.020676373035529317 0.008048857336090797
3 0.27394034429459424 0.37160918129377457 0.021040246071058633 0.015861357336090797
3 0.3756527016143578 0.30015125728041153 0.019550520678164495 0.017405676002545344
3 0.33462959532805153 0.27564215328613856 0.025509422249741044 0.011228401336727067
3 0.4463697700589918 0.22358820993795742 0.027144696856846905 0.01280908267027261
3 0.473473771506734 0.27871151460059396 0.01493579528527036 0.018913632001908987
3 0.5381184683635809 0.2654660799252307 0.023946922249740866 0.011210220003181703
3 0.6095482045098419 0.4083070132479585 0.014863020678164317 0.017351132001908985
3 0.6984693476043631 0.6282462485678227 0.027144696856846905 0.01280908267027261
3 0.7770801910703878 0.700729228556687 0.024238020678164496 0.017460220003181703
3 0.7732659863556581 0.6820337725573232 0.02111302067816432 0.0174238573360908
3 0.8686170277119871 0.6465678925445966 0.01806079528527036 0.01894999466899989
3 0.6810763323028821 0.716682039902959 0.024092471463952592 0.014335220003181704
3 0.5734715016571391 0.5961251865850038 0.02111302067816432 0.0174238573360908
7 0.516577184660247 0.7279660799252307 0.015988873035529316 0.007994313335454351
7 0.478024106909988 0.7174831132638668 0.009738873035529139 0.007921588001272717
3 0.4065707919800106 0.6589717266072755 0.02543664764263518 0.009665901336727244
3 0.4308987038906694 0.6563461659373211 0.023946922249741043 0.011210220003181703
3 0.523850337265281 0.6388672172581398 0.02721747146395259 0.014371582670272432
3 0.3343726143535861 0.5996881806174568 0.01784247146395268 0.014262494668999893
3 0.3750532723353035 0.581255806612048 0.02543664764263518 0.009665901336727067
3 0.46826392494033736 0.4911569705999576 0.011883569892376222 0.02043976933481808
3 0.4695374805646898 0.4638132205999576 0.022675520678164317 0.017442038669636162
3 0.4150276089769026 0.5276944546069573 0.024019696856846906 0.012772720003181703
3 0.5166843083149489 0.47419618992682155 0.02252997146395259 0.014317038669636161
3 0.4975747433849714 0.4150757285964578 0.017915246071058634 0.015824994668999892
7 0.5019154869748307 0.43923084392904876 0.011519696856846905 0.012627269334818081
3 0.5413504762214636 0.2966615359245944 0.02111302067816432 0.0174238573360908
3 0.3697494580244986 0.276014323281366 0.01337329528527036 0.018895450668363623
3 0.3980542404894873 0.3053563779440026 0.027144696856846905 0.01280908267027261
3 0.45143395161435773 0.29926946260345744 0.02587329528527036 0.01904090133672707
3 0.38874351468230844 0.15320353194622977 0.019113873035529316 0.008030676002545345
3 0.4062221131107318 0.14675353727722987 0.017696922249741044 0.011137494668999891
3 0.6069819383797915 0.19517121391632203 0.022311647642635178 0.009629538669636251
3 0.6648672129868973 0.19293600457514057 0.019550520678164318 0.017405676002545344
3 0.5342401052528489 0.11403084926004883 0.01762414764263518 0.009574994668999892
3 0.62452265694826 0.0700348539147312 0.013154971463952591 0.014207950668363556
3 0.29008553680821486 0.19261202462604735 0.022311647642635178 0.009629538669636251
3 0.31697552254019123 0.18527169195577478 0.014863020678164408 0.017351132001908985
3 0.31072336848741533 0.2189199859564111 0.017988020678164407 0.017387494668999894
3 0.26243141770162703 0.21635860729631987 0.028925520678164496 0.017514764003817972
3 0.2677695810600279 0.26939270062859266 0.020821922249741043 0.011173857336090798
3 0.3428551641869704 0.35050579328454773 0.027290246071058545 0.01593408267027261
3 0.2458303068672068 0.42190917329727434 0.020821922249741043 0.011173857336090798
3 0.29375838461746573 0.4322830519573656 0.02409247146395277 0.014335220003181704
3 0.2940837162966662 0.4588273706238201 0.023946922249741043 0.011210220003181703
3 0.3173200091007371 0.4796393099538657 0.027071922249741042 0.01124658267027261
3 0.4625340016571391 0.5974160612667303 0.01649829528527036 0.01893181333545435
3 0.27423994313730243 0.51605861529282 0.022529971463952768 0.014317038669636161
3 0.2521979691921503 0.5701921319621381 0.02096747146395277 0.014298857336090797
3 0.21629685649570324 0.5698290526336833 0.021040246071058633 0.01586135733609062
3 0.15904093631287686 0.39090516864259206 0.02096747146395268 0.014298857336090797
3 0.1603679958661708 0.37917732797581927 0.014863020678164408 0.017351132001908985
3 0.1719262340793465 0.33219323997454664 0.020821922249741043 0.011173857336090798
3 0.21444337386409879 0.29109552530236504 0.023946922249741043 0.011210220003181703
3 0.21604441522042767 0.25672052530236505 0.016425520678164406 0.01736931333545444
3 0.6432295758927413 0.741328051241277 0.030269696856846905 0.012845445337363514
3 0.5670331029810466 0.7008308679185492 0.020894696856846907 0.012736357336090798
3 0.5857616782501063 0.7513666699156858 0.02096747146395277 0.01429885733609062
3 0.6996786290358945 0.7531644325668683 0.021040246071058633 0.015861357336090797
7 0.6999504567861535 0.7640928419000955 0.014571922249740864 0.011101132001909163
7 0.6744089553384114 0.7089513559039136 0.01896832382131759 0.004905676002545434
3 0.5163462839127307 0.07910186592936688 0.020967471463952593 0.014298857336090775
3 0.31625412283064147 0.38517169462127476 0.02238442224974104 0.011192038669636162
3 0.4596957919800106 0.6583535612667303 0.01627997146395277 0.01424431333545435
3 0.9044410576957762 0.7156446092059604 0.02394692224974122 0.011210220003181703
3 0.8818383116247176 0.7315241478755967 0.01493579528527036 0.018913632001909163
3 0.8502994830458892 0.4195604972151873 0.02387414764263518 0.009647720003181703
3 0.8155991513666887 0.39341616788673245 0.020967471463952593 0.014298857336090797
3 0.8064147040955572 0.2553167312221869 0.011883569892376045 0.02043976933481808
3 0.786992616006216 0.253200247891505 0.022529971463952768 0.014317038669636161
3 0.6769905314315314 0.11705475724064063 0.017988020678164317 0.017387494668999894
3 0.739910062448778 0.09055534456559555 0.023946922249741043 0.01121022000318166
3 0.6733004512000731 0.1459882792409588 0.022238873035529138 0.008067038669636251