7 0.3093738364984458 0.355774773959872 0.017760710085908293 0.011938557878390377
4 0.2787003686106214 0.35364312656247304 0.017678822930778538 0.010376057878390377
5 0.2919307089542545 0.39675608973077015 0.014881371551297562 0.01644404735504663
4 0.3801367158516594 0.3602732871846388 0.020967597241038048 0.013683068401734033
4 0.3782710006773685 0.4293418056004903 0.016525758706427317 0.01809755261671846
4 0.49342128787792683 0.3387861530825938 0.018006371551297563 0.016626057878390377
3 0.5488324841690251 0.40922047944742274 0.02409259724103805 0.013865078925077868
7 0.5186536612382466 0.40157457941918795 0.017678822930778538 0.010376057878390377
7 0.5047792689947342 0.4807461399284142 0.013318871551297563 0.016353042093374803
5 0.4823753245126582 0.4569747109609842 0.01784259724103805 0.013501057878390376
4 0.45635837912607097 0.40912103988606185 0.020967597241038048 0.013683068401734033
5 0.5298921336486269 0.5263015636341724 0.021049484396167627 0.015245568401734032
4 0.6140237149471484 0.3223582453030255 0.02721759724103805 0.014047089448421434
4 0.5864420267966504 0.46893711369064206 0.021131371551297563 0.016808068401734034
5 0.6604527368825586 0.4755973663920652 0.01784259724103805 0.013501057878390376
7 0.6857360198992455 0.4944992848361515 0.019159435775648603 0.008904563140062294
5 0.6815398428300239 0.5041473006211671 0.01471759724103805 0.01331904735504672
3 0.6794993080043148 0.4353062953594953 0.021131371551297563 0.016808068401734034
5 0.7876061363621603 0.5841694586124969 0.022448210085908117 0.012211573663405773
5 0.8859174836031982 0.5909816297580063 0.017760710085908116 0.0119385578783902
5 0.8676654505865115 0.5716701876363967 0.01784259724103805 0.013501057878390376
5 0.8975200469230383 0.5581768350337957 0.020967597241038048 0.013683068401734033
3 0.8505454703742152 0.45433847446809955 0.02417448439616763 0.015427578925077868
7 0.8040179511523384 0.37398311653323957 0.017678822930778538 0.010376057878390377
5 0.8267560883074682 0.37422604023899775 0.019241322930778536 0.010467063140062205
5 0.8852956066248339 0.42958910344964707 0.013236984396167628 0.014790542093374803
7 0.9512990649017198 0.3881303745669217 0.017678822930778538 0.010376057878390289
5 0.7906326390756937 0.6568712112433328 0.016361984396167806 0.01497255261671846
5 0.941785703300045 0.6402312008611635 0.01159259724103805 0.013137036831702887
7 0.7654865541591276 0.7602083138459339 0.017924484396167804 0.015063557878390376
7 0.9696672845985665 0.43956407195020314 0.01784259724103805 0.013501057878390376
7 0.803274322703636 0.3896991217949114 0.017924484396167627 0.015063557878390376
2 0.5667160249876281 0.4215006715690325 0.021049484396167807 0.015245568401734032
4 0.5567025378779269 0.3351004399848839 0.014635710085908115 0.01175654735504672
4 0.5523802080497433 0.3572939584007354 0.012909435775648782 0.008540542093374803
1 0.5623427855030776 0.4875806978773918 0.014471935775648781 0.008631547355046721
2 0.41685546585165945 0.3581346635353503 0.01603443577564878 0.008722552616718459
2 0.42085356908559124 0.3148018924886629 0.017760710085908116 0.011938557878390377
2 0.39305611770611026 0.3226899871987562 0.019896420171816587 0.022967063140062204
4 0.6161737924004826 0.45310001108804104 0.020967597241038048 0.013683068401734033
2 0.9196872167561706 0.3531407245386868 0.01956887155129756 0.016717063140062206
2 0.9163818323145744 0.42464399821621013 0.018006371551297206 0.0166260578783902
2 0.9529744295556124 0.4350508771977576 0.016198210085908472 0.01184755261671846
2 0.7983145850281078 0.5043986586266144 0.017760710085908116 0.011938557878390377
2 0.8564889331736569 0.5378412192064278 0.014799484396167628 0.01488154735504672
2 0.8623328194242756 0.5147754455289044 0.016198210085908472 0.01184755261671846
2 0.8539913749421995 0.49018496920642773 0.013073210085908471 0.011665542093374804
2 0.8643966084338561 0.47939168237472474 0.014471935775648603 0.008631547355046721
4 0.7423888116223594 0.5288141006776368 0.017760710085908293 0.011938557878390377
2 0.6977690304146951 0.5596237558969565 0.01636198439616763 0.01497255261671846
2 0.7013134322691459 0.5225864874811049 0.02269387155129756 0.01689907366340595
3 0.5638986414505429 0.5172681978773916 0.02269387155129756 0.01689907366340595
0 0.44996561623577225 0.49647682671776483 0.06076043758467105 0.05961719468185844
3 0.6961611855485061 0.39437048221943305 0.013318871551297563 0.016353042093374803