4 0.34942071631148464 0.4900268448296227 0.01123750892845372 0.017633168973360824
4 0.3615894797041652 0.5153305923581647 0.014417056006354479 0.02088550296574958
4 0.39798490137667647 0.4505213344494994 0.012745461850553053 0.014571835969555025
4 0.5255292487788887 0.5016143077577537 0.012800008928453722 0.017696835969555024
4 0.5739394752399384 0.49807813087572744 0.01592500892845372 0.017824169961943782
4 0.5799985604672859 0.48688596289094993 0.012800008928453722 0.017696835969555024
4 0.5352627589251584 0.47698172228249003 0.01905000892845372 0.017951503954332714
4 0.5420621838440806 0.4634139707996153 0.012745461850553141 0.014571835969555025
4 0.5266320527566483 0.43042505726346203 0.019104556006354478 0.021076503954332713
4 0.5230530852240524 0.4493342247539481 0.012854556006354479 0.020821835969555023
4 0.5009598969124497 0.43772556270066953 0.01123750892845372 0.017633168973360824
7 0.46143374675029386 0.41275473760552933 0.0128545560063543 0.020821835969555023
4 0.6100757982924214 0.4184251229670621 0.014417056006354479 0.02088550296574958
3 0.6017565580316541 0.5688707919404228 0.0159795560063543 0.02094916996194396
5 0.480873493503883 0.3619270666550022 0.0128545560063543 0.020821835969555204
4 0.6507496168806775 0.32998736406981355 0.012745461850553141 0.014571835969555202
4 0.5704383741842782 0.5662378818643107 0.01592500892845372 0.01782416996194396
4 0.4576520020252996 0.5544156555903068 0.014335235389503431 0.01619800296574958
4 0.539270600241586 0.2586946373015181 0.015897735389503252 0.016261669961943958
3 0.6769611095737815 0.5775335261230921 0.017651150162155814 0.027262836958138338
3 0.702013882301953 0.4451693536896902 0.02217500892845372 0.018078837946721472
1 0.5863131956152033 0.22159654391758918 0.008030688311602674 0.012818334980971891
1 0.621161528406919 0.29210270349940975 0.011101141233702094 0.009820668973360735
1 0.6418109935038829 0.35536936604697983 0.011182961850553142 0.014508168973360736
1 0.669096242286067 0.3956932771116752 0.00967500892845372 0.017569501977166446
2 0.6190320125786064 0.3492612874917985 0.014307961850553141 0.014635502965749581
1 0.6626883295420095 0.47648036209264716 0.009620461850553142 0.014444501977166268
1 0.350030416797952 0.5697461783277198 0.012690914772652384 0.011446835969555025
4 0.5834156611159091 0.5930722958947555 0.012745461850553141 0.014571835969555025
4 0.5465741801906325 0.5875372203053237 0.014307961850553141 0.014635502965749581
2 0.4167445840062364 0.4951016639932638 0.011128414772652384 0.011383168973360825