2 0.2451731620768073 0.36617279737732356 0.02832498789975162 0.035848968792335525
2 0.25254932484098563 0.2907633616016748 0.025154536104353475 0.027872694482076098
2 0.21046636397040128 0.31094306479017814 0.012654536104353475 0.02721759724103805
2 0.3483521833504379 0.2357273015611951 0.025145445745273953 0.0263101944820761
0 0.4209766170936592 0.22645079884766162 0.047111349336070064 0.04308161465389251
0 0.5361289184215192 0.13914114936806 0.0519261143631848 0.06520227611928182
0 0.5993823764634332 0.012853045568301278 0.03313975292686635 0.025706091136602556
2 0.60852609318775 0.09080214665452653 0.017342036104353652 0.027463258706427275
2 0.670694815962191 0.16491135402690132 0.025145445745273776 0.02631019448207601
2 0.6841033309893058 0.18609031320829844 0.020430674668035033 0.021377033016686788
0 0.7657214905320302 0.24511343114155135 0.047193162567786474 0.057144114653892505
0 0.5849078277678519 0.32961234113660254 0.0675511143631848 0.06602114767057934
0 0.3099038034691592 0.4776591740170037 0.05190793364502548 0.06207727611928178
3 0.2504197191602038 0.46202088591193424 0.01728749394987581 0.018088258706427142
0 0.12205434552544103 0.5617453262101388 0.048792024004105095 0.06347600180902227
0 0.14356170686356365 0.6317335996158872 0.05654089149054777 0.05294793758467105
3 0.3420027102814092 0.353283293759279 0.014153403590796199 0.016361984396167806
3 0.4837180324901162 0.39899750622003644 0.009502265027114732 0.02236632293077854
2 0.39293395120622293 0.37640321121756204 0.025127265027114643 0.0231851944820761
2 0.6958226018701529 0.3198921031223902 0.0220477168225127 0.030833920171816586
3 0.6916209152000652 0.2693155710102145 0.0063954457452737755 0.025327548620519023
3 0.7025402344819061 0.2656173609243063 0.017278403590796288 0.016525758706427317
3 0.8201958879745064 0.3399445742895749 0.007921584308955332 0.01915943577564878
2 0.6183344478865732 0.5677774044564426 0.025181807181592398 0.0325601944820761
2 0.6328741917382532 0.6490716700602748 0.014217036104353476 0.02729948439616763
2 0.5646690924021831 0.6120087613084191 0.022038626463433176 0.029271420171816588
2 0.5452151104543599 0.6263136007475409 0.01416249394987581 0.017924484396167804
1 0.7030139749157404 0.615699248079436 0.01886817466803503 0.021295145861557074
0 0.6782730501495096 0.661540692561512 0.054923849336070064 0.04349105042954129
1 0.5740178630866385 0.8756618255327704 0.026707945745273777 0.02639208163720568
2 0.4749758542078439 0.7769144663059446 0.029887487899751618 0.03593085594746519
2 0.4466190500513136 0.7385446850982802 0.022020445745273776 0.026146420171816585
2 0.29010036357761776 0.5662237070336905 0.012654536104353475 0.02721759724103805
3 0.135330008584207 0.2914361482364062 0.012627265027114642 0.02253009724103805
3 0.14558573165323568 0.17367543815049796 0.012581813231716588 0.014717597241038004
2 0.7605896046988232 0.43762847976207037 0.01728749394987581 0.018088258706427142
2 0.7053344781371942 0.47725422376917653 0.01259090359079611 0.01628009724103805
3 0.6777917819991369 0.7131441361390769 0.014171584308955331 0.019486984396167806
0 0.7461201220636289 0.9057167384684977 0.04241475897699054 0.041273453188503596
0 0.5656599415418614 0.7823212613084191 0.05032725292686617 0.05887038896415202
0 0.5195964451560987 0.3869578516520521 0.022038626463433176 0.029271420171816588
2 0.6133277435570923 0.24450367876670215 0.017342036104353652 0.027463258706427317
2 0.6890589965821545 0.23193840174290914 0.012618174668035031 0.020967597241038048
2 0.43900952048806363 0.3708625401412344 0.01728749394987581 0.01808825870642732
2 0.691635592500379 0.5404912081653442 0.012654536104353475 0.02721759724103805
2 0.6117718722600207 0.7830305902320914 0.017278403590796288 0.016525758706427317
2 0.6702469267111385 0.6252313783371608 0.01886817466803503 0.021295145861557074
2 0.6864895502477053 0.5962465632082984 0.011019313231716588 0.014635710085908294
2 0.32990424872345375 0.8259362217330116 0.015797716822512697 0.03050637155129756
2 0.1774372579950318 0.6784105257805976 0.01726931323171659 0.01496325870642714
3 0.13953325789683593 0.7452605110812764 0.009502265027114643 0.02236632293077854
3 0.12111505600324197 0.8032744069428335 0.015743174668035032 0.021131371551297563
2 0.40233830580685026 0.918263162597043 0.01728749394987581 0.018088258706427496
2 0.1817394594958423 0.8805905014703381 0.01572499394987581 0.018006371551297563
2 0.4046986738824681 0.5180175011316537 0.015743174668035032 0.021131371551297563
2 0.2519442950813439 0.05244116802410994 0.02668067466803503 0.021704581637205768
2 0.3636448643631847 0.0434612364323327 0.025145445745273866 0.026310194482076034
2 0.49490395472226434 0.038145215401433535 0.020430674668035033 0.021377033016686774
0 0.9675815107255064 0.8229950124400729 0.03481133723582168 0.07680151741285464
3 0.9583605259490128 0.7156328917932865 0.01416249394987581 0.017924484396167804
3 0.9633025560032419 0.7591372303278973 0.009502265027114732 0.02236632293077854