3 0.2162550380112512 0.5796255073599533 0.023983137023308565 0.015897720003181702
3 0.24197428982534977 0.6228760680299077 0.01951389183263199 0.022093176002545435
3 0.2760045494439966 0.6357669667011348 0.02387400961864685 0.012772720003181703
3 0.15018854999215078 0.432041435351681 0.016443455534962848 0.02361931333545435
3 0.28186513592700024 0.4234215080362711 0.03017857332097771 0.014407945337363514
3 0.3031771407363236 0.4299169560391346 0.028725200725639423 0.017514764003817972
3 0.2760863618803831 0.39211696403563473 0.025654764427970277 0.01904090133672707
3 0.28439736968493146 0.36175730203690737 0.02107639183263199 0.0221113573360908
3 0.497286750084818 0.33065439473263336 0.03017857332097762 0.014407945337363514
5 0.17790926750801317 0.3089766526893626 0.02387400961864685 0.012772720003181703
5 0.19526792621568614 0.5153448313574079 0.014608137023308565 0.015788632001908987
5 0.28383683057737186 0.18916468670431646 0.01767857332097771 0.014262494668999893
5 0.17229664065150563 0.10352608402290804 0.02063988221398514 0.009611357336090798
4 0.15477432395394988 0.1384641580203627 0.027053573320977707 0.014371582670272564
4 0.25403027948891277 0.1630470820337257 0.020858137023308566 0.015861357336090797
7 0.24097720798203354 0.19178970003181672 0.02220238221398514 0.009629538669636251
5 0.46874256551642934 0.04996746873008799 0.019186509618646853 0.012718176002545333
3 0.5922098365678217 0.11934527207985997 0.025381945916316085 0.011228401336727112
3 0.8020337590704927 0.22408895810785867 0.022529764427970278 0.01900453866963625
3 0.7740401899258662 0.09334748810467701 0.025654764427970277 0.01904090133672711
4 0.7007018936467305 0.07297080609481381 0.02387400961864685 0.01277272000318166
5 0.7684995511732772 0.35958101543599524 0.02387400961864685 0.012772720003181703
3 0.9864757356568479 0.31760424279913024 0.025381945916316085 0.011228401336727067
3 0.9415055530721936 0.7294133521244033 0.022529764427970278 0.01900453866963616
4 0.8997917682258034 0.7648508654519036 0.017514882213985318 0.009574994668999892
4 0.9375844341050523 0.818394036123449 0.017514882213985318 0.009574994668999892
3 0.8151687423650877 0.6896775954407678 0.02392857332097762 0.014335220003181704
3 0.8996851300213684 0.8288860934515855 0.019077382213985316 0.009593176002545434
5 0.7891444449048256 0.7495065814369497 0.02074900961864685 0.012736357336090798
3 0.5955854178629837 0.7527208460773146 0.02705357332097762 0.014371582670272432
5 0.5307763841977197 0.7082345020687242 0.01455357332097762 0.014226132001908986
4 0.6740477237607662 0.7856520720878142 0.017514882213985138 0.009574994668999892
4 0.7612153962634374 0.8889685234324954 0.014662700725639511 0.017351132001908808
7 0.6591245842903869 0.6043020747533141 0.01907738221398514 0.009593176002545434
7 0.5671428930985764 0.27367823607572384 0.02074900961864685 0.012736357336090798
5 0.5002629610620765 0.4829708727323151 0.02074900961864685 0.01273635733609062
4 0.4279712988110244 0.5149288500556792 0.017569445916316085 0.011137494668999891
1 0.3085591330165934 0.7853038900381801 0.03363095553496276 0.023819308004454243
1 0.18210572730414526 0.540962449355499 0.025654764427970277 0.01904090133672707
1 0.20826394482000765 0.41787948535963515 0.02420139183263199 0.022147720003181704
0 0.13621533002921765 0.38970848468331737 0.06382937622353539 0.0835215720082724
1 0.22786462748947972 0.3306431146960441 0.011319445916315996 0.011064769334818082
1 0.28695439609380125 0.23371411803786185 0.025654764427970277 0.01904090133672707
1 0.3172941713215447 0.1856493353755435 0.017569445916315995 0.011137494668999891
1 0.5709028101589517 0.24717028007636013 0.02403770072563951 0.017460220003181703
1 0.5907217807548572 0.41217766207826917 0.027271828130301046 0.02062158267027243
1 0.46383193165798176 0.6473237267265881 0.02576389183263199 0.022165901336727068
1 0.5696751930907271 0.7040015354073603 0.02721726442797028 0.019059082670272433
1 0.5371578481702031 0.8238867740690423 0.025654764427970277 0.019040901336727246
1 0.7160417947194911 0.9595077427593595 0.02576389183263199 0.022165901336727245
1 0.8746355116023814 0.715359395448722 0.027271828130301046 0.020621582670272608
1 0.7359202080668515 0.5224168227641319 0.035302582939624474 0.026962489337999784
1 0.8095040410064762 0.5498247547739951 0.027271828130301046 0.02062158267027243
1 0.9492188162342196 0.5030326654598578 0.02721726442797028 0.019059082670272433
1 0.8553571665122213 0.18566280478194924 0.022529764427970278 0.01900453866963625
2 0.24343509690425869 0.5752561806969986 0.03384921034428619 0.030069308004454242
2 0.35319204282057465 0.5874663740451798 0.04484127404661713 0.03175907733927232
1 0.5279663204105708 0.3817719994032241 0.011319445916316085 0.011064769334818082
1 0.46008685044763775 0.33881179272754264 0.011374009618646852 0.012627269334818081
1 0.42837803737827906 0.45948737205599743 0.012827382213985139 0.009520450668363623
1 0.43173121587139995 0.48842089405631556 0.014335318511654194 0.007976132001909164
1 0.4522793288480914 0.47304134205917914 0.011210318511654193 0.00793976933481808
1 0.3536483666897065 0.3992669400461343 0.014335318511654283 0.007976132001908987
2 0.6206622850160264 0.6210350414146781 0.029052582939624472 0.026889764003817974
1 0.601775908877309 0.8629043680776327 0.008085318511654194 0.007903406667727353
1 0.6081300578815171 0.731781637412451 0.008194445916316084 0.011028406667727354
1 0.5668701408211417 0.7578532414067239 0.014335318511654194 0.007976132001908987
1 0.6437798704027216 0.8134134454169052 0.012772818511654193 0.007957950668363623
1 0.7061285259455337 0.40727308076063207 0.012772818511654193 0.007957950668363623
1 0.7227976707733905 0.3926293254296319 0.014389882213985138 0.009538632001908987
1 0.8893403631463276 0.6444656401177219 0.009702382213985316 0.009484088001272716
1 0.9246206095181304 0.5589735827895852 0.011264882213985316 0.00950226933481808
1 0.8440972958157996 0.5564747441119948 0.011264882213985316 0.00950226933481808
1 0.9247644532575283 0.5183667641231307 0.011210318511654549 0.00793976933481808
2 0.8937029701325692 0.70230541211804 0.02721726442797028 0.01905908267027261
1 0.8672569989036916 0.4146145081158128 0.008194445916316084 0.011028406667727354
2 0.7981424111547437 0.381011120106586 0.03384921034428636 0.030069308004454332
2 0.9297471414541139 0.8846821074554037 0.027380955534962937 0.02374658267027243
2 0.49040684454200595 0.7374401967297699 0.02888889183263199 0.022202264003817973
2 0.47649067748163054 0.7638299740610881 0.028834328130301047 0.02063976400381797
3 0.7541121912766287 0.6631963640992682 0.022529764427970278 0.01900453866963616