5 0.11039786660568462 0.4559531393637168 0.020512494668999893 0.018370568401734032
5 0.13656037726768483 0.49187522881213824 0.020476132001908988 0.015245568401734032
3 0.1543109512651395 0.5116717893213645 0.02509090666772722 0.009268584186749607
3 0.16106948126195783 0.5355188129988878 0.023601132001908987 0.015427578925077689
7 0.1489069306174568 0.3714185156438412 0.011119313335454439 0.016262036831702974
5 0.25535747262891084 0.29318637080669097 0.01731476933481808 0.011938557878390377
7 0.2572921426241383 0.32847912869919876 0.017351132001908985 0.015063557878390376
5 0.24150296327977516 0.40886457871331616 0.018859088001272718 0.010467063140062294
3 0.19400070727245736 0.4600406708631608 0.023637494668999892 0.01855257892507787
5 0.2559916299331849 0.5074308813300347 0.014226132001908986 0.01488154735504672
5 0.28855868193032136 0.5304357418251435 0.018859088001272718 0.010467063140062294
7 0.27430582527054836 0.478789941839261 0.015752269334818082 0.01184755261671846
3 0.30982570194145725 0.4495875602268775 0.02200226933481808 0.012211573663405773
7 0.34880583859804865 0.5261269443995097 0.018840906667727177 0.008904563140062294
7 0.3515955786123661 0.4207491996611816 0.015715906667727174 0.008722552616718459
3 0.4068456052673667 0.5099628890813681 0.023619313335454528 0.01699007892507769
5 0.3198472339672288 0.26019883653523684 0.014207950668363533 0.013319047355046632
5 0.3553762013049104 0.23021520492285347 0.01731476933481808 0.011938557878390377
7 0.4304756512969562 0.2932227101139381 0.018840906667727177 0.008904563140062206
5 0.5132886986394103 0.2308129863517102 0.015752269334818082 0.01184755261671846
7 0.5688921666136387 0.42402393103356867 0.018840906667727354 0.008904563140062294
5 0.5547847606222293 0.35987813104768607 0.01268181333545435 0.016353042093374803
5 0.5979165952816843 0.4155512783744978 0.017351132001909166 0.015063557878390376
5 0.6040387786044119 0.4940858020520212 0.017351132001908985 0.015063557878390199
3 0.7099166086091845 0.465072407214871 0.02512726933481808 0.012393584186749606
7 0.7594262599459116 0.4429390729575342 0.022020450668363622 0.013774073663405773
5 0.7689098006047301 0.5013431071584012 0.018840906667727354 0.008904563140062294
5 0.7239705652848658 0.39943970193908174 0.02043976933481808 0.012120568401734033
7 0.7986165766231839 0.3670437018684945 0.018895450668363623 0.013592063140062205
5 0.5915687873170008 0.1548489968044667 0.011064769334818082 0.011574536831702975
5 0.624208564648319 0.17160385729957556 0.017278406667727352 0.008813557878390377
5 0.6234994926400467 0.2325413572995756 0.01731476933481808 0.011938557878390377
4 0.657438140634956 0.27204347305635623 0.020403406667727175 0.008995568401734034
5 0.5526062846515007 0.1439801152626705 0.014226132001908986 0.014881547355046631
3 0.1434296372931382 0.3046482445971538 0.02512726933481808 0.012393584186749606
5 0.2653820745544597 0.8425794260542453 0.021965906667727176 0.009086573663405772
5 0.316054236553187 0.8549120970585804 0.017278406667727175 0.008813557878390554
5 0.5737876572645032 0.540794202080256 0.01736931333545435 0.016626057878390377
5 0.5832808359325485 0.5311839836502872 0.017351132001908985 0.015063557878390199
5 0.6626314339195037 0.6319645046263873 0.021965906667727176 0.00908657366340595
5 0.5388559372215506 0.8553803468468191 0.014207950668363622 0.01331904735504672
1 0.3807210992998197 0.26921679174043894 0.020548857336090798 0.021495568401734035
1 0.44838876261141164 0.43342277588483624 0.03789998933799978 0.03655912628012441
1 0.3615871019255489 0.5698692391237203 0.02676249466899989 0.018734589448421345
1 0.2941359725891399 0.588612262871831 0.023637494668999892 0.01855257892507787
1 0.4122138105904126 0.5861081601280556 0.028324994668999893 0.018825594710093263
1 0.1747570745544597 0.8373011208772783 0.0361738573360908 0.022405621018452494
1 0.31359176054268756 0.9321648417969086 0.02988749466899989 0.01891659997176518
1 0.7737892992918656 0.3507438676817449 0.02676249466899989 0.018734589448421435
1 0.4122069092934564 0.31795739960471187 0.011064769334818082 0.011574536831702975
1 0.4620796399586382 0.331807067978211 0.012590906667727353 0.008540542093374803
1 0.42366202995704744 0.34129618906725073 0.009465906667727175 0.008358531570031146
1 0.46392340328613846 0.3749123258707188 0.006340906667727353 0.008176521046687401
1 0.5188285319462297 0.42658051266006947 0.012627269334818081 0.011665542093374804
1 0.4534666139401846 0.4673350443006877 0.011028406667727354 0.008449536831702886
1 0.5317648839513204 0.3898085547534442 0.011064769334818082 0.011574536831702975
1 0.3040916805776859 0.6736242997035339 0.011064769334818082 0.011574536831702887
1 0.18605874856782273 0.7394551550781452 0.011064769334818082 0.011574536831702887
1 0.6117780059277761 0.5680238309912162 0.012645450668363622 0.013228042093374803
1 0.5935547172581398 0.5888522704819901 0.00948408800127254 0.009921031570031148
1 0.5857609459341393 0.5196017415427949 0.011028406667727354 0.008449536831702886
1 0.5493352866406831 0.22353110737016274 0.009465906667727352 0.008358531570031146
1 0.5637790473026832 0.25877065735604526 0.012590906667727353 0.008540542093374803
1 0.4687574486394103 0.22821933639406247 0.009465906667727175 0.008358531570031146
1 0.355939275302365 0.24901070755368931 0.011064769334818082 0.011574536831702887
1 0.30341152259709414 0.530519041811026 0.011064769334818082 0.011574536831702887
1 0.1764030325827766 0.6286618682464422 0.00946590666772722 0.008358531570031146
1 0.23275138788991417 0.8250433155591367 0.012590906667727175 0.008540542093374626
1 0.25069286588959605 0.8284336260683629 0.009465906667727175 0.008358531570031146
1 0.4061247058800509 0.9078466522355477 0.009447725334181811 0.0067960315700311465
1 0.4626110632161417 0.8908103416557344 0.00948408800127254 0.009921031570031148
1 0.510321857216778 0.8888985021367258 0.011064769334818082 0.011574536831702887
1 0.5153542552116874 0.9267170205525772 0.009447725334181811 0.0067960315700311465
1 0.621569534571959 0.7343313704537552 0.009484088001272716 0.009921031570031148
1 0.6849422385821402 0.6629715809206291 0.009465906667727352 0.008358531570031146
1 0.7880694279519568 0.4000459176676275 0.012609088001272717 0.010103042093374804
1 0.8078637599459115 0.4457602360693615 0.00948408800127254 0.009921031570031148
1 0.845518301281048 0.4346631123494859 0.012590906667727353 0.008540542093374803
1 0.8812381726209566 0.3882732307371025 0.009465906667727352 0.008358531570031058
1 0.9285762492839114 0.41839264121809394 0.009465906667727352 0.008358531570031146
1 0.6882154259627745 0.3144885782897932 0.00948408800127254 0.009921031570031057
1 0.7059927246180931 0.39917439142985545 0.011064769334818082 0.011574536831702975
1 0.5507757765754587 0.7044093810476861 0.011028406667727175 0.008449536831702886
1 0.7336653806492736 0.170942975616605 0.011028406667727354 0.008449536831702931
1 0.772772786640683 0.23654485978923714 0.006304544000636269 0.005051521046687402
3 0.2446257739099587 0.6779785997600036 0.023564769334818082 0.012302578925077867
3 0.9470069812619577 0.581294459619828 0.021965906667727353 0.009086573663405772