5 0.35402010917663035 0.6754823509497074 0.014362508928453721 0.017596676959604096
7 0.3590894387219351 0.6537437432695754 0.015761367694751626 0.008267141066226813
7 0.37917188799058643 0.5331728304957363 0.017323867694751714 0.00831260517284953
3 0.39445774310343645 0.418715525402029 0.02532728246740401 0.01947742570596276
3 0.3652378474055075 0.43584318942950945 0.026835235389503432 0.016397889812585477
5 0.35078165544045686 0.32364706630997125 0.022038641233702094 0.010011497492717503
7 0.28843561404459905 0.35778873409837536 0.015761367694751626 0.008267141066226813
3 0.4828947260573079 0.3228012833195878 0.017514782467404188 0.01925010517284953
5 0.5450753518697343 0.43247781169111776 0.0128545560063543 0.02067621285298138
5 0.5520969192401746 0.4780176322242312 0.023655688311602675 0.013181961599340219
5 0.5310889439969408 0.5172703488381363 0.023655688311602675 0.013181961599340219
4 0.564754831984232 0.5588955591838353 0.01123750892845372 0.017505748746358664
4 0.44585264772981914 0.38503685886726624 0.017405688311602673 0.01300010517284953
2 0.4228787978919749 0.35779239726792594 0.01595228246740419 0.019204641066226814
2 0.4195180186709816 0.3264287370013693 0.028506829545304768 0.02269335391920819
2 0.4884184285756653 0.6332757820659467 0.03012387662320535 0.02586381802583091
2 0.5250377670494238 0.5952589565182682 0.017432961850553142 0.014562605172849529
4 0.5006571501654511 0.46948606670568277 0.019159103084255235 0.023983069279472247
7 0.5589390288172513 0.35471652454409924 0.012745461850553141 0.014426212852981379
3 0.6776305275994354 0.3167428145941117 0.026753414772652383 0.011710389812585565