0 0.06655219414505065 0.2621428467346226 0.03902800790866538 0.03880952885594056
2 0.2496803705327852 0.20971970726424333 0.029716674904859807 0.040044646641955416
2 0.4847411200384936 0.20385162006344956 0.022575336958138337 0.01795139183263199
2 0.5622891639932638 0.38759664828641793 0.04020850593149916 0.029489092558271413
2 0.6473538665784525 0.21455596316987516 0.038264003954332715 0.020059528855940555
2 0.7726722015594245 0.20237836698340664 0.03682883794672147 0.02312996515360961
0 0.3982492272254059 0.48850192777533064 0.03434050790866543 0.0386458377489479
6 0.340155542929006 0.5740054073569105 0.06342051285158128 0.0630654843909035
6 0.4337145419404228 0.5754190852170592 0.07027800790866542 0.03990080290255769
0 0.7086919787082807 0.47063978286265573 0.0644100098858317 0.04905754809323426
1 0.9206534678338658 0.5147270556433285 0.03364017095052709 0.021458337748947898
1 0.6343273541839818 0.6682712402117172 0.021012836958138336 0.017896828130301044
3 0.6922737998490882 0.5289433561836334 0.014762836958138337 0.01767857332097762
3 0.7032577207996153 0.508276192118483 0.020821835969555023 0.013209328130301045
1 0.6752282212939068 0.5069145887604383 0.012818334980972068 0.008249009618646852
2 0.5735118709898958 0.5908208520072822 0.017887836958138337 0.01778770072563951
2 0.6141806333471853 0.5308902913001763 0.02088550296574958 0.014771828130301045
3 0.4616711041839817 0.6743005293192766 0.020630834980972068 0.008521828130301046
2 0.45255608935523417 0.7448312841286 0.014762836958138337 0.01767857332097762
2 0.21864264026726765 0.5119369716922136 0.03682883794672147 0.023129965153609787
2 0.3535269762368228 0.49474449329176 0.03188666996194396 0.01671627404661713
4 0.20521019855649386 0.6309870720550335 0.01125583498097189 0.008194445916316084
4 0.1807513680241462 0.618578841292327 0.009693334980971979 0.00813988221398514
4 0.2074730355146322 0.6137450083527025 0.011192167984777601 0.006631945916316084
2 0.16077574353702834 0.4195609879342824 0.01658000494291585 0.023983137023308565
2 0.15664931764358536 0.4633928334877787 0.020885502965749536 0.014771828130301045
4 0.27920474996281897 0.38499996025946825 0.00969333498097189 0.00813988221398514
4 0.26372433000087503 0.4011433154316114 0.012818334980971891 0.008249009618646852
4 0.25511333395520774 0.3827206976455965 0.00969333498097189 0.00813988221398514
2 0.14847069760509174 0.2428992842134181 0.039826503954332716 0.020114092558271325
2 0.19919496190236674 0.5680059224178531 0.013264003954332715 0.019186509618646853
1 0.2436625449061723 0.5680133569014236 0.012882001977166269 0.009811509618646852
1 0.27234330182625455 0.5342459921106336 0.011383168973360735 0.011319445916316085
1 0.2692037143738247 0.55385908766413 0.009693334980971979 0.00813988221398514
1 0.25367421486811625 0.5520609746874385 0.00969333498097189 0.00813988221398514
2 0.2816612465027778 0.4012970828548065 0.01151050296574958 0.014444445916316084
4 0.2816148255522507 0.42158230100364114 0.01594333498097189 0.008358137023308565
2 0.27597232060933485 0.4451834921106337 0.019195668973360735 0.011592264427970279
3 0.2524817879860901 0.6004711928362731 0.01001166996194396 0.01595238221398514
4 0.2730516145641051 0.6317385510036411 0.022320668973360734 0.011701391832631991
4 0.5012415760465423 0.41157235082615584 0.02401050296574958 0.014880955534962936
4 0.49048048958269563 0.42677076489130644 0.012754667984777512 0.006686509618646852
4 0.487578324069376 0.42141114229596816 0.009566000988583312 0.005014882213985139
4 0.48749741102751437 0.40425092414713354 0.015943334980972067 0.008358137023308565
4 0.4684144885941125 0.43222215672393843 0.019132001977166267 0.010029764427970277
4 0.5667909801911555 0.4685738297747637 0.02094916996194396 0.016334328130301046
4 0.5049966343357686 0.5300222504633363 0.02063083498097189 0.008521828130301046
4 0.5370730108000528 0.7192558760538994 0.015943334980972067 0.008358137023308565
4 0.504255193613578 0.643948341207509 0.014635502965749581 0.01455357332097762
4 0.6145320963124974 0.31165914166299596 0.012691000988583135 0.005124009618646852
4 0.6116763517497048 0.2860143009188231 0.011319501977166269 0.009756945916315995
2 0.5571679238790955 0.3409671849469068 0.017760502965749582 0.014662700725639332
3 0.4440975795065835 0.39718495781239754 0.020758168973360823 0.011646828130301134
2 0.3675815004571105 0.3795733610777749 0.021012836958138336 0.017896828130301135
2 0.32517648315690495 0.46296870363604625 0.012945668973360736 0.011374009618646852
4 0.2927022227767816 0.513251445831498 0.014635502965749581 0.01455357332097762
4 0.2923202207996153 0.522626445831498 0.016325336958138335 0.017733137023308386
4 0.24769081171208632 0.48829857505025825 0.011383168973360735 0.011319445916316085
2 0.3969294663509911 0.5400371459241653 0.032268671939110226 0.02609127404661713
4 0.4408571743733871 0.3426884307705555 0.01750583498097207 0.008412700725639422
4 0.4131141763505536 0.3342955774125109 0.015943334980972067 0.008358137023308565
4 0.42348003749179847 0.5968402174310443 0.016007001977166268 0.009920637023308565
4 0.3245689880998209 0.4395857673383771 0.008194501977166358 0.009647818511654194
4 0.31782955676917046 0.5092534265942044 0.01594333498097189 0.008358137023308565
4 0.4422101328528939 0.5392360485565704 0.015943334980972067 0.008358137023308565
2 0.47660237889856116 0.5567583652541261 0.017760502965749582 0.014662700725639511
4 0.5165336536131404 0.43834318195168187 0.016070668973360826 0.011483137023308564
4 0.5084771200013126 0.5977727456540127 0.016070668973360826 0.011483137023308564
4 0.45640794262499484 0.6503000341286002 0.012882001977166269 0.009811509618646852
4 0.5236338877958098 0.5129885178865313 0.014508168973360824 0.01142857332097762
4 0.5112612217881984 0.5103000275051782 0.00969333498097189 0.00813988221398514
2 0.5329598082520451 0.4947196675237116 0.014508168973360824 0.01142857332097762
4 0.6065047376055293 0.4320807690676577 0.018941000988583135 0.005342264427970278
4 0.58585665657889 0.42187987904912416 0.012818334980972068 0.008249009618646852
4 0.6434144885941124 0.4261110220628826 0.019068334980972067 0.008467264427970278
4 0.5862877380998208 0.4304463471979588 0.016007001977166268 0.009920637023308565
4 0.567523150647391 0.4506050797747636 0.019450336958138338 0.017842264427970277
4 0.4441148255522508 0.4159076759612321 0.02219333498097207 0.00857639183263199
4 0.49019132950658345 0.3955753285936373 0.017760502965749582 0.014662700725639332
4 0.48369463730151807 0.516723642295968 0.011128500988583312 0.005069445916316084
4 0.4483062825488826 0.6193774163425853 0.012882001977166269 0.009811509618646852
2 0.4567938976816414 0.46851432078908906 0.014380834980972068 0.00830357332097762
1 0.43826673216832185 0.46370033521705933 0.011383168973360825 0.011319445916316085
4 0.42393497673111435 0.48994537668687155 0.020630834980972068 0.008521828130301046
4 0.3767243957044751 0.4806720696079626 0.01594333498097189 0.008358137023308565
4 0.37385406368925267 0.47453119701262436 0.01906833498097198 0.008467264427970278
2 0.499002596806789 0.3133531056354793 0.025445668973360824 0.011810519237293704
4 0.3693177554000264 0.3561085792266095 0.009757001977166358 0.00970238221398514
4 0.32199442783342824 0.330456303998866 0.012691000988583135 0.005124009618646852
4 0.3410031185184378 0.6106423118034143 0.01594333498097189 0.008358137023308565
4 0.33408461505839665 0.6272668166127378 0.009820668973360824 0.011264882213985139
4 0.3807300992782469 0.30578119701262435 0.012882001977166357 0.009811509618646852
4 0.7121419253619703 0.32853412841615204 0.019068334980972067 0.008467264427970278
4 0.6567501353243518 0.5200420713372431 0.014317167984777512 0.00674107332097762
3 0.3479003532325796 0.2882043166127377 0.020821835969555114 0.013209328130301045
1 0.3528226861992042 0.6843427066312712 0.02251166996194396 0.01638889183263199
4 0.4198483601154808 0.6476760311333752 0.012818334980971891 0.008249009618646852
4 0.5870212726630509 0.6613416831328083 0.01906833498097189 0.008467264427970278
4 0.6684211002668301 0.29105397578374687 0.012818334980972068 0.008249009618646852
4 0.6933574332706357 0.2917434565464532 0.015816000988583313 0.005233137023308565