3 0.3578125 0.22578125 0.0109375 0.02109375
3 0.32265625 0.25546875 0.01953125 0.01640625
3 0.315625 0.28828125 0.0125 0.01953125
4 0.30703125 0.2609375 0.00703125 0.01875
7 0.41484375 0.1984375 0.01328125 0.01015625
3 0.51640625 0.26640625 0.00859375 0.025
3 0.51328125 0.28828125 0.0109375 0.025
3 0.57578125 0.2609375 0.01796875 0.01484375
3 0.54375 0.2578125 0.01328125 0.0203125
3 0.4859375 0.14375 0.01953125 0.01015625
5 0.60546875 0.15546875 0.0078125 0.01875
5 0.6328125 0.178125 0.009375 0.01328125
5 0.75 0.20625 0.00703125 0.01953125
5 0.7359375 0.2390625 0.01015625 0.0171875
5 0.89921875 0.39140625 0.0125 0.0140625
4 0.83125 0.39453125 0.00625 0.0140625
4 0.90859375 0.45390625 0.009375 0.015625
3 0.859375 0.521875 0.0078125 0.02421875
5 0.82421875 0.4296875 0.01015625 0.01484375
3 0.640625 0.45546875 0.00859375 0.02421875
4 0.45546875 0.4140625 0.00625 0.015625
5 0.49921875 0.47734375 0.009375 0.01953125
5 0.5765625 0.671875 0.01171875 0.0171875
7 0.66171875 0.71171875 0.0078125 0.01796875
3 0.2625 0.603125 0.00859375 0.02265625
5 0.29140625 0.53671875 0.0125 0.01328125
5 0.29921875 0.78203125 0.009375 0.01796875
3 0.3734375 0.73828125 0.01484375 0.01875
3 0.359375 0.8 0.0109375 0.02265625
3 0.34453125 0.92265625 0.01484375 0.0171875
4 0.30390625 0.8875 0.0078125 0.01484375
7 0.4703125 0.84765625 0.0140625 0.0140625
5 0.6453125 0.8484375 0.01015625 0.0171875
3 0.74296875 0.9171875 0.009375 0.021875
3 0.9125 0.68125 0.01640625 0.01875
3 0.7953125 0.72578125 0.0140625 0.01953125
5 0.52578125 0.35234375 0.00625 0.01953125
5 0.79609375 0.1234375 0.00546875 0.01875
1 0.2015625 0.39140625 0.021875 0.0265625
1 0.34140625 0.46328125 0.0171875 0.02109375
1 0.1921875 0.578125 0.01484375 0.0203125
1 0.29765625 0.578125 0.01875 0.02109375
1 0.478125 0.62890625 0.02109375 0.034375
1 0.3921875 0.2140625 0.01484375 0.0203125
1 0.51171875 0.19140625 0.01640625 0.01875
1 0.6875 0.246875 0.01875 0.0171875
1 0.58203125 0.546875 0.01484375 0.02265625
1 0.73125 0.49765625 0.01640625 0.0234375
1 0.97734375 0.1828125 0.01328125 0.02421875
1 0.83828125 0.75390625 0.0171875 0.02421875
1 0.55703125 0.89140625 0.0171875 0.021875
1 0.8015625 0.91640625 0.01328125 0.0265625
1 0.80625 0.94140625 0.0125 0.01953125
1 0.4734375 0.76015625 0.01875 0.0234375
1 0.4265625 0.8171875 0.02890625 0.02421875
1 0.09375 0.746875 0.01328125 0.0234375
1 0.34453125 0.81796875 0.01328125 0.0234375
3 0.47265625 0.2640625 0.01171875 0.0265625