5 0.8761496627347192 0.6945918491953063 0.02118579528527036 0.019933068401734033
5 0.8579604348606257 0.6553550439477519 0.019477746071058632 0.016717063140062292
3 0.8444052030575907 0.6319707518543771 0.02543664764263518 0.010831084186749607
3 0.8417146966474499 0.6076609965927051 0.024165246071058633 0.016990078925077867
7 0.8241013192686945 0.7647986624059555 0.011738020678164318 0.017824536831702886
5 0.7071171805173995 0.8125242598880591 0.019332196856846905 0.013592063140062293
7 0.7117661391610706 0.7785132809347466 0.01627997146395277 0.01497255261671846
5 0.7411946199306482 0.7077681414298553 0.020821922249741043 0.012120568401734033
3 0.796297342842343 0.6696835834808779 0.02431079528527036 0.020115078925077867
5 0.7445314815936379 0.6121294177382147 0.01471747146395277 0.01488154735504672
5 0.7174402886657325 0.5825028309206292 0.020821922249741043 0.012120568401734033
7 0.7221856007002259 0.634201838813137 0.017696922249741044 0.011938557878390377
3 0.6817981951997079 0.6536651993788329 0.024019696856846906 0.01386507892507769
7 0.6585190529337561 0.5720588836079348 0.01918664764263518 0.010467063140062294
7 0.636614127788531 0.6705117941595133 0.01762414764263518 0.010376057878390377
3 0.5993987640586267 0.5740694336644045 0.02423802067816432 0.018552578925077688
5 0.6384956131062227 0.828005775743662 0.014571922249740864 0.011756547355046365
5 0.5988530703021517 0.8467333889401939 0.019259422249740865 0.012029563140062293
7 0.5376201637681765 0.7699286942583354 0.01918664764263518 0.010467063140062294
5 0.44594424007069333 0.8089996285580245 0.017696922249741044 0.011938557878390554
7 0.42680032609311996 0.6154393443571575 0.01918664764263518 0.010467063140062294
5 0.42900283498446007 0.6794563417263215 0.013154971463952591 0.014790542093374803
5 0.39803962530733167 0.6168807470162282 0.01784247146395277 0.015063557878390199
5 0.4054839441662505 0.5425177838479311 0.01784247146395277 0.015063557878390376
3 0.29807170450533277 0.5448321707925736 0.025582196856846907 0.013956084186749606
7 0.24701862675507372 0.5527664971574026 0.020894696856846907 0.013683068401734033
5 0.24748735359570997 0.4959172576807463 0.01918664764263518 0.010467063140062294
5 0.27267575227180235 0.6017878260824803 0.020894696856846907 0.013683068401734033
7 0.19535127294996682 0.6144250629988879 0.01933219685684682 0.013592063140062293
5 0.35644940053361 0.8614428181193855 0.011446922249741042 0.011574536831702887
5 0.328123193337681 0.8387564760401279 0.01762414764263518 0.010376057878390554
5 0.3402742828747643 0.7818085260260105 0.019332196856846905 0.013592063140062293
4 0.3140178438758003 0.736647944470097 0.01918664764263518 0.010467063140062294
5 0.39166130851532743 0.881413683876166 0.01471747146395277 0.01488154735504672
3 0.8176736908564817 0.8275338808359244 0.027144696856846905 0.014047089448421701
5 0.79527407444049 0.2964203887284323 0.022311647642635178 0.01064907366340595
5 0.7497967545481139 0.2735142387707846 0.01762414764263518 0.010376057878390377
5 0.44425319168505106 0.5050401706513993 0.01784247146395259 0.015063557878390199
5 0.4328983147205804 0.5121701311888603 0.01784247146395259 0.015063557878390376
5 0.3738614549196175 0.3988741996611816 0.022311647642635178 0.010649073663405862
5 0.5338057274598087 0.2196402679217413 0.014644696856846906 0.013319047355046632
1 0.5805182932138464 0.8043715836926395 0.022893844499482084 0.023149073663405774
1 0.5453876602535198 0.635591491613382 0.03910104135632899 0.03655912628012441
1 0.6549552512383452 0.528999128346263 0.027363020678164318 0.018734589448421345
1 0.7226692901134746 0.5274891072289883 0.02431079528527036 0.02011507892507769
1 0.6092596075246514 0.5014054783886153 0.027363020678164318 0.018734589448421345
1 0.8821940316364192 0.322519428120384 0.036883569892376046 0.022405621018452494
1 0.7659075980141387 0.2012143045416827 0.029071069892376046 0.021950594710093262
1 0.21579220553879006 0.635093878769786 0.02743579528527036 0.020297089448421346
1 0.5601479811793532 0.7517625231834131 0.011374147642635179 0.010012036831702886
1 0.5138166366798712 0.7272483705949295 0.014426373035529138 0.008631547355046721
1 0.5527699747692123 0.7271797521367258 0.011301373035529139 0.008449536831702886
1 0.5204818595915659 0.6863426495341247 0.00824914764263518 0.00983002630835923
1 0.4763465618250963 0.6253372600998206 0.013009422249740865 0.011665542093374804
1 0.5469480062007438 0.6021797521367257 0.012863873035529317 0.008540542093374803
1 0.45752594127076646 0.6561854416980866 0.013009422249740865 0.011665542093374804
1 0.7289684859368641 0.4452681414298555 0.011446922249741042 0.011574536831702887
1 0.8543837088485589 0.4112788202561111 0.01144692224974122 0.011574536831702887
1 0.4115113122393811 0.4711888154179623 0.013009422249741043 0.011665542093374804
1 0.43340342886476957 0.45610214171220403 0.011374147642635179 0.010012036831702886
1 0.42872023697032147 0.5228346154038448 0.012863873035529317 0.008540542093374626
1 0.4100431273742463 0.807687757539572 0.011301373035529316 0.008449536831702886
1 0.4028641741072586 0.7706504891237204 0.014426373035529317 0.008631547355046721
1 0.4878599123204344 0.8223487679923285 0.011301373035529139 0.008449536831702886
1 0.6019587996239872 0.8297734020943734 0.011446922249740865 0.011574536831702887
1 0.7032322394515208 0.5785587835655825 0.011446922249741042 0.011574536831702887
1 0.84374376943531 0.5174000176393927 0.011301373035529139 0.008449536831702886
1 0.823636668939972 0.31988798080768965 0.014426373035529138 0.00863154735504663
1 0.8085018205115485 0.3127734308218071 0.011301373035529139 0.008449536831702886
1 0.671667446442562 0.20195848621053586 0.009666098428423453 0.0067960315700311465
1 0.6141096575674326 0.20406004152867743 0.011374147642635179 0.010012036831702976
1 0.5677248091390091 0.19512538630935788 0.009884422249741042 0.011483531570031102
1 0.5699208558720216 0.15863414946353752 0.009666098428423453 0.006796031570031102
1 0.43221330231458366 0.31345191012805557 0.011301373035529316 0.008449536831702886
1 0.35901555086684156 0.36450690493697085 0.011301373035529316 0.008449536831702974
1 0.21119244271850848 0.5865198708772782 0.01449914764263518 0.01019404735504672
1 0.1995978172017798 0.538317589307247 0.011374147642635135 0.010012036831702886
1 0.16227975371954445 0.5400397130271227 0.012863873035529317 0.008540542093374803
1 0.11953148159363795 0.5757273130694751 0.011301373035529316 0.008449536831702886
1 0.07872239102309737 0.5359521815276788 0.011301373035529295 0.008449536831702886
1 0.2923761302697304 0.6901978786991988 0.009884422249741042 0.011483531570031147
1 0.29004518878956703 0.6066951339608707 0.011446922249741042 0.011574536831702887
1 0.495006554795783 0.35684486533325765 0.012863873035529317 0.008540542093374803
1 0.22256239805241068 0.8139091235081143 0.012863873035529317 0.008540542093374626
1 0.19588642803620004 0.7430127945830364 0.006541098428423453 0.006614021046687313
3 0.7870720843652876 0.45488533611171383 0.025582196856846907 0.013956084186749606
3 0.08934090570540579 0.3791862420369051 0.022311647642635137 0.01064907366340595