3 0.34027743498267926 0.6272287683330205 0.02253009724103805 0.013009146276527873
7 0.5891786024409623 0.5705923361529509 0.01940509724103805 0.012936411094166544
6 0.9670336075293449 0.4820129601093048 0.032150758706427494 0.017914851823611144
6 0.926211612956412 0.6284528554359021 0.019814533016686654 0.020748911094166544
6 0.26266817559888345 0.1612777664331595 0.05591580732694634 0.024710365691319503
6 0.28645315637700663 0.07781064979190948 0.05484463025772479 0.03404899810013893
2 0.2708612924004826 0.4817902881846526 0.01784259724103805 0.012900043502986059
2 0.30350445330004494 0.6867498919081247 0.022611984396167805 0.014571646276527872
2 0.26435790762020206 0.327847670593472 0.01628009724103805 0.012863675911805572
2 0.5733964721832375 0.538107144473576 0.01940509724103805 0.012936411094166544
2 0.3886718328804012 0.2670712119122566 0.019241322930778536 0.009811411094166722
2 0.4471980630926975 0.383821647607708 0.01940509724103805 0.012936411094166721
2 0.6067456399802049 0.7117621968102773 0.029107645861557074 0.019404616641249994
2 0.7121867345077094 0.6490783992232286 0.01628009724103805 0.012863675911805572
2 0.6404224406368888 0.3394319487101384 0.01315509724103805 0.012790940729444422
2 0.5636352905914602 0.42647931345152734 0.01628009724103805 0.012863675911805572