7 0.6035308785580245 0.3958826236720134 0.010649073663405773 0.022093205547083362
7 0.3674792574689848 0.43970993132704833 0.01064907366340595 0.022093205547083272
4 0.43470601287183097 0.29107110315479134 0.021495568401734035 0.020785278685347207
4 0.5773562444559794 0.2822747185617704 0.012120568401734033 0.020567073138263937
4 0.3848733418674959 0.24138088089020804 0.015427578925077689 0.023764808320624997
4 0.3023547864081799 0.4498311201566317 0.016808068401734034 0.020676175911805574
4 0.36208610217907805 0.46799858548736084 0.024620568401734034 0.020858013867708358
7 0.45729916261771714 0.5580949489944789 0.013501057878390376 0.017478440729444423
4 0.7241758494776549 0.5331079071070134 0.01488154735504672 0.014389808320624909
4 0.5347507864787671 0.37010268009277736 0.01488154735504672 0.014389808320624997
4 0.4938828627730089 0.3937408550546524 0.021495568401734035 0.020785278685347297
3 0.6611114912604462 0.8740978894395827 0.018370568401734032 0.020712543502985882