5 0.6223183413946008 0.6770325942679045 0.014863020678164317 0.01726931323171659
7 0.6220443595915659 0.6543717990883646 0.015988873035529316 0.007903403590796287
7 0.6312844648444149 0.5339729406771083 0.017551373035529318 0.00791249394987581
3 0.6415605312221345 0.4190382870863122 0.025800520678164317 0.017332945745273776
3 0.6669436749358282 0.4438973865205781 0.027290246071058632 0.015779536104353474
5 0.7058905508668415 0.3405178564663488 0.022311647642635178 0.009502265027114643
7 0.759000588294229 0.3902224197962612 0.01598887303552914 0.007903403590796198
3 0.5782899356891951 0.302187130372258 0.01806079528527036 0.01884999394987581
5 0.4933028136871231 0.3902052808397962 0.011883569892376045 0.020376132513557365
5 0.47651772807898124 0.43250186514875166 0.023946922249740866 0.011073855386194254
5 0.48707639247083945 0.47463936817381375 0.024019696856846906 0.012636355386194254
4 0.4455631346129566 0.5061393530485032 0.011738020678164318 0.017251132513557366
4 0.6003511803125117 0.3731717960633026 0.017769696856846907 0.01259999394987581
2 0.6283477477236884 0.3534723744203297 0.01649829528527036 0.01884090359079611
2 0.63872016749223 0.32449794672723253 0.027581344499482085 0.022029536104353476
2 0.502236973735755 0.5988035760193361 0.03085189371369381 0.025172716822512698
2 0.47505373552257935 0.55207402176461 0.01784247146395259 0.01416249394987581
4 0.5275900765074046 0.43845642847866395 0.01984161910658777 0.023546584308955332
7 0.49829422063538314 0.3128115338648583 0.013154971463952591 0.014135222872636976
3 0.3918579760120667 0.2423177475641131 0.025509422249740954 0.011082945745273864