7 0.6265747156441623 0.8331519644853678 0.020367042154477842 0.010202670950527093
3 0.7661503000513136 0.7927564106447658 0.01729658430895533 0.019450336958138338
3 0.7020514386149952 0.7838960638007958 0.02507272287263689 0.013518671939110405
5 0.6608360861556671 0.8150213884016445 0.01572499394987581 0.017824169961944136
3 0.8035957578968359 0.7849094185534312 0.026635222872636886 0.013582338935304606
5 0.7914861224564124 0.7172444160819733 0.014144313231716587 0.014635502965749581
3 0.8188929840891227 0.5949529220134724 0.018859084308955686 0.019514003954332716
3 0.8682071828594585 0.6133646823935957 0.02664431323171641 0.015144838935304605
3 0.8681066680287357 0.46183401589169293 0.026635222872636886 0.013582338935304606
3 0.8682521137740096 0.48683401589169295 0.02351931323171641 0.015017504942915849
4 0.8837998457218328 0.4741894358536368 0.020376132513557365 0.011765170950527093
3 0.835902701206223 0.4308413424697079 0.023501132513557364 0.01189250494291585
4 0.8529452763417961 0.540884845929749 0.018822722872636886 0.013264003954332715
4 0.8726128817279903 0.5651181833821789 0.021974993949875808 0.018078837946721472
3 0.8632732014026147 0.3022998484012069 0.01572499394987581 0.01782416996194396
4 0.7604476623713949 0.21531716015047425 0.0376818071815924 0.03277800790866543
3 0.7884237132082754 0.45936824908577895 0.02979658430895533 0.01995967292769336
3 0.7358759510098312 0.5564223212151697 0.020421584308955333 0.019577670950527093
3 0.7098538064942213 0.5139655657779622 0.025063632513557366 0.011956171939110227
3 0.7221265475172308 0.47541240174751725 0.026635222872636886 0.013582338935304606
5 0.7605396077238853 0.4996284931542799 0.01259999394987581 0.0176968359695552
3 0.6655957881474569 0.6933692228883248 0.02198408430895533 0.01964133794672147
3 0.5761140898681003 0.34917887110143886 0.02667158430895533 0.019832338935304606
7 0.5268049571581512 0.46589152722321836 0.01884090359079611 0.016389003954332536
4 0.4800844932625047 0.4905440173373866 0.023555674668035032 0.02126750494291585
3 0.5639060231203423 0.6673558681356894 0.026635222872636886 0.013582338935304606
4 0.5822378666026798 0.596244872090022 0.03137726502711473 0.023148339923887918
5 0.5520191014773694 0.6379721156642314 0.014144313231716587 0.014635502965749581
5 0.5176895532727676 0.6443839417479549 0.015715903590796287 0.01626166996194378
3 0.4433253575274936 0.6163597594287212 0.026644313231716586 0.015144838935304605
3 0.4959287036421099 0.7973670203031361 0.023528403590796287 0.01658000494291585
3 0.31823042963800474 0.7292033162350726 0.01572499394987581 0.017824169961943782
4 0.3999980592246958 0.6872333335352783 0.021974993949875808 0.018078837946721472
5 0.3594316256778662 0.5613910751323212 0.01259999394987581 0.017696835969555024
4 0.45698736084714325 0.4138395958925679 0.02666249394987581 0.018269838935304605
5 0.46921465007475477 0.36747393186212307 0.01727840359079611 0.016325336958138335
3 0.38517495159900633 0.1531620810638203 0.01730567466803503 0.021012836958138336
3 0.23601074375348405 0.1564568829272559 0.023519313231716587 0.015017504942915849
3 0.27898858411256366 0.1597702253226017 0.023501132513557364 0.01189250494291585
5 0.26226014724608443 0.23797613836446335 0.017242042154477666 0.010075336958138337
5 0.16939749901804135 0.6551862015966055 0.014144313231716544 0.014635502965749581
5 0.2253838786047324 0.6121657134596037 0.012581813231716588 0.014571835969555025
3 0.14327081537301586 0.594760696159398 0.02976931323171659 0.015272172927693362
3 0.15478503229372448 0.5600819486308559 0.023519313231716587 0.015017504942915849
3 0.19191687275099995 0.4983287065395213 0.026644313231716545 0.015144838935304605
5 0.25160042407885985 0.41952988589300544 0.018859084308955422 0.019514003954332716
5 0.1905861769075302 0.538108789543327 0.018813632513557322 0.011701503954332716
4 0.2686833849494442 0.4022614728511438 0.02198408430895542 0.01964133794672147
3 0.14687656264254137 0.4090141971479812 0.026644313231716586 0.015144838935304605
3 0.1864930536655509 0.3715752055509382 0.02508181323171659 0.015081171939110228
5 0.2197686410977643 0.3182565459691176 0.017278403590796198 0.016325336958138335
3 0.07357087284919583 0.42867809832684484 0.028206813231716543 0.015208505931498983
3 0.0763731651018694 0.37333668231923356 0.02042158430895542 0.019577670950527093
3 0.05075554156530252 0.40041117688202615 0.02663522287263693 0.013582338935304606
5 0.1284800448849522 0.20050136018984288 0.017278403590796198 0.016325336958138335
1 0.3521175327847038 0.2439807406456409 0.03764544574527395 0.02652800790866543
1 0.34620790036934235 0.1679766561589605 0.026707945745273864 0.02608233893530465
1 0.1534704336450255 0.06561436562705036 0.02510908430895542 0.01976867193911027
1 0.08897211729005094 0.12234718528498312 0.03764544574527391 0.026528007908665385
1 0.4280725413689108 0.5454424229648744 0.021974993949875808 0.018078837946721472
1 0.6091089179305398 0.5161090445234239 0.010982951795397966 0.008258168973360824
1 0.6604350685944697 0.47758505539783885 0.009429542154477843 0.00975700197716627
1 0.6613476079202771 0.3659299723940332 0.012554542154477844 0.009884335969555114
1 0.5926839663315334 0.37797237456148 0.010982951795397966 0.008258168973360736
1 0.7549476169954634 0.3439687421656967 0.010982951795397966 0.008258168973360736
1 0.6990652556573408 0.27061481380079583 0.010992042154477666 0.009820668973360735
1 0.6438686955488822 0.1808864689339921 0.012545451795397965 0.008321835969555113
1 0.3435930022394952 0.5240356551703773 0.009429542154477666 0.00975700197716627
1 0.36507309250037895 0.5913014096190017 0.012554542154477665 0.009884335969555024
1 0.38169244505790284 0.49434549657714 0.007857951795398143 0.008130834980972067
1 0.3050844932625047 0.48341331376361474 0.012545451795398144 0.008321835969555024
1 0.37558736992232955 0.3847476620904596 0.011001132513557365 0.011383168973360735
1 0.14531354176169425 0.27460736364988403 0.010982951795398054 0.008258168973360736
1 0.21807030659241713 0.42909854547482595 0.009438632513557366 0.011319501977166269
1 0.027527640704980854 0.5697368384410131 0.025136355386194263 0.024456171939110406
1 0.48755051785578496 0.16280101931455296 0.042360216822512696 0.03140650889724857
1 0.1453105592246958 0.6768556131555924 0.02511817466803503 0.021331171939110403
1 0.004262336646646464 0.46412616699619436 0.0031613614363184715 0.006377333992388756
1 0.08694757161953182 0.4456255177944971 0.0078579517953981 0.008130834980972067
1 0.11020780961747927 0.41611177273741295 0.009402271077238834 0.005069501977166269
1 0.11969189392643469 0.4352437747145794 0.009420451795398055 0.008194501977166268
1 0.16671233967170856 0.4621537846004111 0.00943863251355732 0.011319501977166269
1 0.030065791663498386 0.3347397559314991 0.00943863251355732 0.011319501977166269
1 0.06906465914994106 0.3253939308363588 0.009402271077238834 0.005069501977166357
1 0.08777829771362258 0.3199079347906916 0.011001132513557322 0.011383168973360735
1 0.08115715563389962 0.6586202663116223 0.0109829517953981 0.008258168973360824
3 0.1005788004440971 0.5063229372621494 0.020385222872636933 0.013327670950527093
3 0.0988031978865732 0.603883686767858 0.009474993949875787 0.01756950197716627
3 0.11829354127071494 0.5976482742202878 0.02509999394987581 0.018206171939110227
3 0.21509529751723083 0.4547524614824372 0.02195681323171659 0.014953837946721648
1 0.30392547247985346 0.28419456376361474 0.009438632513557366 0.011319501977166357
1 0.33497950887879463 0.11753098718559978 0.007876132513557366 0.011255834980971935
3 0.7154083940246305 0.39468898376273975 0.014171584308955331 0.01932300296574958
3 0.6015822433607007 0.43066629304054915 0.023519313231716587 0.015017504942915849
3 0.6542294786281736 0.21645655440925565 0.01259999394987581 0.017696835969555114
3 0.045231728529977686 0.25647017589344295 0.006322722872636943 0.012754667984777512
3 0.11216015329620858 0.21467660672980182 0.018859084308955422 0.019514003954332716
3 0.0807601623713949 0.18762201680591395 0.017278403590796177 0.016325336958138335
3 0.0930556292921035 0.1529751027754691 0.0235284035907962 0.01658000494291585
3 0.11546748135864808 0.38039710722409337 0.020403403590796197 0.016452670950527094
3 0.2832281948615111 0.6199901423187961 0.025063632513557366 0.011956171939110227