3 0.15351916460954837 0.2776968527716496 0.02369207313826389 0.012029119106587948
3 0.31999814979190944 0.2668213571148758 0.025290940729444423 0.013664393713693634
7 0.29232839789204845 0.21504268734633417 0.014462543502986147 0.01784247146395268
4 0.32735278885024266 0.45377554756158195 0.020603440729444422 0.013446069892376044
3 0.14589688820531185 0.772827416253885 0.020785278685347207 0.021258569892376223
3 0.4944090830188189 0.6528015907799375 0.022129573138263935 0.011956344499482085
3 0.45744490482590267 0.1956462162966662 0.02688980832062491 0.015299668320799587
5 0.6151404635277773 0.5956718333363394 0.0206034407294446 0.013446069892376044
3 0.8567337771667358 0.3081567549669079 0.02540004350298588 0.018351893713693723
3 0.8581799890789924 0.6819024700207198 0.022129573138263935 0.011956344499482085
3 0.9602866965259368 0.7208493459517332 0.009593205547083272 0.00981164764263518
1 0.517716030397777 0.824965535155585 0.03957164627652787 0.023694365177646403
1 0.6332143970390272 0.7914916015333044 0.041206881458888844 0.026892139784752446
1 0.9464866081887845 0.30787846505832117 0.02383754350298588 0.01827911910658786
1 0.7773878500206592 0.49836868610798907 0.007994337955902786 0.00817637303552914
1 0.8678465830188188 0.6354084596816376 0.011119337955902609 0.008321922249740866
1 0.5021884814795482 0.48621340426217297 0.0110829703647223 0.006759422249740865
1 0.3769520921368746 0.5021916228306414 0.011082970364722212 0.006759422249740865
1 0.4089807292953466 0.6349291941707598 0.009556837955902786 0.00824914764263518
1 0.6264416394395829 0.5795374110865985 0.009629573138263936 0.011374147642635179
1 0.6954046193036104 0.8354192299455173 0.009593205547083272 0.00981164764263518
3 0.774826547683958 0.4742954853222008 0.022093205547083272 0.010393844499482085
1 0.6415607592149649 0.4328978515333045 0.006431837955902786 0.008103598428423453
1 0.6117836466577774 0.37107209367542165 0.012681837955902785 0.008394696856846906
1 0.5551115000969092 0.5930049057099149 0.0095204703647223 0.00668664764263518
1 0.6441616951947566 0.2876217388368575 0.007921602773541637 0.005051373035529316
1 0.6374064681805207 0.10844366108659846 0.0063954703647222996 0.006541098428423453
1 0.7080638070863541 0.12388241646328195 0.0063954703647222996 0.006541098428423453
1 0.7614966251906248 0.17524155521457696 0.0079579703647223 0.006613873035529317
3 0.4077358455553471 0.18547500372405365 0.014389808320624909 0.014717471463952681