0 0.5919864338055788 0.4555062873120999 0.04079159997176518 0.03173467887824373
3 0.9512564760401279 0.33881226876759163 0.011665542093374625 0.013073210085908293
4 0.8922084287556686 0.24770591191561522 0.016262036831702888 0.011756371551297561
4 0.9357533024049569 0.2865946715265536 0.009921031570031148 0.009866322930778538
4 0.9499978129283007 0.2904566559227214 0.012773015785015574 0.00534259724103805
4 0.928668844498332 0.29868523575090483 0.016353042093374626 0.013318871551297472
4 0.9246638839608707 0.3101583242855156 0.012864021046687667 0.0069050972410380496
4 0.932460973409292 0.33704837290603457 0.012864021046687314 0.0069050972410380496
4 0.9300339234234094 0.32212273575090483 0.012682010523343478 0.0037800972410380494
4 0.9788655365493544 0.3581731004047974 0.009921031570031148 0.009866322930778538
4 0.920665899675299 0.388614194932302 0.019387036831702887 0.011920145861557074
7 0.9809054496611816 0.4065696568272325 0.014426521046687313 0.006986984396167806
4 0.9195437444559795 0.34260233208743174 0.015898015785015575 0.005506371551297562
4 0.8774703655450192 0.302232959631623 0.016080026308359408 0.008631371551297562
4 0.8533503260824803 0.28928590230467677 0.012864021046687314 0.0069050972410380496
4 0.9439745970585804 0.3742584458368131 0.009739021046687668 0.006741322930778537
4 0.9562470839044008 0.37100729307785113 0.006614021046687313 0.006577548620519025
2 0.8285022445265667 0.2638388449777305 0.016171031570031146 0.010193871551297562
4 0.8264245340596927 0.20142073213286021 0.009921031570031148 0.009866322930778538
4 0.8180498629141832 0.29833999773669245 0.012773015785015574 0.00534259724103805
3 0.7824161998023559 0.24818286747896767 0.013046031570031147 0.010030097241038049
4 0.7813773445689189 0.21697381105653255 0.012864021046687314 0.0069050972410380496
4 0.7784042630130052 0.1926731739014028 0.009739021046687312 0.006741322930778537
7 0.7653952997741211 0.27688772161741065 0.006887036831702886 0.011265048620519025
4 0.7958486392225426 0.30496513398731107 0.009739021046687491 0.006741322930778537
2 0.7907530735928188 0.1372420454527003 0.022330026308359407 0.008958920171816497
2 0.7374607445971538 0.18507535786802926 0.01644404735504672 0.014881371551297517
4 0.7646224840738102 0.18338338308279992 0.012682010523343834 0.0037800972410380494
4 0.7556570077513334 0.1899233101520214 0.012682010523343657 0.003780097241038005
4 0.7742404077795684 0.16130034316870817 0.01019404735504672 0.014553822930778537
2 0.7294284367187635 0.16751936566994535 0.009648015785015573 0.005178822930778537
3 0.705717920933748 0.16160355834299908 0.01920502630835923 0.00879514586155703
2 0.7412913998870605 0.15723696291098338 0.009921031570031148 0.009866322930778538
2 0.7097375629988878 0.20387294549812882 0.009739021046687312 0.006741322930778537
2 0.7076059156014889 0.23413697761030444 0.00670502630835923 0.008140048620519025
2 0.730997912970653 0.23458403493725077 0.011483531570031147 0.009948210085908293
3 0.6986481445548015 0.22743659825709087 0.01184755261671846 0.016198210085908292
7 0.7038214919663179 0.18253353403273959 0.009739021046687312 0.006741322930778537
4 0.7706967207784562 0.3277918023501053 0.02113154735504672 0.015127033016686742
2 0.9444219180911505 0.39531125225924824 0.009648015785015573 0.005178822930778537
2 0.9469322680629156 0.4250396958368131 0.009739021046687312 0.006741322930778537
3 0.9078242654320796 0.42221126695856925 0.012864021046687667 0.0069050972410380496
2 0.9038879233528224 0.39474468622587466 0.013046031570031147 0.010030097241038049
2 0.8889076654603146 0.391623008252142 0.009921031570031148 0.009866322930778538
4 0.9925196064076806 0.41421506049070567 0.014960787184638846 0.007068871551297562
2 0.9962133892931296 0.43473227837853 0.007573221413740683 0.008385710085908115
2 0.9568000917263216 0.4473650751900268 0.016353042093374626 0.013318871551297563
2 0.9925023732963526 0.4585825361804462 0.009739021046687312 0.006741322930778537
4 0.9657501574972196 0.46730576096567555 0.006614021046687313 0.006577548620519025
2 0.9748220496329466 0.4358477210515838 0.012864021046687667 0.0069050972410380496
4 0.9785686759130712 0.4734296082067135 0.010103042093374625 0.012991322930778537
3 0.9467040258848363 0.5013565343714239 0.013046031570031147 0.010030097241038049
3 0.9881249574125149 0.5572690196721027 0.016444047355046364 0.014881371551297562
2 0.9932434313512107 0.5334597054477516 0.01351313729757848 0.008631371551297562
2 0.9711117626600695 0.5727335673881105 0.016262036831702888 0.011756371551297561
2 0.9765273047534443 0.5854792288534998 0.012773015785015574 0.00534259724103805
3 0.9427746600574685 0.5408727357509049 0.01184755261671846 0.016198210085908115
4 0.8968251232257654 0.5275605082521421 0.016262036831702888 0.011756371551297561
3 0.8673126574972198 0.46214687019250106 0.019205026308359407 0.008795145861557075
2 0.8757930154320797 0.42053258027840934 0.009739021046687668 0.006741322930778537
2 0.8861613680346807 0.451451709631623 0.008176521046687668 0.006659435775648781
2 0.9045319364364147 0.4726649683380503 0.008358531570031146 0.009784435775648604
2 0.9257621943289227 0.47611419493230195 0.017642526308359406 0.008713258706427317
7 0.8987292574689848 0.4933902261399664 0.009739021046687312 0.006741322930778537
4 0.9151655995482422 0.5215119041136991 0.014608531570031147 0.010111984396167627
4 0.9165229731975305 0.5581897105361342 0.011210515785015574 0.0052607100859082935
4 0.953271815276788 0.5873759215265537 0.015898015785015575 0.005506371551297562
4 0.9527411942583353 0.5515203086816833 0.012955026308359407 0.00846759724103805
1 0.9116002547675617 0.56727810549318 0.011301521046687312 0.006823210085908115
3 0.896027733650287 0.6342232660540581 0.011938557878390554 0.017760710085908293
3 0.9227113309912163 0.6644397105361342 0.011938557878390554 0.017760710085908293
4 0.9359323968327015 0.6106120256649966 0.009830026308359408 0.008303822930778536
4 0.9545458889401939 0.6092509215265536 0.011119510523343479 0.0036982100859082935
4 0.98572727048199 0.6498283338964541 0.015898015785015575 0.005506371551297562
4 0.9617059415569124 0.6252034701470726 0.013046031570031147 0.010030097241038049
2 0.9475972099021768 0.7039083242855156 0.017642526308359406 0.00871325870642714
2 0.9513291546546222 0.6877477357509049 0.014426521046687313 0.006986984396167628
4 0.8873275678370366 0.6586909995457149 0.027563557878390554 0.01857958163720568
4 0.9026718467762318 0.6680626775194474 0.011392526308359407 0.008385710085908294
4 0.9747358335514651 0.7419372687675916 0.009921031570031148 0.009866322930778538
4 0.9654980704678726 0.6635666073022024 0.013046031570031147 0.010030097241038049
2 0.9425680756589573 0.7379148320874317 0.021313557878390198 0.01825203301668683
2 0.9369929098457069 0.7625463398893478 0.016171031570031146 0.010193871551297562
4 0.9434473071725187 0.8065010577771723 0.015989021046687313 0.007068871551297207
2 0.9457756466209399 0.8331045013547371 0.011574536831702887 0.011510710085908116
2 0.9610813991811888 0.9086777114406454 0.013228042093374626 0.01315509724103805
2 0.9103001491811888 0.9060163788989284 0.012864021046687314 0.0069050972410380496
3 0.8560522649379696 0.9374434413142574 0.010103042093374625 0.012991322930778537
7 0.8508733993223633 0.7549175463572115 0.013046031570031147 0.010030097241038049
2 0.8941914888413717 0.7096769674335391 0.013228042093374626 0.01315509724103805
2 0.82022118075122 0.9106419239014028 0.01644404735504672 0.014881371551297207
2 0.809292115050909 0.8166053188584487 0.015154563140062294 0.01948698439616763
2 0.7973080545416826 0.7980633587725403 0.01920502630835923 0.008795145861557075
3 0.8227638098739419 0.7269629647200058 0.010103042093374625 0.012991322930778537
3 0.8400191993082459 0.7691471426937383 0.02076752630835941 0.00887703301668683
3 0.7122351045275652 0.808403315240404 0.02545502630835923 0.009122694482076098
2 0.756311328219206 0.8029245991616019 0.016262036831702888 0.011756371551297561
5 0.8115154967338796 0.7076806982116624 0.017824536831702886 0.011838258706427318
4 0.8379113967621145 0.6794671670039978 0.016080026308359408 0.008631371551297562
2 0.8504715809206292 0.7346459899347764 0.013228042093374626 0.01315509724103805
4 0.8267309730563562 0.7014683197629598 0.012773015785015574 0.00534259724103805
4 0.8710192993505981 0.726376466529028 0.012864021046687314 0.0069050972410380496
4 0.8469440334949953 0.7944337477366925 0.017824536831702886 0.011838258706427318
4 0.7342517155873715 0.25033186566994536 0.013228042093374803 0.01315509724103805
4 0.7498458944842143 0.30411196291098336 0.015898015785015575 0.005506371551297562
4 0.756581012871831 0.33951387437637265 0.013046031570031147 0.010030097241038049
4 0.7873150733810572 0.3590384803238379 0.016353042093374803 0.013318871551297563
4 0.7729109391378379 0.3925536651949756 0.013046031570031147 0.010030097241038049
4 0.7834767128153611 0.4001171817033189 0.009739021046687312 0.006741322930778537
2 0.8106762496470641 0.41244676334052477 0.012029563140062293 0.019323210085908114
2 0.8447250259554234 0.4220198371758144 0.024620568401734034 0.021540807326946167
2 0.8130269758989537 0.479552376185395 0.01175654735504672 0.014635710085908115
2 0.8227513154179622 0.43255122342643293 0.009921031570031148 0.009866322930778538
4 0.793322149675299 0.3819403917892272 0.0067960315700311465 0.009702548620519025
4 0.7942538600715858 0.5182906495911432 0.006978042093374803 0.012827548620519024
2 0.8156738337632266 0.5116245697629598 0.012682010523343478 0.0037800972410380494
2 0.8567615653473751 0.5083258293738983 0.011483531570031147 0.009948210085908293
2 0.8755192706231643 0.49606816881302007 0.009739021046687668 0.006741322930778537
2 0.938124957412515 0.5546486307079507 0.012864021046687667 0.0069050972410380496
2 0.8662870257436619 0.6451264665290279 0.009739021046687668 0.006741322930778537
4 0.9073145731692958 0.5873040004502259 0.011301521046687312 0.006823210085908115
4 0.8776578942724529 0.5327869188130201 0.009739021046687312 0.006741322930778537
4 0.8921523047534443 0.5810573224764932 0.005142526308359407 0.008058161465389268
2 0.884028991613382 0.5619388302784094 0.016262036831702888 0.011756371551297561
4 0.8263375889543113 0.5877333683834788 0.016262036831702888 0.011756371551297561
4 0.8328760152909055 0.5662678041591276 0.011119510523343479 0.0036982100859082935
4 0.8407340179217414 0.5674584899347763 0.00799451052334348 0.003534435775648781
4 0.8450652021508432 0.5482138449777304 0.009557010523343479 0.003616322930778537
7 0.832412554682857 0.6519186991161734 0.006614021046687313 0.006577548620519025
2 0.8229087520661386 0.6358433197629598 0.02269404735504672 0.015208920171816586
2 0.8201778651920832 0.6691914082975705 0.013046031570031147 0.010030097241038049
2 0.8081182099727637 0.6226063353667921 0.014426521046687313 0.006986984396167806
4 0.7906121915569123 0.6162368266603648 0.0067960315700311465 0.009702548620519025
3 0.6858083833961733 0.889578072137809 0.010103042093374804 0.012991322930778537
2 0.6911868571584012 0.8080790886461525 0.014790542093374803 0.013236984396167628
2 0.6858014071442838 0.8225952900256335 0.018370568401734032 0.021213258706427495
4 0.824803722985769 0.7753595211424408 0.009648015785015573 0.005178822930778537
4 0.7630493627024217 0.5174341564885483 0.012773015785015574 0.00534259724103805
4 0.7379829313159172 0.3143943656699454 0.012864021046687314 0.0069050972410380496
4 0.7345016155450191 0.2947402849372508 0.016262036831702888 0.011756371551297561
4 0.7310958944842143 0.30312931704942636 0.011119510523343656 0.0036982100859082935
2 0.7377330313582696 0.26998594640263995 0.016262036831702888 0.011756371551297561
4 0.7267948023343698 0.3496358248513425 0.009921031570031148 0.009866322930778538
4 0.7478654365070019 0.3904622207128995 0.012773015785015574 0.00534259724103805
4 0.7623451654603146 0.38499014868663217 0.009739021046687312 0.006741322930778537
2 0.7565347812170952 0.4189557129109834 0.012864021046687314 0.0069050972410380496
2 0.7378834917545565 0.4062952606269912 0.009648015785015573 0.005178822930778537
3 0.7517030680487982 0.42960660786802923 0.02233002630835923 0.008958920171816587
2 0.7642863680346808 0.4450645115315023 0.02591005261671846 0.0169351944820761
4 0.7512018100857032 0.5012359464026399 0.012864021046687314 0.0069050972410380496
4 0.7727204943148052 0.48289206015202135 0.012773015785015574 0.00534259724103805
2 0.8018612337208744 0.5552960046340975 0.011301521046687668 0.006823210085908293
4 0.7751321337491092 0.5242983101520214 0.009921031570031148 0.009866322930778538
2 0.7366527336502872 0.6258707762308234 0.01497255261671846 0.016361984396167806
4 0.7477568336220523 0.656049599161602 0.012682010523343657 0.0037800972410380494
3 0.7400423151356137 0.7241854454981288 0.019387036831702887 0.011920145861557074
4 0.7806526336079347 0.672572035841762 0.0067960315700311465 0.009702548620519025
4 0.7634042204255204 0.6973706399802049 0.012864021046687314 0.0069050972410380496
4 0.7392386783321455 0.6836423326532586 0.017460515785015573 0.005588258706427318
4 0.7227190362670056 0.6407178482570908 0.009921031570031148 0.009866322930778538
3 0.6973403336926394 0.5794151780852743 0.013228042093374803 0.01315509724103805
2 0.6830734363658276 0.5350510244218011 0.01139252630835923 0.008385710085908115
2 0.687791028445085 0.5625585487320606 0.011574536831702887 0.011510710085908116
2 0.7348480389684287 0.5681401633859532 0.014426521046687313 0.006986984396167806
4 0.6554034626741869 0.5413895556294657 0.006978042093374803 0.012827548620519024
4 0.6695870600151161 0.5709509028705037 0.009557010523343656 0.003616322930778537
2 0.691688844145396 0.6562266615769309 0.009921031570031148 0.009866322930778538
7 0.6854766415004425 0.6699206693788471 0.009739021046687312 0.006741322930778537
2 0.6916580230422389 0.7091878872666714 0.009921031570031148 0.009866322930778538
2 0.7068426782615583 0.7559367345077094 0.009739021046687312 0.006741322930778537
2 0.641343878769786 0.21976021709485485 0.006705026308359408 0.008140048620519025
3 0.682939844568919 0.2118149202833582 0.013137036831702887 0.01159259724103805
4 0.6697719866340589 0.25318354873206067 0.009921031570031148 0.009866322930778538
4 0.7132405365493544 0.34425228403273955 0.012864021046687314 0.0069050972410380496
4 0.6981615681193853 0.35280841248144207 0.02858002630835923 0.009286468792335611
4 0.7017346181758551 0.29380190467952594 0.027745568401734033 0.021704581637205768
2 0.7168429496611817 0.3927307276103044 0.009557010523343835 0.003616322930778537
2 0.7111158654038447 0.44149909825709077 0.006614021046687313 0.006577548620519025
4 0.66284496537561 0.46856620929293874 0.009648015785015573 0.005178822930778537
4 0.6389223469879933 0.43226353912112214 0.02223902104668731 0.007396420171816587
4 0.6360325654179623 0.42276570838842764 0.00983002630835923 0.008303822930778536
4 0.6357217522779001 0.4040566519659925 0.012682010523343657 0.0037800972410380494
4 0.7225469180911505 0.38368327623082343 0.01139252630835923 0.008385710085908294
2 0.7227968180487983 0.4280916954981288 0.01184755261671846 0.016198210085908292
7 0.6504414888413719 0.6969025712332979 0.019114021046687312 0.007232645861557074
7 0.6393597756730747 0.7072259175698248 0.015989021046687313 0.007068871551297562
2 0.6689408598598243 0.7336998863621602 0.022512036831702886 0.012083920171816587
4 0.6133329998588257 0.180127829035214 0.013137036831702887 0.011592597241038005
3 0.6429749972279898 0.18090243498267924 0.02545502630835923 0.00912269448207601
3 0.6244980130130052 0.18460728912112226 0.01028505261671846 0.016116322930778536
4 0.7175647445265666 0.25802485696351807 0.0070690473550467205 0.014390048620519024
4 0.6277965892366599 0.28135945838842763 0.012773015785015574 0.00534259724103805
2 0.6614505233951746 0.3376437579134578 0.012864021046687314 0.0069050972410380496
5 0.6654980704678726 0.64784427351729 0.013228042093374803 0.01315509724103805
7 0.6458303125753648 0.6444769340781681 0.0067960315700311465 0.009702548620519025
4 0.6347045548240313 0.49357285334547346 0.012864021046687314 0.0069050972410380496
4 0.6032978471997549 0.20841992537174087 0.014426521046687313 0.006986984396167806
4 0.604625128769786 0.2178358689493057 0.012773015785015574 0.00534259724103805
4 0.6244888496894164 0.35829377261277884 0.015898015785015575 0.005506371551297562
4 0.6148786312594476 0.36713650610443543 0.011210515785015574 0.0052607100859082935
4 0.6053748286427291 0.35106112675122186 0.016353042093374803 0.013318871551297563
7 0.5939074366481762 0.23440921528583258 0.0067960315700311465 0.009702548620519025
4 0.580740307737216 0.19555475519992432 0.016171031570031146 0.010193871551297518
2 0.5798071392931297 0.21965067446722966 0.00826752630835923 0.008221935775648781
1 0.57076533923666 0.27837057722619163 0.03399556840173403 0.02203213025772479
4 0.5736019129000658 0.30032746438132146 0.011301521046687312 0.006823210085908293
4 0.578554723409292 0.3185009322691458 0.012773015785015574 0.00534259724103805
4 0.5887179496611816 0.38601598088966477 0.009830026308359408 0.008303822930778536
4 0.5923434786003767 0.39477350519992427 0.008176521046687313 0.006659435775648781
4 0.5673588891519553 0.36698269787297805 0.01608002630835923 0.008631371551297562
4 0.5538270101704079 0.4021013263216805 0.009921031570031148 0.009866322930778538
3 0.5240562101845253 0.3857426639517801 0.01497255261671846 0.016361984396167806
3 0.4886724470303457 0.3799939529613607 0.010467063140062117 0.019241322930778536
4 0.5045774390672507 0.4524831066248338 0.019296031570031145 0.010357645861557074
3 0.4986837548381488 0.47164586442674994 0.019387036831702887 0.011920145861557074
4 0.5691775363375928 0.5586788749421995 0.012864021046687314 0.0069050972410380496
4 0.5898015785015547 0.4982293758467106 0.012864021046687314 0.0069050972410380496
2 0.5995560100998206 0.47849008593261894 0.025637036831702886 0.0122476944820761
4 0.6187680126600694 0.5542680139063515 0.009921031570031148 0.009866322930778538
2 0.4499207601704079 0.396655830505552 0.013592063140062293 0.01940509724103796
3 0.475285510240995 0.3239929364530173 0.019296031570031145 0.010357645861557074
2 0.46679890507814525 0.21840135572032268 0.010103042093374804 0.012991322930778537
2 0.43441133930724707 0.19723236261772764 0.011665542093374804 0.01307321008590825
2 0.4852149761107151 0.24039586442674993 0.020949536831702885 0.012002033016686831
7 0.506495525814249 0.5522783887370094 0.011301521046687312 0.006823210085908293
7 0.519890167879389 0.5950390988229177 0.014426521046687313 0.006986984396167806
4 0.5105228731551783 0.581307469469704 0.012864021046687314 0.0069050972410380496
2 0.5587783626318347 0.5807209712787265 0.01331904735504672 0.01471759724103805
4 0.5560404995058897 0.5470862777011615 0.012773015785015574 0.00534259724103805
3 0.5285561814570917 0.15543436623577225 0.01956904735504672 0.01504514586155703
2 0.5411618682464423 0.2113944391665507 0.012773015785015574 0.00534259724103805
2 0.5318540286568465 0.33240962403768837 0.011301521046687312 0.006823210085908293
2 0.5230712918816133 0.2618514625722991 0.012773015785015574 0.00534259724103805
7 0.6322984335938173 0.6795955625268706 0.009557010523343835 0.003616322930778537
2 0.6137598071725187 0.7892228680447946 0.01920502630835923 0.008795145861557075
2 0.6280883467056447 0.7276645703287867 0.024438557878390377 0.018415807326946164
2 0.6435614282615584 0.7526203047249544 0.009648015785015573 0.005178822930778537
2 0.6432051124906601 0.7331299983025193 0.009739021046687312 0.006741322930778537
5 0.6245615283039105 0.7072292395960921 0.013046031570031147 0.010030097241038049
4 0.5886086177523321 0.731826447872978 0.01608002630835923 0.008631371551297562
4 0.5737376917686738 0.3828943029159322 0.006432010523343834 0.0034525486205190248
2 0.5597423521790781 0.5036638263216805 0.012864021046687314 0.0069050972410380496
2 0.5972871257860142 0.5866334565794054 0.009557010523343656 0.003616322930778537
4 0.605357960043351 0.5379879166653135 0.006614021046687313 0.006577548620519025
2 0.5488756577089811 0.22348168136463462 0.014426521046687313 0.006986984396167806
2 0.5446740051204975 0.1780872942095049 0.012955026308359407 0.008467597241038006
7 0.49491547077845616 0.31333871946970404 0.009648015785015573 0.005178822930778537
1 0.5096443706655167 0.43249815524535284 0.0067960315700311465 0.009702548620519025
4 0.5098494970162283 0.39590223597804747 0.013228042093374803 0.01315509724103805
2 0.5448663230281213 0.7162933011069098 0.01497255261671846 0.01636198439616763
2 0.5038927125330126 0.6814336222286661 0.009921031570031148 0.009866322930778538
7 0.4765188704537552 0.6527387341690252 0.01608002630835923 0.008631371551297562
2 0.48567406257536483 0.6360835006773685 0.009739021046687312 0.006741322930778537
2 0.4817377204961074 0.6086169199446739 0.012864021046687314 0.0069050972410380496
2 0.44707502318341313 0.5483854268420789 0.02480257892507769 0.024665807326946343
4 0.3747934156014889 0.21669501356766735 0.019114021046687402 0.007232645861557074
7 0.3561568076666288 0.25777703697341564 0.009739021046687401 0.006741322930778537
4 0.37818372611071516 0.23478659430036197 0.011301521046687402 0.006823210085908293
2 0.40307731029746474 0.2610149016273082 0.016262036831702888 0.011756371551297561
2 0.382248870806691 0.2778372314554917 0.016262036831702888 0.011756371551297561
2 0.37498240237672215 0.28680279567984296 0.01295502630835923 0.00846759724103805
2 0.3779176865775892 0.2970818764125376 0.014608531570031147 0.010111984396167806
2 0.4217733733669398 0.35467969244591113 0.010012036831702886 0.011428822930778538
4 0.4033110706796341 0.4121270222740946 0.012773015785015574 0.00534259724103805
7 0.40100584705858056 0.34580265942922433 0.009557010523343835 0.003616322930778537
4 0.39888888118886034 0.42980916723114043 0.011210515785015574 0.0052607100859082935
4 0.3734562416839692 0.4611886420163698 0.011665542093374804 0.013073210085908293
4 0.36537843117474295 0.442851399818286 0.012682010523343657 0.0037800972410380494
3 0.43509720990217665 0.677049337402957 0.02076752630835923 0.008877033016686653
2 0.3951022704819901 0.6188749892574078 0.015154563140062204 0.019486984396167806
2 0.4387612652203182 0.6196053296010409 0.019478042093374802 0.013482645861557074
3 0.39840855198143393 0.702386852102278 0.019296031570031145 0.010357645861557074
2 0.49201433881313683 0.7181966378324983 0.012864021046687314 0.0069050972410380496
2 0.5273070967056446 0.7223828488229177 0.016262036831702888 0.011756371551297561
4 0.3568889099162941 0.6581521732240343 0.01764252630835923 0.008713258706427317
4 0.3200490625753648 0.6274034622336149 0.01920502630835923 0.008795145861557075
4 0.3012157625894823 0.6116180099496227 0.015989021046687403 0.007068871551297562
7 0.36079588894019377 0.5781338025772479 0.01608002630835923 0.008631371551297562
3 0.37895435473932676 0.5689601984388049 0.013228042093374803 0.01315509724103805
2 0.3765273047534442 0.5540345612836751 0.010103042093374804 0.012991322930778537
2 0.3540530652767879 0.5559721975342937 0.013228042093374803 0.01315509724103805
2 0.3149472497176513 0.31247450305221774 0.021404563140062206 0.01981453301668683
4 0.36595601287183094 0.31904208559393465 0.015989021046687403 0.007068871551297562
2 0.37971467598365827 0.36805279567984295 0.009921031570031057 0.009866322930778538
2 0.37397291019864276 0.3630786906368888 0.012864021046687402 0.0069050972410380496
4 0.3865708917122041 0.43227906999010246 0.009557010523343656 0.003616322930778537
3 0.3045458889401938 0.5751858649925768 0.01184755261671846 0.016198210085908115
3 0.3023848784874373 0.4979649457252714 0.01644404735504663 0.014881371551297562
2 0.27447198109003834 0.5268778397778062 0.018552578925077688 0.02433825870642714
3 0.2930183127871263 0.4040102278374471 0.013228042093374803 0.01315509724103805
7 0.32012684435715744 0.41477730947465286 0.012864021046687402 0.0069050972410380496
2 0.2996701311888604 0.42460933288040115 0.022694047355046633 0.015208920171816586
3 0.26468266823232484 0.2117032191310198 0.019387036831702887 0.011920145861557074
7 0.2479648760683629 0.27235743611433305 0.016262036831702888 0.011756371551297561
2 0.28524506818997253 0.2571761714150119 0.01956904735504663 0.015045145861556985
2 0.26000984976000363 0.265200033355371 0.010103042093374804 0.012991322930778537
2 0.27333514434303996 0.4271235012431954 0.013137036831702887 0.01159259724103805
3 0.23052601806291562 0.38749443520982185 0.01764252630835923 0.008713258706427229
3 0.24393607067963413 0.40377453245085987 0.017824536831702976 0.011838258706427318
7 0.28227052858625934 0.3933217113291037 0.011210515785015574 0.0052607100859082935
2 0.23965955240495695 0.25011394391624914 0.009921031570031148 0.009866322930778538
2 0.3431023417969087 0.3412103346894235 0.016262036831702888 0.011756371551297561
4 0.3331057155167843 0.30330089891377476 0.01608002630835923 0.008631371551297562
4 0.3372317733951746 0.3206521732240343 0.011210515785015574 0.0052607100859082935
2 0.3253772445265667 0.23747118102595036 0.011483531570031147 0.009948210085908293
2 0.2967403651920833 0.6417592113291037 0.022512036831702886 0.012083920171816587
4 0.2838770731692957 0.5546310255534549 0.016171031570031146 0.010193871551297562
3 0.1521951626883043 0.5002190852552504 0.018188557878390334 0.01808825870642732
3 0.10695898642229736 0.44566438206674713 0.019296031570031104 0.010357645861557074
3 0.09656127076433871 0.3072603013340525 0.01644404735504663 0.014881371551297562
2 0.3065872600998207 0.4631362443457904 0.011665542093374804 0.013073210085908293
4 0.5796277308782768 0.7648469877870697 0.01608002630835923 0.008631371551297562
4 0.5258124861399487 0.7635843809350933 0.014244510523343834 0.0038619843961678058
4 0.5246749203690506 0.7440531309350933 0.011210515785015574 0.0052607100859082935
4 0.21128944162749946 0.5118836035726162 0.0175515210466874 0.007150758706427141
4 0.22561173393263578 0.3031194352098218 0.015989021046687403 0.007068871551297562
4 0.1870952655026669 0.3104472563315781 0.01608002630835923 0.008631371551297562
4 0.22081854714328514 0.24756879805469212 0.009739021046687401 0.006741322930778537
4 0.22075763396087064 0.27326816089956235 0.009921031570031057 0.009866322930778538
4 0.3825813417263215 0.4172715456798429 0.012773015785015574 0.00534259724103805
4 0.3990639154603145 0.3659513851189648 0.011665542093374804 0.013073210085908293
4 0.5274171576383939 0.2963492933049937 0.012864021046687314 0.0069050972410380496
4 0.4913963576525114 0.2796630823145743 0.01920502630835923 0.008795145861557075
2 0.503835444470097 0.3060175424004826 0.011301521046687312 0.006823210085908293
2 0.4712651391519554 0.3619466378324983 0.011301521046687312 0.006823210085908293
3 0.3422924577654508 0.15346135119776688 0.011483531570031147 0.009948210085908293
4 0.46026599694564113 0.46729587912607096 0.012864021046687314 0.0069050972410380496
4 0.6001468152767879 0.5688694244672297 0.009557010523343656 0.003616322930778537
2 0.6145201284168501 0.5883154652858326 0.01295502630835923 0.00846759724103805
2 0.6277404652344356 0.6147108689493057 0.00983002630835923 0.008303822930778536
4 0.7079361994494201 0.6142405574384879 0.012864021046687314 0.0069050972410380496
4 0.7032787915286774 0.641256758817969 0.014608531570031147 0.010111984396167806
4 0.701655378346263 0.6668742345077094 0.01644404735504672 0.014881371551297562
4 0.9048721126318344 0.5988589761399664 0.012773015785015218 0.00534259724103805
7 0.9602260125188952 0.7201474779489887 0.012864021046687667 0.0069050972410380496
2 0.9247233390954855 0.44490513850986685 0.009739021046687312 0.006741322930778537
2 0.9169640470021108 0.43203664631178296 0.011119510523343479 0.0036982100859082935
4 0.8595995970585806 0.36983653945980655 0.012773015785015574 0.00534259724103805
4 0.8832345181335028 0.3477092339418825 0.012773015785015218 0.00534259724103805
2 0.5306687731834131 0.5527663896415206 0.015245568401734032 0.021049484396167627
4 0.5120174837208743 0.5401059373575284 0.017824536831702886 0.011838258706427318
7 0.5047440390390159 0.48208871946970405 0.017460515785015573 0.005588258706427318
4 0.44665852325400035 0.47437139472990325 0.0067960315700311465 0.009702548620519025
4 0.3798959574831022 0.4514008842144537 0.011210515785015574 0.0052607100859082935
2 0.4445129233528224 0.37066986261772766 0.013046031570031147 0.010030097241038049
2 0.4205392841302798 0.10615698326451399 0.022512036831702886 0.012083920171816498
3 0.5660037025743663 0.08963562584671067 0.013137036831702887 0.011592597241038005
4 0.7965319077089811 0.23646079545270032 0.02581904735504672 0.01537269448207601