4 0.8317355478719218 0.5533360605506417 0.027390170950527093 0.02062158267027243
4 0.6071082795831332 0.6426274692473222 0.02407416996194378 0.015897720003181702
4 0.603670261788636 0.7270024692473221 0.02745383794672147 0.02218408267027261
5 0.5818947153624079 0.5523388239179129 0.012945668973360825 0.011082950668363623
1 0.6608712440313199 0.41554680124127696 0.025700336958138337 0.017478401336727067
2 0.548025028631731 0.2528751732575035 0.024074169961943958 0.015897720003181702
2 0.4777562909890207 0.19512685526736667 0.016070668973360826 0.011119313335454439
2 0.5237320468833386 0.5616052832590943 0.022320668973360824 0.011192038669636162
2 0.37868614372730874 0.4992609192791388 0.029716674904859807 0.039389764003817974
2 0.4318721521302658 0.4588171852721391 0.02869800296574958 0.014389764003817973
2 0.436310301331963 0.5415387786044119 0.018269838935304605 0.02676249466899989
2 0.4647032622829276 0.7262768579328668 0.019195668973360825 0.011155676002545434
2 0.43758500536284545 0.7593893499363666 0.016070668973360826 0.01111931333545435
2 0.4113434989370548 0.7901490012730937 0.02088550296574958 0.014298857336090797
2 0.4878741654389575 0.7900393659293669 0.02088550296574958 0.014298857336090797
2 0.5452065043742622 0.7628223379217308 0.021012836958138336 0.0174238573360908
2 0.7185325523205461 0.5335695478994592 0.023946835969555026 0.012772720003181703
2 0.575592977225406 0.4961888212524128 0.013391337946721649 0.022020450668363622
2 0.6275905118258172 0.3315990625795949 0.01932300296574958 0.014280676002545345
2 0.37025817289051244 0.3611433012810479 0.027008168973360825 0.01124658267027261
2 0.34658059235816474 0.3481438619510023 0.03383117193911023 0.02538180800445433
2 0.31409440311884895 0.45550237595482024 0.02088550296574958 0.014298857336090797
4 0.2221535953239142 0.3355358686346378 0.014762836958138337 0.017351132001908985
2 0.328936858632606 0.6661671559516386 0.03357650395433272 0.019131808004454243
4 0.3959161115983556 0.6513319492759572 0.01438083498097189 0.007976132001908987