5 0.8111798144100669 0.7260741550907424 0.01726022287263689 0.013300520678164318
5 0.7412309287732517 0.6668490124105061 0.01884090359079611 0.01649829528527036
5 0.8375655732888616 0.6209671240734957 0.01416249394987581 0.01784247146395259
5 0.8398002389799061 0.639607962162837 0.01259999394987581 0.017769696856846907
5 0.7165490913410382 0.6133259061241997 0.01726022287263689 0.013300520678164318
5 0.7113621424725064 0.5651431172490703 0.01571590359079611 0.016352746071058633
5 0.8825962721573933 0.6672941604674258 0.020385222872636888 0.013446069892376044
7 0.8596764017440843 0.7136618922704608 0.017242042154477843 0.010175520678164319
5 0.8641184620489348 0.7556310684491432 0.01414431323171641 0.014717471463952591
5 0.9183065131804028 0.7046828445039912 0.015715903590795933 0.016352746071058633
5 0.900011552015231 0.4930925270928144 0.02041249394987581 0.018133569892376043
5 0.8653547508837628 0.5431310684491433 0.020376132513557365 0.011883569892376045
5 0.8052984948336386 0.5287453908227188 0.015715903590796287 0.016352746071058633
5 0.8912178141154794 0.5278677874318966 0.015715903590796287 0.016352746071058633
5 0.7424399465308408 0.4590365124105061 0.018822722872636886 0.01337329528527036
5 0.7847819826351943 0.43050909801864795 0.02353749394987581 0.01827911910658777
5 0.7827195128858153 0.5165193726257538 0.015688632513557364 0.011665246071058632
7 0.7045990580653552 0.5193768529810466 0.01258181323171641 0.014644696856846906
5 0.6373292239527915 0.6709072737830455 0.018840903590796286 0.01649829528527036
5 0.6235576154433392 0.6215622452469983 0.01726022287263689 0.013300520678164318
5 0.6135240852909141 0.6009415301931863 0.01416249394987581 0.01784247146395277
3 0.6155496727231274 0.6555198682825276 0.02353749394987581 0.01827911910658777
5 0.6291985613850049 0.7259586468185748 0.021974993949875808 0.018206344499482087
5 0.5271502480550925 0.6799441335840084 0.020394313231716588 0.015008569892376044
5 0.5164490973911624 0.6398285558337495 0.015715903590796287 0.016352746071058633
5 0.5126292058024189 0.625166742351514 0.01571590359079611 0.016352746071058633
5 0.540327479806524 0.5629556867271617 0.018822722872636886 0.01337329528527036
5 0.6073831695998695 0.5824826286216098 0.017278403590796288 0.01642552067816432
5 0.5584825821676561 0.5300875287454442 0.01726022287263689 0.013300520678164318
5 0.5712371122218853 0.4857553318885975 0.01884090359079611 0.01649829528527036
5 0.5934166392510527 0.4323927373891154 0.026653403590796286 0.0168621683207995
5 0.4523366004162246 0.6514060647250897 0.01726931323171659 0.014863020678164317
3 0.40329056723873735 0.6240109648489242 0.026653403590796286 0.0168621683207995
4 0.45979509729296664 0.5776410789931132 0.01726022287263689 0.013300520678164318
3 0.5116166725267357 0.53070826695862 0.026644313231716586 0.015299668320799497
5 0.4455002722555893 0.752478413153513 0.01726022287263689 0.013300520678164496
5 0.37424744097169593 0.7831334077768296 0.020385222872636888 0.013446069892376223
5 0.2718451245185255 0.6637177818458161 0.023510222872636887 0.01359161910658777
5 0.33577126913233124 0.684171522954476 0.023519313231716587 0.01515411910658777
7 0.900843319871016 0.3501237770928144 0.01726022287263689 0.013300520678164496
2 0.3923490429400446 0.490963024402218 0.023555674668035032 0.021404119106587773
2 0.3810302687395478 0.42275883395551206 0.018859084308955422 0.01962329528527036
2 0.3952366518422803 0.8001197005809004 0.01572499394987581 0.017915246071058634
2 0.5047934590238727 0.7637754780834906 0.02509999394987581 0.018351893713693813
2 0.53532584153743 0.7514188732449263 0.01728749394987581 0.017988020678164317
2 0.6486889047691464 0.7320802142297517 0.02200226502711473 0.022893844499482084
2 0.5780173355855016 0.7970738215495152 0.02353749394987581 0.01827911910658795
2 0.5976622150739969 0.7766328889606919 0.02508181323171659 0.015226893713693812
2 0.6199184892744937 0.844327657157657 0.02353749394987581 0.01827911910658777
2 0.8885690162054651 0.7146593120390025 0.01883181323171641 0.01493579528527036
7 0.9342133143118712 0.6555175984329326 0.014117042154477843 0.010029971463952592
2 0.5261473260193361 0.4495845454946673 0.020403403590796287 0.016571069892376045
2 0.5556166574014252 0.48570182795965594 0.01572499394987581 0.017915246071058634
2 0.4858985341594459 0.6553101606723137 0.028234084308955333 0.020059942927905538
2 0.42172240467095073 0.6778251695636539 0.014117042154477843 0.010029971463952769
3 0.5179610795353774 0.7826881439230907 0.018840903590796286 0.01649829528527036
3 0.5323553776417835 0.725001922459138 0.020421584308955333 0.019696069892376045
3 0.5470405672387373 0.6173157009951853 0.02509999394987581 0.018351893713693813
3 0.4492984797083281 0.5023692512428543 0.01731476502711473 0.022675520678164494
3 0.20950018150372615 0.5057276534336034 0.025063632513557275 0.012101893713693634
7 0.26735358811958443 0.4960037429706867 0.014117042154477667 0.010029971463952592
7 0.4917712842576417 0.7198628122438903 0.014135222872636887 0.01315497146395277
3 0.834595109393215 0.5945501732877074 0.01418067466803521 0.020967471463952593