5 0.19220711806862137 0.8708926606460918 0.016134422249740998 0.01111931333545435
5 0.06358550433871699 0.7778068266629548 0.017624147642635136 0.009574994668999892
5 0.08980340198135213 0.7868818346594549 0.016134422249740998 0.01111931333545435
4 0.469328004548114 0.22513252860441196 0.019332196856846905 0.012718176002545345
4 0.4576049464425621 0.1580450259389119 0.01762414764263518 0.009574994668999892
5 0.16649194892376146 0.20129777597868279 0.019113873035529316 0.008030676002545345
2 0.2341054420993359 0.32714211330363774 0.024238020678164406 0.017460220003181703
2 0.2847432969379001 0.3570381512969562 0.012863873035529317 0.007957950668363533
4 0.49173396732561425 0.5719348032702302 0.017551373035529137 0.008012494668999892
4 0.5222497590962278 0.45511038259868497 0.01598887303552914 0.007994313335454351
2 0.7088272679875681 0.5170365759070952 0.017551373035529318 0.008012494668999892
2 0.7577228403611436 0.5766564765675046 0.013082196856846907 0.012645450668363622
4 0.7915027191876411 0.36208489922823206 0.01598887303552914 0.007994313335454528
7 0.2124959234880861 0.5009250586410012 0.013009422249741043 0.011082950668363623
4 0.2911560785743193 0.6289858766311379 0.01606164764263518 0.009556813335454351
4 0.4587160678209523 0.7693006992759572 0.024092471463952592 0.014335220003181704