3 0.826121660048632 0.16104350077645888 0.025509422249740864 0.012393584186749606
3 0.8269264888323482 0.24560051129980254 0.016352746071058633 0.01653505261671846
3 0.8101799445805353 0.32334607970153656 0.02565497146395259 0.015518584186749607
3 0.8040969185256873 0.37775285864073177 0.02431079528527036 0.02011507892507769
3 0.7458627334556647 0.32160854543008244 0.01649829528527036 0.01966005261671846
3 0.713043771297337 0.2224653901401757 0.025509422249741044 0.012393584186749606
3 0.7478854598820162 0.4154950533225902 0.02565497146395259 0.015518584186749607
3 0.649184632546042 0.2810206137612293 0.02111302067816432 0.018370568401734032
3 0.6512073589723935 0.3749071216537371 0.025800520678164317 0.018643584186749607
3 0.6483435322555917 0.48161214796209634 0.02543664764263518 0.010831084186749607
3 0.6389342990048148 0.5150616847937993 0.027071922249741042 0.012484589448421346
3 0.6176029545053326 0.49436975319553333 0.017988020678164317 0.0181885578783902
3 0.5623759913135477 0.30096065841485287 0.01493579528527036 0.01956904735504672
3 0.5002762516526298 0.3131946188817268 0.023946922249740866 0.01230257892507769
3 0.5341397911469319 0.552500042587485 0.02565497146395259 0.015518584186749607
5 0.5339621627347191 0.6159633031108287 0.023801373035529316 0.009177578925077867
3 0.4183134681541839 0.25216538459615523 0.02423802067816432 0.018552578925077688
3 0.40545174917143045 0.27876568195120177 0.01493579528527036 0.01956904735504663
3 0.5259182987999269 0.1236925031249461 0.02252997146395259 0.01533657366340586
3 0.4575150552100677 0.1519609872693434 0.021258569892376046 0.021495568401734035
3 0.41641917431665565 0.17785562933448334 0.025509422249740864 0.012393584186749606
4 0.6240927030575907 0.5496109900413536 0.014353598428423453 0.0070690473550467205
4 0.542797699542934 0.41882299260160244 0.011665246071058632 0.016262036831702888
4 0.5593986945805354 0.3379524241998684 0.00668664764263518 0.009739021046687401
4 0.5672068864749834 0.27012788736816545 0.01584332382131759 0.00559755261671846
2 0.5999251871369372 0.21573651898054882 0.00981164764263518 0.009921031570031148
4 0.8001949766312393 0.4453498823182551 0.01664384449948173 0.02278505261671846
4 0.9230182005763913 0.49224872716952267 0.01598887303552914 0.008722552616718459
4 0.28999156906380663 0.30585807394575454 0.021113020678164406 0.018370568401734032
3 0.9134998054149556 0.5233545140012257 0.016207196856846906 0.01341005261671846
3 0.6213036892038518 0.405633476887174 0.022384422249740864 0.01221157366340595
3 0.5867509449948201 0.1851690584430877 0.02238442224974104 0.012211573663405861
3 0.5999231488809802 0.46798155844308764 0.019332196856846905 0.013592063140062293
3 0.4498352959044428 0.23936227673188223 0.02096747146395277 0.015245568401734032
3 0.4592338746881591 0.3234187583160308 0.027363020678164318 0.018734589448421435
3 0.4778468258882322 0.16801092149844526 0.027363020678164318 0.018734589448421435
3 0.5803467795695045 0.047669058443087685 0.02692637303552914 0.009359589448421435
7 0.8148396734880861 0.4570308349632085 0.012791098428423454 0.006978042093374803
3 0.4899681060769093 0.49553668202178897 0.019477746071058632 0.016717063140062115
3 0.34787468961813656 0.27036862400222433 0.019332196856846905 0.013592063140062116
3 0.3162544702210984 0.4492517581748565 0.022529971463952768 0.015336573663405772
3 0.37055882650740474 0.4210210713855059 0.014935795285270271 0.01956904735504672
3 0.3890818864749834 0.2805024871987562 0.01940497146395277 0.015154563140062204
3 0.6700856757643976 0.10746201642030007 0.017988020678164317 0.018188557878390334
3 0.6845698608344202 0.1661544769577612 0.022238873035529315 0.009086573663405862
3 0.6233262998333842 0.21359019005547114 0.017988020678164317 0.018188557878390375
2 0.80329220553879 0.5791256428415987 0.013154971463952591 0.014790542093374803
3 0.5532043525622526 0.3563306978773917 0.010102746071058632 0.016171031570031146
7 0.736277910048632 0.1662763033225902 0.013082196856846907 0.013228042093374803
3 0.571059632546042 0.28557087684482174 0.022457196856846905 0.013774073663405861
3 0.5525943846129566 0.4777884689240791 0.02543664764263518 0.010831084186749607
3 0.5641697394515208 0.507665684723212 0.01940497146395259 0.015154563140062116
3 0.47989959325662773 0.4475542083301482 0.01337329528527036 0.019478042093374802
3 0.30474111972576046 0.25251326606736424 0.026926373035529316 0.009359589448421435
3 0.41772480913900917 0.13861111881113963 0.02238442224974104 0.012211573663405861
3 0.4368729154253154 0.11242805040940558 0.023946922249741043 0.012302578925077735
3 0.2718088033480409 0.36958664497832455 0.01940497146395277 0.015154563140062204
3 0.3949058932994089 0.15325744773621736 0.019113873035529316 0.008904563140062206
3 0.5233091832079957 0.23586627943330535 0.02565497146395259 0.015518584186749607
3 0.4290133736547018 0.22960784513361626 0.022311647642635178 0.01064907366340595