5 0.540625 0.1578125 0.0109375 0.01171875
4 0.62734375 0.1921875 0.021875 0.02265625
5 0.65 0.18125 0.00625 0.015625
4 0.48515625 0.32109375 0.0171875 0.0265625
4 0.534375 0.303125 0.01171875 0.0171875
4 0.40234375 0.42109375 0.009375 0.0296875
4 0.334375 0.48828125 0.015625 0.02421875
3 0.56953125 0.575 0.01484375 0.01171875
4 0.51640625 0.6140625 0.00859375 0.01796875
4 0.47421875 0.6171875 0.01328125 0.0109375
3 0.67109375 0.72734375 0.00703125 0.02265625
4 0.5625 0.6125 0.00703125 0.01953125
4 0.3484375 0.57421875 0.0125 0.040625
7 0.3171875 0.60078125 0.00859375 0.01640625
4 0.58515625 0.66171875 0.0109375 0.0140625
4 0.628125 0.6125 0.01328125 0.01171875
4 0.5609375 0.6921875 0.00859375 0.01328125
7 0.5140625 0.7640625 0.01171875 0.0140625
4 0.36484375 0.81484375 0.01171875 0.02578125
7 0.659375 0.81171875 0.009375 0.01328125
2 0.31171875 0.16875 0.0125 0.0203125
2 0.39609375 0.19765625 0.01015625 0.01640625
2 0.3328125 0.2828125 0.01015625 0.0171875
2 0.2515625 0.3109375 0.009375 0.01875
2 0.35703125 0.32109375 0.01171875 0.0171875
2 0.33515625 0.31015625 0.01328125 0.01640625
2 0.49140625 0.2375 0.0140625 0.01015625
2 0.47578125 0.22265625 0.01484375 0.0109375
2 0.68203125 0.3375 0.0109375 0.015625
2 0.62734375 0.36015625 0.0125 0.01796875
2 0.65546875 0.40390625 0.01640625 0.0171875
2 0.54140625 0.45 0.0125 0.0203125
2 0.48515625 0.9671875 0.01953125 0.02109375
2 0.22578125 0.625 0.01328125 0.015625
2 0.2234375 0.4609375 0.009375 0.02109375
2 0.22265625 0.4328125 0.0140625 0.01796875
2 0.2390625 0.38828125 0.01171875 0.0140625
2 0.2453125 0.36015625 0.01015625 0.0140625
2 0.45546875 0.91953125 0.0140625 0.02109375
2 0.37890625 0.871875 0.00703125 0.015625
4 0.50625 0.33359375 0.0140625 0.03125