3 0.18470309334831775 0.618048394391219 0.023682961850553054 0.015290807326946343
3 0.20824000487455924 0.6583801452957301 0.019104556006354478 0.021295145861557074
3 0.24003942979348136 0.67334008197589 0.02214773538950343 0.016771420171816587
4 0.2110649959461055 0.6757314196059896 0.020503414772652384 0.012002033016686831
7 0.16704403490633135 0.5545657485296619 0.011210235389503387 0.016198210085908115
3 0.2538094237044014 0.4668410984842334 0.026780688311602675 0.013892081637205678
3 0.2755616927791249 0.47501876865604997 0.026835235389503432 0.017017081637205677
3 0.2587657049539895 0.40688956637205786 0.01910455600635439 0.021295145861557074
3 0.24961284740550754 0.4384704370188442 0.023710235389503433 0.016853307326946343
3 0.12469862216227386 0.47180415818602894 0.012881829545304768 0.02253009724103805
5 0.1572401611224997 0.3546509577110591 0.020503414772652384 0.012002033016686831
5 0.18578790097622996 0.3319061765033946 0.014253414772652384 0.011674484396167806
5 0.2338589825501296 0.22104059757972228 0.022065914772652385 0.012083920171816498
5 0.2647680633132504 0.24220959068231734 0.020530688311602673 0.013564533016686831
5 0.4476914318187809 0.11104255709980367 0.01587046185055314 0.014881371551297517
4 0.43866525933549083 0.18016437132415491 0.015761367694751626 0.008631371551297517
4 0.5117402950493057 0.11518118046012349 0.017378414772652385 0.011838258706427273
3 0.5708465137997176 0.17849008593261892 0.026753414772652383 0.012329581637205766
5 0.4728220710238881 0.19446588873700946 0.017378414772652385 0.011838258706427273
3 0.465615722810897 0.38332367084918506 0.026780688311602675 0.013892081637205855
4 0.39137187906213267 0.5600665552907813 0.017351141233702093 0.01027575870642714
5 0.46306564691904023 0.5294174208491851 0.020530688311602673 0.013564533016686652
5 0.6709151030875503 0.4933924689038772 0.020585235389503253 0.01668953301668665
7 0.7269935535740177 0.4165710193334185 0.020503414772652384 0.012002033016686831
3 0.5468331262227589 0.7926377951140161 0.023655688311602675 0.013728307326946165
5 0.4850286014659925 0.749518558908826 0.014307961850553141 0.014799484396167628
5 0.7337018806869858 0.7938295601520214 0.020530688311602673 0.013564533016686831
3 0.7030888547124035 0.7109008734718614 0.020639782467404187 0.019814533016686654
3 0.7620411148586731 0.738231335366792 0.025245461850553142 0.015372694482076099
3 0.8825348470017659 0.7789525898893478 0.020639782467404187 0.01981453301668683
4 0.839733692375383 0.8118978867008444 0.017378414772652208 0.011838258706427495
7 0.8295070787378211 0.6362018458822416 0.015897735389503252 0.016443871551297562
5 0.8614679651002592 0.46271675825214204 0.020530688311602673 0.013564533016686831
3 0.9473839200509534 0.3788574146291486 0.023655688311602675 0.013728307326946344
3 0.7408550507313487 0.16003109226419704 0.020639782467404187 0.01981453301668674
3 0.7644544176153214 0.2863822303238379 0.020612508928453722 0.01825203301668683
5 0.3420088530875504 0.4761552227490644 0.018913641233702094 0.010357645861557074
5 0.15912776379971771 0.1569128205559293 0.018913641233702004 0.01035764586155703
1 0.3236859525216528 0.8090938755080263 0.03171365016215581 0.028200243102595123
1 0.42048090625453105 0.6843605483933765 0.02535455600635448 0.0216226944820761
1 0.5089416140478943 0.8579009469684669 0.02376478246740401 0.019978307326946165
1 0.5287649646965173 0.7525926492524591 0.025381829545304768 0.0231851944820761
1 0.6106985775200051 0.5832904505865114 0.03796365016215582 0.02852779172311415
1 0.1783264082831259 0.5801799021931351 0.0237647824674041 0.019978307326946342
1 0.17736965462967796 0.45579737788287567 0.0206397824674041 0.019814533016686654
1 0.2638953100668395 0.29220959068231733 0.020694329545304768 0.02293953301668683
1 0.547146366480231 0.4611011900710619 0.02532728246740401 0.020060194482076098
1 0.5241197439142153 0.30193755201142103 0.026889782467404012 0.020142081637205766
1 0.8010873928585551 0.2484218848918222 0.028479556006354302 0.021786468792335523
1 0.8894917792242886 0.5595851141996073 0.0253545560063543 0.0216226944820761
1 0.9577816777615912 0.32075498755992715 0.02998750892845372 0.01874335594746528
1 0.9835765645310662 0.321324875619568 0.022147735389503254 0.016771420171816587
1 0.7422798141273246 0.6159911651949755 0.028506829545304768 0.02334896879233561
1 0.7905303534945876 0.6740393605815627 0.030260244317957152 0.034368355947465366
1 0.6614199573929167 0.9920513390426372 0.02527273538950343 0.015897321914725638
1 0.7773524691607443 0.7570189569180895 0.025272735389503254 0.0169351944820761
3 0.2436707646137919 0.510099775553455 0.02998750892845372 0.01874335594746519