3 0.7003943256832305 0.10422362435516015 0.014771828130301045 0.02113154735504663
3 0.6840922246874385 0.236156163817699 0.014935519237293703 0.025819047355046632
5 0.45663191279920623 0.2080821846526249 0.011592264427970279 0.019387036831702974
7 0.4207092817663474 0.2990557951477338 0.01627976442797028 0.01966005261671846
3 0.3744493845762379 0.1278857214137407 0.011701391832631991 0.022512036831702976
5 0.39097468566469695 0.10119441879702218 0.014717264427970278 0.01956904735504663
5 0.4094345089856747 0.08608535828779593 0.01611607332097762 0.014972552616718482
5 0.4227901700556004 0.038527818825257056 0.01778770072563951 0.018188557878390334
5 0.1800669235989794 0.29124110807603437 0.010029764427970277 0.019296031570031145
5 0.4146105599893158 0.38439405567107743 0.011646828130301046 0.020949536831702975
3 0.3944071873939775 0.3824521240728115 0.01488095553496276 0.02425654735504663
5 0.27249249265878783 0.479993523959872 0.011701391832631991 0.022512036831702886
5 0.667125435579879 0.4094494506494019 0.00857639183263199 0.02233002630835923
5 0.6412524163425852 0.4359055348361515 0.01455357332097762 0.01488154735504672
3 0.7336308893007433 0.4250674743975124 0.02080357332097762 0.015245568401734032
5 0.6711532258685649 0.31643519801856607 0.012881945916316084 0.011665542093374804
5 0.5676710726031875 0.39964878739640025 0.012881945916316084 0.011665542093374804
7 0.44937245118897556 0.4829456767601171 0.013100200725639333 0.017915542093374804
5 0.40355151970062986 0.4778178319794367 0.014662700725639332 0.01800654735504672
5 0.4284349578123976 0.4350465030543589 0.014444445916316084 0.01175654735504672
5 0.4125371393007432 0.44376905567107744 0.008467264427970278 0.01920502630835923
4 0.43073406779386414 0.41386174779268714 0.008467264427970278 0.019205026308359407
4 0.2484349445655536 0.5437675976232779 0.017733137023308566 0.016626057878390377
3 0.3321378219702153 0.5357738161238339 0.025436509618646852 0.013956084186749606
5 0.22086799447288635 0.4401189528567149 0.008358137023308565 0.01608002630835923
5 0.6378694667980722 0.5327805348361515 0.014662700725639511 0.01800654735504672
5 0.8178992179791986 0.6018204192205452 0.016170637023308388 0.01653505261671846
3 0.6642385046396875 0.6037531874952223 0.021021828130301047 0.021495568401734035
7 0.5404835461094997 0.5977068557981344 0.01622520072563951 0.01809755261671846
5 0.5595510046396874 0.6098505400272363 0.008467264427970278 0.01920502630835923
3 0.43837540908619116 0.6192471978068046 0.017896828130301044 0.021313557878390198
5 0.37668888622070035 0.733551892488663 0.016334328130301133 0.02122255261671846
5 0.271103574332468 0.6983795029131846 0.014771828130301135 0.02113154735504672
5 0.27994780627630067 0.8023389608198098 0.010029764427970277 0.019296031570031145
3 0.5948907599971649 0.8034871479620962 0.019568455534962937 0.024529563140062292
5 0.7082067263319011 0.8405482612292154 0.00857639183263199 0.022330026308359407
5 0.6847593026481036 0.8645240875234572 0.014662700725639511 0.01800654735504672
5 0.6762647563689679 0.8845103638318165 0.016006945916315907 0.01184755261671846
5 0.6773262593641929 0.9210926059393086 0.010138891832631992 0.02242103157003115
3 0.7854388597270126 0.906219492883951 0.017896828130301044 0.021313557878390555
3 0.7275866981089326 0.754436455981661 0.011865082939624471 0.027199536831702887
3 0.41003212115975796 0.8727285135777028 0.016443455534962938 0.024347552616718816
6 0.7010738165279198 0.6429298085842621 0.05051092068857255 0.062196163111827296
4 0.6024403982864179 0.5426406532237682 0.02392857332097762 0.015427578925077689
4 0.6279885245099532 0.45850857692952635 0.011319445916316085 0.011574536831702887
4 0.6324974644358194 0.3740425716678545 0.008249009618646852 0.01295502630835923
2 0.5724180815888621 0.5093045084572051 0.03908234736759475 0.04749662628012423
2 0.3905778045470202 0.5144378714419755 0.013263891832631991 0.022603042093374624
2 0.47580846561694584 0.4626940899425316 0.011483137023308564 0.016262036831702888
2 0.3805703435697617 0.6670546372269911 0.014935519237293703 0.02581904735504672
2 0.34345477868630453 0.5912502713996233 0.048293656260602266 0.04335515785015538
2 0.17570673957874497 0.7733255659826597 0.04237103847458741 0.052366136803468064
2 0.4586556488345721 0.752947363620055 0.01822421034428636 0.030688557878390376
2 0.6073237834108098 0.8939833453453778 0.03283234736759475 0.04713260523343692
4 0.6768798591788584 0.7106101322476679 0.010029764427970277 0.019296031570031145
2 0.43822409774611304 0.7798661793909532 0.027271828130301046 0.021859589448421347
2 0.4959795779606651 0.599519255755782 0.012881945916316084 0.011665542093374804
2 0.5342633171608919 0.5302386347373295 0.009811509618646852 0.013046031570031147
4 0.31773058158886214 0.5241383661097165 0.011374009618646852 0.013137036831702887
2 0.42981883150404415 0.8419489504376404 0.011592264427970279 0.019387036831702887
7 0.31106139702047353 0.8044251055863729 0.011483137023308564 0.016262036831702888
7 0.2992235959320144 0.8308433924180758 0.01595238221398514 0.01028505261671846
4 0.43636654201796643 0.16326250831603079 0.01310020072563951 0.017915542093374804
2 0.37221227278067276 0.19194822141374068 0.014880955534962848 0.02425654735504663
2 0.31323657686435674 0.206298418726435 0.013645837748947986 0.0335405420933748
3 0.8719096169834067 0.7296577219078509 0.014662700725639155 0.01800654735504672
3 0.7503843026481036 0.8607018665332395 0.02080357332097762 0.015245568401734032