4 0.6378832964634092 0.2532720799397251 0.02770850593149916 0.029517081637205768
4 0.6553148300752372 0.4132202900256334 0.02276633794672147 0.023021420171816586
4 0.6685641769563883 0.8723086849826792 0.024519838935304607 0.027790807326946165
4 0.6234479951314462 0.798222731794176 0.024137836958138335 0.018415807326946164
4 0.5939925998840817 0.8980246579588862 0.02401050296574958 0.01529080732694652
4 0.4914631660819733 0.811574823608147 0.016452670950527094 0.021131371551297563
4 0.524771778706093 0.55761766395178 0.03357650395433272 0.020469630257724702
3 0.4469916299986874 0.6385157818850329 0.02869800296574958 0.015536468792335612
2 0.40480283551244456 0.42581770804974334 0.024456171939110226 0.026228307326946344
2 0.3356589046760858 0.3551500039567289 0.02908000494291585 0.024911468792335523
2 0.3247704842198503 0.33664898744838545 0.021331171939110227 0.02606453301668683
4 0.15326821593106152 0.24112736827193718 0.03220500494291585 0.025075243102595034
4 0.14415981277503156 0.30457571460846405 0.03064250494291585 0.024993355947465278
5 0.08565358748961094 0.4184467848257091 0.014635502965749536 0.014799484396167805
2 0.5031329061589604 0.37094317955561235 0.02276633794672147 0.023021420171816586
2 0.5632016314443812 0.257153996493497 0.03364017095052709 0.02203213025772479
2 0.7358100963868595 0.49461745420455616 0.0354573389353046 0.028364017412854638
2 0.6583840692380033 0.7563970799397252 0.03402217292769336 0.0314071302577247
2 0.554203246614321 0.8016100033909019 0.03357650395433272 0.020469630257724702
2 0.5598656561961416 0.768384745588986 0.02901633794672165 0.02334896879233561
2 0.45842251440881815 0.8807851690401627 0.016452670950527094 0.021131371551297205
2 0.41982558802108355 0.8327670708946137 0.02908000494291585 0.024911468792335256
2 0.3192857826604258 0.5655585594746528 0.03845500494291585 0.02540279172311415
2 0.38308168581645574 0.5049762635676673 0.02713550296574958 0.015454581637205677
2 0.26470837060714725 0.5845265654675467 0.019832338935304606 0.027545145861557076
1 0.5211321951708149 0.16217901119281813 0.02745383794672147 0.023267081637205766