5 0.22855066325300166 0.10818455534962838 0.014699536831702975 0.011428573320977709
4 0.3241515895895958 0.13344250489414144 0.016626057878390377 0.017733137023308566
3 0.386447192262784 0.17945689854087193 0.018006547355046632 0.01466270072563942
3 0.4183951422769015 0.19544648628981992 0.0166260578783902 0.017733137023308566
5 0.4734620738751675 0.21772327957373072 0.012029563140062293 0.019131945916315996
5 0.8400734502258789 0.2673190633238127 0.016626057878390554 0.017733137023308566
5 0.5645050318523797 0.30779769726707834 0.01488154735504672 0.014553573320977708
5 0.5441092318664972 0.3219594009879427 0.014699536831702886 0.01142857332097762
4 0.5795007002964662 0.3325893661415523 0.008813557878390199 0.017460318511654284
4 0.27280337926389614 0.34301591233587003 0.026456084186749607 0.025873019237293703
4 0.69028003462439 0.46014642566753194 0.011938557878390377 0.017569445916316085
5 0.6392334741151637 0.4763691371929445 0.014699536831702886 0.01142857332097762
7 0.3887252399001793 0.46292416296884226 0.015245568401734032 0.02080357332097762
3 0.19765291886760936 0.47738842313564317 0.021040542093374803 0.013209328130301045
5 0.17489941637794776 0.6261160998146655 0.014881547355046631 0.01455357332097762
7 0.27204743216296334 0.6248115493591786 0.01064907366340595 0.02220238221398496
3 0.4275917768730565 0.6020610740387679 0.014047089448421346 0.026999009618646853
3 0.732385692686307 0.6377555596956157 0.017081084186749605 0.025545637023308566
3 0.2602307006494019 0.6932887308475243 0.020949536831702885 0.011646828130301046
4 0.16168678483615154 0.6647966538983495 0.013683068401734033 0.02074900961864685
3 0.24971813487850386 0.7124925986335392 0.019751057878390377 0.017842264427970277
5 0.48412322695776117 0.6932788402808366 0.015154563140062294 0.01924107332097762
5 0.5941051717102068 0.7135591131463274 0.015063557878390199 0.01767857332097762
7 0.6065295770001136 0.7421751864673052 0.007342063140062294 0.018968254809323425
4 0.6172850664767697 0.7456821323836211 0.01175654735504672 0.014444445916316084
3 0.5625751796733017 0.7844792483555375 0.019751057878390377 0.017842264427970277
5 0.37800348762227926 0.8351811088851582 0.017824536831702886 0.01153770072563951
5 0.3512211797438889 0.8514683077966991 0.011938557878390377 0.017569445916316085
5 0.20772107970153658 0.801835351628764 0.016262036831702888 0.011483137023308387
3 0.4321834824311946 0.9130084977225653 0.016899073663405772 0.022420637023308387
4 0.4888584166602964 0.9345586047088069 0.012120568401734033 0.020694445916316084
1 0.7746003686699653 0.2893007015282476 0.008540542093374803 0.012772818511654283
1 0.840444447524456 0.1937451540679856 0.008267526308359408 0.008085318511654283
1 0.8726584370716992 0.27237115107276066 0.011574536831702887 0.011319445916315906
1 0.4466665425168978 0.4492907381039185 0.008540542093374803 0.012772818511654193
1 0.4498216345961552 0.42200155180624926 0.008540542093374626 0.012772818511654193
1 0.3591819530684764 0.47285223447572144 0.00826752630835923 0.008085318511654194
1 0.3792977610174539 0.5307019400106843 0.011574536831702887 0.011319445916316085
1 0.251984832120611 0.5794891256753812 0.005324536831702887 0.011101191106992658
1 0.6385802977079825 0.38005713238362115 0.0067960315700311465 0.009593254809323427