3 0.6090536290358946 0.7241790795603623 0.02118579528527036 0.019933068401734033
5 0.5460013573242728 0.8400462742422207 0.01762414764263518 0.010376057878390554
3 0.555203037017612 0.709395513718877 0.014863020678164317 0.01800654735504672
4 0.49975140364300036 0.7289869478773917 0.019332196856846905 0.013592063140062116
7 0.4919560202683889 0.745802721554915 0.023946922249741043 0.012302578925077867
7 0.6454706261404104 0.6114214743269253 0.01762414764263518 0.010376057878390377
5 0.43761743073130555 0.6913119136059376 0.020821922249740867 0.012120568401734033
4 0.4193383116247178 0.7157504714843279 0.01962329528527036 0.019842063140062295
4 0.3763288662156129 0.78603985565696 0.013009422249741043 0.011665542093374804
5 0.27673128060747104 0.7497676976656302 0.016352746071058633 0.01653505261671846
5 0.298846029159729 0.6931613818947321 0.01315497146395277 0.014790542093374803
4 0.33455024276579887 0.6458922687687874 0.014571922249741043 0.01175654735504672
5 0.3074804745688338 0.6248741134788806 0.016207196856846906 0.01341005261671846
5 0.2826816817647629 0.6052819502964661 0.013082196856846907 0.013228042093374803
3 0.2482252909465533 0.7428575450065594 0.021040246071058543 0.016808068401734034
5 0.23096717039222342 0.7119183581466216 0.013300520678164496 0.017915542093374804
5 0.2114958864794926 0.6281271870716993 0.01471747146395277 0.01488154735504672
5 0.21909221671095097 0.5988569160250119 0.01918664764263518 0.010467063140062294
5 0.3616821311028091 0.5484789424745455 0.02096747146395277 0.015245568401734032
5 0.3430412930134679 0.5472272556146077 0.01159247146395268 0.014699536831702886
5 0.3092292191921503 0.5538713687405524 0.011446922249741042 0.011574536831702887
3 0.36470227729770216 0.4836351924745455 0.025509422249741044 0.012393584186749606
7 0.3738760701017731 0.5041374082736786 0.01918664764263518 0.010467063140062294
5 0.23495696526320892 0.5426146213008012 0.014717471463952681 0.01488154735504672
4 0.28094155335255017 0.5422737160814817 0.01315497146395277 0.014790542093374803
5 0.3662498147250896 0.43368069510538143 0.011592471463952769 0.014699536831702886
7 0.39317834181339484 0.39081836091863187 0.02074914764263518 0.010558068401734034
5 0.12244834905210518 0.683177979094487 0.014499147642635135 0.01019404735504672
4 0.17528225062368175 0.6863338001976441 0.022529971463952726 0.015336573663405772
5 0.1477394474805286 0.6754718949077374 0.017624147642635136 0.010376057878390377
3 0.07777370389066939 0.6553938843138065 0.013300520678164429 0.017915542093374804
3 0.0813738928896334 0.6115528790521346 0.023946922249740998 0.01230257892507769
5 0.05228570637186876 0.6171427263930639 0.014644696856846861 0.01331904735504672
5 0.052013878621609756 0.6062507290238998 0.010029971463952726 0.014608531570031147
7 0.008510089332195497 0.45295840002823484 0.016061647642635145 0.01028505261671846
5 0.02451392494033735 0.4940993395190086 0.020821922249741005 0.012120568401734033
4 0.08387396236772479 0.4407776474679861 0.02089469685684686 0.013683068401734033
5 0.0628508329220547 0.4739464632388842 0.009884422249740999 0.011483531570031147
5 0.09876906224389027 0.4889953395895958 0.016352746071058567 0.01653505261671846
5 0.0974099234925953 0.4345353527437753 0.014499147642635135 0.01019404735504672
4 0.16974299586617078 0.37032936859937815 0.01784247146395268 0.015063557878390376
5 0.2076261395798645 0.34319074495008967 0.020821922249741043 0.012120568401734033
5 0.21169290136668878 0.3897017239034023 0.017769696856846817 0.013501057878390376
5 0.037444226221463664 0.300121826364829 0.019186647642635134 0.010467063140062117
5 0.0947494580244986 0.27418938694464245 0.017624147642635157 0.010376057878390377
4 0.34084105397172265 0.29335880296965433 0.019477746071058632 0.016717063140062206
4 0.29591169768541636 0.2710434581889739 0.022675520678164494 0.01846157366340586
5 0.30868783354122725 0.21420192398810686 0.013300520678164496 0.017915542093374804
4 0.1428466637726856 0.1950332369869947 0.014863020678164408 0.018006547355046632
7 0.08675932961228583 0.21154517377634532 0.017624147642635136 0.010376057878390377
5 0.15447767659296718 0.14604970541696363 0.020821922249741 0.012120568401734033
5 0.22444772828837828 0.09912222653423819 0.01762414764263518 0.010376057878390332
5 0.22885693837979146 0.18846544759504302 0.01762414764263518 0.010376057878390332
5 0.3851069383797915 0.1793649214278581 0.01315497146395268 0.014790542093374803
7 0.40714029611383984 0.2583320846102726 0.02096747146395277 0.015245568401734032
3 0.39162230397172265 0.29040113196531925 0.016571069892376222 0.02122255261671846
4 0.4618984166681697 0.28708714519008605 0.01449914764263518 0.010194047355046632
4 0.4717442975615819 0.30988760835838314 0.020967471463952593 0.015245568401734032
4 0.48794934036565285 0.3299803004799927 0.01806079528527036 0.019751057878390377
5 0.7200340942945942 0.3320455164908872 0.024019696856846906 0.01386507892507769
3 0.8295609898703148 0.5064246192346626 0.01337329528527036 0.019478042093374802
7 0.710427846156621 0.5382955164908872 0.01762414764263518 0.010376057878390377
0 0.699834832717167 0.8326447559675435 0.058360463606069855 0.04858868942018653
0 0.4759928800693518 0.6368750425874851 0.05716183664159917 0.056310184158514784
0 0.5208751945850445 0.5431026557840168 0.06831766046291676 0.061634720990217676
0 0.31743778722249966 0.32744537663306017 0.058578787427387445 0.053276189420186526
0 0.47752987882649756 0.18566885835838312 0.07656680810555194 0.07146474729857691
0 0.24760466853019655 0.5052588344690984 0.06148546360606986 0.04877069994353036
0 0.021241337470168674 0.5172106158273678 0.04248267494033735 0.048315673635170954
0 0.12886543879407625 0.344661510664518 0.06951628742738744 0.053913226251889504
0 0.15561418341739275 0.2722026817394403 0.06348461124870504 0.0582367052052021
4 0.6018425965709058 0.6949921084995574 0.033540246071058634 0.017536110495108836
4 0.607713876759583 0.36819439006958854 0.027799668320799498 0.028109589448421436
2 0.6500362715067339 0.2457432664203001 0.034049668320799496 0.028473610495108836
4 0.16309692783582147 0.5966643554451985 0.017551373035529318 0.008813557878390377
4 0.12723220244292732 0.597194976463651 0.014644696856846861 0.01331904735504672
7 0.1389552605484792 0.5295069475244558 0.017624147642635136 0.010376057878390198
4 0.20123909077993757 0.4970514923192537 0.021040246071058543 0.016808068401734034
2 0.30024167101139587 0.46245741346476316 0.03724744292790536 0.030218121018452494
0 0.2648478265119139 0.48633452922154385 0.034486315963434676 0.037848610495108834
0 0.049030119730269606 0.6703132290238998 0.05901543507002258 0.06265118942018652
0 0.08385672994551731 0.7087996053746113 0.04713186517764643 0.04170165258848364
0 0.010577819273203606 0.4698651789674301 0.021155638546407212 0.041519642065139806
0 0.46949236125321414 0.8600850294333053 0.055817660462916766 0.06090667889684269
0 0.5062988484329326 0.906247397891509 0.04564213978475244 0.043173147326811545
0 0.3395544582338956 0.8061017266754125 0.05018409057054054 0.04032116311182747
0 0.33798799751880065 0.020632476463651017 0.059631865177646404 0.041264952927302034
3 0.4718255725829724 0.45869683468085976 0.024092471463952592 0.015427578925077689