3 0.0359375 0.4882260454028472 0.021875 0.02238414627652787
3 0.20234375 0.7781028969421179 0.025 0.019331881458888846
3 0.37734375 0.8716859767298955 0.0265625 0.014680749050069507
3 0.325 0.8494667910344441 0.0203125 0.01922277868534721
3 0.28984375 0.7127850618360068 0.0265625 0.014680749050069507
5 0.2984375 0.7641475400845137 0.0203125 0.022347778685347208
3 0.2765625 0.7966879363610415 0.025 0.014644381458888845
3 0.2578125 0.1564993474552081 0.021875 0.019259146276527785
3 0.35 0.3520099095755553 0.0265625 0.01624324905006951
3 0.43046875 0.5977932286297566 0.028125 0.016279616641249994
3 0.38046875 0.7708319915475345 0.025 0.022456881458888845
3 0.44921875 0.8645443175355899 0.0265625 0.013118249050069508
3 0.48046875 0.7544419657119787 0.0296875 0.01787848423243048
3 0.4140625 0.7216125883371525 0.0265625 0.014680749050069507
3 0.40234375 0.6757915952710066 0.01875 0.01606141109416672
3 0.465625 0.501662457828194 0.021875 0.02238414627652787
3 0.659375 0.422152876521805 0.028125 0.017842116641249996
3 0.7375 0.43283449696277715 0.0265625 0.017805749050069507
3 0.74453125 0.16626459280246467 0.0265625 0.019368249050069463
3 0.92109375 0.35434255499906175 0.0265625 0.017805749050069507
3 0.94140625 0.2929322763137145 0.0171875 0.02383754350298615
3 0.75234375 0.18327025484656184 0.028125 0.020967116641249995
3 0.65703125 0.8729886779085758 0.03125 0.019477351823611145
3 0.51875 0.2902697097280551 0.0234375 0.019295513867708357
3 0.496875 0.42749760600458286 0.0328125 0.01795121941479181
3 0.47421875 0.464743686076701 0.0296875 0.01631598423243048
3 0.32109375 0.5448702100123957 0.0296875 0.01631598423243048
3 0.87734375 0.5100483475521174 0.028125 0.019404616641249994
3 0.8875 0.4340307082094437 0.03125 0.017914851823611144
5 0.11875 0.4378610630702777 0.0265625 0.014680749050069507
5 0.1109375 0.5372616510261805 0.021875 0.017696646276527873
5 0.11328125 0.5747070996394097 0.021875 0.017696646276527873
5 0.13671875 0.6304115857717013 0.0171875 0.012900043502986236
5 0.12109375 0.662025261683507 0.021875 0.013009146276527873
5 0.14296875 0.706047365406979 0.01875 0.01606141109416672
5 0.22578125 0.7267761330744096 0.0234375 0.011483013867708359
5 0.26640625 0.639893075703715 0.0203125 0.01609777868534721
5 0.2625 0.5399839946816665 0.0203125 0.01609777868534721
5 0.26875 0.4960885243169442 0.025 0.014644381458888845
5 0.29140625 0.5158736942448262 0.015625 0.020676175911805574
5 0.1890625 0.41981827146715267 0.0234375 0.01773301386770836
5 0.1578125 0.34163937329076377 0.0234375 0.01773301386770836
5 0.1546875 0.25577460847312483 0.021875 0.014571646276527872
5 0.3859375 0.4761734549784025 0.0203125 0.01609777868534721
5 0.32578125 0.2541361072388539 0.0203125 0.01609777868534721
5 0.3546875 0.29721330680201363 0.0234375 0.011483013867708359
5 0.4140625 0.4520813383371524 0.0171875 0.01758754350298606
5 0.43359375 0.5297517434473955 0.0203125 0.014535278685347208
5 0.3671875 0.5312973660725692 0.0171875 0.01602504350298606
5 0.42890625 0.6626733462209371 0.0265625 0.01624324905006951
5 0.46953125 0.6617277888502426 0.0234375 0.014608013867708358
5 0.49140625 0.6237186425737148 0.0203125 0.014535278685347208
5 0.528125 0.5744265041809717 0.0234375 0.014608013867708358
5 0.56875 0.6359809468102773 0.0203125 0.014535278685347208
5 0.73671875 0.5258214307583675 0.01875 0.020748911094166544
5 0.771875 0.39531565995680495 0.01875 0.01606141109416672
5 0.6671875 0.35556478856590223 0.0140625 0.017514808320625
5 0.721875 0.19804192287458272 0.0265625 0.014680749050069464
5 0.67890625 0.15763578163204803 0.01875 0.017623911094166722
5 0.29140625 0.19009244424482613 0.0203125 0.014535278685347253
5 0.28359375 0.22386803220072893 0.01875 0.012936411094166721
5 0.28515625 0.2457066646095484 0.0171875 0.009775043502986058
5 0.321875 0.21594577621680527 0.0140625 0.014389808320624997
5 0.334375 0.2695610854873608 0.015625 0.012863675911805572
5 0.3703125 0.231224630890208 0.0125 0.011228440729444423
5 0.40546875 0.21478136008864546 0.0125 0.011228440729444423
5 0.43359375 0.13600174344739546 0.0171875 0.011337543502986148
5 0.38359375 0.15122800636517328 0.01875 0.009811411094166677
5 0.45 0.27077613373999965 0.0203125 0.011410278685347209
5 0.4890625 0.21127319396048572 0.0171875 0.012900043502986059
5 0.51796875 0.26294414352364537 0.01875 0.012936411094166721
5 0.5390625 0.26010943104270784 0.0125 0.014353440729444422
5 0.5796875 0.2544763736720134 0.0203125 0.014535278685347208
5 0.56328125 0.31110823337940924 0.021875 0.011446646276527783
5 0.54140625 0.273336129655937 0.0125 0.014353440729444422
5 0.59296875 0.2033859991469787 0.0234375 0.011483013867708359
5 0.6203125 0.22931206630131892 0.0203125 0.01609777868534721
5 0.64375 0.23032905243361057 0.0125 0.017478440729444423
5 0.7203125 0.2597970404657633 0.0171875 0.01602504350298615
5 0.68984375 0.26988120849378416 0.01875 0.009811411094166722
5 0.71484375 0.28101807703489523 0.0140625 0.014389808320625086
5 0.7890625 0.3792906164538188 0.015625 0.014426175911805571
5 0.82890625 0.37601949287871456 0.015625 0.008176175911805573
5 0.82890625 0.3478944928787146 0.0203125 0.014535278685347208
5 0.2953125 0.3134390252668747 0.0140625 0.012827308320624998
5 0.46171875 0.2884721268061455 0.0203125 0.012972778685347209
5 0.4140625 0.23411258833715243 0.025 0.019331881458888932
5 0.3828125 0.32312119016076357 0.0234375 0.011483013867708359
5 0.46015625 0.306477244397326 0.0171875 0.011337543502986148
5 0.696875 0.18612380433347164 0.0109375 0.012754573138263892
5 0.66328125 0.1533119575438536 0.015625 0.015988675911805573
5 0.615625 0.3458274190748606 0.0140625 0.012827308320624998
5 0.634375 0.33679725798069393 0.0171875 0.012900043502986059
5 0.59140625 0.37060986673815927 0.0171875 0.009775043502986058
5 0.615625 0.38176491907486054 0.009375 0.014280705547083272
5 0.60546875 0.35622005841753424 0.0203125 0.011410278685347209
5 0.57890625 0.4146508074676037 0.0203125 0.011410278685347209
5 0.54609375 0.4263520268823954 0.01875 0.009811411094166722
5 0.553125 0.48712587272208285 0.0234375 0.013045513867708358
5 0.57265625 0.49682752783232587 0.0125 0.017478440729444423
5 0.56015625 0.5010247185617704 0.0125 0.0143534407294446
5 0.63671875 0.553148956593923 0.0109375 0.015879573138263936
5 0.63359375 0.5102529417762842 0.0171875 0.012900043502986236
5 0.65390625 0.503530163090937 0.0203125 0.01609777868534721
5 0.67890625 0.48029203163204803 0.0203125 0.011410278685347209
5 0.66328125 0.5587807075438536 0.0109375 0.015879573138263936
5 0.696875 0.5525300543334717 0.015625 0.01755117591180557
5 0.62265625 0.6316012649145482 0.0171875 0.012900043502986236
5 0.6140625 0.6458637866660412 0.0203125 0.012972778685347209
5 0.58984375 0.6815837343293397 0.0203125 0.011410278685347209
5 0.59609375 0.6923757639646175 0.0234375 0.011483013867708359
5 0.5171875 0.6613998273192356 0.01875 0.016061411094166544
5 0.48984375 0.7190675101648955 0.0203125 0.014535278685347208
5 0.44765625 0.7262994351267704 0.0203125 0.011410278685347209
5 0.4109375 0.7693415735195135 0.0171875 0.011337543502986236
5 0.38203125 0.7903268739563538 0.0203125 0.012972778685347209
5 0.459375 0.8471204281929163 0.0140625 0.014389808320624909
5 0.4953125 0.8220652235957633 0.01875 0.009811411094166545
5 0.49140625 0.7690311425737149 0.0171875 0.012900043502986236
5 0.503125 0.7609458856398608 0.0140625 0.014389808320624909
5 0.52421875 0.8299861731589232 0.0171875 0.012900043502986236
5 0.50625 0.8366544004574996 0.01875 0.012936411094166544
5 0.5125 0.8521339300927775 0.0171875 0.01290004350298588
5 0.48125 0.8927050319163886 0.0171875 0.01290004350298588
5 0.45546875 0.9042425971708677 0.0171875 0.008212543502985881
5 0.5 0.9039873708222217 0.009375 0.012718205547083273
5 0.48046875 0.9231919657119789 0.0125 0.0065409407294446
5 0.4734375 0.9421056198722912 0.0203125 0.012972778685347209
5 0.521875 0.895665724545694 0.0109375 0.011192073138263935
5 0.54375 0.8662503282691663 0.0140625 0.009702308320625264
5 0.51796875 0.8035691435236455 0.0140625 0.009702308320624908
5 0.57265625 0.7608900278323258 0.01875 0.01606141109416672
5 0.5796875 0.7849451236720133 0.009375 0.014280705547083272
5 0.6296875 0.7986251107542356 0.01875 0.009811411094166722
5 0.65859375 0.7815460603173954 0.021875 0.013009146276527873
5 0.678125 0.7607789654276382 0.0171875 0.011337543502986236
5 0.64140625 0.7171023538203813 0.01875 0.01606141109416672
5 0.690625 0.7058005246981939 0.01875 0.012936411094166721
5 0.71953125 0.8402839742613537 0.0125 0.0159159407294446
5 0.78515625 0.7051627854317701 0.0140625 0.014389808320625086
5 0.7390625 0.6593606293715967 0.0203125 0.01609777868534721
5 0.67265625 0.5991875019967703 0.0171875 0.012900043502986236
5 0.6859375 0.6277846274717355 0.0171875 0.014462543502986236
5 0.5890625 0.7503519181249301 0.0171875 0.012900043502986236
5 0.5890625 0.7378519181249301 0.0140625 0.014389808320624909
5 0.59375 0.7830553153513884 0.0125 0.0143534407294446
5 0.91171875 0.549092010546145 0.0203125 0.014535278685347208
5 0.9265625 0.5714027684299298 0.0203125 0.014535278685347208
5 0.90390625 0.6180238485020478 0.0203125 0.012972778685347209
5 0.94375 0.6006902249269437 0.0171875 0.012900043502986236
5 0.9671875 0.6188947110592353 0.0203125 0.011410278685347209
5 0.95 0.6396072545622215 0.015625 0.015988675911805573
5 0.9203125 0.661391988794652 0.0171875 0.011337543502986058
5 0.8609375 0.5807427072595133 0.0203125 0.01609777868534721
5 0.86953125 0.5899176855080202 0.0171875 0.012900043502986059
5 0.8609375 0.6354302072595133 0.0140625 0.012827308320624908
5 0.821875 0.6425893970390272 0.0171875 0.014462543502986236
5 0.83671875 0.6156814049228119 0.0125 0.01591594072944442
5 0.8375 0.5820694711272216 0.0140625 0.015952308320624907
5 0.84375 0.5561427507624993 0.0171875 0.016025043502986235
5 0.75625 0.5792730858686105 0.0125 0.017478440729444423
5 0.8265625 0.6924802942654853 0.009375 0.014280705547083272
5 0.84453125 0.664718316966909 0.0171875 0.011337543502986236
5 0.86015625 0.6549796410551034 0.009375 0.01740570554708327
5 0.8390625 0.7031268535360409 0.015625 0.012863675911805572
5 0.8484375 0.7193148979889576 0.0203125 0.011410278685347209
5 0.8046875 0.7476769405420132 0.0140625 0.015952308320625087
5 0.83984375 0.7452961697404508 0.009375 0.014280705547083272
5 0.83203125 0.7595405076963535 0.015625 0.012863675911805572
3 0.0640625 0.38210267876159715 0.0265625 0.014680749050069507
3 0.0578125 0.3392793991263194 0.015625 0.020676175911805574
3 0.6015625 0.1359984773954856 0.0296875 0.01944098423243057
3 0.66953125 0.0930102371791314 0.015625 0.015988675911805573
3 0.86328125 0.11428190587274231 0.0140625 0.015952308320624997
3 0.7875 0.13401448404499933 0.0234375 0.014608013867708358
3 0.9890625 0.6144793147827075 0.021875 0.013009146276527873
3 0.696875 0.7494050543334716 0.0296875 0.013190984232430657
3 0.65859375 0.7307648103173954 0.021875 0.017696646276527873
3 0.603125 0.860180859804305 0.0203125 0.01609777868534721
3 0.69140625 0.9151573409026035 0.0234375 0.014608013867708537
3 0.45390625 0.9644352147620483 0.0265625 0.014680749050069507
3 0.20390625 0.9296290293509374 0.015625 0.019113675911805572
3 0.32265625 0.9604588424212149 0.025 0.011519381458888844
3 0.328125 0.09783155585208306 0.0203125 0.01609777868534725
3 0.61328125 0.3990069704616314 0.025 0.011519381458888932
1 0.67265625 0.36715625199677027 0.0171875 0.011337543502986058
1 0.759375 0.4432628506862494 0.0125 0.011228440729444423