3 0.7847664227364619 0.3895363145049391 0.02219324874635866 0.011701391832631991
3 0.7532519982841404 0.3525348223094874 0.016170569279472247 0.019295637023308564
3 0.7194536598043383 0.34433045270937396 0.02067621285298138 0.013209328130301134
4 0.7473286072179135 0.3367188493513294 0.018977320533113406 0.008467264427970278
7 0.8145508626281899 0.4475497111468945 0.009784176959604096 0.014389882213985138
3 0.7480429757185982 0.5490278763931714 0.025272784639735944 0.010248019237293704
3 0.7260770475053528 0.5451389845605394 0.025318248746358664 0.011810519237293704
3 0.7552620938235715 0.6093750993513294 0.016170569279472247 0.019295637023308564
3 0.7574323475844951 0.5766717267559911 0.02223871285298138 0.013263891832631991
3 0.8713524435861444 0.5221156907284744 0.009966033386094609 0.02063988221398514
5 0.8639611439027138 0.6436087448121584 0.018977320533113583 0.008467264427970278
5 0.8413192657686107 0.6701340392771955 0.012772784639736301 0.009811509618646852
5 0.8158682878719343 0.7878746107840747 0.020539820533113585 0.008521828130301046
5 0.7818653609123303 0.7726389911839613 0.017460284639736125 0.00997520072563951
5 0.6320197882676458 0.9336434346532065 0.014426212852981379 0.01299107332097762
4 0.6268716355229365 0.8640030572485451 0.01424435642649069 0.00674107332097762
4 0.5689885908540705 0.9400273547088069 0.015897784639736123 0.009920637023308388
3 0.4987837394421447 0.8876265518062493 0.025227320533113405 0.008685519237293705
5 0.5915107970431344 0.8557441239461007 0.015897784639736123 0.009920637023308388
3 0.560296586301724 0.6681250728576416 0.025272784639736125 0.010248019237293704
4 0.596224411453691 0.48128976096940923 0.015806856426490868 0.006795637023308565
5 0.5326763884924374 0.5235566173226787 0.019022784639736123 0.010029764427970277
5 0.3380973258768828 0.5955878408289909 0.019113712852981378 0.013154764427970278
7 0.2999955837944416 0.6808879345683886 0.018977320533113406 0.008467264427970278
3 0.39835389812585575 0.27926592558271396 0.022147784639736035 0.010138891832631992
5 0.46718646615168674 0.31132694663410615 0.01286371285298138 0.012936509618646851
5 0.21819503668480014 0.3104365361123347 0.019022784639736123 0.010029764427970277
3 0.26412731380268883 0.38696431977759865 0.019204641066226814 0.01627976442797028
3 0.2012181368430847 0.3707192716843644 0.023755748746358753 0.011755955534962847
3 0.0765447457768579 0.35075645734906136 0.019204641066226814 0.01627976442797028
4 0.11127744695135684 0.31060517250267106 0.015852320533113407 0.008358137023308565
7 0.15683530251991776 0.48155507876327325 0.014471676959604097 0.01455357332097762
5 0.16043297862159206 0.6588442650609425 0.01750574874635875 0.01153770072563951
3 0.09381143144544364 0.7564161803072194 0.02214778463973608 0.010138891832631992
3 0.33863350112062723 0.9358854586150057 0.019204641066226814 0.01627976442797028
3 0.2898657290173035 0.815553111247411 0.019159176959604098 0.014717264427970278
5 0.6608157603583342 0.5553473090626435 0.01893185642649069 0.006904764427970278
5 0.9016299431239261 0.838477300709941 0.018931856426490867 0.006904764427970278
1 0.6114018159142599 0.22504968465320663 0.02876149749271768 0.022857146641955418
1 0.5428827996169239 0.36469997249482183 0.02237510517284953 0.01795139183263199
1 0.4220665312745238 0.20907247667117307 0.022329641066226813 0.01638889183263199
1 0.4243995725781774 0.31607644482000763 0.022420569279472245 0.01951389183263199
1 0.37893762305303114 0.49711562449425484 0.0350114974927175 0.023075401451278843
1 0.7975081151354724 0.42510179227242045 0.022329641066226813 0.01638889183263199
1 0.82446908339873 0.5470139978073834 0.019204641066226814 0.01627976442797028
1 0.7734019915537157 0.7231747045234724 0.017733069279472248 0.01935020072563951
1 0.4648189502500621 0.6054762507177902 0.023892141066226814 0.016443455534962938
1 0.5192289685924621 0.7587847891923776 0.023892141066226814 0.016443455534962938
1 0.26303645605604986 0.8591022146054555 0.02550010517284953 0.018060519237293703
1 0.11409152454409924 0.5682539813956785 0.022375105172849484 0.01795139183263199
1 0.09629758544379419 0.815037212158385 0.028488712852981424 0.01348214664195524
1 0.07065272776366223 0.8188244110699257 0.020676212852981445 0.013209328130301045
1 0.2452074807331631 0.4877629279449667 0.025545569279472158 0.019623019237293704
1 0.18603105753448265 0.43886907095872496 0.02586381802583091 0.030560519237293703
1 0.2480403463973609 0.10231650126594435 0.02380121285298147 0.013318455534962848
1 0.1827947457768579 0.3544667891075596 0.02380121285298147 0.013318455534962848
3 0.7490909986798517 0.5045784719466677 0.02848871285298138 0.013482146641955416