4 0.36612761417270806 0.32275435429215305 0.020712543502986146 0.017660278685347208
4 0.3224685331506595 0.3178298117390975 0.015988675911805573 0.015988675911805573
5 0.40462511008864543 0.4151061616628476 0.018931837955902787 0.008248911094166722
5 0.3560434461446872 0.35300489874506974 0.011337543502986148 0.017442073138263937
5 0.4825527011786804 0.29107055603951426 0.014389808320624909 0.014389808320625086
5 0.5811350183330205 0.3207236480794797 0.020639808320624908 0.014535278685347208
4 0.5976159631465275 0.2171447064001047 0.023692073138263936 0.011483013867708359
4 0.6394040728539234 0.20170219756638944 0.017660278685347208 0.020712543502986146
4 0.6974328187698609 0.2945085998268409 0.020639808320624908 0.014535278685347208
4 0.6679622178961803 0.3516664831855908 0.02685344072944442 0.013118249050069508
5 0.6991037683330206 0.32346940121361173 0.012827308320624908 0.014353440729444422
5 0.7080053364372914 0.37761204055628533 0.015806837955902785 0.008176175911805573
4 0.6684336901607636 0.3985778507767714 0.01758754350298606 0.01758754350298606
5 0.8759221478920484 0.24941757142583407 0.01751480832062491 0.014462543502986147
4 0.8769189905976038 0.3745084904037855 0.0174784407294446 0.012900043502986147
4 0.929862152641701 0.3835574885039244 0.023692073138263936 0.011483013867708359
7 0.9794984767298957 0.40034625142170216 0.015806837955902608 0.008176175911805573
5 0.8581105199485413 0.5780874320831604 0.017442073138263937 0.011337543502986236
4 0.8477373708222219 0.5200021751493062 0.022129573138263935 0.011446646276527871
4 0.8229919439604856 0.5084827936904174 0.017442073138263937 0.011337543502986058
4 0.9383597579806938 0.6565592306201398 0.017514808320625262 0.014462543502986236
7 0.9473859998125688 0.8396808551451744 0.008067073138263936 0.011119337955902609
5 0.9483685779848259 0.7638814213495841 0.011301175911805572 0.015879573138263936
5 0.8820142665300686 0.8944397839067715 0.014317073138263936 0.011264808320625264
5 0.7828851290872562 0.9554480594579868 0.014389808320624909 0.014389808320624909
3 0.8513435351474298 0.9987456977570144 0.017442073138263937 0.002508604485971233
4 0.6874128941892355 0.7585892836224312 0.020639808320624908 0.014535278685347208
4 0.6337780947023257 0.8128397193178823 0.023837543502986235 0.017733013867708536
5 0.5109971709747217 0.6810058782278476 0.015952308320624907 0.014426175911805571
5 0.5167016571070133 0.70458884859257 0.018931837955902787 0.008248911094166544
3 0.24524488440558972 0.680292137727153 0.023692073138263936 0.011483013867708359
4 0.33734015900687436 0.7535679431979864 0.014535278685347208 0.020639808320624908
4 0.2973496322213882 0.8261144372140627 0.02074891109416672 0.01922277868534721
4 0.7760402895158327 0.7121883687285424 0.011373911094166545 0.019004573138263935
5 0.17627863848965228 0.5872311623284376 0.01584320554708336 0.009738675911805572
5 0.14786465739135374 0.49824074430041676 0.015806837955902785 0.008176175911805573
7 0.2357822314795482 0.5159205132021183 0.01584320554708336 0.009738675911805572
2 0.6396092141933674 0.864565873478195 0.041279616641249996 0.029070557370694416
2 0.7174069058727424 0.8804467530372229 0.025290940729444423 0.013081881458888844
4 0.4931901155038883 0.7743922023160421 0.014389808320624909 0.014389808320624909
2 0.5081118263693052 0.5027172240675352 0.02685344072944442 0.013118249050069508
4 0.5134545962209371 0.44108939304548656 0.015988675911805573 0.015988675911805573
2 0.6429823613229164 0.24946755033993107 0.020567073138263937 0.011410278685347209
0 0.6405405070307634 0.6230505207046534 0.07289329255305557 0.04542290919430556
6 0.23349042002479115 0.6479699469977085 0.06151938145888884 0.026418336056041623
2 0.8095762220771521 0.8833736909168757 0.020712543502986236 0.017660278685347208