3 0.408158817276569 0.28755752469147616 0.016853307326946343 0.0235284035907962
7 0.4326895850281078 0.5468688921779188 0.016771420171816587 0.02196590359079629
6 0.4719932609656755 0.9389473078689633 0.0235946302577247 0.03293976502711473
6 0.3315486454072718 0.8686489642884301 0.024583920171816587 0.022011355386194253
6 0.8819205438708206 0.3059014410698918 0.03279921189493038 0.0595477168225127
6 0.962215553481759 0.3468531731159109 0.042010437584671226 0.05647725897699045
2 0.5624844691310198 0.24992973878351438 0.015045145861557075 0.018831813231716586
2 0.35409875904511157 0.24020125654110352 0.018415807326946254 0.02353749394987581
2 0.7161793571906607 0.2748246787732517 0.01496325870642714 0.01726931323171659
2 0.46735451209732926 0.5372893590986274 0.016689533016686832 0.020403403590796287
2 0.7608035396869491 0.4105440101553408 0.015208920171816586 0.02195681323171659
2 0.637482226367109 0.4433024888817103 0.016689533016686832 0.020403403590796287
2 0.28984698778706974 0.5351961148541641 0.023430855947465367 0.02981476502711473
2 0.3389572744218012 0.6521336299794745 0.014963258706427318 0.01726931323171659
2 0.655858169378847 0.6448195370863121 0.014799484396167805 0.014144313231716587
2 0.5798102464934971 0.5507018984244347 0.01496325870642714 0.01726931323171659