3 0.40018586499257686 0.2808577950215975 0.010767081637205678 0.02678070554708336
3 0.38855232417397395 0.2673219718833336 0.012247694482076011 0.025254573138263937
3 0.40974124943417306 0.2100731695466323 0.018170145861557074 0.019150043502986148
3 0.14219298055098054 0.3458599734988543 0.009286468792335523 0.028306837955902785
3 0.2390646585247132 0.3629403303564585 0.018006371551297563 0.01602504350298606
3 0.5121613217991248 0.4223569236306949 0.015454581637205677 0.026889808320625087
3 0.5531924355485062 0.445940547205799 0.012165807326946165 0.023692073138263936
3 0.3897916768420789 0.4249708177230211 0.01874335594746528 0.030087543502986237
3 0.28750988183960446 0.513104637727153 0.015454581637205856 0.026889808320625087
3 0.3476362336031983 0.647934885827292 0.018252033016686743 0.02071254350298606
7 0.5273093662357723 0.5327313791777782 0.021049484396167807 0.014535278685347208
3 0.47499991576080236 0.561945447282049 0.0122476944820761 0.025254573138263937
3 0.31402030868168335 0.9296199905006948 0.009204581637205856 0.026744337955902607
3 0.5516874050182101 0.9234472981557296 0.013810194482076099 0.0252909407294446
3 0.616370702734218 0.9070059869853129 0.01808825870642732 0.01758754350298588
5 0.31549211894930573 0.6003689015948613 0.011920145861556986 0.019004573138263935
3 0.4827726356847917 0.1891443801277087 0.018252033016686653 0.020712543502986146
3 0.31683769221876845 0.8344893284565973 0.017924484396167804 0.01446254350298588
3 0.45001536239058504 0.8594373899113545 0.01948698439616763 0.014498911094166544
3 0.4718018311829205 0.8880351685967017 0.012165807326946165 0.023692073138263936
3 0.5708258293738983 0.841961562023438 0.018333920171816585 0.022275043502986237
3 0.5567013743763727 0.7511183564763546 0.01825203301668683 0.02071254350298606
3 0.549181044209505 0.5480660916587157 0.018088258706427142 0.017587543502986237
3 0.598139681137492 0.9760280907087852 0.019323210085908295 0.011373911094166545
3 0.46353239201636975 0.3580210134864587 0.021213258706427318 0.017660278685347208
3 0.4805594397323777 0.3404704907850351 0.017924484396167804 0.014462543502986147
3 0.5077084379233554 0.29272397501746567 0.018088258706427142 0.01758754350298606
3 0.3447115502023987 0.4879059223964239 0.015045145861556985 0.01907730832062491
3 0.41267365614986395 0.5191390450215975 0.013482645861557074 0.0190409407294446
3 0.33465155472495445 0.608617812689028 0.012083920171816587 0.022129573138263935
3 0.35627757123329784 0.6192650251699655 0.01512703301668683 0.020639808320624908
3 0.36346927351728997 0.6373792455346878 0.015208920171816586 0.02220230832062491
3 0.4964345024863908 0.5093841449453477 0.012083920171816587 0.022129573138263935
3 0.6008021771807631 0.6546076855985421 0.01784259724103805 0.012900043502986059
3 0.6429896771807632 0.6555896105604171 0.015290807326946343 0.023764808320624907
3 0.45617575192056403 0.7089834482319795 0.015127033016686654 0.020639808320624908
3 0.5191371766149363 0.8532432477188893 0.018088258706427142 0.017587543502986237
3 0.5489375412688288 0.900754680564549 0.01628009724103805 0.012863675911805572
3 0.5766564275194475 0.8787712310013893 0.021213258706427318 0.017660278685347208
7 0.48624611148607383 0.836091462099688 0.00846759724103805 0.012681837955902608
3 0.39340459350739243 0.9960788322563197 0.014881371551297562 0.007842335487360685
3 0.6955680433049938 0.5272840790252784 0.016361984396167806 0.014426175911805571
3 0.6923423032546164 0.7932902855222922 0.01940509724103805 0.012936411094166721
3 0.7218117972617226 0.8493772845723615 0.015208920171816586 0.022202308320625263
3 0.7019972642450358 0.828628373478195 0.011920145861557074 0.019004573138263935
3 0.6694514371303859 0.9222868012898615 0.01948698439616763 0.014498911094166544
3 0.6420943990253164 0.9809526332618408 0.015290807326946165 0.023764808320624907
3 0.5821982620973293 0.5527360610735074 0.02137703301668683 0.020785278685347207
3 0.1825268899802049 0.7283640021842015 0.010275758706427274 0.01740570554708327
3 0.8060097348463937 0.9075183993137508 0.018088258706427142 0.01758754350298588