7 0.46521905912649986 0.7171557361226546 0.011028403590796288 0.016070668973360826
4 0.7882333365484506 0.49691358441231837 0.007903403590796287 0.015943334980972067
4 0.8147322040348932 0.4848937454770136 0.011010222872636888 0.012945668973360825
4 0.8320060624461497 0.4990371585188754 0.011028403590795932 0.016070668973360826
4 0.5897215510332723 0.0892787924347144 0.015743174668035032 0.020949169961943914
4 0.4198408430895541 0.17043724501990307 0.00946590359079611 0.016007001977166358
4 0.44073564695149675 0.40401640756747315 0.015734084308955332 0.01938666996194378
4 0.4117390142415477 0.5239760804951666 0.012590903590796287 0.016134335969555026
4 0.6458776649054776 0.4738010310660078 0.011028403590796288 0.016070668973360826
4 0.5740572070599554 0.4861047128909499 0.011037493949875809 0.017633168973360824
4 0.5326464118804155 0.48701063829010127 0.012572722872636888 0.013009335969555202
4 0.6110663276696561 0.40020170498228447 0.011037493949875809 0.017633168973360824
4 0.5993526437300429 0.5358672909518397 0.011028403590796288 0.016070668973360826
2 0.4413169090517452 0.369609574069376 0.014217036104353476 0.02713550296574958
2 0.5367788790957118 0.25710030380342086 0.01728749394987581 0.017887836958138337
1 0.6023225867448423 0.37477062346135365 0.012554542154477665 0.009884335969555114
1 0.39546509532904933 0.681707667453305 0.011010222872636977 0.012945668973360825
4 0.5708003968533009 0.46357579688333866 0.00791249394987581 0.01750583498097207
4 0.599212264045156 0.6460553744499368 0.01101931323171641 0.014508168973360824
4 0.3633520320973328 0.66895034087529 0.011010222872636888 0.012945668973360825