5 0.37514841567683305 0.11682715738381586 0.011392141066226814 0.015752269334818124
5 0.4159301915410805 0.20321010005567927 0.014562605172849529 0.017351132001908985
5 0.48233879005001246 0.12354132873167882 0.01598871285298138 0.012681813335454439
5 0.46492396951689907 0.11552883406267893 0.015943248746358663 0.011119313335454439
5 0.4624020262599589 0.24358110872849714 0.011392141066226814 0.015752269334818082
5 0.5090868096460538 0.2644299580680878 0.016034176959604095 0.01424431333545444
5 0.4470856001582845 0.06611918006045177 0.011483069279472246 0.018877269334818127
7 0.39653167069139794 0.07334078672022482 0.008267141066226813 0.01571590666772722
5 0.3577730475718598 0.05648909404836141 0.012863712852981468 0.012645450668363556
5 0.4191591769596041 0.018935097390179203 0.014471676959604097 0.014226132001909003
5 0.6191795605039836 0.10248503608367798 0.016170569279472247 0.01893181333545444
5 0.563497861836767 0.12136175807604195 0.008358069279472247 0.018840906667727263
5 0.5645351761016743 0.18385266740926923 0.014471676959604097 0.014226132001908986
5 0.5839778463973608 0.10051345607890547 0.014471676959604097 0.014226132001908986
5 0.6177260237526764 0.26725606074949615 0.011483069279472246 0.01887726933481808
5 0.6550297954602888 0.2341077534213596 0.01474446159934022 0.023601132001908987
5 0.5715126018076372 0.20892539274345098 0.009784176959604096 0.014171588001272717
7 0.5510613609788372 0.28444301340704203 0.012818248746358663 0.011082950668363534
5 0.3891751264182434 0.3036459047183158 0.014562605172849529 0.017351132001908985
5 0.4345019982841404 0.33150782272436097 0.011392141066226814 0.015752269334818082
5 0.4521441393503672 0.34733281739336086 0.01598871285298138 0.012681813335454439
3 0.39851903417751766 0.32952715205281574 0.01474446159934022 0.023601132001908987
5 0.3342375738318187 0.2944158080442253 0.01474446159934022 0.023601132001908987
5 0.3570422395086517 0.4071430747135433 0.011483069279472246 0.01887726933481808
5 0.3920537370013693 0.4294180640515431 0.014471676959604097 0.014226132001908986
5 0.4071702716411053 0.43896578672022485 0.014471676959604097 0.014226132001908986
5 0.4733037370013692 0.4303634933959062 0.01143760517284953 0.01731476933481808
5 0.4688913701500373 0.35924247139558807 0.014562605172849529 0.017351132001908985
5 0.5082326664682559 0.42296007340067876 0.011392141066226814 0.015752269334818082
5 0.5543946126281899 0.42584017274026936 0.01612510517284953 0.01736931333545435
5 0.6104854882550106 0.42102595074790533 0.013227425705962758 0.02514545066836362
5 0.36721887305303114 0.4884839813812706 0.012954641066226813 0.015770450668363623
3 0.3836993308914477 0.5449067040499523 0.013227425705962937 0.02514545066836362
4 0.44108828206594664 0.5041822540579064 0.011392141066226814 0.015752269334818082
3 0.4970738576136249 0.4689083727323151 0.011710389812585476 0.02668976933481808
5 0.26890339350700226 0.46469139803468024 0.011392141066226814 0.015752269334818082
5 0.22219352955866417 0.5235027766947715 0.009920569279472158 0.01885908800127254
5 0.3152114068348374 0.6604766127068619 0.010011497492717503 0.02198408800127254
5 0.3093274681967508 0.5924624093729982 0.011573997492717503 0.02200226933481808
7 0.758688341382796 0.14628158410244985 0.011392141066226814 0.015752269334818082
2 0.5093956643566848 0.5971333700668151 0.01786946159934022 0.023637494668999892
2 0.5727822144358271 0.6283293734086329 0.01768760517284953 0.017387494668999894
2 0.21052860385270122 0.4983755073599534 0.016034176959604095 0.01424431333545435
2 0.270209829242095 0.40222776070177113 0.014835389812585652 0.026726132001908987
2 0.2890136535361322 0.37745502737108916 0.01612510517284953 0.01736931333545444
2 0.3328198263391012 0.2725317173774525 0.020903533386094787 0.020548857336090798
2 0.25458717775102696 0.32160446936663484 0.01474446159934022 0.023601132001908987
2 0.27763823284473416 0.3085959393698165 0.01161946159934022 0.023564769334818082
2 0.2170584340192331 0.26649879869508963 0.01474446159934022 0.023601132001908987
2 0.4035030847188784 0.044525443387952036 0.01300010517284953 0.017332950668363555
7 0.46991769490629276 0.01874474073040616 0.008176212852981379 0.012590906667727225
2 0.5801818743066723 0.48002823341022377 0.014653533386094963 0.020476132001908988
2 0.5508748075344827 0.4390759694064057 0.016079641066226814 0.01580681333545435
2 0.3709061627073321 0.45416352538190685 0.016397889812585654 0.02674431333545435
2 0.33506560259906004 0.5107584233768161 0.008176212852981469 0.012590906667727353
3 0.2548432420159342 0.3840862880330894 0.01612510517284953 0.01736931333545444
3 0.31430917022917954 0.3879021787078163 0.017733069279472158 0.01894999466899989
3 0.42108200745534036 0.4071072593889065 0.01478992570596276 0.025163632001908985
3 0.5108157603583343 0.538575982733906 0.02076714106622681 0.015861357336090797
3 0.45587116224511376 0.7706703200588609 0.008539925705962936 0.025090906667727352
7 0.47695890056663126 0.7170276993952699 0.008176212852981379 0.012590906667727353
7 0.31004521905468063 0.4292447940404072 0.011301212852981468 0.012627269334818081
3 0.5068985208496825 0.13554188940163323 0.019068248746358662 0.011155676002545346