0 0.892438968769859 0.7138490637741253 0.041097714672181596 0.04275406603337366
2 0.7099264607733587 0.7492111109243063 0.031722714672181594 0.042262743102595125
2 0.47914862810308617 0.7347269663059446 0.02207499466899989 0.018333920171816585
2 0.4136401647437692 0.5466371460886996 0.04097044533736351 0.03181656603337366
2 0.32095432009863184 0.7101850689740496 0.03775453866963625 0.023840291723114148
2 0.1990247760979955 0.7118847670741703 0.03779090133672711 0.02696529172311397
0 0.5783742794000424 0.4613946076449459 0.036392033338636054 0.04094590456798421
6 0.6407646440563155 0.381515677862191 0.06482611600890884 0.06898237336031983
6 0.5492038527211793 0.37302482643728146 0.07080339600572713 0.04587242198083885
0 0.27494928739654256 0.4514994657401178 0.06466248400699967 0.054919873360319824
1 0.06942544605345209 0.3903516830621153 0.03306703866963623 0.02359463025772488
1 0.3571879807049528 0.2634838093631112 0.022093176002545345 0.019896420171816497
3 0.293062940722452 0.3958293198785608 0.015824994668999892 0.018006371551297563
3 0.2807811167249973 0.41523441711959885 0.020457950668363624 0.013564533016686652
1 0.30817941072563365 0.4184888919048282 0.014153406667727176 0.008549484396167628
2 0.41286636338317956 0.3457740089335699 0.018968176002545432 0.019732645861557076
2 0.37049759739017923 0.39958840569963805 0.018931813335454527 0.016607645861557073
3 0.5261470660407254 0.27260874660909795 0.02198408800127254 0.010521420171816587
2 0.5401908373647258 0.20308081863536537 0.015824994668999892 0.018006371551297563
2 0.7557271200668151 0.45288166553771914 0.037790901336727245 0.026965291723114147
2 0.6229055294000424 0.45906082372374807 0.03144999466899989 0.018825243102595125
4 0.7747032920512249 0.3369733825210323 0.012590906667727353 0.00846759724103805
4 0.7991038553866794 0.3513291316165212 0.011028406667727354 0.008385710085908294
4 0.7717782867202247 0.35432465683129183 0.011010225334181811 0.006823210085908293
2 0.8084532254137236 0.5501793894184372 0.017460220003181703 0.024338258706427317
2 0.8142032387412239 0.5068830907979183 0.020494313335454706 0.016689533016686832
4 0.6906844700827234 0.5735493696307336 0.011028406667727354 0.008385710085908115
4 0.7053736787475872 0.559490191657001 0.014153406667727176 0.008549484396167806
4 0.7141856047501325 0.5777898123037872 0.009447725334181811 0.006741322930778537
2 0.8104895347708133 0.7251793894184373 0.03775453866963616 0.02384029172311397
2 0.7769930453930428 0.39939149536590257 0.014280676002545433 0.019486984396167806
1 0.734732820058861 0.3953524485544059 0.01417158800127254 0.010111984396167806
1 0.7046095153962244 0.4266367480794361 0.011064769334818082 0.011510710085908293
1 0.7082884987269062 0.4069007801916117 0.011028406667727354 0.008385710085908294
1 0.72395895206077 0.4099881586403141 0.011028406667727354 0.008385710085908115
2 0.6889310660804963 0.5572250067858633 0.011101132001908987 0.014635710085908294
4 0.6894759587444055 0.5368715632082985 0.01729658800127254 0.01027575870642714
2 0.6962526700747693 0.5146280710102145 0.018895450668363623 0.013482645861557074
3 0.7265385120544066 0.36294938433005464 0.011137494668999891 0.017760710085908293
4 0.7089601133831795 0.3302563930364819 0.023601132001908987 0.015290807326946255
4 0.47440494207508743 0.5285997970386394 0.023637494668999892 0.018415807326946164
4 0.48518790073995116 0.5147453369527311 0.01257272533418181 0.0069050972410380496
4 0.48837653540736026 0.5200503126424716 0.00942954400063627 0.005178822930778537
4 0.4877861894095874 0.5364975062200364 0.017296588001272716 0.010275758706427319
4 0.5078077880728603 0.5104329732033497 0.02042158800127254 0.010439533016686653
4 0.4134941667329516 0.4669087025111347 0.020494313335454352 0.01668953301668665
4 0.47694759205917914 0.41120757915081485 0.020421588001272716 0.010439533016686653
4 0.45518912869986217 0.22082491858993683 0.01729658800127254 0.010275758706427319
4 0.48345103604390705 0.2982981433751662 0.014226132001908986 0.014799484396167805
4 0.358181052752996 0.6175538336733707 0.01255454400063627 0.00534259724103805
4 0.35926229475649585 0.6432941400958059 0.012609088001272717 0.010030097241038049
2 0.4165293547501324 0.593389315356005 0.01580681333545435 0.016443871551297562
3 0.5293469807447236 0.5476087466090981 0.020457950668363624 0.013564533016686652
2 0.6031117447485418 0.5718850503179997 0.022093176002545435 0.019896420171816587
2 0.6491049500715876 0.4936471856641071 0.014189769334818081 0.011674484396167806
4 0.683724850731997 0.4457109746736877 0.014226132001908986 0.014799484396167805
4 0.6843970127307243 0.4362950310961228 0.017405676002545434 0.019650758706427317
4 0.7262668867361332 0.47396877148518435 0.011064769334818082 0.011510710085908116
2 0.5824708860598153 0.4103676961795567 0.03155908267027243 0.028200243102594946
4 0.5299742367520415 0.601514996609098 0.017296588001272716 0.01027575870642714
4 0.5558918467536323 0.6118826085494571 0.017296588001272716 0.010275758706427319
4 0.5591237453850886 0.3521800599289381 0.015752269334818082 0.011756371551297561
4 0.6485782387412239 0.515563129241672 0.00793976933481808 0.01134693577564878
4 0.6587339413987697 0.4478024191557637 0.01729658800127254 0.01027575870642714
4 0.5394385013924063 0.4071508429456248 0.015734088001272538 0.010193871551297562
2 0.5063623720559974 0.3862142232033497 0.01736931333545435 0.016525758706427317
4 0.46078733740449673 0.5003895878572422 0.01733295066836362 0.013400758706427318
4 0.4769379540499523 0.3431978855732501 0.01733295066836362 0.013400758706427318
4 0.5295538767106798 0.2966637222988385 0.014153406667727353 0.008549484396167806
4 0.4575799740610881 0.42629366858993684 0.015770450668363623 0.013318871551297563
4 0.4685720180617244 0.43040795850402863 0.011028406667727354 0.008385710085908115
2 0.4476146280633152 0.4432321850982802 0.015770450668363623 0.013318871551297563
4 0.37244245273708765 0.4995474621220731 0.018822725334181813 0.007232645861557074
4 0.3921191534054512 0.5110238726829512 0.014153406667727176 0.008549484396167806
4 0.33495154340386035 0.5022940038451873 0.018859088001272718 0.010357645861557074
4 0.3920100654041786 0.5016488726829513 0.017296588001272716 0.010275758706427319
4 0.41135041140195144 0.4842190332438294 0.020530676002545434 0.019814533016686654
4 0.5299100547421783 0.5288178030315331 0.023564769334818082 0.012165807326946165
4 0.48397084607731455 0.5445147241078608 0.01736931333545435 0.016525758706427317
4 0.49666065539463355 0.425808989711693 0.00942954400063627 0.005178822930778537
4 0.5369487533815887 0.32754523010075465 0.012590906667727175 0.00846759724103805
2 0.5206981394016332 0.47614318238474673 0.014153406667727176 0.008549484396167806
1 0.5379583647358149 0.4814924236783195 0.011064769334818082 0.011510710085908116
4 0.5533106447326334 0.45723605212702195 0.021984088001272717 0.010521420171816587
4 0.5995862080680878 0.4704453810506942 0.017296588001272716 0.01027575870642714
4 0.6020117740690423 0.4773538003179997 0.020421588001272716 0.010439533016686653
2 0.4708537754216778 0.6265017085040286 0.026726132001908987 0.015454581637205677
4 0.6010316240849506 0.5946641310506943 0.00793976933481808 0.011346935775648603
4 0.6459265007558596 0.6235803471294964 0.01255454400063627 0.00534259724103805
4 0.6419180640515431 0.34627754070706124 0.01573408800127272 0.010193871551297562
4 0.6495396600493158 0.32946185493141245 0.00950226933481808 0.011428822930778538
4 0.5867424047580867 0.6430983090244269 0.014171588001272717 0.010111984396167806
4 0.26252310741563256 0.5928614501362856 0.020421588001272716 0.01043953301668683
4 0.3268112320575883 0.4073499960432711 0.014153406667727176 0.008549484396167806
3 0.6182469434277229 0.6633355659218318 0.020457950668363624 0.013564533016686831
1 0.6332328600413617 0.27168697648271 0.02207499466899989 0.018333920171816585
4 0.5663544427116343 0.30177062415328937 0.01257272533418181 0.0069050972410380496
4 0.4034362720400891 0.2743493882867835 0.020421588001272716 0.010439533016686741
4 0.3044202534213596 0.6328789405253471 0.014153406667727264 0.008549484396167806
4 0.28014695942072326 0.6294606914298584 0.014135225334181812 0.006986984396167628