5 0.5541491981089327 0.8289404652858327 0.012936509618646851 0.01315509724103805
2 0.2985540287711225 0.303672713138126 0.03450397477225655 0.050157130257724794
2 0.5757365768643568 0.25558485244096235 0.028035719962933036 0.04357958163720586
2 0.6258878550873251 0.3435252657153739 0.010138891832631992 0.02236632293077854
4 0.55932783766413 0.32203536804479455 0.008358137023308565 0.01603443577564878
4 0.5811110684268362 0.34822273179417595 0.009756945916316085 0.011428822930778538
4 0.4766864301375834 0.604165115331261 0.008358137023308565 0.016034435775648604
4 0.5352975383049514 0.6291518272261916 0.009920637023308565 0.016116322930778536
2 0.6251065719702152 0.5900284514910227 0.006959328130301046 0.020640048620519026
4 0.5671179679791986 0.6816936510614813 0.009920637023308565 0.016116322930778536
4 0.5061259042768678 0.680062552011421 0.012936509618646851 0.01315509724103805
2 0.4998982077275794 0.8135744148562912 0.04042659255827132 0.041109678878243724
2 0.46389870954167806 0.7686403731331772 0.01606150961864685 0.013318871551297563
2 0.4085638795972784 0.8291374598587655 0.014499009618646853 0.013236984396167628
2 0.494141770248784 0.7318740355030776 0.016170637023308565 0.016443871551297562
2 0.525409128416152 0.7554277221832375 0.01940476442797028 0.019732645861557076
2 0.6393079704262693 0.5195488551544958 0.013263891832631991 0.02253009724103805
2 0.5988168904818696 0.5808238698538168 0.02749008293962447 0.027954581637205676
2 0.4434076825846541 0.43649293645301734 0.03691964664195542 0.030008404567984214
2 0.5140078700634495 0.5215916327441157 0.015044646641955418 0.028861984396167627
2 0.4062771824998361 0.7601417983933765 0.009811509618646852 0.012991322930778537
2 0.6200023766020535 0.8034325322237172 0.013154764427970278 0.01940509724103805
2 0.4365772961094997 0.6545026300305822 0.009920637023308565 0.016116322930778536
2 0.5502280791417914 0.7395094730877487 0.011483137023308564 0.016198210085908292
2 0.41245774983036404 0.672805572703636 0.01310020072563951 0.01784259724103805