3 0.0859375 0.2500624553577313 0.0125 0.026780688311602675
3 0.16328125 0.19168116517968947 0.0125 0.023655688311602762
3 0.284375 0.2325362159110381 0.015625 0.033085235389503434
3 0.121875 0.2697476639618735 0.0171875 0.01592500892845372
4 0.121875 0.2244351639618735 0.015625 0.02058523538950343
5 0.128125 0.3313573198060721 0.0109375 0.022065914772652385
5 0.271875 0.38275440422264084 0.0109375 0.020503414772652384
3 0.2703125 0.2820004277615912 0.0203125 0.014417056006354479
5 0.3328125 0.3176282362035776 0.0140625 0.022120461850553143
5 0.3390625 0.3956441420477762 0.0125 0.020530688311602763
5 0.3828125 0.3401929829571667 0.015625 0.015897735389503433
7 0.3671875 0.2576532183466701 0.0140625 0.012745461850553053
7 0.26171875 0.339181682225818 0.0125 0.017405688311602673
3 0.546875 0.041235511367381 0.0171875 0.023737508928453742
5 0.653125 0.1753184107187579 0.0125 0.02209318831160272
5 0.6703125 0.18048715179030414 0.0109375 0.023628414772652383
5 0.77890625 0.1739041408332555 0.009375 0.022038641233702007
7 0.64140625 0.2825542122608854 0.0125 0.017405688311602673
3 0.12578125 0.5009294801144977 0.0109375 0.022065914772652385
5 0.3359375 0.5035111891256768 0.0125 0.017405688311602673
7 0.32734375 0.4575674435899038 0.0171875 0.01592500892845372
5 0.34921875 0.47984186404459905 0.0125 0.020530688311602673
7 0.29921875 0.6033708672910099 0.0125 0.017405688311602673
7 0.38515625 0.6581208226487412 0.009375 0.020476141233702096
5 0.43828125 0.5579747723244297 0.0171875 0.01592500892845372
5 0.45390625 0.6280145369349263 0.009375 0.020476141233702096
5 0.49453125 0.6476179249222174 0.0125 0.017405688311602673
5 0.58203125 0.6585906067409983 0.015625 0.02058523538950343
7 0.5578125 0.6496383465947286 0.009375 0.017351141233702093
3 0.4640625 0.701274758931749 0.0171875 0.020612508928453722
3 0.52265625 0.7236895012211113 0.0140625 0.02368296185055314
5 0.43046875 0.7323298900191814 0.009375 0.020476141233702096
5 0.5421875 0.778036081984232 0.0109375 0.020503414772652384
3 0.5359375 0.8047076761400334 0.015625 0.020585235389503253
5 0.5078125 0.9044173498411394 0.009375 0.020476141233702096
3 0.56640625 0.9776133421305018 0.0171875 0.01905000892845372
7 0.58671875 0.9780400361241472 0.0109375 0.009565914772652206
7 0.6046875 0.8777263904262185 0.0140625 0.011182961850553142
7 0.6484375 0.919931481335609 0.0140625 0.014307961850553141
5 0.64609375 0.8926286416440344 0.009375 0.017351141233702093
3 0.62734375 0.8249871741114385 0.0171875 0.020612508928453722
3 0.69140625 0.6574627090144746 0.0171875 0.02686250892845372
7 0.671875 0.7046786282513539 0.009375 0.022038641233702094
7 0.65234375 0.7565820474882331 0.0125 0.020530688311602673
7 0.7625 0.8695030129922341 0.015625 0.017460235389503254
3 0.79375 0.7509887922132272 0.0171875 0.02373750892845372
3 0.72890625 0.6130581440796664 0.0140625 0.02368296185055314
5 0.7859375 0.682375159907979 0.009375 0.020476141233702096
7 0.62890625 0.5374599005724882 0.0125 0.017405688311602673
7 0.69765625 0.5018848648586732 0.009375 0.020476141233702096
7 0.640625 0.4653803490303606 0.009375 0.015788641233702095
3 0.7875 0.34953538636902864 0.01875 0.0237647824674041
5 0.7390625 0.2933496160764892 0.0140625 0.014307961850553053
5 0.24609375 0.8386731676153214 0.0125 0.020530688311602673
3 0.3109375 0.7617600657488823 0.0203125 0.028479556006354302
3 0.56484375 0.4706093656694521 0.015625 0.02058523538950343
1 0.815625 0.4826382126679226 0.0234375 0.022284103084255234
1 0.6046875 0.43085139042621845 0.009375 0.014226141233702094
1 0.3765625 0.515302077112968 0.009375 0.012663641233702094
2 0.34609375 0.5361464111224997 0.0171875 0.01905000892845372
2 0.4765625 0.3229315706201463 0.0140625 0.017432961850553052
7 0.634375 0.7068956931861619 0.009375 0.020476141233702096
2 0.3890625 0.6877401388013654 0.034375 0.042787517856907445
3 0.49921875 0.9897236043053663 0.0078125 0.003261367694751982
3 0.34609375 0.8244276611224997 0.009375 0.020476141233702096