3 0.33957597612301893 0.6354140360689045 0.01951389183263199 0.022857645861557075
1 0.23501738466105584 0.18699646822650867 0.0066319459163159955 0.011265048620519025
1 0.31529516170289784 0.18574490671569088 0.009811509618646852 0.012991322930778537
1 0.422827408707673 0.228031983264514 0.009866073320977619 0.014553822930778537
1 0.4775843413771451 0.1435618080043148 0.011319445916316085 0.01151071008590825
1 0.5081622187818067 0.148283607529345 0.008249009618646852 0.012909435775648782
1 0.5507143065307547 0.1832661171402834 0.011319445916316085 0.01151071008590825
1 0.6035764117028979 0.20085308683713005 0.009866073320977619 0.014553822930778537
1 0.6472073606144388 0.17740562075832803 0.01142857332097762 0.014635710085908294
1 0.6709623191446263 0.16539362166283916 0.011319445916316085 0.01151071008590825
1 0.650622537293461 0.1635478386461524 0.011319445916316085 0.011510710085908293
1 0.7125868239539498 0.1738136312737776 0.009866073320977619 0.014553822930778537
1 0.7686037001774852 0.25941029454818915 0.009920637023308565 0.016116322930778536
1 0.697321466419554 0.31728034825709084 0.011319445916316085 0.011510710085908293
1 0.7233928930985764 0.30460992989429664 0.01299107332097762 0.01471759724103805
1 0.7055531178708329 0.35202384045517465 0.01310020072563951 0.01784259724103805
1 0.6095932879264332 0.28382936114738955 0.009866073320977619 0.014553822930778537
1 0.6235293023544035 0.3032754019659925 0.011319445916316085 0.011510710085908293
1 0.5409970553496283 0.26229851989924535 0.011319445916316085 0.011510710085908293
1 0.5255803864751544 0.24511434192551276 0.011319445916316085 0.011510710085908293
1 0.516143388289253 0.28750988183960446 0.009866073320977619 0.014553822930778537
1 0.42065727349846294 0.25521195895425447 0.011374009618646852 0.013073210085908293
1 0.32498267494974176 0.2845099553362099 0.011374009618646852 0.013073210085908293
1 0.3821329760382009 0.3132391429208809 0.011319445916315996 0.011510710085908293
1 0.37846233901489235 0.29745036861062146 0.00986607332097771 0.014553822930778537
1 0.4258457705032381 0.2921354268420789 0.009866073320977619 0.014553822930778537
1 0.428571466419554 0.3031957575747735 0.009866073320977619 0.014553822930778537
1 0.4479588726801563 0.34476245985876564 0.008249009618646852 0.012909435775648782
1 0.41545145144342965 0.48576591813565156 0.01299107332097762 0.01471759724103805
1 0.44764639255042216 0.4921321048158115 0.011319445916316085 0.011510710085908116
1 0.4911880614248961 0.5107902515818796 0.011319445916316085 0.011510710085908293
1 0.6088070926430895 0.3953024496820003 0.011319445916316085 0.011510710085908293
1 0.28596982648583863 0.6411826792169281 0.02107639183263199 0.022939533016686654
1 0.46492071650437217 0.6295059520568496 0.009866073320977619 0.014553822930778537
1 0.44996783909971044 0.625603024083117 0.011319445916316085 0.011510710085908116
1 0.543219331295162 0.6609031162357722 0.00997520072563951 0.017678822930778538
1 0.6740476906436564 0.5663829115769309 0.00997520072563951 0.017678822930778538
1 0.6384574202252364 0.6191051198538169 0.011374009618646852 0.013073210085908293
1 0.11067218220613591 0.4448388664629149 0.022529764427970278 0.019896420171816587
1 0.35826643402023445 0.5007048433958508 0.008249009618646852 0.012909435775648782
1 0.6327009496293311 0.4542613698538169 0.01299107332097762 0.01471759724103805
1 0.6457912266711731 0.4494886606724197 0.011374009618646852 0.013073210085908116
1 0.6118328889222251 0.41495653041469494 0.01142857332097762 0.014635710085908294
1 0.5291394400106842 0.43635681761525325 0.009866073320977619 0.014553822930778537
1 0.4589732729503087 0.4591934520568495 0.011319445916316085 0.011510710085908293
1 0.4940303192294445 0.4805262194697041 0.009866073320977619 0.014553822930778537
1 0.7144792284852717 0.4959785583429991 0.01142857332097762 0.014635710085908294
1 0.7722892392850449 0.4319437138154945 0.01142857332097762 0.014635710085908294
1 0.6394568919174499 0.37975269278459534 0.011319445916316085 0.011510710085908293
1 0.8683060890148923 0.32312199174379863 0.008194445916316084 0.01134693577564878
1 0.27339538229880317 0.3480910984842335 0.011428573320977709 0.014635710085908294
1 0.2798165078893663 0.30865678425988224 0.00986607332097771 0.014553822930778537
1 0.3710640451828274 0.4428890213695834 0.011319445916315996 0.011510710085908293
1 0.3065774484482047 0.5167116236990041 0.012827382213985139 0.010030097241038049
1 0.23427586251335528 0.5230601209854706 0.011319445916315996 0.011510710085908293
1 0.44591525616008576 0.5988767497728574 0.011319445916316085 0.011510710085908293
1 0.7231225969042587 0.6095054698083884 0.009920637023308565 0.016116322930778536
1 0.7182813294810636 0.6271876147654342 0.009866073320977619 0.014553822930778537
1 0.757579442457755 0.6136507372212429 0.009866073320977619 0.014553822930778537
1 0.7603696257601993 0.6488888743763727 0.009866073320977619 0.014553822930778537
1 0.5002803523465543 0.7264971387370094 0.009756945916316085 0.011428822930778538
1 0.5148240019837346 0.7186813167107421 0.009866073320977619 0.014553822930778537
1 0.6172223156860654 0.7256074253717408 0.009756945916316085 0.011428822930778538
1 0.6454465194069297 0.7075910877416411 0.009866073320977619 0.014553822930778537
1 0.771917250169636 0.6892648908847161 0.009866073320977619 0.014553822930778537
1 0.44673125561193155 0.8008929511523384 0.009866073320977619 0.014553822930778537
1 0.33932303809606923 0.9184755195605611 0.011428573320977709 0.014635710085908471
1 0.3452555795658815 0.9320433746035153 0.011374009618646852 0.013073210085908471
1 0.2915403025240395 0.9346870177515388 0.008249009618646852 0.012909435775648603
1 0.29763653510084437 0.952942372794493 0.008194445916315995 0.011346935775648603
1 0.2854713517984001 0.9172129127085846 0.008085318511654283 0.008221935775648604
1 0.40421886259817336 0.8563716672311404 0.008194445916316084 0.011346935775648603
1 0.35526549662625695 0.9060540846894234 0.011374009618646852 0.013073210085908471
1 0.29933295515644465 0.8898658406823173 0.011374009618646852 0.013073210085908471
1 0.39144355488629223 0.7808394007227971 0.013045637023308566 0.01628009724103805
1 0.22664195570459889 0.6840828301668678 0.01142857332097762 0.014635710085908115
1 0.2009970487262064 0.19535120081365412 0.008194445916315995 0.01134693577564878
1 0.16998515090312466 0.24519407055592932 0.009756945916315995 0.011428822930778538
1 0.15524309382421575 0.29199050542706695 0.008194445916315995 0.01134693577564878
1 0.20001244600113402 0.3458049021931351 0.008194445916315995 0.01134693577564878
1 0.6460243835647475 0.6124833056294656 0.009811509618646852 0.012991322930778537
1 0.6767560283926044 0.5992772987320606 0.008249009618646852 0.012909435775648603
1 0.707524878755424 0.6094678482570908 0.008249009618646852 0.012909435775648603
1 0.7662004743089204 0.6148823665744565 0.009811509618646852 0.012991322930778537
1 0.803167250169636 0.6909026339873111 0.011374009618646852 0.013073210085908293
1 0.8003770668671917 0.6556644968321813 0.009756945916316085 0.011428822930778538
1 0.4640427851008443 0.9616633548158117 0.01142857332097762 0.014635710085908471
1 0.47209089807753574 0.946488734169025 0.011374009618646852 0.013073210085908471
1 0.4281499251193779 0.9387271438253922 0.008194445916316084 0.011346935775648603
1 0.519327996626257 0.9146522359780475 0.009756945916316085 0.011428822930778538
1 0.5281672832867459 0.9221338653312611 0.009756945916316085 0.011428822930778538
1 0.5375150014355804 0.9218439382620396 0.011374009618646852 0.013073210085908471
1 0.5295288866447905 0.8941316960639558 0.011319445916316085 0.011510710085908472
1 0.5778944647750915 0.9169417542954132 0.008194445916316084 0.011346935775648603
1 0.5873785921797532 0.9205580772261918 0.008194445916316084 0.011346935775648603
1 0.5749157977147161 0.9432995364075888 0.01299107332097762 0.01471759724103805
1 0.649432158877309 0.8887182570089467 0.009866073320977619 0.014553822930778537
1 0.6162575603285878 0.9212917395960922 0.008194445916316084 0.011346935775648603
1 0.6948785789329094 0.8279345652404041 0.009756945916316085 0.011428822930778538
1 0.7023190567003909 0.840021807438488 0.008194445916316084 0.011346935775648603
1 0.700855760421255 0.820449613860923 0.012881945916316084 0.01159259724103805
1 0.7621826408211416 0.7901313500661131 0.008249009618646852 0.012909435775648782
1 0.770458932290954 0.8038220358417618 0.009920637023308565 0.016116322930778536
1 0.7786260963561045 0.8143877216174106 0.013045637023308566 0.01628009724103805
1 0.7393279833794131 0.8279245991616019 0.011319445916316085 0.011510710085908472
1 0.7408607123280209 0.7601605670494264 0.008249009618646852 0.012909435775648782
1 0.669729756793058 0.7330381450685876 0.011319445916316085 0.011510710085908293
1 0.7443106053417792 0.7026346720923804 0.01299107332097762 0.01471759724103805
1 0.1860541612395617 0.7053503205559293 0.008194445916315995 0.01134693577564878
1 0.31840535896997624 0.7660941480092636 0.00986607332097771 0.014553822930778537
1 0.19556308129516203 0.6426832242194024 0.00986607332097771 0.014553822930778537
1 0.2430829220393349 0.6412745324508599 0.008249009618646852 0.012909435775648782
1 0.28581854826287023 0.7261751549066686 0.012991073320977709 0.01471759724103805
1 0.19347977003990188 0.8063362884437536 0.009975200725639422 0.017678822930778538
1 0.2296181666818573 0.8363037494341732 0.008249009618646852 0.012909435775648603
1 0.2534276889143759 0.8258542503386842 0.008194445916315995 0.011346935775648603
1 0.31756211078407476 0.808940067276569 0.011428573320977709 0.014635710085908115
3 0.32704623818873646 0.8125563902073474 0.011592264427970279 0.01932321008590847
1 0.7035020999843016 0.896230863860923 0.011374009618646852 0.013073210085908471
1 0.6831548836495654 0.9388344436891064 0.011319445916316085 0.011510710085908472
1 0.7398389040679856 0.8872177120064724 0.008194445916316084 0.011346935775648603
1 0.7786186618725338 0.8588370844622808 0.011319445916316085 0.011510710085908472
1 0.8165105314726473 0.89435518260783 0.009866073320977619 0.014553822930778537
1 0.8263121174074968 0.8847311991161735 0.008139882213985317 0.009784435775648604
1 0.8255482255748646 0.8628561991161735 0.008194445916316084 0.011346935775648603
1 0.7640030903656546 0.8869244629109833 0.009756945916316085 0.011428822930778182
1 0.793415216419554 0.3223164082975706 0.011319445916316085 0.011510710085908293
1 0.8634176923729371 0.29479227385597423 0.011264882213985316 0.009948210085908293
1 0.8748164946425223 0.24158206467457716 0.008194445916316084 0.01134693577564878
1 0.8993824742241024 0.29745692842395854 0.011319445916316085 0.011510710085908293
1 0.9503546971822605 0.30558701096567553 0.009756945916316085 0.011428822930778538
1 0.8951513312103441 0.3549418798034395 0.01142857332097762 0.014635710085908294
1 0.9504142392850448 0.4412788495002863 0.009920637023308388 0.016116322930778536
1 0.8996875529873757 0.4401800169585693 0.008249009618646852 0.012909435775648603
1 0.9624777296663979 0.4294339467413243 0.009866073320977619 0.014553822930778537
1 0.9613070992665115 0.46290486600862957 0.008194445916316084 0.011346935775648603
1 0.9682292218618496 0.4601483582067135 0.009866073320977619 0.014553822930778537
1 0.978030807796699 0.4505243747150569 0.008249009618646852 0.012909435775648782
1 0.9821652362898199 0.4795943990253164 0.011319445916316085 0.011510710085908293
1 0.9803671233131285 0.4950965682926218 0.009756945916316085 0.011428822930778538
1 0.9660789340202346 0.5325589467413243 0.008194445916316084 0.011346935775648603
1 0.9812401425504224 0.5200965682926217 0.009702382213985316 0.009866322930778538
1 0.9856374658714 0.5343637861804462 0.009866073320977619 0.014553822930778537
1 0.9407168354715132 0.5655418651041184 0.01142857332097762 0.014635710085908294
1 0.9382838054344464 0.6075246472162942 0.01142857332097762 0.014635710085908115
1 0.8802753871929447 0.7105401045886689 0.013045637023308387 0.01628009724103805