7 0.6123161092950191 0.5830788309251395 0.021929542154477843 0.009884146276527872
7 0.5285052324388027 0.34984679720579903 0.023492042154477845 0.009920513867708359
4 0.691513771666414 0.4005222104841673 0.020430674668035033 0.020785278685347207
4 0.7227177989901689 0.5434552461033687 0.018813632513557367 0.011373911094166722
4 0.73247056977282 0.34443651785486173 0.02351931323171641 0.014608013867708358
4 0.5077841871610669 0.2852933347248615 0.020403403590796287 0.01609777868534721
4 0.49961261797742207 0.34683024676895874 0.020457945745273775 0.025472778685347208
7 0.4231950428418488 0.45444141859670173 0.01726022287263689 0.012900043502986059
4 0.49275252215739335 0.7201586439954172 0.014144313231716587 0.014389808320624909
4 0.6268013109922214 0.5107498892457644 0.01414431323171641 0.014389808320624909
4 0.5965552747896721 0.47175947121774353 0.020430674668035033 0.020785278685347207
3 0.13738376610726916 0.6946975170018403 0.02041249394987581 0.017660278685347208