3 0.18393942781753397 0.15689062304142415 0.023710284639736123 0.01033000494291585
3 0.1438934378466638 0.24286261513275878 0.022102320533113406 0.008703837946721471
3 0.20879336064963283 0.3511008794672148 0.03156824874635875 0.012210839923887828
3 0.21039662773839166 0.18847354547482603 0.012954641066226813 0.016134335969555113
4 0.16715509309865556 0.19609770307948024 0.017551212852981467 0.013200336958138336
5 0.2715614482715051 0.1831440583264073 0.020539820533113408 0.008640170950527094
5 0.35149533768837926 0.31233149262280724 0.01893185642649069 0.007014003954332715
3 0.2548105543022844 0.32872847235685215 0.011483069279472246 0.019195668973360735
5 0.30094375673042456 0.3830140657407811 0.02063074874635884 0.011765170950527093
5 0.3786057554767833 0.3752280820524035 0.017460284639736125 0.010075336958138337
5 0.3332872437983008 0.4273516561589606 0.012909176959604095 0.014571835969555025
7 0.25036108353174413 0.4278835553606578 0.01130121285298138 0.012945668973360825
7 0.3077226056350679 0.3113300667293643 0.015897784639736123 0.01001166996194396
3 0.07915235860456879 0.6399166872621495 0.022238712852981447 0.013391337946721472
5 0.23174850969992544 0.7180947198853942 0.018977320533113406 0.008576503954332714
5 0.24069160068700998 0.7333204718625606 0.02205685642649069 0.007141337946721471
5 0.256372773489979 0.8395532258168933 0.02049435642649069 0.007077670950527093
7 0.33196747004562444 0.6877625741437381 0.015897784639736123 0.01001166996194396
3 0.43522078299038347 0.14992167593062403 0.020539820533113408 0.008640170950527094
5 0.48172239528936894 0.3528357703031361 0.014335284639735945 0.009948002965749492
7 0.43558318118274625 0.35252009391540157 0.012954641066226813 0.016134335969555113
5 0.46088705806320807 0.36997684935260905 0.019022784639736123 0.010139003954332714
7 0.5701233172344081 0.29855678859192486 0.015897784639736123 0.01001166996194396
7 0.6407336824363875 0.37182980391496406 0.01893185642649069 0.007014003954332715
5 0.5550258514784329 0.44107986961856405 0.012954641066226813 0.016134335969555026
5 0.6261196014784328 0.44397671794540894 0.018931856426490867 0.007014003954332715
5 0.6532443911327338 0.47949772387690803 0.015897784639735946 0.01001166996194378
5 0.6829115075883545 0.562052897298893 0.019113712852981378 0.013264003954332715
7 0.6686815230277606 0.5403543108350463 0.01580685642649069 0.006886669961943958
3 0.6989577079049235 0.44068723326844805 0.017596676959604096 0.014762836958138337
3 0.7326363744396864 0.49290099068282195 0.022147784639736122 0.01026633794672147
5 0.7204295426238019 0.40167115421897515 0.018931856426490867 0.007014003954332715
5 0.7894857680131956 0.5014748360439173 0.018931856426490867 0.007014003954332537
3 0.8132642488128659 0.49071109098683313 0.019113712852981378 0.013264003954332715
5 0.9037588681714801 0.4451213597699134 0.017369356426490866 0.006950336958138337
3 0.9822870334526019 0.48821212657582735 0.006659176959604452 0.014317167984777512
7 0.89930939740094 0.544276442773719 0.00973871285298138 0.012882001977166269
7 0.9484001152684863 0.5775637866519395 0.01286371285298138 0.013009335969555202
5 0.9217239550019297 0.5803876977166349 0.015806856426490868 0.006886669961943781
3 0.8522609011618638 0.5752107663859845 0.01915917695960445 0.014826503954332715
3 0.7041068944979461 0.666945985739906 0.025409176959604096 0.015081171939110228
7 0.746376962523777 0.6389456611390575 0.018931856426490867 0.007014003954332715
7 0.792553280549608 0.6111045040286948 0.017460284639736125 0.010075336958138337
7 0.92302437905854 0.6969849487052181 0.01598871285298138 0.013136669961943959
3 0.8159416532734347 0.7481561764620966 0.02223871285298138 0.013391337946721472
3 0.6691719533525771 0.7116708953217266 0.022147784639736122 0.01026633794672165
5 0.74850410068701 0.7540122456257378 0.01893185642649069 0.007014003954332715
7 0.5753741407370224 0.6288491250557715 0.015852320533113407 0.008449169961943958
7 0.5552685777257563 0.7015544545995361 0.018931856426490867 0.007014003954332537
7 0.5081950009244368 0.6527057777175098 0.012681856426490867 0.006759335969555025
3 0.42759455562243265 0.8152429284020819 0.020721676959604095 0.014890170950527092
5 0.36370555186150894 0.7797882480600148 0.012863712852981468 0.013009335969555025
5 0.7863824662181937 0.20490358357245925 0.018977320533113406 0.008576503954332714
3 0.7247342608870596 0.28060923771707247 0.02550010517284953 0.018206171939110227
3 0.49783181393570286 0.5787589417479548 0.019113712852981378 0.013264003954332537
1 0.5612565017823666 0.8183427065767024 0.019295569279472246 0.01951400395433254
1 0.46753890868371106 0.6252373523183585 0.012727320533113406 0.008321835969555024
1 0.5010119528903586 0.3888196912536632 0.011164820533113406 0.008258168973360736
2 0.5144666991294349 0.35651652722321836 0.016034176959604095 0.014699169961943958
2 0.33602814740093995 0.5213244906456409 0.015897784639736123 0.01001166996194396
7 0.7403459228694761 0.6042841596561827 0.018931856426490867 0.007014003954332715
2 0.6697308606496328 0.3698826433445603 0.03992631802583091 0.031279174904859805
3 0.7928932275009648 0.3037230855496256 0.018931856426490513 0.007014003954332715