5 0.5374379500827255 0.19896985074754098 0.011346603084255058 0.02401071008590825
4 0.3809055320636623 0.2680551226829513 0.009729556006354478 0.020803822930778537
7 0.32890270130054156 0.25126709237979794 0.009756829545304768 0.02236632293077854
5 0.5153896262194636 0.2547628273417926 0.01592500892845372 0.018006371551297563
5 0.2890065840128269 0.43522269052534723 0.01746023538950343 0.01652575870642714
5 0.2704360418061902 0.6047915620766446 0.011292056006354478 0.020885710085908293
5 0.3383229711893392 0.6059169708285005 0.012854556006354389 0.020967597241038048
5 0.49647243628630305 0.5336248117379604 0.017432961850553142 0.01496325870642714
7 0.4998389439969409 0.4749082310052658 0.014362508928453721 0.017924484396167804
7 0.55399283563768 0.6367630998430298 0.014253414772652384 0.011674484396167629
5 0.21375975325300142 0.9004625881959264 0.014362508928453721 0.017924484396167627
5 0.332655803577313 0.8411551079836302 0.014307961850553053 0.014799484396167628
5 0.3236881323118389 0.9524611001817143 0.014362508928453721 0.017924484396167627
6 0.5942105069031541 0.5238193645423509 0.017651150162155814 0.027463258706427317
4 0.4518668685088259 0.3166320635469827 0.00964773538950343 0.016116322930778536
7 0.48850379789197496 0.3193952154014335 0.014307961850553141 0.014799484396167805
2 0.5732315795486 0.4289129782917323 0.019104556006354478 0.021295145861557074