5 0.4683952365835201 0.7340481102539215 0.026999009618646853 0.013272889812585476
5 0.5301734955691948 0.8422948677757688 0.019186509618646853 0.013045569279472247
5 0.3283233080903992 0.7670006657433401 0.017733137023308566 0.01612510517284953
5 0.1451983279606651 0.6248228405913732 0.017733137023308566 0.01612510517284953
5 0.10161945355122828 0.6658941214701855 0.014553573320977708 0.014471676959604097
3 0.2527925731513417 0.6279358172344082 0.022638891832631992 0.022511497492717504
7 0.13810013449141983 0.4704990534443546 0.017733137023308566 0.01612510517284953
5 0.21294636706822465 0.45037075837977725 0.017624009618646852 0.01300010517284953
3 0.21604162913394226 0.27233668659302257 0.016334328130301133 0.02076714106622681
5 0.1868997661572508 0.2575755046188535 0.01767857332097771 0.014562605172849529
4 0.09757188212916712 0.3124652445897237 0.023983137023308565 0.016306961599340218
5 0.32380948911540874 0.24812864528936895 0.01455357332097762 0.014471676959604097
4 0.3233556213293939 0.23877637734268023 0.017514882213985138 0.00987510517284953
3 0.3255877547245054 0.3089524850228122 0.02716270072563942 0.017960389812585565
3 0.34211800109630836 0.3943216836900287 0.017733137023308566 0.01612510517284944
4 0.3408183959241652 0.40918816574334 0.02576389183263199 0.022602425705962936
3 0.382626439208076 0.3517788310244617 0.02074900961864685 0.013091033386094787
5 0.3774280516366133 0.16540106182413178 0.016225200725639422 0.017642141066226812
4 0.4358952829474738 0.3908125872926679 0.01924107332097762 0.014608069279472247
3 0.5054141200634495 0.47854225633471315 0.022529764427970278 0.01938649749271768
5 0.4667682823145016 0.5124458948936575 0.017624009618646852 0.01300010517284953
5 0.5471626212445759 0.5569340292959668 0.017624009618646852 0.01300010517284953
5 0.6633952564537859 0.5808679712992657 0.01767857332097762 0.014562605172849529
5 0.6810391134400277 0.5226008302330388 0.02236607332097762 0.014698997492717502
5 0.6319369584453697 0.3195500380714554 0.02074900961864685 0.013091033386094875
7 0.6637301062684514 0.3701350597790677 0.019295637023308564 0.016170569279472247
5 0.6514334921106336 0.2752772008452945 0.01455357332097762 0.014471676959604097
5 0.7757018274125109 0.4043389120489234 0.01940476442797028 0.019295569279472246
5 0.7975817726958547 0.5153075042896491 0.017624009618646852 0.01300010517284953
5 0.6852231603521355 0.3804360622863502 0.01455357332097762 0.014471676959604097
3 0.9213516333102933 0.3681022321863253 0.023819445916316084 0.01161946159934022
5 0.7367137053653268 0.6044896762346883 0.017842264427970277 0.01925010517284953
5 0.793377878416152 0.7027393081297151 0.02074900961864685 0.013091033386094963
5 0.5998114168907394 0.6584223214575502 0.013045637023308566 0.01598871285298138
5 0.6563788754209272 0.6700441315658223 0.01299107332097762 0.014426212852981379
3 0.17740322586856488 0.35072611104534424 0.02247520072563942 0.017823997492717503
3 0.19047614474303884 0.3339561481923628 0.013209328130301134 0.02067621285298147
3 0.21473707867845532 0.17559807891289064 0.023819445916315997 0.01161946159934022
3 0.6325495720550334 0.21260971628470077 0.03017857332097762 0.01492631802583091
3 0.506426070873907 0.1366730050810719 0.02387400961864685 0.013181961599340219