4 0.7095075122521877 0.30696732319763587 0.023873911094166544 0.01984161910658786
4 0.8230082742200351 0.3887332076057046 0.030160278685347208 0.021695217535011312
4 0.8179071193941324 0.6054476726595166 0.02688980832062491 0.015299668320799497
7 0.8255397410693754 0.6986711337843869 0.019004573138263935 0.011810795285270358
4 0.5256468842117713 0.5887138211307212 0.03343074905006951 0.02809076674922295
5 0.5457970364722227 0.6497433664159915 0.01755117591180557 0.01642552067816432
4 0.5620370194703824 0.5092467990048147 0.030160278685347208 0.021695217535011226
4 0.33375555062427154 0.8607214460282773 0.03492051386770836 0.025038541356328638
3 0.2346640871934035 0.8615690084770554 0.020676175911805574 0.016571069892376045
7 0.15504344348232685 0.558966239246633 0.022129573138263893 0.011956344499482085
4 0.1748325326725006 0.7386002353176917 0.03037848423243057 0.031070217535011223
7 0.018795512536528173 0.4722388730355293 0.015988675911805566 0.016352746071058633
2 0.7156153079393753 0.4687952351082947 0.022275043502986057 0.018206344499482087
2 0.7963769582999657 0.5857152154635875 0.020676175911805574 0.016571069892376045
2 0.4624377161837504 0.5553340868464869 0.01755117591180557 0.016425520678164496
2 0.4978836004924309 0.5023567901134746 0.016025043502986235 0.017915246071058634
2 0.42502667553055595 0.4568216581866052 0.017623911094166722 0.019550520678164318
2 0.5391248899113545 0.4301393418088857 0.024019381458888843 0.02609161910658777
2 0.46449313829583383 0.677172699542934 0.026926175911805572 0.0168621683207995
2 0.07575468056454904 0.5053275088913403 0.03317617591180557 0.01715326674922295
2 0.4100959258148964 0.6535682255977819 0.020603440729444422 0.013446069892376044
2 0.4040998457427783 0.6306572644729114 0.020639808320625085 0.015008569892376044
2 0.6374598192416325 0.7656102690210254 0.026962543502986235 0.018424668320799496
2 0.462222776688577 0.7137459003287223 0.019113675911805572 0.01649829528527036
2 0.3289024368328131 0.7527997841176186 0.020967116641249995 0.029071069892376046
2 0.3525048974138896 0.8280373786171005 0.02387391109416672 0.019841619106588125
2 0.21512957114149361 0.6928725124059968 0.028706881458888844 0.02630994292790554
2 0.22374085172670197 0.660496660048632 0.020603440729444422 0.013446069892376044
2 0.14614318179882 0.6795141796933392 0.014426175911805571 0.016279971463952592
2 0.19194533785899356 0.6356036679065149 0.03324891109416672 0.02027826674922295