5 0.5973483529555369 0.340625 0.016808068401734034 0.0203125
1 0.5498719264071813 0.09609375 0.01966005261671846 0.015625
1 0.5848637635071154 0.3671875 0.019751057878390377 0.0171875
1 0.6173577450912641 0.37265625 0.015336573663405772 0.021875
1 0.6704673345396854 0.34609375 0.02002407366340577 0.021875
1 0.38776822660482535 0.30390625 0.021404563140062116 0.01875
1 0.18970245292730203 0.3109375 0.010194047355046632 0.0140625
1 0.3586527900978234 0.65625 0.020297089448421436 0.0265625
1 0.03871899267218958 0.59609375 0.031962631541796224 0.0390625
1 0.30975807671776484 0.42265625 0.010103042093374804 0.0125
1 0.28949878462439005 0.43515625 0.009921031570031148 0.009375
1 0.3328693530261241 0.41484375 0.008449536831702886 0.0109375
1 0.5972327738186977 0.14140625 0.01028505261671846 0.015625
1 0.12048826329535396 0.14453125 0.011847552616718503 0.015625
1 0.09679242903801721 0.0953125 0.013501057878390333 0.0171875
1 0.13327960572754716 0.48828125 0.010103042093374804 0.0125
1 0.583514824157516 0.49765625 0.01019404735504672 0.0140625
1 0.42820975803368205 0.14609375 0.011483531570031147 0.009375
1 0.6238561870011121 0.1671875 0.013501057878390376 0.0171875
1 0.6957186925451326 0.4625 0.0135010578783902 0.0171875
2 0.6658884374246352 0.6125 0.01653505261671846 0.015625
2 0.07477613196531925 0.40625 0.043355157850155465 0.046875
2 0.3184813583583831 0.4875 0.020297089448421436 0.0265625