5 0.22696730003827206 0.6506760664887501 0.019259422249741042 0.011373911094166545
5 0.2344694309316842 0.6274385882402432 0.009957196856846906 0.012718205547083273
5 0.2027635126108846 0.6001669202122224 0.022311647642635178 0.009884146276527872
5 0.22680032609311995 0.596824367875521 0.011228598428423452 0.006504573138263936
5 0.2520871164159916 0.536541484516771 0.022529971463952768 0.014571646276527872
5 0.26275063461295656 0.5141579914506252 0.020676373035529317 0.008285278685347208
5 0.25747878370333377 0.4679915062682641 0.014935795285270271 0.01907730832062491
5 0.31324078618453316 0.5090899381639933 0.019113873035529316 0.008248911094166544
5 0.3284098678637336 0.48290929787138914 0.015988873035529316 0.008176175911805573
5 0.30201649586166157 0.5697001298433684 0.014644696856846906 0.012827308320624908
5 0.14212345740081686 0.42082360590767376 0.019113873035529316 0.008248911094166544
5 0.24700785649119403 0.37722103590354183 0.019113873035529316 0.008248911094166722
5 0.19800096815418383 0.28009080955489596 0.019259422249740997 0.011373911094166722
3 0.2160959966902311 0.2664647206490627 0.022311647642635178 0.009884146276527783
5 0.208899926797855 0.24600675028434044 0.016207196856846906 0.012863675911805572
5 0.2374594203877142 0.22247898451677103 0.013082196856846907 0.012790940729444422
5 0.2732149838699495 0.21940918911392382 0.016207196856846816 0.012863675911805572
5 0.30133998386994953 0.22006380575517387 0.02238442224974104 0.011446646276527783
3 0.3686409538861602 0.29108612699357667 0.03815497146395277 0.014935322188333355
5 0.42544957195929073 0.22061127925402815 0.013082196856846907 0.012790940729444422
5 0.4703403868892682 0.1623454907850351 0.01911387303552914 0.008248911094166677
5 0.4769756846557378 0.2210301597629865 0.01627997146395277 0.014426175911805571
5 0.49619871960192585 0.2316228208571532 0.017988020678164317 0.017587543502986146
5 0.4850643205115487 0.27740744633211845 0.020894696856846907 0.012972778685347209
5 0.39522487861710054 0.34243107465687533 0.013082196856846907 0.012790940729444422
5 0.39817009615211185 0.37215494224805584 0.02231164764263509 0.009884146276527872
5 0.43974547415003984 0.4605277644363893 0.019259422249741042 0.011373911094166545
5 0.4702527655063687 0.4955755648732295 0.016279971463952592 0.014426175911805571
5 0.4564278600058508 0.5171050727570142 0.016279971463952592 0.014426175911805571
5 0.505770734489122 0.47064895326597256 0.022311647642635178 0.009884146276527872
5 0.5435596788647696 0.4442143930454866 0.020821922249741043 0.011410278685347209
5 0.5788229367226524 0.4138190314382296 0.01627997146395277 0.014426175911805571
3 0.8061988817174726 0.637624126612327 0.02565497146395259 0.014644381458888845
3 0.8983393399468589 0.756048777922848 0.028561647642634823 0.010029616641249994
3 0.8071855312221343 0.44098551595500063 0.024019696856846906 0.013045513867708358
3 0.7101520576912671 0.2342614308488895 0.025509422249741044 0.011519381458888844
3 0.5375557737785364 0.3153081430454866 0.02565497146395259 0.014644381458888845
1 0.4035833039672134 0.6391787880877434 0.02423802067816432 0.01773301386770836
1 0.29682161186787753 0.3073637840036808 0.012791098428423454 0.006540940729444422
1 0.9137737872179905 0.6182766741993757 0.024529119106587772 0.023983013867708357
5 0.4069138192686944 0.727441854292153 0.009957196856846906 0.012718205547083273
5 0.34536204321384645 0.7798570330537503 0.015988873035529316 0.008176175911805573
5 0.2844887016098486 0.6457716673624307 0.010102746071058544 0.015843205547083274
5 0.40060600723420114 0.6757884353142016 0.019041098428423452 0.006686411094166722
5 0.38383373014589595 0.6340366931979864 0.01293664764263518 0.009665940729444423
5 0.3710426317174725 0.627495752468542 0.01606164764263518 0.009738675911805572
5 0.45153496050118874 0.7136527644363893 0.015988873035529316 0.008176175911805573
5 0.5148012479285762 0.7650711004924309 0.017551373035529318 0.008212543502986235
5 0.5340071662493757 0.7920518277910074 0.01315497146395277 0.0143534407294446
5 0.5376543970189533 0.7195592319513199 0.015916098428423453 0.006613675911805572
5 0.527134273983424 0.7115103426086462 0.009957196856846906 0.012718205547083273
5 0.47362397621695446 0.6517346458952782 0.01606164764263518 0.009738675911805572
5 0.44204649048497807 0.643976044071667 0.022238873035529315 0.008321646276527872
5 0.4550730293601076 0.6388164185967018 0.019041098428423452 0.006686411094166722
5 0.42958072373575507 0.610908970933403 0.010102746071058632 0.015843205547083274
5 0.4412266991286492 0.6096192278672573 0.010029971463952592 0.014280705547083272
5 0.4524360268789082 0.5989544848011115 0.019113873035529316 0.008248911094166544
5 0.48228834677128435 0.6199397852379518 0.019259422249740865 0.011373911094166722
5 0.5153020539672134 0.6417790708571532 0.01911387303552914 0.008248911094166544
5 0.5532194309316841 0.6348575768410768 0.009957196856846906 0.012718205547083273
5 0.5004925372179905 0.6086574463321185 0.009957196856846906 0.012718205547083273
5 0.4698225800220614 0.5868727120996878 0.01784247146395259 0.014462543502986236
5 0.5960426317174725 0.6327326855985421 0.013082196856846907 0.012790940729444422
5 0.5884891509478949 0.7051343624602783 0.011519696856846905 0.012754573138263937
5 0.6109463478047417 0.718143508736806 0.01293664764263518 0.0096659407294446
5 0.6099532361417519 0.8141099721676742 0.009957196856846906 0.012718205547083273
5 0.6154241401945278 0.8477946411456255 0.019113873035529316 0.008248911094166544
3 0.6685833734453048 0.8162550068369449 0.023801373035529316 0.008358013867708536
5 0.707673644537754 0.6837159169811811 0.019259422249741042 0.011373911094166545
5 0.6417404294839422 0.6923265443560075 0.01918664764263518 0.009811411094166722
5 0.6331616420565547 0.6421810739912852 0.01918664764263518 0.009811411094166545
5 0.7430289476809072 0.672052371578334 0.019259422249740865 0.011373911094166722
5 0.7624574979285762 0.7708353636945493 0.019113873035529316 0.008248911094166544
5 0.7560469861417519 0.8175103419430563 0.013082196856846907 0.012790940729444599
5 0.8354005382514478 0.7116616918668063 0.006904971463952592 0.0142079703647223
5 0.9218645771265773 0.7082113431773271 0.009811647642634824 0.009593205547083272
5 0.9435019826270953 0.6868636732494452 0.008321922249740866 0.011119337955902786
5 0.9334356238595897 0.6718017177023619 0.014353598428423453 0.006577308320624908
5 0.8900302262169545 0.6614266089448966 0.01598887303552914 0.008176175911805573
5 0.9953811401967825 0.7506547227363549 0.009237719606435135 0.008321646276527872
5 0.9923545897419711 0.704433686167223 0.015290820516057835 0.008248911094166544
5 0.9955962329389362 0.6600660903275355 0.008807534122127692 0.009738675911805572
5 0.9559998285743194 0.6535972315700702 0.01598887303552914 0.008176175911805573
5 0.9898160368059603 0.5786888037584036 0.020367926388079383 0.008285278685347208
5 0.9665691474332382 0.5789245398906953 0.013082196856846907 0.012790940729444422
5 0.9869351513621796 0.5637905023716328 0.011519696856846905 0.012754573138263937
5 0.9608991902373092 0.5577216871171535 0.011665246071058632 0.015879573138263936
5 0.9343003029337561 0.5563221880670841 0.01293664764263518 0.009665940729444423
5 0.8860640101296852 0.5762703589448965 0.01911387303552914 0.008248911094166722
5 0.8854668507002259 0.6137158075581257 0.010102746071058277 0.015843205547083274
5 0.9627506346129564 0.5304506722995146 0.017551373035529137 0.008212543502986235
5 0.9926564584342742 0.5358291565319453 0.010029971463952592 0.014280705547083272
5 0.986278025845451 0.5161706199628133 0.022311647642634824 0.009884146276527872
3 0.6463893881276133 0.6580970147207297 0.03019692224974104 0.011628484232430658