5 0.79921875 0.4277991913451508 0.01875 0.010467063140062294
5 0.78984375 0.4514719097751197 0.009375 0.013046031570031147
5 0.821875 0.47911876763939265 0.021875 0.009086573663405772
5 0.796875 0.482350183452643 0.0109375 0.006887036831702886
5 0.76953125 0.5440388413733857 0.021875 0.013774073663405773
5 0.75859375 0.5668393045416827 0.021875 0.007524073663405772
5 0.7625 0.6131605676958624 0.0125 0.019478042093374802
5 0.70703125 0.5693048809065117 0.01875 0.007342063140062294
5 0.69140625 0.5965198282897932 0.015625 0.007160052616718459
5 0.72109375 0.5084051782615584 0.015625 0.01341005261671846
5 0.878125 0.6628637070595792 0.01875 0.008904563140062115
5 0.7703125 0.7050218440042215 0.01875 0.008904563140062294
5 0.81640625 0.803018999223541 0.01875 0.010467063140062294
3 0.79765625 0.8167706860834791 0.0234375 0.010740078925077511
5 0.80546875 0.8375382123918381 0.015625 0.01184755261671846
5 0.775 0.8615448597892371 0.0125 0.014790542093374626
5 0.73984375 0.8641847414016205 0.015625 0.01184755261671846
5 0.71171875 0.8633278966915274 0.021875 0.010649073663405773
3 0.64453125 0.7898834204396378 0.0375 0.016246626280124233
5 0.58515625 0.8598627204961076 0.0125 0.013228042093374626
5 0.53828125 0.9172888126459519 0.01875 0.007342063140062294
5 0.5328125 0.8583765442301005 0.015625 0.013410052616718815
5 0.51484375 0.8479549837208744 0.015625 0.016535052616718816
5 0.5265625 0.8009812731834132 0.0203125 0.012120568401734033
5 0.61953125 0.7376460862528882 0.0125 0.014790542093374803
5 0.6171875 0.7070408283603804 0.021875 0.009086573663405772
5 0.57734375 0.6164389441877483 0.0203125 0.010558068401734034
5 0.5484375 0.580380346846819 0.015625 0.01341005261671846
5 0.5625 0.5593243942018656 0.015625 0.01341005261671846
5 0.5125 0.6056309758283664 0.021875 0.00908657366340595
5 0.47265625 0.6314353416557343 0.0203125 0.010558068401734034
5 0.43671875 0.6613734706372818 0.015625 0.01341005261671846
3 0.2109375 0.43181696032569966 0.025 0.015518584186749607
3 0.12265625 0.31026891304124016 0.028125 0.011013094710093263
3 0.20625 0.629981444540684 0.0234375 0.01386507892507769
3 0.29765625 0.8407740023484873 0.025 0.013956084186749606
3 0.475 0.7612593495482421 0.025 0.015518584186749607
1 0.6203125 0.43691033888372405 0.021875 0.016899073663405772
1 0.71875 0.7738936703690505 0.0125 0.006978042093374803
1 0.10234375 0.4489295946395061 0.021875 0.02314907366340595
5 0.61953125 0.3470210862528882 0.009375 0.013046031570031147
5 0.6828125 0.29523804935059805 0.015625 0.007160052616718459
5 0.73984375 0.43215349140162057 0.0078125 0.01608002630835923
5 0.6234375 0.3995923494070678 0.01875 0.005779563140062116
5 0.6390625 0.4426899020237863 0.0125 0.010103042093374804
5 0.653125 0.4497589493788329 0.015625 0.008722552616718459
5 0.5734375 0.3599614310335686 0.015625 0.007160052616718459
5 0.5109375 0.30710247056669465 0.01875 0.007342063140062116
5 0.4921875 0.27944790742663245 0.0125 0.014790542093374803
5 0.48671875 0.353348139010781 0.015625 0.007160052616718459
5 0.496875 0.36175217321164804 0.009375 0.013046031570031147
5 0.5484375 0.4233490968468191 0.015625 0.008722552616718459
5 0.58125 0.4315102073419279 0.021875 0.007524073663405772
5 0.5671875 0.4361599099868812 0.01875 0.005779563140062294
5 0.5921875 0.4649597441736308 0.0078125 0.01608002630835923
5 0.58125 0.4658852073419279 0.009375 0.014608531570031147
5 0.56953125 0.47692141787938896 0.01875 0.007342063140062294
5 0.53984375 0.4548798179076238 0.01875 0.010467063140062294
5 0.50625 0.4310482047816791 0.01875 0.007342063140062294
5 0.46796875 0.43819357587071883 0.009375 0.013046031570031147
5 0.5203125 0.4662422521367258 0.0109375 0.013137036831702887
5 0.5515625 0.48837485737016273 0.0171875 0.013501057878390376
5 0.42578125 0.4404239338055788 0.0125 0.013228042093374626
5 0.434375 0.36670571274477404 0.0109375 0.013137036831702887
5 0.4125 0.35371288908136816 0.0125 0.010103042093374804
5 0.41640625 0.2555029022355478 0.009375 0.013046031570031147
5 0.41171875 0.22241738645053225 0.01875 0.007342063140062205
3 0.35703125 0.2528259522920175 0.0234375 0.00917757892507769
5 0.31328125 0.38699655496520574 0.0203125 0.010558068401734034
5 0.38046875 0.3791910312170953 0.01875 0.008904563140062115
5 0.38828125 0.42964605752545443 0.01875 0.008904563140062294
5 0.27734375 0.3981846839467532 0.0203125 0.010558068401734034
5 0.2609375 0.2980103786991988 0.01875 0.007342063140062116
5 0.26875 0.24924665500755805 0.0125 0.013228042093374803
5 0.18515625 0.3560966235081141 0.00625 0.015989021046687403
5 0.096875 0.3579860762236547 0.009375 0.009921031570031148
5 0.075 0.37936825256024875 0.0078125 0.01139252630835923
5 0.0859375 0.3940677893919517 0.0140625 0.007069047355046631
5 0.12734375 0.40507317882625565 0.015625 0.007160052616718459
5 0.01796875 0.31354656050922625 0.021875 0.00752407366340595
5 0.02421875 0.36078558155591367 0.01875 0.007342063140062205
5 0.01796875 0.40495281050922627 0.015625 0.008722552616718459
5 0.06171875 0.4121884578360381 0.0171875 0.007251057878390377
5 0.025 0.4873935841867496 0.021875 0.007524073663405772
5 0.0484375 0.4879774131118273 0.0125 0.013228042093374803
5 0.028125 0.5032005947100933 0.0109375 0.014699536831702886
5 0.053125 0.5085629288968428 0.009375 0.016171031570031146
5 0.0796875 0.5116725183452643 0.0125 0.010103042093374804
5 0.1296875 0.49114718671876345 0.01875 0.007342063140062294
5 0.13046875 0.4536926893495994 0.009375 0.016171031570031146
5 0.05078125 0.5365514210043351 0.01875 0.007342063140062294
5 0.02109375 0.5309160710325699 0.009375 0.014608531570031147
5 0.02578125 0.5507203368175855 0.021875 0.009086573663405772
3 0.375 0.4132475128012437 0.03125 0.012757605233436919