4 0.46808039972199833 0.32438376014297443 0.015262901451278843 0.03462046185055305
4 0.42654517494974176 0.2752507848997408 0.024419646641955416 0.02853410308425506
5 0.6282862681409853 0.4403923640380084 0.014771828130301045 0.02055796185055314
4 0.2593601972670784 0.585422851459402 0.018169646641955417 0.028425008928453722
4 0.42818211913677723 0.5680695304355139 0.014717264427970278 0.01899546185055314
5 0.6748562224948218 0.5442673863591427 0.010084328130301046 0.020476141233702096
5 0.37416923093234233 0.6311501830333016 0.012881945916315996 0.011155688311602675
3 0.7343701209508758 0.6163566205308302 0.016334328130301046 0.02058523538950343
7 0.5886558607840747 0.803541200483172 0.017569445916316085 0.01123750892845372
4 0.377626591546781 0.7748729094943514 0.014662700725639332 0.017432961850553142
4 0.36869553564899854 0.7427052917995997 0.016116073320977708 0.014335235389503431
4 0.516036750084818 0.3338093530809598 0.014990082939624472 0.026807961850553053
5 0.5950099435540632 0.18059462418427819 0.014662700725639511 0.017432961850553052
6 0.166242625127227 0.4901046229697575 0.034613102176918265 0.05213524431795715
0 0.0695462183184706 0.6500369561685102 0.028308538474587384 0.050463650162155815