5 0.7577421110393081 0.581112012207208 0.014717471463952591 0.014471676959604097
5 0.6525922305601807 0.4566552329777481 0.019550520678164495 0.017733069279472248
5 0.3883348697257604 0.25859713235724524 0.020894696856846907 0.013091033386094787
7 0.22683671339667288 0.5871720764056082 0.021040246071058543 0.016216033386094963
5 0.06413981430629567 0.6380622896543009 0.019259422249740997 0.011483069279472246
7 0.2645101495001528 0.7409730263264659 0.014717471463952681 0.014471676959604097
2 0.38768012985544564 0.8156200221698308 0.02260274607105863 0.01626149749271768
2 0.3563723178209523 0.7648986081423503 0.016352746071058633 0.016079641066226814
2 0.3348397661255412 0.722498159475134 0.01471747146395277 0.014471676959604097
2 0.3205717508240603 0.6345124261681813 0.01918664764263518 0.009920569279472246
2 0.3304540190210254 0.6115379274218226 0.01315497146395277 0.014426212852981379
2 0.291913865587422 0.8254473147271255 0.014644696856846906 0.012909176959604451
2 0.5199616670779452 0.46442593204067606 0.01940497146395259 0.014608069279472247
2 0.5693173500810532 0.33156195625557083 0.01784247146395259 0.014562605172849529
2 0.8333906203449329 0.49207459276945115 0.017915246071058634 0.01612510517284953
2 0.8455353635205075 0.6184552363429605 0.016061647642634826 0.009829641066226812
2 0.835218601733683 0.6656939491959418 0.013154971463952591 0.014426212852981379
2 0.7512224373418249 0.6258933147936327 0.02118579528527036 0.019341033386094962
2 0.7210404776646966 0.5657514366595295 0.017769696856846907 0.01300010517284953
2 0.38571090735803565 0.7061540939565853 0.014571922249741043 0.011346676959604096
2 0.4366740938758003 0.7085827604913483 0.020894696856846907 0.013091033386094963
2 0.4955225550006707 0.7123466064929977 0.022675520678164317 0.017823997492717503
1 0.3001778600058508 0.4989841031277855 0.01293664764263518 0.00973871285298138
2 0.25444367493582815 0.44085936605990916 0.014644696856846906 0.012909176959604095
2 0.24315941852568734 0.41693613275295666 0.012863873035529317 0.008176212852981379
2 0.26306315777232037 0.5587371878466638 0.014644696856846906 0.012909176959604095
2 0.2427356951997078 0.6093964173926927 0.017915246071058544 0.01612510517284953
2 0.23233969664744986 0.5541549879258061 0.01471747146395277 0.014471676959604097
2 0.29429388709415594 0.5406176736608989 0.017769696856846907 0.01300010517284953
2 0.21587359635699963 0.7549051456850803 0.01955052067816441 0.017733069279472248
2 0.20726680624352506 0.2677772187254762 0.014717471463952681 0.014471676959604097
2 0.18769486083442025 0.20028584184501436 0.01620719685684686 0.012954641066226813
2 0.8239299214211716 0.28894959276945115 0.017769696856846907 0.01300010517284953
2 0.8719885858130297 0.32979590162408207 0.014717471463952591 0.014471676959604097
2 0.8419136339937839 0.2383585593833563 0.017769696856846907 0.01300010517284953
2 0.9038036660444881 0.3578156015449398 0.01784247146395259 0.014562605172849529
2 0.7268774088057777 0.6406832404995956 0.014644696856846906 0.012909176959604095
2 0.45990392452154333 0.5858666745188288 0.020894696856846907 0.013091033386094963
2 0.41394291521591847 0.6740402759307544 0.020894696856846907 0.013091033386094963