5 0.1796875 0.5247358587058439 0.01875 0.011046584308955332
5 0.18671875 0.4918824520899857 0.01875 0.011046584308955332
3 0.3375 0.5183489824388026 0.028125 0.011101126463433175
5 0.5828125 0.7575467960633026 0.015625 0.007903403590796287
4 0.5453125 0.6780774646812133 0.0125 0.015697722872636887
5 0.5765625 0.5693019074996211 0.0140625 0.014144313231716587
4 0.55390625 0.5256837177062755 0.0203125 0.01730567466803503
5 0.5359375 0.4023507568356911 0.015625 0.01259090359079611
5 0.51953125 0.4165087056060271 0.0125 0.014135222872636887
5 0.5078125 0.28923313329912426 0.01875 0.00948408430895542
5 0.44921875 0.32785527176460993 0.0140625 0.014144313231716587
5 0.58125 0.2583371364223822 0.0171875 0.00947499394987581
5 0.53984375 0.2773280309379921 0.01875 0.007921584308955332
3 0.6390625 0.20331329313643637 0.0203125 0.01730567466803503
3 0.6375 0.349416133495516 0.021875 0.014189765027114642
5 0.71171875 0.4146093414392341 0.0125 0.01726022287263689
5 0.7 0.36858376913233126 0.0234375 0.011073855386194254
5 0.71171875 0.3567968414392341 0.0203125 0.007930674668035032
5 0.12421875 0.5000585664531704 0.01875 0.012609084308955331
7 0.15078125 0.3811540303488169 0.01875 0.01104658430895542
7 0.2265625 0.5650881479334554 0.015625 0.01727840359079611
4 0.22109375 0.33855746419023414 0.0234375 0.011073855386194254
3 0.33828125 0.31287568725926274 0.0203125 0.01418067466803503
4 0.415625 0.2624257144848217 0.0203125 0.015743174668035032
4 0.3796875 0.3743535427436529 0.01875 0.01573408430895542
5 0.68125 0.4569741034412866 0.01875 0.009484084308955332
5 0.73203125 0.4879286667711991 0.0171875 0.01416249394987581
2 0.71015625 0.5716496817983138 0.04375 0.031504530054229284
5 0.846875 0.5872605253788471 0.021875 0.007939765027114732
5 0.83671875 0.5506008627128647 0.021875 0.011064765027114731
5 0.8703125 0.49103041999265284 0.015625 0.012590903590796287
7 0.9234375 0.43212759778394594 0.015625 0.011028403590796109
5 0.90546875 0.47363838691336146 0.01875 0.009484084308955332
7 0.9046875 0.3455179320929013 0.01875 0.007921584308955421
7 0.89765625 0.2775900887087596 0.0171875 0.01416249394987581
5 0.72734375 0.30514343784843795 0.01875 0.01104658430895542
5 0.77890625 0.7657809559988106 0.015625 0.007903403590796287
5 0.42265625 0.4459785578689634 0.0171875 0.011037493949875809
7 0.3578125 0.41510580777076755 0.0125 0.011010222872636888
3 0.8078125 0.35467528435583767 0.01875 0.014171584308955331
4 0.79765625 0.34457812168985513 0.0203125 0.011055674668035032
4 0.80546875 0.24922016989445703 0.0171875 0.01728749394987581
4 0.82890625 0.25142756450826276 0.0109375 0.009438632513557366
3 0.9015625 0.19631736281106055 0.0140625 0.020394313231716588
3 0.82890625 0.1381463145082628 0.0203125 0.01418067466803503
3 0.61640625 0.1800076033430908 0.01875 0.01104658430895542
3 0.66953125 0.16876103113438382 0.0109375 0.014126132513557321
4 0.9296875 0.3469349863476275 0.0171875 0.01416249394987581
2 0.55234375 0.3733490580653551 0.0203125 0.011055674668035032
2 0.53203125 0.3336234827333902 0.0109375 0.012563632513557365
2 0.53984375 0.31795303093799204 0.0171875 0.01259999394987581
2 0.5484375 0.2975905339630541 0.015625 0.00946590359079611
2 0.64921875 0.26731670580241884 0.0203125 0.01418067466803503
2 0.6265625 0.3057297660090733 0.015625 0.0110284035907962
2 0.6234375 0.37762294672723257 0.0140625 0.01726931323171659
3 0.67421875 0.24998376005714498 0.01875 0.011046584308955332
2 0.86796875 0.4074503055312723 0.01875 0.01729658430895533
2 0.89609375 0.4111929290678392 0.0140625 0.012581813231716588
2 0.971875 0.4084082966524777 0.0125 0.012572722872636888
2 0.89609375 0.37447417906783925 0.0125 0.011010222872636888