5 0.3359375 0.3828125 0.015625 0.01171875
7 0.3578125 0.384375 0.00546875 0.01484375
7 0.47578125 0.38515625 0.00703125 0.01640625
3 0.5875 0.3828125 0.0140625 0.02265625
3 0.56640625 0.3578125 0.0125 0.0234375
5 0.671875 0.3265625 0.00625 0.02109375
7 0.6296875 0.27265625 0.00703125 0.015625
3 0.69453125 0.453125 0.01640625 0.015625
5 0.59921875 0.528125 0.01796875 0.00859375
5 0.55625 0.5421875 0.0078125 0.0203125
5 0.51640625 0.528125 0.0078125 0.021875
4 0.48125 0.5671875 0.01640625 0.01015625
4 0.628125 0.4265625 0.01015625 0.01484375
2 0.65 0.40078125 0.0171875 0.01328125
2 0.68046875 0.39296875 0.01875 0.0234375
2 0.39765625 0.5046875 0.02109375 0.02578125
2 0.43984375 0.534375 0.0125 0.01484375
4 0.55703125 0.4921875 0.02109375 0.01640625
7 0.67578125 0.5296875 0.0109375 0.0109375
3 0.73203125 0.63828125 0.0078125 0.025