4 0.6345411471901097 0.20405633891340152 0.02080357332097762 0.015008569892376134
3 0.6120386646133047 0.22100624441391953 0.013427582939624472 0.027144696856846905
4 0.5146180275899962 0.23211921877335637 0.014662700725639332 0.01784247146395268
3 0.515823341207509 0.5561389156302032 0.01924107332097762 0.01493579528527036
5 0.5274974511889756 0.5355545878799443 0.011701391832631991 0.02238442224974104
4 0.4536507234214941 0.5438529313459689 0.013536710344286362 0.030269696856846905
5 0.4275495256910796 0.5966311749358282 0.01310020072563951 0.017769696856846907
5 0.47520328649085286 0.6661474623632155 0.011755955534962937 0.023946922249741043
5 0.5740971434770945 0.6128469880037788 0.010084328130301046 0.02074914764263518
5 0.64018344574668 0.6699189334128836 0.014662700725639511 0.01784247146395277
5 0.6165177672535591 0.6977699516098486 0.014662700725639511 0.01784247146395277
5 0.5376561572720926 0.7152249712545558 0.01778770072563951 0.017988020678164317
5 0.5821402780533325 0.7634655721641785 0.014771828130301045 0.020967471463952593
4 0.5810093092715256 0.8854861213783902 0.01153770072563951 0.01769692224974122
5 0.7897146758764141 0.8247798695163635 0.008467264427970278 0.01911387303552914
5 0.7044915155242786 0.41937743196514143 0.014608137023308565 0.016279971463952592
5 0.48325641098510763 0.301085388541898 0.008467264427970278 0.019113873035529316
4 0.3286036273198437 0.337703477045524 0.009975200725639422 0.01762414764263518
3 0.20632434483570608 0.4556464942090317 0.014880955534962848 0.024092471463952592
5 0.19078119038920235 0.45257499813797325 0.014717264427970278 0.01940497146395259
5 0.18284963930074324 0.4780287624059968 0.010084328130301135 0.02074914764263518
5 0.3793723982015999 0.9230459716688404 0.014499009618646853 0.013154971463952591
5 0.32810999856441964 0.9120506596343472 0.014553573320977708 0.014717471463952591
5 0.40241802860148645 0.9577677280789814 0.01153770072563951 0.01769692224974122
5 0.44684015119682474 0.9629668043814983 0.014662700725639511 0.01784247146395259
4 0.6981844295046111 0.734439505786459 0.01924107332097762 0.01493579528527036
1 0.08919140853803695 0.4486258986760925 0.02620040145127882 0.035539393713693815
1 0.6223486820364998 0.23948441666366055 0.021349210344286364 0.030633569892376134
1 0.5870088604448027 0.5344137729499667 0.013045637023308566 0.016207196856846906
1 0.6638069734214941 0.5536411160017067 0.011374009618646852 0.013009422249741043
2 0.3118923316736802 0.23363240715314784 0.013100200725639421 0.017769696856846817
4 0.36898806905980847 0.21203354300895869 0.017733137023308566 0.016425520678164496
4 0.5326314176085296 0.25408626405862667 0.01778770072563951 0.017988020678164497
4 0.563353138752589 0.29307814350429673 0.011646828130301046 0.020821922249741043
4 0.41001234002638265 0.47139358043634616 0.01638889183263199 0.02260274607105863
4 0.42332087187754813 0.471230914596746 0.016443455534962938 0.024165246071058633
4 0.3693030052726596 0.5391418525622527 0.01627976442797028 0.019477746071058632
4 0.5851264127143881 0.5883200229499668 0.01767857332097762 0.014863020678164317
4 0.6148238363981855 0.5670101031814252 0.00830357332097762 0.014426373035529317
4 0.6486755359426987 0.4715542080199894 0.00830357332097762 0.014426373035529317
2 0.6003322612631093 0.6234591563245783 0.018387901451278842 0.03517552067816432
4 0.30099691625776726 0.8145378047957831 0.008467264427970278 0.01911387303552914
4 0.2320931488345721 0.7933305847795723 0.011537700725639333 0.017696922249741044
2 0.5184175400342319 0.9076115243977089 0.017896828130301044 0.02111302067816432
4 0.3827776843139346 0.7134890351510759 0.01627976442797028 0.019477746071058632
4 0.3247915695231446 0.7381765119917121 0.011646828130301134 0.020821922249741043
2 0.5104141001931837 0.6662223910230974 0.02091270072563951 0.018133569892376043
4 0.570840712621721 0.48201436496824945 0.01638889183263199 0.02260274607105863
4 0.5771378418404811 0.436138938789567 0.011646828130301046 0.020821922249741043
4 0.5384647222403679 0.4679860982190265 0.010084328130301046 0.02074914764263518
4 0.32998258884525633 0.3878490262597357 0.01638889183263199 0.022602746071058544
4 0.44436752577589755 0.27188588606069863 0.017896828130301044 0.021113020678164496
1 0.4596601320443492 0.6630759662921569 0.012881945916316084 0.011519696856846905
6 0.4849552540067152 0.7902399338271684 0.048531758437520445 0.09429796360606986
2 0.6116244253282599 0.6138123285743193 0.008467264427970278 0.01911387303552914
2 0.5558828568166057 0.6190413300220614 0.008467264427970278 0.01911387303552914
4 0.4195807690676577 0.6455588265074047 0.008249009618646852 0.012863873035529138
2 0.5557290562763006 0.8475302030575907 0.01655258293962447 0.027290246071058278
5 0.5123164284083028 0.3204368560769093 0.013045637023308566 0.016207196856846906
5 0.5227628550873251 0.33500877832665027 0.01142857332097762 0.014571922249741043
5 0.5459275365756708 0.34391289743323816 0.014444445916316084 0.01159247146395268
5 0.6370981735989794 0.3325088246453779 0.016006945916316084 0.011665246071058632
5 0.6937102721477005 0.3695764851082946 0.01455357332097762 0.01471747146395277
5 0.6173784398410482 0.26977123014589593 0.010084328130301046 0.02074914764263518
5 0.6032812235063122 0.2252934840748373 0.008358137023308565 0.015988873035529316
5 0.6104588064459368 0.19902208250326076 0.013318455534962937 0.024019696856846906
5 0.7358060029104069 0.39657778680370565 0.01299107332097762 0.014644696856846906
5 0.7340624536360464 0.3792811248930469 0.014662700725639511 0.01784247146395268
5 0.6240103526402544 0.5056188389134015 0.014444445916316084 0.011592471463952769
5 0.6544245389379235 0.5086004437519657 0.00997520072563951 0.01762414764263518
5 0.5118724511889756 0.5348268418088857 0.017569445916316085 0.011738020678164318
5 0.32640123185901465 0.4455887516526298 0.013263891832631991 0.022457196856846905
5 0.32164675527265957 0.536922227045524 0.011428573320977709 0.014571922249740864
5 0.3258754422033009 0.41582847704552395 0.011537700725639422 0.017696922249740864
5 0.46307036344002767 0.5654197162921569 0.014662700725639511 0.01784247146395259
5 0.5126065719702153 0.5810297537195444 0.014771828130301045 0.020967471463952593