4 0.6796875 0.2015625 0.0171875 0.01328125
3 0.65625 0.21640625 0.009375 0.025
4 0.55859375 0.2203125 0.01328125 0.01484375
3 0.53203125 0.5390625 0.0171875 0.01171875
5 0.54609375 0.5203125 0.0078125 0.01953125
4 0.47265625 0.52265625 0.00859375 0.028125
5 0.4421875 0.57265625 0.0109375 0.01484375
5 0.4828125 0.64453125 0.0078125 0.02265625
5 0.58515625 0.6 0.0078125 0.01796875
5 0.6453125 0.6609375 0.01171875 0.01484375
5 0.61875 0.68671875 0.01171875 0.01484375
5 0.53984375 0.69765625 0.015625 0.015625
5 0.5796875 0.74921875 0.01171875 0.01796875
4 0.56796875 0.86875 0.009375 0.015625
5 0.77890625 0.825 0.00703125 0.01953125
5 0.73046875 0.41875 0.01328125 0.0140625
5 0.52265625 0.2859375 0.00546875 0.01875
4 0.36640625 0.3109375 0.0078125 0.01640625
3 0.2359375 0.4171875 0.0109375 0.021875
5 0.22109375 0.41328125 0.01171875 0.01640625
5 0.2109375 0.4375 0.0078125 0.01796875
5 0.36640625 0.890625 0.0125 0.01015625
5 0.3171875 0.87578125 0.0125 0.01328125
5 0.3859375 0.92734375 0.00859375 0.01484375
5 0.4296875 0.9359375 0.0125 0.01484375
4 0.696875 0.7296875 0.01640625 0.01328125
1 0.12109375 0.4015625 0.0203125 0.0296875
1 0.66484375 0.23515625 0.0171875 0.0265625
1 0.6046875 0.5234375 0.0109375 0.0140625
1 0.67890625 0.54765625 0.00859375 0.0109375
2 0.359375 0.20703125 0.0109375 0.01640625
4 0.4171875 0.18984375 0.01640625 0.0140625
4 0.575 0.24375 0.01484375 0.015625
4 0.60234375 0.284375 0.00859375 0.01875
4 0.43515625 0.4484375 0.01171875 0.0203125
4 0.4484375 0.44921875 0.01328125 0.0203125
4 0.3890625 0.51171875 0.0140625 0.0171875
4 0.5984375 0.5765625 0.01484375 0.01171875
4 0.6296875 0.55703125 0.00703125 0.0140625
4 0.67109375 0.46640625 0.00703125 0.01328125
2 0.61015625 0.61171875 0.0140625 0.03203125
4 0.2984375 0.77734375 0.00703125 0.01953125
4 0.23203125 0.75234375 0.009375 0.01640625
2 0.5046875 0.8859375 0.015625 0.01875
4 0.3875 0.684375 0.01328125 0.0171875
4 0.32890625 0.70546875 0.009375 0.01796875
2 0.51796875 0.64765625 0.01796875 0.01484375
4 0.59296875 0.47109375 0.0125 0.0203125
4 0.60234375 0.42578125 0.00859375 0.01875
4 0.56328125 0.45390625 0.0078125 0.01875
4 0.36328125 0.36015625 0.0125 0.01953125
4 0.4859375 0.25390625 0.01484375 0.01796875
1 0.46796875 0.640625 0.01015625 0.009375
6 0.48125 0.7671875 0.034375 0.08828125
2 0.62265625 0.603125 0.00625 0.01796875
2 0.56640625 0.60390625 0.00546875 0.0171875
4 0.43046875 0.6203125 0.00703125 0.0125
2 0.546875 0.8296875 0.01328125 0.02578125
5 0.55 0.30703125 0.0109375 0.0140625
5 0.5578125 0.321875 0.00859375 0.0125
5 0.58046875 0.3328125 0.0125 0.00859375
5 0.67109375 0.328125 0.0140625 0.00859375
5 0.7234375 0.36953125 0.01171875 0.0125
5 0.65703125 0.26484375 0.0078125 0.0171875
5 0.64765625 0.2203125 0.00703125 0.015625
5 0.65625 0.19453125 0.01015625 0.02109375
5 0.7625 0.39921875 0.0109375 0.01171875
5 0.7625 0.38203125 0.01171875 0.01484375
5 0.64375 0.49765625 0.01328125 0.009375
5 0.6734375 0.503125 0.0078125 0.01484375
5 0.53046875 0.51796875 0.01640625 0.00859375
5 0.35546875 0.4171875 0.00859375 0.0203125
5 0.34296875 0.50625 0.01015625 0.0125
5 0.35703125 0.38671875 0.009375 0.015625
5 0.4796875 0.5453125 0.01171875 0.015625
5 0.5265625 0.56328125 0.0125 0.01796875