7 0.41106684855050324 0.5356226267036475 0.021920451795397967 0.009086573663405772
7 0.47452431879086143 0.2935646583442656 0.023482951795398145 0.00917757892507769
4 0.3155038427949665 0.36378469503479427 0.018859084308955422 0.019842063140062205
4 0.296036746189371 0.5102802634365282 0.018804542154477667 0.010467063140062294
4 0.2690964754067197 0.3125631002541138 0.021947722872636976 0.01377407366340595
4 0.48976297852997774 0.22624835572754715 0.01883181323171641 0.015154563140062204
4 0.5034032977136226 0.28719356100333643 0.018886355386194254 0.024529563140062206
7 0.5891549662333375 0.38457752424222064 0.015688632513557364 0.01184755261671846
4 0.5422900983541113 0.657711187354048 0.012572722872636888 0.013228042093374803
4 0.38955948721238054 0.4657574477362173 0.012572722872636888 0.013228042093374803
4 0.41744359269677067 0.4227131030261241 0.020421584308955333 0.019933068401734033
3 0.8967003424021831 0.5893967429545383 0.018840903590796286 0.016717063140062292