3 0.25750758191441303 0.6165888772055071 0.02512726933481808 0.0122476944820761
3 0.6247229012571853 0.5278550893275803 0.02821590666772735 0.009286468792335611
7 0.6799660266152296 0.34303967605316865 0.023528406667727354 0.009040807326946343
7 0.5842984432686393 0.4456500989385187 0.018840906667727354 0.008795145861557075
3 0.7182654579487752 0.33947094075248974 0.023582950668363623 0.013728307326946253
7 0.37560524327659356 0.39802922772590543 0.018895450668363623 0.013482645861557074
3 0.6009972366327287 0.2183506145423509 0.025090906667727352 0.009122694482076098
6 0.10387405191759469 0.6012172619857876 0.08815452800763604 0.06083568068726599
0 0.34184840861713867 0.34670574513875996 0.048982940006363405 0.049413501809022264
1 0.5583113919875915 0.062090648463548836 0.02205681333545435 0.016771420171816542
6 0.6246041752466859 0.6051578957500153 0.04256930800445424 0.03502345318850324
1 0.5840102786441829 0.13491731682634306 0.025272720003181703 0.024747694482076053
2 0.39967854260823 0.4092599768213942 0.02212953866963625 0.023021420171816586
3 0.17920241060632097 0.4348685656946893 0.009611357336090798 0.020803822930778537
2 0.7215615385900944 0.5259030857095356 0.029978401336727245 0.02655585594746519