7 0.4667447375894939 0.7427990157144857 0.011738020678164318 0.017251132513557366
4 0.8213872340748374 0.605542892767094 0.008540246071058277 0.015670451795398145
4 0.8484762729499667 0.5999150614832007 0.011592471463952592 0.014126132513557366
4 0.8633756809316843 0.6178019982514842 0.011738020678164674 0.017251132513557366
4 0.6942873091390093 0.158504787184508 0.018133569892376043 0.02041249394987581
4 0.5147838997095497 0.19705926883774366 0.010175520678164319 0.017242042154477666
4 0.4967574534718754 0.4308211904807166 0.01649829528527036 0.018840903590796286
4 0.44720056327283836 0.5412956030485032 0.013300520678164496 0.01726022287263689
4 0.6866633236119206 0.5484985281093218 0.011738020678164318 0.017251132513557366
4 0.6129347251834971 0.5426757749860638 0.011810795285270358 0.018813632513557367
4 0.572690714844415 0.534313829142594 0.013154971463952591 0.014135222872636887
4 0.664165431345969 0.4681388624182771 0.011810795285270358 0.018813632513557367
4 0.6287266991286492 0.5965047569338869 0.011738020678164318 0.017251132513557366
2 0.5022240494190996 0.3971865338648583 0.0168621683207995 0.02665340359079611
2 0.6154089460282772 0.310567256933887 0.017988020678164317 0.01728749394987581
1 0.6605481257216164 0.4408087479568966 0.01449914764263518 0.00945681323171641
1 0.40496817555500064 0.6915819493595112 0.011592471463952592 0.014126132513557366
4 0.6142232433804622 0.5200058894474443 0.008613020678164496 0.017232951795398143
4 0.6103470343225064 0.7052348623200813 0.011665246071058632 0.015688632513557364
4 0.37507946835907163 0.6706563710024842 0.011592471463952769 0.014126132513557366