3 0.31762123283158605 0.613702810379164 0.023519313231716587 0.015290807326946343
7 0.5755791785768599 0.602214190975573 0.02195681323171659 0.015208920171816586
6 0.9664314375538503 0.583623479758011 0.03293067466803521 0.022032130257724703
6 0.9023366004162245 0.7201507999752561 0.020439765027114733 0.022939533016686654
6 0.31646481645317037 0.14084184249133963 0.05796703610435348 0.0295923247398008
6 0.3544329699457707 0.06233838421445367 0.05645907825883114 0.03888543758467107
2 0.2724228832009284 0.4573808893028364 0.018831813231716586 0.015045145861557075
2 0.2719951154433392 0.6652343328804011 0.02352840359079611 0.016853307326946166
2 0.2928495335702707 0.30449822874195825 0.01726931323171659 0.014963258706427318
2 0.5648416664766115 0.5672659808896648 0.020394313231716588 0.015127033016686654
2 0.42513985880403987 0.2668864433504223 0.02194772287263689 0.013646420171816586
2 0.46426547043675 0.39241206580623095 0.02039431323171641 0.015127033016686742
2 0.5700644559006147 0.7441560295101839 0.02981476502711473 0.02343085594746519
2 0.6851900070320829 0.7017372354122206 0.01726931323171641 0.01496325870642714
2 0.6643745547457055 0.38414362166283916 0.01414431323171641 0.014799484396167805
2 0.574089922330344 0.4552163602428784 0.01726931323171659 0.014963258706427318