4 0.4290650620578683 0.6014753563339612 0.014880955534962936 0.02368296185055314
4 0.4512029568857253 0.5862361400191813 0.013318455534962937 0.023655688311602675
4 0.4249033517135821 0.571842403411862 0.018060519237293703 0.025300008928453722
5 0.739680125127227 0.4748859882354678 0.01940476442797028 0.01907728246740419
2 0.25395341233587004 0.28793282792374697 0.012991073320977709 0.014280688311602674
2 0.37546880298737567 0.38743617573299627 0.013045637023308566 0.015843188311602675
2 0.3465253474524128 0.3644895994341024 0.014771828130301045 0.02055796185055305
2 0.4327803059826005 0.34969466802235855 0.01310020072563951 0.017405688311602673
2 0.4265005349312084 0.2817941018697344 0.00997520072563951 0.017351141233702006
2 0.44759923021455217 0.16963897524652896 0.01482639183263199 0.022120461850553053
4 0.46457096460545555 0.2303173766265007 0.01299107332097762 0.014280688311602674
2 0.4804886304847047 0.28319691477594766 0.01310020072563951 0.017405688311602673
2 0.4798735607919239 0.35512646185384833 0.016443455534962938 0.023710235389503433
2 0.5459177122432027 0.38836960998740927 0.01299107332097762 0.014280688311602674
2 0.5865575812103441 0.29854345089679973 0.012936509618646851 0.012718188311602674
2 0.6386012308475243 0.2890360373419633 0.00997520072563951 0.017351141233702006
2 0.4264360806621898 0.5038054695644861 0.014771828130301045 0.02055796185055314
2 0.3431424310250096 0.5138583538983292 0.013100200725639421 0.017405688311602673
2 0.312075969499597 0.5644310982162863 0.011646828130301046 0.020503414772652384
2 0.4301216197697494 0.6765026298729117 0.00997520072563951 0.017351141233702093
2 0.45879225679305796 0.6916367061718055 0.016170637023308565 0.015897735389503433