7 0.7759736150955778 0.2491037006170477 0.025764003954332537 0.018895445745273954
3 0.7645612712173572 0.29904915846257 0.03239600593149916 0.028306807181592397
3 0.8826295444118808 0.5849599082661783 0.02719916996194378 0.015779536104353474
5 0.4863912143738247 0.5670259570599553 0.022575336958138337 0.01731476502711473
5 0.49212785570403755 0.2919941408031767 0.026018671939110227 0.025145445745273866
3 0.38137345053366023 0.6320555385402404 0.027326503954332716 0.018904536104353477
7 0.45163557650365294 0.8254788064942213 0.016452670950527094 0.020403403590796287
3 0.5695923976444603 0.8839912641433518 0.02582767095052709 0.020457945745273775
7 0.18305401426009393 0.723892538834828 0.019386669961943916 0.015734084308955332
5 0.2027855355146322 0.6232021924256242 0.022384335969555115 0.012627265027114731
7 0.19423023068544704 0.4879641291939076 0.02094916996194396 0.015743174668035032
7 0.4582993423581647 0.3550935836215844 0.020758168973360823 0.011055674668035032
7 0.6195472015594244 0.23334636952954613 0.019259335969555025 0.01260908430895542
7 0.4555656842220378 0.7098492613146815 0.017696835969555024 0.01259999394987581
7 0.4005253571497313 0.6798345083878152 0.022575336958138337 0.01731476502711473
7 0.2506367395826956 0.44609479176169425 0.01001166996194396 0.015679542154477664
7 0.22603332901229187 0.4170385508368805 0.014571835969555113 0.012581813231716588