3 0.25431684927720294 0.35847942154340257 0.015454581637205766 0.026889808320625087
3 0.18686267639185294 0.4544653751906248 0.020967597241038007 0.012972778685347209
3 0.2303581281100182 0.2349698395714234 0.019732645861556986 0.019186411094166723
3 0.7246204624607575 0.1243680335319091 0.021377033016686652 0.020785278685347207
5 0.6124314851891373 0.5974983686380202 0.018333920171816585 0.022275043502986237
3 0.653193683289258 0.4748232816320481 0.015372694482076099 0.02532730832062491
4 0.7319007801916116 0.685232145139166 0.023758404567984216 0.03644664627652787
3 0.36898694312733893 0.8653444045415621 0.022857645861557075 0.01925914627652787
5 0.6507083339005133 0.7604698409026035 0.014963258706427318 0.01751480832062491
1 0.3446453623946443 0.8682518522048607 0.021458920171816588 0.022347778685347208
1 0.8060973552700968 0.40103767667430484 0.047932888964152195 0.05105466014423623
1 0.8326864314802357 0.5190239572595132 0.03017217887824373 0.039717116641250175
1 0.38497154850897736 0.6347847355636107 0.013318871551297563 0.0159159407294446
1 0.3163510232942067 0.6636922919843747 0.011674484396167806 0.014317073138263936
1 0.45861708842306914 0.6439947749825343 0.010111984396167627 0.014280705547083272
1 0.48596856173796044 0.49432143009277735 0.008385710085908294 0.011119337955902786
1 0.4931779534156459 0.37164699629718706 0.010111984396167806 0.01428070554708336
1 0.6181403318643485 0.3843444052071522 0.011510710085908116 0.011192073138263935
1 0.6818521132991554 0.8362140701010411 0.011510710085908116 0.011192073138263935
1 0.597427282905145 0.6157944269586453 0.011510710085908116 0.011192073138263935
1 0.7697106394184373 0.7826695363817007 0.00846759724103805 0.012681837955902785
1 0.6013578663513732 0.5407944269586453 0.010111984396167627 0.014280705547083272
1 0.5388667531678186 0.7654138736720133 0.011428822930778538 0.009629573138263936
1 0.16447758480502447 0.7475977793509373 0.011510710085908293 0.011192073138263935
1 0.22217722015113192 0.793072627090486 0.011510710085908293 0.011192073138263935
1 0.8589889026474203 0.6424789878447215 0.010111984396167627 0.014280705547083272
1 0.9060553324301752 0.5781794452916659 0.00846759724103805 0.012681837955902785