3 0.8071871717308337 0.5761246675648481 0.011373911094166545 0.019195668973360825
7 0.4671602773541671 0.4873407628887623 0.006613675911805572 0.015879667984777513
1 0.28227351823611135 0.3237053913302129 0.020858013867708358 0.024265170950527094
1 0.5008962316669795 0.3271500207974277 0.020785278685347207 0.021140170950527094
1 0.7616882613022572 0.3315324091618911 0.017660278685347208 0.021012836958138336
1 0.17548323005145877 0.5644338676042168 0.014462543502986147 0.017760502965749582
1 0.7186916354460423 0.7645239812912819 0.020785278685347207 0.021140170950527094
1 0.7248194684648611 0.08885281923800326 0.016134146276527872 0.022511669961943915
2 0.7538919854667017 0.23130957467521068 0.014571646276527872 0.02244800296574958
1 0.2803525680073616 0.576512056349241 0.004905705547083273 0.009566000988583134
1 0.3206327291015283 0.5968855647521979 0.003343205547083272 0.009502333992388756
1 0.36129344348232684 0.5665414901513494 0.006540940729444422 0.012754667984777512
1 0.38823649676895877 0.5169062460828483 0.006504573138263936 0.011192167984777512
1 0.4664140885245837 0.4217475963868595 0.0063954703647222996 0.006504667984777513
1 0.4839821418112155 0.37173035034119223 0.006468205547083272 0.009629667984777513
1 0.35246069129812535 0.42178740566466894 0.006468205547083272 0.009629667984777513
1 0.4835113227570142 0.45210359984690063 0.0063954703647222996 0.006504667984777513
1 0.5050830771254173 0.7417709363107473 0.009593205547083272 0.00975700197716627
1 0.5600972322356602 0.7244998646756482 0.0063954703647222996 0.006504667984777513
1 0.5540095799752089 0.664152613687065 0.006468205547083272 0.009629667984777513
1 0.3942936603316674 0.8777482455885568 0.009593205547083362 0.009757001977166623
1 0.41148116033166743 0.8784485825466952 0.009593205547083272 0.009757001977166623
1 0.7349517618709381 0.7253805682494201 0.006468205547083272 0.009629667984777513
1 0.7904386956665284 0.728421996614321 0.0048329703647223 0.006441000988583312
3 0.8477374769173268 0.4739692599601938 0.011301175911805572 0.016070668973360826