5 0.5306869580244985 0.264647240895307 0.015008569892376044 0.020721676959604095
5 0.5056655332935582 0.3160877204413358 0.017915246071058634 0.01612510517284953
5 0.4892785539717227 0.2994003256141854 0.01515411910658777 0.023846676959604095
3 0.7041864623677248 0.4257796545270759 0.017080492142117088 0.031704641066226814
3 0.6284864873891154 0.5769988252184739 0.01827911910658777 0.02393760517284953
4 0.5883773717971842 0.46659853431053167 0.01515411910658777 0.023846676959604095
5 0.38675694396587196 0.8087275129986308 0.010175520678164495 0.017460284639735944
5 0.38463367183996544 0.7705599232651874 0.01181079528527027 0.019068248746358662
4 0.3262113196874884 0.36656039654301015 0.012174668320799586 0.026880748746358752
3 0.27616200806727986 0.5700862133151998 0.01827911910658786 0.02393760517284953
3 0.6527008134867446 0.9281605084462843 0.012101893713693634 0.025318248746359018
4 0.7114273041811197 0.8398505147144902 0.02027826674922295 0.033358069279471894
5 0.38028873594137336 0.5288270643314142 0.017769696856846907 0.01300010517284953
5 0.3452609185301966 0.5103414887837359 0.01806079528527027 0.01925010517284953
5 0.3195931385464072 0.44165132475625557 0.015008569892376134 0.020721676959604095
4 0.5313461217971842 0.4682579742022595 0.017988020678164317 0.01768760517284953
4 0.20447313689377739 0.7859445455267957 0.012101893713693723 0.025318248746358664
4 0.7501302392511422 0.7794298402621687 0.01871576674922295 0.03331260517284953
2 0.4028337857747576 0.2792900655850555 0.011810795285270358 0.019068248746358752
1 0.3089938945422633 0.2671968940357277 0.00981164764263518 0.009647784639736123
1 0.7321167173301235 0.3453874608744244 0.010029971463952592 0.014335284639736124
2 0.3350083151393744 0.5964608452102267 0.01515411910658786 0.023846676959604095
2 0.36701814040843406 0.6462418848645276 0.011810795285270358 0.019068248746358662
2 0.4115665070338226 0.6613296757724699 0.011810795285270358 0.01906824874635884
2 0.3952159150155399 0.6438610309453194 0.01827911910658786 0.02393760517284953
2 0.44049418176476285 0.6097755359598842 0.020132717535011224 0.030233069279472245
2 0.28710585442878866 0.7538929119824164 0.02474744292790536 0.02880696159934022
2 0.183051901161801 0.793589560966202 0.02347604135632886 0.0350114974927175
2 0.26012166935876607 0.8139726056350678 0.02296661910658786 0.024073997492717325
2 0.36558826530599015 0.8444520643314142 0.026455492142117086 0.03197742570596276
2 0.3365685452897795 0.9147334720906883 0.02696491439185813 0.04291492570596276
2 0.49095429239429544 0.7994541499082224 0.016571069892376045 0.02076714106622681
2 0.591273161915168 0.9237063406578802 0.023330492142117264 0.031886497492717325
2 0.7200874824267167 0.6539130147144905 0.026164393713693813 0.02572742570596276
2 0.7093875769261986 0.6323789955141604 0.01715326674922295 0.033267141066226816
2 0.5567912698541042 0.6087322100164946 0.031070217535011223 0.030551318025830908
2 0.5032895882987383 0.5346103999082225 0.01493579528527036 0.019159176959604098
2 0.47583883044085534 0.5042014858807421 0.008540246071058633 0.015852320533113407
2 0.5238439909037721 0.44507052678868425 0.01493579528527036 0.019159176959604098
2 0.34210168527941953 0.47766538110360396 0.016789393713693722 0.025454641066226812
2 0.40959309222767964 0.552940514252272 0.016716619106587772 0.023892141066226814
2 0.4898498647678709 0.7394115601747792 0.01493579528527036 0.019159176959604098
2 0.1866050483901514 0.6335469712327587 0.01984161910658786 0.023983069279472247