3 0.246696803906777 0.68671875 0.023637494668999892 0.0171875
3 0.28385135856941357 0.71640625 0.01900453866963625 0.021875
3 0.3197888585694136 0.71640625 0.023601132001908987 0.0140625
3 0.13629620058882175 0.5734375 0.017460220003181703 0.0234375
3 0.2549467505967759 0.51484375 0.028288632001908988 0.0140625
3 0.27683993193032136 0.51328125 0.028324994668999893 0.0171875
3 0.23963083326704854 0.48828125 0.0252363573360908 0.0203125
3 0.23687855060473012 0.45625 0.020567038669636252 0.021875
3 0.423316584619684 0.34609375 0.02986931333545435 0.015625
5 0.12134445727245735 0.4484375 0.023601132001908987 0.0140625
5 0.20590871924732213 0.63359375 0.015806813335454438 0.015625
5 0.1801483872931382 0.29609375 0.017332950668363534 0.0125
5 0.048553489298228884 0.25859375 0.022002269334818116 0.0109375
4 0.04341145595959277 0.29765625 0.026726132001909007 0.0140625
4 0.1435841786282745 0.2828125 0.02049431333545444 0.015625
7 0.14165805195736558 0.3140625 0.023564769334818082 0.0109375
5 0.3051500293205006 0.09453125 0.018895450668363532 0.0125
3 0.4408784439847279 0.1125 0.02512726933481808 0.0109375
3 0.6695937899825009 0.12890625 0.022093176002545435 0.01875
3 0.6005630739974547 0.01875 0.0252363573360908 0.0203125
4 0.5254630766629547 0.02734375 0.023601132001908987 0.0140625
5 0.6835824699634108 0.26953125 0.022038632001908986 0.0140625
3 0.8701750453135009 0.14609375 0.02512726933481808 0.0109375
3 0.963930851925549 0.5484375 0.022093176002545078 0.01875
4 0.9375677992520945 0.5984375 0.01729658800127254 0.009375
4 0.9863865599140947 0.6328125 0.012609088001272539 0.009375
3 0.835669491923958 0.56015625 0.023619313335454705 0.015625
3 0.9595422492441404 0.65703125 0.017278406667727352 0.0078125
5 0.8302183759150494 0.62578125 0.020457950668363624 0.0125
3 0.6535371499045499 0.703125 0.026726132001908987 0.0140625
5 0.5787371445735497 0.6859375 0.014226132001908986 0.0140625
4 0.7363405592377771 0.70390625 0.017296588001272716 0.009375
4 0.8504570558959592 0.76640625 0.014262494668999893 0.0171875
7 0.6624683492600487 0.53984375 0.01729658800127254 0.009375
7 0.46955633263050167 0.26640625 0.020457950668363624 0.0125
5 0.476367764600594 0.48671875 0.020457950668363624 0.0125
4 0.4202172145926397 0.5453125 0.01731476933481808 0.0109375
1 0.39877582988545984 0.84375 0.03310340133672707 0.025
1 0.2008757739099587 0.66328125 0.0252363573360908 0.0203125
1 0.18591493992682154 0.5390625 0.02369203866963625 0.021875
0 0.10935243992682156 0.5390625 0.06346361067790855 0.0828125
1 0.17446036660568462 0.44921875 0.011064769334818125 0.0109375
1 0.1968722632877294 0.3359375 0.0252363573360908 0.0203125
1 0.20925463196213814 0.27890625 0.01731476933481808 0.0109375
1 0.016986410646091857 0.1515625 0.02365567600254534 0.01875
1 0.46361541530077427 0.23984375 0.025218176002545434 0.01875
1 0.5369063699475024 0.38671875 0.028361357336090798 0.0203125
1 0.49706952124445863 0.6546875 0.025272720003181703 0.0234375
1 0.6125490705760951 0.6671875 0.026798857336090796 0.0203125
1 0.6228224045592322 0.79140625 0.0252363573360908 0.0203125
1 0.8330690138845054 0.85078125 0.025272720003181703 0.0234375
1 0.8981604012571853 0.5609375 0.028361357336090975 0.0203125
1 0.706673429941139 0.43359375 0.03470226400381797 0.028125
1 0.7832632019414573 0.43125 0.026798857336090796 0.0203125
1 0.8976807852880476 0.33359375 0.026798857336090977 0.0203125
1 0.9139892273233642 0.0734375 0.014298857336090976 0.0203125
1 0.7053954773233642 0.0734375 0.022093176002545435 0.01875
2 0.27030702657545874 0.671875 0.03473862667090888 0.03125
2 0.3745769032463676 0.640625 0.04567612667090888 0.03125
1 0.4689921639481387 0.38203125 0.011064769334818082 0.0109375
1 0.39181204595004776 0.36796875 0.011082950668363623 0.0125
1 0.4020853799331848 0.4921875 0.012609088001272717 0.009375
1 0.41505754726291233 0.51875 0.014171588001272717 0.009375
1 0.42860242659932124 0.49609375 0.011028406667727175 0.0078125
1 0.31412230327023016 0.46484375 0.014171588001272717 0.009375
2 0.6332075632559127 0.5703125 0.02999658267027261 0.0265625
1 0.6953332038908686 0.80390625 0.007903406667727176 0.0078125
1 0.6569530512412769 0.678125 0.00793976933481808 0.0109375
1 0.6275740865690954 0.71875 0.01417158800127254 0.009375
1 0.7179445478994592 0.740625 0.012590906667727175 0.0078125
1 0.641385331954184 0.3375 0.012590906667727353 0.0078125
1 0.651768848623502 0.31796875 0.014189769334818081 0.0109375
1 0.8888314019335031 0.48984375 0.00948408800127254 0.009375
1 0.8922751226130025 0.3953125 0.011046588001272539 0.009375
1 0.8185012679424117 0.42421875 0.011046588001272539 0.009375
1 0.880211474618093 0.3578125 0.011028406667727354 0.0078125
2 0.9116689179265034 0.54140625 0.026798857336090977 0.0203125
1 0.7920307692950472 0.28203125 0.00793976933481808 0.0109375
2 0.7170762226289108 0.278125 0.03315794533736351 0.0296875
2 0.5509024985678227 0.728125 0.028379538669636162 0.021875
2 0.5458513718969138 0.759375 0.028361357336090798 0.0203125
3 0.7708348325907307 0.559375 0.020512494668999893 0.0171875