5 0.5380698038204433 0.5566519762368227 0.016443871551297562 0.016261669961943958
7 0.2949084605361342 0.8765956976050917 0.01315509724103805 0.013009335969555025
1 0.6848419052453527 0.45907002760596677 0.0216226944820761 0.02582767095052709
1 0.5229782338303408 0.1939928087463368 0.0069050972410380496 0.0127546679847776
1 0.5244654907277458 0.162615474753948 0.006823210085908293 0.011192167984777558
1 0.3574760645630355 0.20308526034294228 0.0069050972410380496 0.0127546679847776
1 0.3445633067611194 0.21065767981059463 0.008385710085908294 0.01125583498097198
1 0.3416397026226764 0.22956684730108057 0.009948210085908293 0.011319501977166269
1 0.29703653154634874 0.18519210619832918 0.009866322930778538 0.009757001977166358
1 0.27162045171816523 0.20814944513363381 0.011428822930778538 0.009820668973360735
1 0.5813860345985665 0.4718976328528939 0.009784435775648604 0.008194501977166268
1 0.4143556648562912 0.5115861684418881 0.009784435775648604 0.008194501977166268
1 0.4064037239922598 0.5839386709133461 0.0069050972410380496 0.012754667984777512
1 0.37014864145054294 0.5345262613315255 0.006823210085908293 0.011192167984777512
1 0.30234698778706975 0.5255451921678842 0.008303822930778536 0.009693334980972069
1 0.17977262494219953 0.5321055513691441 0.008467597241038006 0.012818334980972068
1 0.21173635515449582 0.6490237959319366 0.010193871551297562 0.016007001977166268
1 0.15553726481086275 0.6074703073006431 0.00846759724103805 0.012818334980971891
1 0.13818599050060323 0.6050456442587814 0.00978443577564878 0.008194501977166268
1 0.7743492198083883 0.6730741777962472 0.0069050972410380496 0.012754667984777512
1 0.7864298179539375 0.7093790923209837 0.006741322930778537 0.009629667984777513
1 0.7876171817033188 0.7320353423209837 0.00534259724103805 0.012691000988583135
1 0.7247143899802049 0.6970183551725648 0.008303822930778536 0.009693334980972069
1 0.7254203968776098 0.6656728546782734 0.009866322930778538 0.00975700197716627
1 0.7871468701925012 0.8126950933095667 0.0069050972410380496 0.012754667984777512
1 0.6983399977366924 0.7763848615983555 0.008140048620519025 0.006568334980972068
1 0.8361897212787264 0.4936148294694024 0.0069050972410380496 0.012754667984777512
1 0.7954075910210016 0.46239400437426215 0.006741322930778537 0.009629667984777513
1 0.7979317254625979 0.3910455863894846 0.008221935775648604 0.00813083498097189
1 0.41883952623082343 0.6867771694304713 0.009866322930778538 0.00975700197716627
1 0.41457582937389825 0.8145665884038319 0.0069050972410380496 0.012754667984777512
1 0.2861498569635181 0.6945326141069945 0.006659435775648781 0.008067167984777513
1 0.32873350463409745 0.7601284392021348 0.006741322930778537 0.009629667984777513
1 0.2850178041591276 0.7924435320917722 0.009866322930778538 0.00975700197716627
1 0.1922061844168524 0.8291078853615328 0.006823210085908249 0.011192167984777512
1 0.4385156976458354 0.9576480849437908 0.018333920171816585 0.022575336958138337
1 0.5841005195605611 0.2846695468833387 0.03674972749876275 0.046713173916276676
1 0.20428794606395573 0.4919607124338393 0.008140048620519025 0.006568334980972068
1 0.23856336951513263 0.38408720403088237 0.006741322930778537 0.009629667984777601
1 0.2374634577110591 0.15395403505752164 0.006741322930778537 0.009629667984777601
1 0.8717797405006031 0.5751539895455146 0.008303822930778183 0.00969333498097189
1 0.8115858689493057 0.5619483354009015 0.008140048620519025 0.006568334980972068
1 0.8410963065339768 0.6171159964655969 0.010030097241038049 0.012882001977166269
1 0.8903626441640764 0.586140569089279 0.005178822930778537 0.009566000988583134
1 0.5901712143813214 0.5349560483662135 0.0069050972410380496 0.012754667984777512
1 0.44986711894930576 0.5766872450199031 0.0069050972410380496 0.012754667984777512
1 0.47819351481086275 0.5943230725865012 0.009702548620519025 0.006632001977166268
1 0.24602058118292058 0.8699756244871178 0.008303822930778536 0.009693334980971713
1 0.2265712183380503 0.8723339619395478 0.006741322930778537 0.009629667984777513
1 0.24172590682723252 0.952357042966187 0.006741322930778537 0.009629667984777513
1 0.29143930178427835 0.9448509490879665 0.00978443577564878 0.008194501977166268
1 0.2330558344622809 0.7421052924718955 0.006659435775648781 0.008067167984777513