4 0.4191065966927088 0.5906555560550429 0.023764808320624907 0.014335220003181704
4 0.43498551662059076 0.5681902100572701 0.02372844072944442 0.012772720003181703
4 0.4489031994662505 0.5956885013924064 0.02383754350298606 0.017460220003181703
5 0.5483154391139238 0.2695901727402693 0.019186411094166723 0.018968176002545346
2 0.7459996710652437 0.7764412514321772 0.01591594072944442 0.01268181333545435
2 0.6407101461796186 0.6486878740849507 0.017478440729444423 0.012699994668999893
2 0.6648568142076394 0.6794293440881323 0.020603440729444422 0.012736357336090798
2 0.6799531777147575 0.5897855887571322 0.0190409407294446 0.012718176002545434
2 0.7511923980794797 0.5968628394334499 0.017442073138263937 0.011137494668999891
2 0.8678889355985422 0.5771326894493584 0.023764808320625264 0.014335220003181704
4 0.8041894582999657 0.5584275954407678 0.0143534407294446 0.012663632001908986
2 0.7491200985925699 0.5413849987666772 0.0174784407294446 0.012699994668999893
2 0.67491953238816 0.5413026354232686 0.023837543502986235 0.017460220003181703
2 0.6397256083762157 0.4721617367520416 0.01591594072944442 0.01268181333545435
2 0.7324936834143406 0.4310651167647682 0.0143534407294446 0.012663632001908986
2 0.7421583177230211 0.3765048860995863 0.01740570554708327 0.009574994668999892
2 0.52074183187507 0.5949623427354969 0.020639808320624908 0.014298857336090797
2 0.5102238655944102 0.6799731420671333 0.0174784407294446 0.012699994668999893
2 0.4586620188047922 0.712957817393361 0.02053070554708327 0.00961135733609062
2 0.3417264791015283 0.5881930800445434 0.01740570554708327 0.009574994668999892
2 0.324647428664688 0.5590959260423162 0.014389808320624997 0.014226132001909165