3 0.3341578731437834 0.2428720685964723 0.012627265027114731 0.022311509618646853
3 0.30153627068445543 0.27453873084752434 0.02041249394987581 0.017896828130301135
3 0.2970442134046672 0.30796878974053177 0.01418067466803503 0.02080357332097771
4 0.28595217730031364 0.28102434382421576 0.007921584308955421 0.019022818511654282
7 0.39022152078265127 0.2128051118803831 0.012563632513557365 0.011374009618646852
3 0.49839763514583596 0.2790700073412121 0.011082945745273775 0.025381945916315995
3 0.4969624001729507 0.3008904436388813 0.012645445745273775 0.025436509618646852
3 0.5569322978118184 0.27095989617861926 0.02041249394987581 0.017896828130301044
3 0.5241107074527388 0.2682515584296713 0.014198855386194253 0.023928573320977708
3 0.45784483713762575 0.15580363293177532 0.020376132513557365 0.011646828130301134
5 0.578956767855785 0.16315731986241666 0.009484084308955332 0.01907738221398514
5 0.60798119252382 0.18447924835553747 0.011010222872636888 0.012881945916315996
5 0.7284164123713949 0.20977440343501338 0.007921584308955332 0.019022818511654282
5 0.7161118550916067 0.24293164381636653 0.011037493949875809 0.017569445916315995
5 0.8935061229473916 0.39206609217975324 0.014153403590795931 0.016116073320977798
4 0.8247970295632499 0.3966965392771956 0.00789431323171641 0.014335318511654283
4 0.9063651921310367 0.45422135179840006 0.011028403590795932 0.016006945916316084
3 0.863033348648699 0.5245685681331361 0.009520445745273776 0.025327382213985138
5 0.8195373578220811 0.4324430663190376 0.011028403590796288 0.016006945916315907
3 0.6369521167990716 0.4651216131463274 0.011082945745273954 0.025381945916316085
4 0.4469447403356385 0.43036712331312843 0.007903403590796287 0.015897818511654192
5 0.4965134691602039 0.4922421299365505 0.011046584308955332 0.019131945916316083
5 0.5890287429679171 0.6860591065229056 0.014171584308955331 0.01924107332097762
7 0.6775054356881289 0.7227357057045989 0.009484084308955332 0.01907738221398514
3 0.26765773701598883 0.6271900156939146 0.011064765027114643 0.022256945916316086
5 0.2922577612164856 0.5593130349312083 0.014144313231716587 0.01455357332097762
5 0.3186940379510652 0.807061054168502 0.011046584308955332 0.019131945916316083
3 0.3902826916400573 0.7603522344757214 0.01730567466803503 0.02091270072563951
3 0.3797133511827818 0.8232515385594054 0.012636355386194254 0.02387400961864685
3 0.3741860347296114 0.9472520337500819 0.01729658430895542 0.01935020072563951
4 0.33024513718893944 0.9129117500848182 0.00946590359079611 0.015952382213985317
7 0.4955701553393121 0.8671330025318887 0.015715903590796287 0.016170637023308388
5 0.6720690228257548 0.8623612008952755 0.011037493949875809 0.017569445916316085
3 0.7763343420093995 0.9277084371002774 0.011064765027114731 0.022256945916316086
3 0.9280094297362005 0.6838369299287013 0.01730567466803521 0.020912700725639333
3 0.8134747519449075 0.7329514978073833 0.01574317466803521 0.020858137023308566
5 0.512960104895215 0.3654985806621899 0.007921584308955332 0.019022818511654282
5 0.7693181474424762 0.12450159154678106 0.007921584308955332 0.019022818511654282
1 0.18988167407885986 0.41592264427970277 0.023601126463433087 0.028943455534962935
1 0.33633903844204455 0.48352435044763775 0.018886355386194254 0.02409226442797028
1 0.19488785752749357 0.6051215535355299 0.017314765027114643 0.02247520072563951
1 0.30031115573209555 0.6009921034428626 0.020448855386194252 0.024146828130301046
1 0.4856901195295461 0.645739152169069 0.02520907825883114 0.036810519237293705
1 0.36845105991206684 0.2300099700477511 0.017323855386194253 0.024037700725639332
1 0.48779595755093474 0.2021528432760616 0.017305674668034853 0.020912700725639423
1 0.667737987605164 0.25217766904411 0.020421584308955333 0.019459328130301046
1 0.5851674238824681 0.5593874791182438 0.017323855386194253 0.02403770072563951
1 0.7316969902374426 0.5051414671373442 0.017332945745273776 0.025600200725639333
1 0.9555283582148647 0.17786967212415292 0.014217036104353297 0.027053573320977707
1 0.8597139476901816 0.7595611270261435 0.018904536104353296 0.02721726442797028
1 0.5864178691367627 0.9085789472670784 0.018886355386194254 0.02409226442797028
1 0.8341195709321607 0.9250397940865189 0.014235216822513053 0.03017857332097762
1 0.8412962666774346 0.9502853307470079 0.01418976502711473 0.02236607332097762
1 0.4911503000513136 0.7787153432760616 0.02046703610435365 0.027271828130301046
1 0.4500985740554187 0.838206905164294 0.029842036104353653 0.02759921034428601
1 0.10763381810349038 0.7786012043538365 0.014207945745273865 0.02549107332097762
1 0.3665411854917372 0.8415377470895932 0.014207945745273953 0.02549107332097762
3 0.45386638514583594 0.27751494182478276 0.014235216822512697 0.03017857332097771