2 0.6024710143716371 0.44969795469406204 0.03714717292769336 0.03052395459715278
2 0.10177060779274708 0.9047407449660069 0.027390170950527093 0.02093074905006951
2 0.08980250699444432 0.8221282667175001 0.03558467292769345 0.030487587005972473
2 0.07282591262193219 0.7701300088337153 0.01989600593149905 0.02856141109416672
2 0.19820396151961828 0.6037756973789582 0.04027217292769345 0.03059668977951393
7 0.5716826349044222 0.23145710097058983 0.02719916996194378 0.01624324905006951
7 0.38044345855386874 0.585458189210833 0.045087006920082294 0.033830792553055745
4 0.8719465035344033 0.787501853536041 0.021076503954332537 0.01922277868534721
4 0.3799991536875026 0.3250655498681594 0.02094916996194396 0.01609777868534721
4 0.5862186842963999 0.07002863848965228 0.027326503954332716 0.019368249050069463
4 0.6782138192008222 0.31265058995267303 0.030515170950527092 0.021003484232430657
2 0.6584729580595772 0.5766410079806938 0.03421317391627667 0.03513871941479181
2 0.35242588790735285 0.6463236072388538 0.04183467292769345 0.030633057370694418
2 0.313947025246052 0.5080248266536456 0.04221667490485981 0.04000805737069442
2 0.4456055435348407 0.5917614341768399 0.03896434091247105 0.036810322188333446
2 0.7352423409868332 0.8102334515599299 0.03539367193911023 0.025800087005972472
2 0.6404975267661077 0.903149609804305 0.04183467292769336 0.030633057370694418
2 0.6872796848650535 0.8613972144777078 0.026146005931499162 0.028706881458888844
2 0.778908769351734 0.8647384603936452 0.03239600593149898 0.028852351823611143
2 0.7562989403022611 0.8855964742613536 0.027326503954332716 0.019368249050069508
4 0.8387294383250946 0.8742939919287842 0.013073002965749226 0.0143534407294446
2 0.8180110786295434 0.7496576678405896 0.03226867193911005 0.025727351823611144
4 0.7929553874130612 0.6337241965259368 0.014762836958138337 0.01751480832062491
2 0.8779431996566203 0.5316512438286451 0.03714717292769336 0.03052395459715278
2 0.9791635069572633 0.40574074762836726 0.04001750494291585 0.02434668977951393
2 0.6947885069572632 0.4123596492232286 0.04221667490485981 0.04000805737069442
2 0.4669089046760858 0.3277346485576385 0.029271005931499162 0.028779616641249995
2 0.33724130931499047 0.2736673572388539 0.03714717292769345 0.03052395459715278
2 0.3725076472617119 0.29474227023288163 0.03870967292769336 0.030560322188333357
2 0.18279123125410074 0.3022859325613193 0.03740184091247105 0.03677395459715278
2 0.21118814528454558 0.289113132124479 0.03552100593149898 0.028925087005972294
2 0.1635199664253531 0.23235529226871518 0.03545733893530465 0.027362587005972293
2 0.21376134144394365 0.4290296173068402 0.038582338935304605 0.027435322188333444
2 0.10012726437163708 0.461390135258611 0.03571200692008221 0.03361258700597212
4 0.028769576120904434 0.360610191679375 0.020949169961943914 0.01609777868534721
2 0.2957275603407547 0.6750129581125345 0.035775673916276673 0.03517508700597212
2 0.4133699995800705 0.7794075577519441 0.04403384288963732 0.04629442496187508
2 0.3744149289335546 0.8405275489182287 0.04521434091247105 0.03695579255305574
2 0.24947859592974897 0.8449994562126733 0.029016337946721472 0.022529616641249816
2 0.6463708419754163 0.8169939042572217 0.029271005931499162 0.028779616641250172
2 0.5758673409868331 0.8139429458603468 0.03395850593149916 0.02888871941479181
2 0.5584397604544854 0.8276424231589232 0.030387836958138337 0.01787848423243048
4 0.570413178439263 0.8336196662250689 0.019577670950527093 0.020748911094166544
2 0.5345565914811247 0.8172504370266316 0.04202567391627667 0.035320557370694415
2 0.5748393987817677 0.6927582768823954 0.03689250494291585 0.02427395459715278
2 0.6287257441428631 0.7485893963734369 0.01932300296574958 0.014498911094166544
4 0.4806118963103098 0.6832215823532287 0.0176968359695552 0.012900043502986236
2 0.5794539615196184 0.5949020051309024 0.02908000494291585 0.02409211664125017
2 0.4859427475657231 0.37264710505465237 0.02908000494291585 0.024092116641249994
7 0.4063918518240669 0.47381152118281217 0.017760502965749582 0.014462543502986059
2 0.23111332612090446 0.3559005886214929 0.023021005931498983 0.028634146276527873
4 0.13175265467608574 0.335535496865868 0.021203837946721472 0.022347778685347208
7 0.03395843631074734 0.4879539416793749 0.017569501977166346 0.009775043502986237
2 0.7429302352084335 0.3080163349186799 0.03870967292769336 0.030560322188333443
7 0.9347490261974543 0.10258003324756866 0.020949169961944136 0.01609777868534725
7 0.9772707431170989 0.34009756383277695 0.017887836958138337 0.017587543502986146
2 0.5734029382879137 0.4847821227220829 0.02745383794672147 0.022493249050069507
2 0.1868910712151696 0.729157557086354 0.024201503954332716 0.019295513867708357