3 0.1578125 0.20546875 0.0078125 0.02265625
3 0.240625 0.16640625 0.00703125 0.021875
3 0.3453125 0.228125 0.009375 0.0296875
3 0.18828125 0.23046875 0.01484375 0.0125
4 0.19609375 0.18828125 0.0125 0.0171875
5 0.1828125 0.28984375 0.00703125 0.01953125
5 0.30703125 0.365625 0.00703125 0.01796875
3 0.3234375 0.271875 0.0171875 0.01015625
5 0.37578125 0.31640625 0.01015625 0.01953125
5 0.3671875 0.39140625 0.0078125 0.01640625
5 0.41796875 0.34765625 0.01328125 0.0125
7 0.41796875 0.26796875 0.0125 0.01015625
7 0.30546875 0.3234375 0.009375 0.0140625
3 0.6234375 0.1015625 0.0125 0.02109375
5 0.69765625 0.24765625 0.0078125 0.01875
5 0.7125 0.25625 0.0046875 0.0203125
5 0.81484375 0.271875 0.00546875 0.01953125
7 0.66796875 0.34453125 0.00859375 0.015625
3 0.15 0.446875 0.00703125 0.01953125
5 0.3453125 0.490625 0.00859375 0.0140625
7 0.3453125 0.44609375 0.0140625 0.01171875
5 0.36171875 0.47109375 0.009375 0.0171875
7 0.2921875 0.5765625 0.00859375 0.01484375
7 0.36171875 0.64453125 0.00546875 0.0171875
5 0.4296875 0.56171875 0.01484375 0.0109375
5 0.43203125 0.63046875 0.00703125 0.0171875
5 0.465625 0.65625 0.00859375 0.015625
5 0.5453125 0.68359375 0.0109375 0.01875
7 0.52421875 0.6703125 0.00703125 0.01484375
3 0.428125 0.7 0.01328125 0.0171875
3 0.478125 0.73203125 0.00859375 0.0203125
5 0.390625 0.721875 0.00546875 0.01875
5 0.48671875 0.7875 0.00703125 0.0171875
3 0.47578125 0.8109375 0.0109375 0.0171875
5 0.43203125 0.89765625 0.00625 0.0171875
3 0.47265625 0.97890625 0.01328125 0.01640625
7 0.49140625 0.9875 0.009375 0.0171875
7 0.5265625 0.89296875 0.0125 0.00859375
7 0.559375 0.93984375 0.01171875 0.0109375
5 0.56171875 0.9140625 0.00703125 0.015625
3 0.55703125 0.84765625 0.01328125 0.01796875
3 0.646875 0.7046875 0.0125 0.0234375
7 0.61953125 0.74453125 0.00546875 0.01875
7 0.5921875 0.7890625 0.009375 0.01640625
7 0.67421875 0.91484375 0.0125 0.01484375
3 0.7234375 0.8109375 0.01171875 0.02109375
3 0.6890625 0.6703125 0.009375 0.0203125
5 0.7296875 0.74609375 0.00546875 0.0171875
7 0.61015625 0.5796875 0.0078125 0.01484375
7 0.68046875 0.56015625 0.0046875 0.0171875
7 0.63359375 0.51484375 0.00625 0.01328125
3 0.79140625 0.43671875 0.01328125 0.01953125
5 0.75703125 0.375 0.0125 0.01171875
5 0.20078125 0.78515625 0.0078125 0.0171875
3 0.27421875 0.72578125 0.0140625 0.0234375
3 0.5625 0.50546875 0.0125 0.01796875
1 0.79296875 0.565625 0.01953125 0.01796875
1 0.60703125 0.47578125 0.00703125 0.0125
1 0.3796875 0.51015625 0.0078125 0.01015625
2 0.3484375 0.52265625 0.01328125 0.01484375
2 0.5078125 0.35 0.01015625 0.0140625
7 0.58515625 0.7390625 0.00703125 0.0171875
2 0.36015625 0.67265625 0.02578125 0.0359375
3 0.4078125 0.9859375 0.00625 0.0203125
3 0.29609375 0.79140625 0.00625 0.01875