4 0.6362672555815714 0.34385323238251575 0.02111302067816432 0.017778533386094787
4 0.6791268436709125 0.3427597453146395 0.016352746071058633 0.016079641066226814
5 0.594358045490158 0.4323557912371466 0.02067637303552914 0.008403533386094786
5 0.6454988604201355 0.37454930291562916 0.011665246071058632 0.01594324874635884
5 0.5194949784932661 0.2991053705457487 0.013082196856846907 0.01286371285298138
5 0.4181336856891951 0.3172212215619631 0.01940497146395277 0.014608069279472159
4 0.4046640370131026 0.2122836689755383 0.022384422249740864 0.011573997492717503
4 0.3623844917278324 0.19232887015003727 0.01969606989237622 0.020858069279472157
4 0.3016888943328663 0.279504609725196 0.02096747146395277 0.014653533386094875
4 0.32870946670644174 0.3403655533778475 0.025509422249741044 0.011664925705962937
5 0.29834772456432457 0.308274467405328 0.013082196856846907 0.01286371285298138
5 0.2883584485094767 0.3618170045523465 0.015988873035529316 0.008267141066226813
4 0.3285489549196175 0.38717235721791354 0.017988020678164407 0.01768760517284953
5 0.12236095926284367 0.21499216567683305 0.016279971463952724 0.014517141066226813
4 0.1165005651348652 0.3404324348771629 0.017842471463952726 0.014562605172849529
4 0.0644115262597357 0.3443781373053031 0.022384422249741 0.011573997492717503
7 0.01886358581302963 0.354755696159934 0.004978598428423431 0.006386392319868062
5 0.1308307005763913 0.547600077197031 0.016134422249740998 0.011392141066226814
4 0.14220054011347458 0.4901967541566351 0.022384422249741 0.011573997492717503
4 0.16832639247083944 0.48159464396922064 0.016134422249741043 0.011392141066226814
4 0.04749596980681367 0.6177330692794721 0.016279971463952714 0.014517141066226813
5 0.09716644581888037 0.8633781898917278 0.012936647642635135 0.009738712852981734
5 0.1948997785315381 0.9348787683424 0.013082196856846862 0.012863712852981735
3 0.1250624675305021 0.9765374194377567 0.01606164764263518 0.009829641066226812
4 0.2985212764646235 0.7475271840192331 0.01940497146395277 0.014608069279472247
4 0.3504690742310931 0.8075530533778477 0.024238020678164496 0.017869461599340043
5 0.4798761302697304 0.6880481986007095 0.016279971463952592 0.014517141066226813
5 0.47233761207276537 0.7104543960142846 0.01911387303552914 0.008358069279472247
3 0.7472284501621065 0.7161123287798766 0.02387414764263518 0.01005696159934022
4 0.6526651209641054 0.779677072115959 0.01493579528527036 0.019159176959604098
4 0.6905333021051867 0.855677282461658 0.02118579528527036 0.019341033386094608
4 0.2093281898230243 0.6918789261016742 0.013300520678164406 0.01755121285298138
5 0.8212052975570726 0.6293230341110106 0.01606164764263518 0.009829641066226812
5 0.8515049195591446 0.5428232444567096 0.01598887303552914 0.008267141066226813
7 0.7621705918088857 0.5511465583259054 0.01606164764263518 0.009829641066226812
2 0.3427143862655864 0.8588200366848001 0.04327911910658786 0.024665030878812288
2 0.2642811712117745 0.8666803493003549 0.023946922249741043 0.011619461599340042
4 0.4944716313031877 0.783656215293757 0.014644696856846906 0.012909176959604095
2 0.4870956631490039 0.5080340896669362 0.025509422249741044 0.011664925705962758
4 0.4834034288647695 0.445511357613625 0.014717471463952591 0.014471676959604097
2 0.35839050454811394 0.24058451372354656 0.020821922249741043 0.011528533386094875
0 0.34936668486062555 0.6163741239109609 0.07220463978475226 0.042670884798020656
6 0.7597990707164365 0.6844902557394807 0.06351884449948209 0.023693564264907253
2 0.17109409739045695 0.8592877349563052 0.021113020678164406 0.017778533386094964