2 0.5180653651693081 0.8186365332590941 0.04371528366526398 0.044240896005727136
4 0.4509473971901096 0.16890070993795742 0.014771828130301045 0.020476132001908988
4 0.34388136462115393 0.6184018179503659 0.010029764427970277 0.018859088001272718
2 0.7215549529182561 0.7834695505649593 0.018060519237293703 0.025199994668999894
2 0.6665302132546932 0.32414055124127694 0.0308333377489479 0.03315794533736351
2 0.702487560622288 0.2784280619032772 0.024419646641955416 0.028397720003181703
2 0.6966120720550334 0.22305021857100443 0.02436508293962447 0.026835220003181705
2 0.2985465942875519 0.23939611795832008 0.037410719962933034 0.04260567067154515
2 0.34661701733837713 0.3387961339513204 0.02749008293962456 0.02687158267027261
2 0.35212297287334 0.3153040899506841 0.0336855192372937 0.02538180800445433
2 0.3445237492822098 0.44346545261777504 0.02754464664195542 0.02843408267027243
2 0.3670981537287135 0.4455455732813661 0.019623019237293704 0.025218176002545434
2 0.390580293747247 0.4663575126114116 0.02452877404661713 0.0315227200031817
2 0.4059423989193901 0.4513410399427299 0.02749008293962447 0.026871582670272433
2 0.4094394211519086 0.4630143366088664 0.01655258293962447 0.02674431333545435
2 0.45844984002638267 0.4460444652689575 0.02452877404661713 0.0315227200031817
2 0.47062245781239753 0.45527401460059397 0.021294646641955416 0.028361357336090798
2 0.4864061705189364 0.5847251572645031 0.014880955534962936 0.023601132001908987
2 0.6400966217927301 0.7680178205760951 0.032450401451278844 0.03473862667090906
1 0.5061606537287135 0.4439274345958214 0.01973214664195542 0.028343176002545434