3 0.7532988245636676 0.47713006105653255 0.013646005931498983 0.028780097241038048
3 0.6316718808757275 0.5991544679993661 0.011828837946721649 0.022448210085908117
3 0.6304821125869388 0.6859960487320607 0.016389003954332716 0.01956887155129756
3 0.7090381941078696 0.6987251000661131 0.01026633794672147 0.02236632293077854
3 0.7539288828528938 0.5961666660994867 0.013391337946721472 0.02253009724103805
3 0.7129139050960152 0.4883231886007239 0.010393671939110404 0.025491322930778538
3 0.45363835866978713 0.29936142865110116 0.019450336958138338 0.018170145861556984
3 0.4769286200384936 0.24656065524535284 0.010202670950527093 0.020803822930778537
7 0.5163558759699927 0.22044189054603175 0.003761669961943781 0.01578877431025951
3 0.4224546842592189 0.3345243227036359 0.010393671939110227 0.025491322930778538
3 0.47043192783342824 0.36757251809022307 0.01782416996194396 0.016525758706427317
3 0.5072780118258171 0.3663718662357723 0.019259335969555025 0.013482645861557074
3 0.3534208413695815 0.3763156750330566 0.008703837946721471 0.02228443577564878
3 0.6565842865403965 0.2567589280852743 0.01651633794672147 0.02269387155129756
3 0.7916703274922361 0.861205167908509 0.007141337946721471 0.022202548620519024
3 0.37969956810069594 0.8842410396869491 0.019259335969555202 0.013482645861557074
3 0.4656012119023668 0.6014119295556124 0.01033000494291585 0.023928822930778536
3 0.7874987055137572 0.25265900553860854 0.01619800296574958 0.014881371551297562
3 0.31312617483049765 0.7695776741285455 0.019386669961943957 0.016607645861557073