5 0.4839922182632578 0.14907786796409356 0.0193864974927175 0.022967063140062204
5 0.5153020542357775 0.17975872056669465 0.016170569279472247 0.019660052616718503
3 0.5322766055685608 0.2002455258142491 0.011664925705962758 0.025637036831702886
3 0.555205640208297 0.2109401021084909 0.01786946159934022 0.024438557878390377
7 0.39650659012915473 0.17127982067963413 0.01755121285298138 0.013501057878390333
5 0.3062884185798269 0.2603962576101591 0.013045569279472157 0.019478042093374802
7 0.34079981089969497 0.2670858733669398 0.016079641066226814 0.01653505261671846
5 0.4211094365265156 0.26630389434303997 0.011528533386094964 0.020949536831702885
3 0.47773986975432586 0.22904608902489842 0.019477425705962937 0.026092063140062204
5 0.5148056122324784 0.296718707412515 0.014471676959604097 0.014881547355046631
5 0.5329933225781774 0.3320947652909053 0.011528533386094964 0.020949536831702885
7 0.48474603919208265 0.30900660480991393 0.01300010517284953 0.017915542093374804
3 0.45132578543115887 0.3398169890531333 0.01474446159934022 0.02425654735504663
7 0.5221754945232167 0.3891792231975305 0.009966033386094964 0.020858531570031147
7 0.4172379419367919 0.37448812066551673 0.00987510517284953 0.017733531570031148
3 0.49796275620169916 0.44158388637994506 0.01943196159934022 0.024529563140062115
5 0.2658058225781774 0.31653286554501914 0.011346676959604096 0.014699536831702886
5 0.23153612265731974 0.34495399715740255 0.011483069279472157 0.019387036831702887
7 0.28385479209507647 0.42755366553090174 0.009966033386094874 0.020858531570031147
5 0.21177285510634247 0.4966684156014889 0.01300010517284953 0.017915542093374804
7 0.39288411427754255 0.5828697680629157 0.009966033386094785 0.020858531570031147
5 0.3321140988381363 0.5582723154885494 0.014426212852981467 0.01331904735504672
5 0.38039848614343946 0.6094399733387049 0.01612510517284953 0.01809755261671846
5 0.45580766310304355 0.6278707258989537 0.01612510517284953 0.01809755261671846
3 0.41340486592689524 0.72523157331047 0.01478992570596276 0.02581904735504672
7 0.38659832501895297 0.7689059786003767 0.013091033386094787 0.021040542093374803
5 0.44254444813849114 0.7885429153897274 0.009966033386094964 0.020858531570031147
5 0.34872024030007454 0.7269236049510883 0.013136497492717503 0.022603042093374805
7 0.3069706609914725 0.7931254576242766 0.013045569279472247 0.019478042093374802
5 0.1277903116911178 0.5588506262095372 0.011255748746358752 0.011574536831702887
5 0.13968255793019407 0.5923001630412401 0.009920569279472158 0.019296031570031145
5 0.19843543230337346 0.6011816103539345 0.013045569279472157 0.019478042093374802
4 0.23314305291562915 0.6414194734798793 0.010011497492717503 0.02242103157003115
5 0.12118495902555075 0.5194696077936858 0.01447167695960414 0.01488154735504672
3 0.33286162727617324 0.15509410758192424 0.014835389812585564 0.02738154735504663
5 0.8412149995377817 0.3640853018402596 0.011619461599340042 0.024074536831702974
5 0.846553368896396 0.4135315649944392 0.00987510517284953 0.017733531570031148
5 0.5066882015037033 0.6074363995341246 0.01612510517284953 0.01809755261671846
5 0.4960007540901281 0.6153931127024217 0.01612510517284953 0.01809755261671846
5 0.5837257261143096 0.7086341494635375 0.01161946159934022 0.024074536831702888
5 0.8176938976636373 0.6278901966068227 0.012909176959604095 0.014790542093374803
1 0.2659936906831507 0.37659811028334733 0.022511497492717504 0.02314907366340595
1 0.41764477038746406 0.46888286277300895 0.03863660266556703 0.04124662628012441
1 0.5617380996960663 0.40864185473932685 0.019522889812585476 0.027654563140062295
1 0.5888257854311589 0.347825452080256 0.019477425705962937 0.026092063140062117
1 0.5718094331613033 0.45992363367852196 0.02117631802583091 0.030870568401734032
1 0.8472172954602886 0.2755233307794548 0.022966138558944492 0.03877407366340595
1 0.9225619394295095 0.4257578201855239 0.02117631802583091 0.030870568401734032
1 0.2952602711788869 0.7659259207925736 0.02113085391920828 0.029308068401734035
1 0.31074390102884963 0.41352125761015907 0.00969324874635875 0.011483531570031147
1 0.31615046654739815 0.46531127076433876 0.008221676959604097 0.014517526308359407
1 0.3314883100417651 0.4295480760118931 0.00813074874635884 0.011392526308359407
1 0.35927834092057753 0.4732826654603146 0.009602320533113407 0.008358531570031146
1 0.4016309769722394 0.5350238022637827 0.01130121285298138 0.013137036831702887
1 0.4507300550272002 0.48016897326811775 0.008176212852981379 0.01295502630835923
1 0.36438102955866414 0.5414334259836583 0.011301212852981468 0.013137036831702887
1 0.6714026047106311 0.3713532283180281 0.011255748746358662 0.011574536831702975
1 0.7511008134069774 0.26914525718663607 0.01125574874635884 0.011574536831702975
1 0.5273787862225816 0.6484177153050228 0.01130121285298138 0.013137036831702887
1 0.5511428951563548 0.6342032968609365 0.009693248746358662 0.011483531570031147
1 0.484282004090128 0.6147105732398829 0.008176212852981379 0.01295502630835923
1 0.19946908339873012 0.5294886208772782 0.008130748746358751 0.01139252630835923
1 0.23282715267820234 0.5501497313723871 0.008221676959604097 0.01451752630835923
1 0.21521009217421874 0.4539726813865045 0.00813074874635884 0.01139252630835923
1 0.2503770508705651 0.34917106029746475 0.01125574874635884 0.011574536831702887
1 0.5318627315910929 0.34684751002923353 0.011255748746358662 0.011574536831702887
1 0.6442143159142599 0.24108189939295036 0.008130748746358663 0.01139252630835923
1 0.828518771245394 0.32980901237772076 0.008221676959604097 0.01451752630835923
1 0.8297773943649321 0.3462607650085567 0.008130748746359018 0.01139252630835923
1 0.8867812152937569 0.5094656912745636 0.006522784639735946 0.009739021046687312
1 0.862545744918928 0.5610891044569781 0.009693248746358662 0.011483531570031147
1 0.8544892040109857 0.605855572886947 0.011210284639736301 0.010012036831702886
1 0.890699488650722 0.6173236939053994 0.006522784639736301 0.009739021046687312
1 0.68835339014179 0.6858707546263874 0.009693248746358662 0.011483531570031147
1 0.6109929197669611 0.734399988911959 0.00813074874635884 0.01139252630835923
1 0.3403825545649818 0.7888320707502213 0.009784176959604096 0.014608531570031147
1 0.3832974802709447 0.8162892128153612 0.00969324874635875 0.011483531570031147
1 0.3678914406166437 0.8497086575678068 0.008176212852981469 0.012955026308359407
1 0.31719275864247465 0.8763929839326359 0.008130748746358751 0.011392526308359407
1 0.3404771459477777 0.9261045575960416 0.008130748746358751 0.011392526308359407
1 0.2700807632613281 0.6778875944983318 0.011210284639736123 0.010012036831702886
1 0.35056388512722503 0.7098726128435962 0.01125574874635884 0.011574536831702887
1 0.669097273290458 0.6137759467479971 0.008176212852981379 0.012955026308359407
1 0.12402411718053638 0.6974580999011779 0.008176212852981469 0.01295502630835923
1 0.18237382627259416 0.7460922919522005 0.006431856426490734 0.006614021046687313
3 0.6830016827655918 0.3143142730422388 0.014789925705962936 0.025819047355046632
3 0.4970143024534107 0.9718783311323907 0.01161946159934022 0.024074536831702888