2 0.6142574766312393 0.46997263866777106 0.037320217535011226 0.030942465153609787
2 0.17568728225559171 0.512676070873907 0.04200771753501131 0.03110615626060227
7 0.6431315316364191 0.24985854610949967 0.027290246071058632 0.016552582939624562
7 0.3586110982190265 0.5422841814035276 0.04527826674922295 0.03434028366526398
4 0.7847049871752093 0.870148709541678 0.02118579528527036 0.019459328130301046
4 0.4298160483856422 0.2901735551799923 0.021040246071058633 0.016334328130301133
4 0.7017701693542568 0.09756687061160373 0.02899829528527036 0.019732146641955394
4 0.7256786660444879 0.3588763928441223 0.030633569892376044 0.021349210344286274
2 0.6340156666636606 0.6085713471979588 0.03441354135632899 0.035520837748947896
2 0.3156273856464139 0.5938665287711224 0.04200771753501131 0.03110615626060227
2 0.31596337179267503 0.4498709921106337 0.0424443651776464 0.040481156260602266
2 0.42153062923627316 0.565910165161459 0.03917381596343468 0.037247028855940556
2 0.644732804586386 0.8554736290491242 0.035539393713693634 0.02620040145127902
2 0.5264772642635144 0.9206398159797654 0.04364299214211727 0.032723219962932856
2 0.5838702332462677 0.8928124271423584 0.027872442927905538 0.029052582939624472
2 0.673606975388385 0.9209795779606651 0.03255994292790554 0.02921627404661713
2 0.6453193095487848 0.9352702564537859 0.02743579528527036 0.01967758293962447
4 0.7287503937091845 0.9456596302302506 0.01315497146395277 0.014499009618646853
2 0.742459675140716 0.819977583951115 0.034049668320799496 0.027708337748947896
4 0.7501736676971179 0.6999825424813025 0.014863020678164317 0.01767857332097762
2 0.8608885357702484 0.6241243922111501 0.03739299214211726 0.03250496515360979
2 0.9874358995024075 0.5286705045548693 0.02512820099518507 0.024801592558271322
2 0.7147112408992629 0.45942202986743086 0.044006865177646404 0.04053571996293322
2 0.5147561286171005 0.31616064710529157 0.029434942927905362 0.029107146641955416
2 0.4026863141014079 0.22851929256612064 0.03888271753501123 0.030997028855940557
2 0.430704306243525 0.25884170962649605 0.04044521753501122 0.03105159255827141
2 0.24321926881613765 0.21530750835270246 0.03761131596343468 0.0371924651536097
2 0.27425094499482006 0.20952873430608535 0.037320217535011226 0.0309424651536097
2 0.24374149958571523 0.14251484909687534 0.03561216832079959 0.027762901451278844
2 0.23839483581302962 0.34693945426901845 0.038737168320799584 0.027872028855940555
2 0.11946289929526499 0.3471800456461635 0.035976041356328856 0.03557540145127884
4 0.07646841645877275 0.23052082450210407 0.021040246071058588 0.016334328130301133
2 0.25203792059260194 0.6062598905666876 0.035976041356328814 0.03557540145127884
2 0.33805681141081156 0.739414641747814 0.04429796360606986 0.046785719962933216
2 0.28402643692754015 0.7890351850317249 0.04542381596343468 0.037465283665263985
2 0.15976914557121133 0.7589434356646969 0.029143844499481996 0.022857146641955418
2 0.5570679846940099 0.8381894145284867 0.02943494292790554 0.02910714664195524
2 0.4879712282838691 0.8163441855798791 0.035757717535011224 0.03088790145127902
2 0.46724135131939837 0.8248932955613455 0.030488020678164317 0.01822421034428636
4 0.4778706362655864 0.834694881496195 0.019696069892376045 0.020967264427970277
2 0.4461647179447869 0.8091963736916465 0.04222604135632899 0.03579365626060209
2 0.5200495200544827 0.6986284067239383 0.03702911910658777 0.02469246515360979
2 0.5576629900706933 0.7669592552726596 0.01940497146395277 0.014717264427970278
4 0.43080292948394217 0.6641839740544663 0.017769696856846907 0.01310020072563951
2 0.5508756809316842 0.6044319734214941 0.029216619106587773 0.02441964664195524
2 0.5201371414373821 0.36448901970062986 0.029216619106587773 0.024419646641955416
7 0.41492741066780453 0.44093744701262433 0.01784247146395277 0.014662700725639511
2 0.27596330231458366 0.2798957980084162 0.02318494292790536 0.02888889183263199
4 0.18464478949430202 0.234568429041275 0.02140411910658786 0.024146828130301133
7 0.047097747723688424 0.3559672578045483 0.017696922249741 0.011537700725639422
2 0.7903961375084407 0.3707017810485572 0.03888271753501123 0.030997028855940557
2 0.575614507648486 0.4971452630772079 0.027581344499482085 0.02280258293962447
2 0.1303277404849781 0.6308556411996598 0.02431079528527027 0.01956845553496276