7 0.8396875927279075 0.6843173325604395 0.017624009618646852 0.01259999394987581
3 0.8464708168671919 0.6100440404059618 0.025545637023308386 0.015770445745273774
3 0.7804018727649742 0.6424661758463854 0.014662700725639511 0.01726931323171659
3 0.7276810890148924 0.27394798000291565 0.022529764427970278 0.01887726502711464
7 0.66931800670824 0.37040079918656055 0.017514882213985138 0.00947499394987581
7 0.6482688967267733 0.34942522385459557 0.01595238221398514 0.009465903590796198
7 0.47669894237293686 0.2472774374556545 0.01455357332097762 0.014144313231716587
7 0.4971478516287641 0.25106551278761946 0.01455357332097762 0.014144313231716587
7 0.5119196797590652 0.2712961995559029 0.014444445916316084 0.011019313231716588
3 0.37593753974053173 0.29318535597536943 0.02716270072563942 0.017342036104353475
3 0.3940848498146655 0.2086876361277946 0.022420637023308564 0.015752265027114642
3 0.5312996846532066 0.6025007477605049 0.02387400961864685 0.012636355386194254
3 0.4947719407284744 0.8543268681738138 0.02247520072563951 0.01731476502711473
7 0.5789758151379113 0.8936888291425941 0.02074900961864685 0.01261817466803521
5 0.36197430969561567 0.766018867977422 0.02387400961864685 0.012636355386194254
7 0.3774529767559911 0.739360919207086 0.01606150961864685 0.01259090359079611
3 0.10807297186184965 0.409610828455223 0.02387400961864685 0.012636355386194254
7 0.19601193756361351 0.24265915691044587 0.016006945916315997 0.0110284035907962
7 0.2616567849312083 0.28759895218818154 0.014444445916315996 0.011019313231716588
5 0.49361120089527544 0.664451301917035 0.020858137023308566 0.015743174668035032
5 0.3166295825611064 0.87724271428843 0.02063988221398514 0.009493174668035209
5 0.24274564925866216 0.8425091659856321 0.02080357332097771 0.01418067466803521
5 0.2232664737607662 0.776984159935508 0.02074900961864685 0.012618174668035031
3 0.6583631816579818 0.6384877238545956 0.016334328130301046 0.02040340359079611
7 0.6109177188666248 0.44341157319066565 0.020694445916316084 0.011055674668035032
5 0.5218552188666248 0.44392972365820393 0.014608137023308565 0.01570681323171641
3 0.34087060289470844 0.4973370456705191 0.026999009618646853 0.012654536104353475
1 0.698288777211478 0.6405996696980653 0.03670139183263199 0.02208407825883114
3 0.42983393229095396 0.7624984373574586 0.020858137023308566 0.015743174668035032
2 0.20797629045832194 0.7419097231672245 0.0496924651536097 0.036219301131468026
5 0.28870050080260823 0.7711336148541641 0.017569445916315908 0.011037493949875809
2 0.2852034454529798 0.5367313437769251 0.048293656260602266 0.040897710772388504
1 0.20406502894075854 0.3613864310127468 0.01595238221398514 0.00946590359079611
3 0.3472892392850448 0.39024670833650166 0.019459328130301136 0.02042158430895542
1 0.5793006750345598 0.5897189466290367 0.01595238221398514 0.009465903590796288
1 0.4384028234057958 0.3365808319712643 0.02705357332097762 0.014217036104353476
1 0.3768651226801563 0.3197478559753694 0.012772818511654283 0.007885222872636887
1 0.395741608252186 0.30088422648687424 0.012772818511654283 0.007885222872636887
1 0.11732898700761012 0.8760579850710812 0.022311509618646853 0.012627265027114731
2 0.07802831859647229 0.3324261597391162 0.017733137023308566 0.01572499394987581
7 0.16186760525696114 0.3389710755283567 0.014389882213985138 0.009456813231716588
2 0.19446928493120832 0.2879898376286051 0.02074900961864685 0.012618174668035031
7 0.49830112386128267 0.23933767242853982 0.019186509618646853 0.01260908430895542
7 0.2727530638719669 0.6501080425472612 0.014444445916315996 0.011019313231716588
1 0.6842659388295579 0.48518091667300317 0.014389882213985138 0.00945681323171641
3 0.6479117765785058 0.518211585290914 0.03028770072563951 0.017360216822512698
2 0.7576811353788461 0.6183746908735 0.02716270072563951 0.017342036104353475
1 0.5146875927279074 0.686208127249 0.014335318511654194 0.007894313231716587
1 0.38835824962148185 0.8502575125912276 0.01466270072563942 0.01726931323171641
2 0.48622034154678107 0.7660774344305924 0.014335318511654194 0.007894313231716587
2 0.6147842741314351 0.3527456665748073 0.017514882213985138 0.00947499394987581
7 0.5685417019915838 0.25924565144949685 0.02063988221398514 0.009493174668035032