5 0.10667661905195924 0.2359375 0.011428573320977709 0.0140625
4 0.13196185044763772 0.33359375 0.017733137023308566 0.015625
3 0.1779489622432028 0.39765625 0.01466270072563942 0.0171875
3 0.19471979999215078 0.43046875 0.017733137023308566 0.015625
5 0.21699659327606158 0.48671875 0.019131945916315996 0.0109375
5 0.26583840887730903 0.85625 0.017733137023308566 0.015625
5 0.3062897609694092 0.5828125 0.014553573320977708 0.0140625
5 0.32047874654143893 0.5640625 0.01142857332097762 0.0140625
4 0.3318626798438832 0.59921875 0.017460318511654284 0.0078125
4 0.3415079760382009 0.29375 0.025873019237293703 0.025
4 0.45863848936986285 0.7171875 0.017569445916316085 0.0109375
5 0.47564245089527546 0.6671875 0.01142857332097762 0.0140625
7 0.462978726671173 0.41640625 0.02080357332097762 0.0140625
3 0.4759077686891395 0.22734375 0.013209328130301045 0.0203125
5 0.6246081635169964 0.2125 0.01455357332097762 0.0140625
7 0.6233308949126749 0.31015625 0.02220238221398514 0.009375
3 0.6005531377410988 0.46328125 0.026999009618646853 0.0125
3 0.6362476233979465 0.76953125 0.025545637023308566 0.015625
3 0.6925620445498553 0.3015625 0.011646828130301046 0.0203125
4 0.6633159994518458 0.20234375 0.02074900961864685 0.0125
3 0.7117931941870355 0.29296875 0.017842264427970277 0.01875
5 0.6925521539831676 0.525 0.01924107332097762 0.0140625
5 0.7120784586998237 0.63671875 0.01767857332097762 0.0140625
7 0.741448500169636 0.65 0.018968254809323425 0.00625
4 0.744174196085952 0.6609375 0.014444445916316084 0.0109375
3 0.7829713120578684 0.60859375 0.017842264427970277 0.01875
5 0.8337277362898199 0.42890625 0.01153770072563951 0.0171875
5 0.8507689033501954 0.40234375 0.017569445916316085 0.0109375
5 0.8011086653310949 0.25546875 0.011483137023308743 0.015625
3 0.9122818114248961 0.4859375 0.022420637023308387 0.015625
4 0.9338319184111377 0.54375 0.020694445916316084 0.0109375
1 0.28779276523057845 0.79140625 0.012772818511654283 0.0078125
1 0.19304574962148185 0.85234375 0.008085318511654283 0.0078125
1 0.27089049662625697 0.8890625 0.011319445916315996 0.0109375
1 0.44778280180624924 0.4734375 0.012772818511654193 0.0078125
1 0.4204936155085802 0.475 0.012772818511654193 0.0078125
1 0.47134429817805223 0.3875 0.008085318511654194 0.0078125
1 0.5291940037130151 0.4109375 0.011319445916315906 0.0109375
1 0.5787897212288774 0.2875 0.011101191106992658 0.0046875
1 0.379330446085952 0.6609375 0.009593254809323427 0.00625