7 0.28203125 0.2846103737805364 0.0125 0.020530688311602673
3 0.51015625 0.11827981046728601 0.0171875 0.02373750892845372
7 0.4140625 0.3181649878218401 0.009375 0.020476141233702096
3 0.55625 0.37767812986632104 0.01875 0.0222022824674041
4 0.3734375 0.44870587580913124 0.0125 0.014280688311602674
3 0.65 0.5715020422033414 0.0171875 0.02373750892845372
7 0.4625 0.5838542175293007 0.015625 0.02058523538950343
4 0.57265625 0.6170270020252996 0.0125 0.017405688311602673
4 0.69140625 0.7019122909855254 0.0109375 0.018940914772652383
4 0.4046875 0.44925134658813803 0.0125 0.015843188311602675
4 0.4234375 0.37614112905554214 0.015625 0.01746023538950343
4 0.46796875 0.33473092491562684 0.0203125 0.01597955600635448
2 0.52890625 0.3115758429346901 0.0140625 0.015870461850553054
1 0.64609375 0.3870588583559656 0.009375 0.014226141233702005
2 0.58359375 0.41487416679795197 0.0171875 0.020612508928453722
2 0.59609375 0.39868610510955466 0.015625 0.01746023538950343
4 0.5109375 0.6065746972367612 0.0140625 0.01899546185055314
4 0.52734375 0.4662360693957398 0.015625 0.019022735389503255
1 0.6875 0.6073128571381495 0.009375 0.009538641233702095
4 0.49765625 0.3766553721556833 0.0140625 0.014307961850553053