3 0.5931266230042431 0.2035314617543472 0.015017504942915849 0.023519313231716587
3 0.6311386175670357 0.22908545277735676 0.021076503954332537 0.01886817466803503
3 0.6415840276431479 0.2602672750842596 0.016452670950527094 0.02040340359079611
4 0.6474175335746468 0.2321150040070208 0.010139003954332714 0.018804542154477667
7 0.5337343769585757 0.18513144057891245 0.014508168973360824 0.011019313231716588
3 0.4374549431564675 0.2669223169441497 0.013582338935304606 0.026635222872636886
3 0.442813605209746 0.28876095550783126 0.015144838935304605 0.026644313231716586
3 0.3787020256659815 0.2711694554096354 0.021076503954332713 0.01886817466803503
3 0.4103021941450507 0.26239389822804304 0.016516337946721648 0.0219659035907962
3 0.456642636350116 0.14105925371243316 0.022384335969555025 0.012627265027114642
5 0.33830913041861693 0.1698660306434045 0.011765170950527093 0.02037613251355732
5 0.3130080414833123 0.19656943120913856 0.01151050296574958 0.014126132513557321
5 0.19869353209177212 0.241755187062871 0.010139003954332714 0.018804542154477667
5 0.21542077566598147 0.2721193979334554 0.011701503954332716 0.018813632513557367
5 0.06766507209220965 0.44793753025062105 0.014699169961943915 0.015706813231716587
4 0.1359203235750844 0.4405108496306577 0.008385502965749492 0.014107951795398144
4 0.06430530874633679 0.5112233254301609 0.011637836958138314 0.017251132513557366
3 0.1204478793928527 0.5710386869646752 0.01201983893530465 0.026626132513557367
5 0.1470196496588078 0.4748131267580208 0.011637836958138336 0.017251132513557366
3 0.33298898315690495 0.47295012402754627 0.013582338935304606 0.026635222872636886
4 0.5138516639932638 0.4047263230924697 0.008449169961943781 0.015670451795397965
5 0.4766434826626134 0.47445756099222136 0.013327670950527093 0.020385222872636888
5 0.4190843561611481 0.6794314073032293 0.014826503954332715 0.018831813231716586
7 0.3372958452867332 0.7314575156162898 0.011765170950527093 0.020376132513557365
3 0.7267933798871443 0.5651678776417836 0.01345500494291585 0.023510222872636887
5 0.6902457262368228 0.5036763866187739 0.014635502965749581 0.01414431323171641
5 0.7068125078343033 0.7488343505144204 0.013327670950527093 0.020385222872636888
3 0.6284620147543855 0.7164854588274809 0.019577670950527093 0.020421584308955333
3 0.6487307523970959 0.7749473986208265 0.015017504942915849 0.02351931323171641
3 0.6758914771882248 0.8942922962596944 0.017951503954332714 0.01884999394987581
4 0.713484319089279 0.8534582180008631 0.010075336958138337 0.017242042154477843
7 0.5422459890512229 0.8388331574996212 0.01626166996194378 0.015715903590795933
5 0.3669767336140155 0.8656279825369986 0.011701503954332716 0.018813632513557367
3 0.2761660498119072 0.9473870426454571 0.01345500494291585 0.023510222872636887
3 0.08319859429815002 0.7376221989667278 0.019577670950527093 0.020421584308955333
3 0.20470883836665096 0.7650336057789777 0.01801517095052709 0.02041249394987581
5 0.4377958413695815 0.3543995910464507 0.010139003954332537 0.018804542154477667
5 0.14318763140720012 0.1663148255283567 0.010139003954332714 0.01880454215447771
1 0.7662073428524563 0.34545936563973095 0.026209672927693363 0.029832945745273863
1 0.6327953235750844 0.43762011544333923 0.02126750494291585 0.023555674668035032
1 0.7938190538034209 0.5304110825604396 0.01964133794672147 0.02198408430895533
1 0.6885267173395742 0.5458638866187739 0.022893671939110228 0.02512726502711473
1 0.5127826180241462 0.6226496212970717 0.02809050790866543 0.03765453610435347
1 0.5566625409890207 0.1974950851927182 0.01964133794672147 0.02198408430895542
1 0.43504220897379825 0.19195413320092838 0.019577670950527093 0.02042158430895542
1 0.2653889421678843 0.27260975644290764 0.021140170950527094 0.020430674668035033
1 0.3999271323586022 0.5553535578689633 0.019705004942915848 0.023546584308955332
1 0.2463538047920041 0.5289097534178456 0.01976867193911023 0.02510908430895533
1 0.16427749794847155 0.7988546147559681 0.02139483893530465 0.02668067466803521
1 0.4602664771882249 0.8955467658126814 0.02126750494291585 0.02355567466803521
1 0.21725396483093523 0.9555404311109428 0.016771005931498984 0.028215903590795934
1 0.21542220939372775 0.9813262262904825 0.016452670950527094 0.020403403590796287
1 0.5301545073400117 0.7522053110904172 0.022957338935304605 0.02668976502711473
1 0.5828046634617913 0.8018871485226307 0.03239600593149916 0.02830680718159222
1 0.9094546881763705 0.6828270345522294 0.01664367193911005 0.025090903590796288
1 0.6652815824351519 0.7904724046709506 0.016643671939110406 0.02509090359079611
3 0.48155511163553655 0.2580740368899204 0.01677100593149916 0.028215903590796197