5 0.91100880297818 0.7915995681588449 0.017251132513557366 0.01143760517284953
5 0.991911806690613 0.6876502025611542 0.016176386618774075 0.01143760517284953
4 0.4943550297596417 0.22393732436054412 0.020385222872636888 0.013091033386094787
4 0.49083914431921816 0.15684075257378946 0.017242042154477666 0.009875105172849485
5 0.785302216626121 0.1365520184754141 0.018795451795397967 0.008358069279472158
2 0.747807282686508 0.2728221390876698 0.02353749394987581 0.01786946159934022
2 0.7050657916634984 0.3131349020197935 0.012545451795397965 0.008176212852981469
4 0.5502566135776178 0.5653375626820616 0.017232951795397966 0.00831260517284953
4 0.4933748336215844 0.4583805205204781 0.015670451795397965 0.008267141066226813
2 0.3251748003459013 0.5578218940357277 0.017232951795398143 0.00831260517284953
2 0.29041398096586457 0.6268135864347381 0.014135222872636887 0.012909176959604095
4 0.2087634842855143 0.4260299879258061 0.015670451795398055 0.008267141066226813
7 0.8081458607489473 0.43671950303600787 0.014126132513557366 0.011346676959604096
4 0.7597361527070333 0.5772141223946223 0.015679542154477845 0.009829641066226812
4 0.6271241614876322 0.7498513035108616 0.023519313231716587 0.01474446159934022