2 0.6130608818982112 0.20194380468285705 0.02225682954530477 0.02314907366340595
2 0.8678047033258413 0.3541411544428607 0.015815914772652206 0.01184755261671846
2 0.9861301891223816 0.20260031222242897 0.012718188311602674 0.013228042093374803
2 0.9093904111192043 0.1879848044005084 0.01885909415580116 0.007342063140062205
2 0.9581626964259822 0.4335472043581561 0.022065914772652205 0.01221157366340595
2 0.9162809338440805 0.5380303070313444 0.018968188311602675 0.013592063140062293
2 0.8308304034052714 0.6056357650085566 0.031468188311602675 0.014320105233436919
2 0.9943672033258413 0.6753930701149368 0.011265593348317537 0.02122255261671846
2 0.8619242650109431 0.8220721070878142 0.02837046185055314 0.01570059471009344
2 0.9892558735770178 0.8038442938065774 0.02148825284596434 0.018643584186749607
4 0.8919218620094135 0.5732929728445948 0.012718188311602674 0.013228042093374803
4 0.8904645020252996 0.6239377149520869 0.012663641233702094 0.010103042093374804
4 0.9310798193957398 0.5810368543863909 0.014226141233702094 0.01019404735504672
2 0.6791429926898088 0.7685012441030435 0.015843188311602675 0.01341005261671846
2 0.7473008831127319 0.6491589808782768 0.022065914772652385 0.012211573663405773
5 0.740772419233584 0.5434172150932612 0.018886367694751625 0.008904563140062294
2 0.8418694947216988 0.3885315649944393 0.01573409415580116 0.007160052616718459
4 0.905559847805954 0.41565477809214907 0.015761367694751626 0.008722552616718459
4 0.7833597451287361 0.21108212820508862 0.015788641233702095 0.01028505261671846
4 0.6459842504037419 0.3443434072854581 0.012636367694751627 0.008540542093374803
2 0.6507962556787475 0.4858861651779659 0.015843188311602675 0.01341005261671846
4 0.710142207790068 0.35354337301400396 0.017351141233702093 0.010376057878390377
2 0.6900478961016707 0.3648603046122699 0.012745461850553141 0.014790542093374803
7 0.6074764983718517 0.7315480046969745 0.009620461850553142 0.014608531570031147
4 0.5993485783241935 0.578885736281123 0.011101141233702094 0.010012036831702886
4 0.568303129866321 0.588784381047686 0.009538641233702095 0.009921031570031148
2 0.5422940089251584 0.5295157968609365 0.020476141233702096 0.010558068401734034
7 0.49203095616521486 0.5562456258566014 0.020448867694751627 0.008995568401734034
2 0.4586597540571898 0.20934053377734402 0.015734094155801338 0.007160052616718459
4 0.44406542004765814 0.17805273642229738 0.015734094155801338 0.007160052616718459
2 0.3193381554371616 0.18639731548854943 0.020476141233702096 0.010558068401734034
2 0.34343199472169894 0.35950088652111944 0.015815914772652383 0.01184755261671846
4 0.3966291327089901 0.32201556804879816 0.008030688311602674 0.01295502630835923
2 0.2902212199649326 0.3962049549934406 0.03141364123370209 0.01119510523343692
2 0.3694098879839959 0.46169271807703305 0.028288641233702096 0.011013094710093263
2 0.27389283644186835 0.4444226471150502 0.011182961850553053 0.014699536831702886
2 0.22538715259449252 0.4376952340032229 0.014280688311602674 0.01331904735504672
7 0.18162746996493262 0.3898800893072471 0.02047614123370205 0.010558068401734034
6 0.4353736274306891 0.6637704285439071 0.019104556006354478 0.021404563140062293
4 0.38234585916674446 0.8003834917545565 0.015788641233702095 0.01028505261671846
7 0.14158667126217886 0.5998319419804353 0.015815914772652383 0.01184755261671846
7 0.13305537661991015 0.513484918302912 0.015870461850553054 0.01497255261671846
2 0.2715411781620377 0.5332576339608707 0.011128414772652384 0.011574536831702887
2 0.23327397037196967 0.2188465234657618 0.031468188311602675 0.014320105233437009
7 0.2758938928552598 0.29078941290006577 0.015706820616851046 0.00559755261671846
3 0.2088893993480816 0.3867851813865045 0.011264782467404099 0.019387036831702887
2 0.11706831777418195 0.26827112884037313 0.01441705600635439 0.02113154735504663
5 0.06008588636243808 0.1783216920510225 0.006468188311602718 0.012864021046687402
3 0.40124804342115744 0.6313450654179623 0.008057961850552964 0.01451752630835923
2 0.15338191882984215 0.2024865051204975 0.018859094155801337 0.007342063140062205
4 0.21966680681383802 0.6465242024331919 0.015761367694751626 0.008722552616718459
7 0.22539683522405235 0.48296223137238703 0.015734094155801338 0.007160052616718459
2 0.320003771910802 0.7163655365493543 0.022065914772652385 0.012211573663405773