5 0.6678728871732169 0.3078125 0.012718188311602674 0.0125
7 0.8213150815706044 0.59453125 0.009702282467404188 0.01875
5 0.8278065892812421 0.653125 0.0065772824674041885 0.01875
4 0.7663042532431156 0.53125 0.014280688311602674 0.0125
3 0.8118155762955986 0.453125 0.009702282467404188 0.01875
3 0.7867821688265468 0.675 0.01282728246740401 0.01875
5 0.7690839744258642 0.86953125 0.012772735389503432 0.015625
3 0.7605504999934094 0.9625 0.01123750892845372 0.0171875
4 0.6957282950427153 0.87421875 0.012963650162155815 0.0265625
4 0.6173890608710277 0.8171875 0.012881829545304768 0.021875
3 0.5567748891985166 0.88046875 0.012881829545304768 0.021875
5 0.48435482385996664 0.5359375 0.008139782467404188 0.01875
5 0.5254316116023764 0.69609375 0.012827282467404189 0.01875
5 0.4494924488583189 0.7765625 0.0065772824674041885 0.01875
7 0.5691507893639677 0.42578125 0.006522735389503431 0.015625
5 0.5800046943973874 0.28671875 0.009756829545304768 0.021875
7 0.5122673640380084 0.61328125 0.006604556006354301 0.0203125
7 0.3736003303527884 0.6359375 0.009702282467404011 0.01875
5 0.4749481907406441 0.8921875 0.015843188311602675 0.0125
4 0.3601026663909149 0.7578125 0.011373876623205437 0.025
4 0.48956270089020915 0.38671875 0.01905000892845372 0.0171875
7 0.36845272889009106 0.878125 0.01282728246740401 0.01875
1 0.5765700028393738 0.22421875 0.006468188311602674 0.0125
2 0.6580729675293007 0.4625 0.014662517856907442 0.034375
4 0.5562553230491878 0.403125 0.012827282467404189 0.01875
2 0.4481700876596843 0.3875 0.0417704886359143 0.065625
2 0.5782720137931271 0.8140625 0.04470457386326192 0.0546875
2 0.43639025121122543 0.92109375 0.027326159090609536 0.04375
1 0.4310385036468574 0.83828125 0.009538641233702095 0.009375
1 0.39844023781854476 0.8953125 0.006440914772652384 0.0109375
4 0.4948634500761349 0.73515625 0.006495461850553141 0.0140625
3 0.3154720048646734 0.796875 0.020503414772652384 0.0109375
2 0.688372347805954 0.36328125 0.009538641233702095 0.009375
3 0.5892156477232284 0.590625 0.009865923701106106 0.028125