3 0.4125994730690287 0.09793861642050072 0.009520445745273776 0.025436647642635136
5 0.4234187984009937 0.11774169417075972 0.006359084308955332 0.019041098428423452
5 0.46464778639894105 0.14628191708245447 0.00947499394987581 0.01762414764263518
4 0.4652745002945876 0.17280802977890158 0.011046584308955332 0.019259422249740997
4 0.29352222014216245 0.15971948656054588 0.018859084308955422 0.01962329528527027
4 0.3100239189124984 0.14254910318593436 0.015770445745273864 0.025727746071058544
5 0.592985888956465 0.23793426199622125 0.01259090359079611 0.016207196856846906
5 0.372741045768715 0.37081534429459423 0.009511355386194253 0.02387414764263518
5 0.3837416574014252 0.49370703474130034 0.00948408430895542 0.01918664764263518
5 0.43854278688992043 0.4716286734925953 0.014144313231716587 0.014717471463952591
5 0.4709325851927183 0.5427566567433723 0.0063772650271147315 0.02216609842842345
5 0.5085007628858154 0.5292913161728316 0.011028403590796109 0.016134422249740866
5 0.5765740520152309 0.5081568707637268 0.009502265027114732 0.022311647642635178
5 0.6486672206331419 0.4673092388368575 0.012609084308955331 0.019332196856846905
3 0.5222728922761147 0.4442977320124319 0.01885908430895533 0.01962329528527036
3 0.34007294975229463 0.6160208364367113 0.015752265027114732 0.02260274607105863
5 0.27109114559576436 0.6590666691493692 0.011028403590796109 0.016134422249740866
3 0.33156503728270387 0.7359159594722406 0.0188409035907962 0.01649829528527036
5 0.4122701366187739 0.691543067206289 0.011046584308955332 0.019259422249740865
5 0.485399085290914 0.6069090479758665 0.011073855386194254 0.023946922249740866
3 0.3896082996775399 0.962056774402218 0.006368174668035032 0.020603598428423454
3 0.4015088568591322 0.9302609648489242 0.015661361436318445 0.006977746071058633
4 0.41632533578189335 0.9342571060814185 0.00947499394987581 0.01762414764263518
3 0.4275724288714475 0.7462840711352305 0.018840903590796286 0.01649829528527036
3 0.34993778738089976 0.7998864141869703 0.012636355386194254 0.024019696856846906
3 0.5737985099589491 0.5824847826743857 0.015715903590796287 0.016352746071058633
5 0.5375928443661003 0.6302523486378204 0.014153403590796287 0.01627997146395277
5 0.5330871515476927 0.599220672459138 0.014171584308955331 0.01940497146395259
3 0.7573155127876194 0.45287640364300036 0.01418976502711473 0.022529971463952768
3 0.7049263109922214 0.4631268529810466 0.018840903590796286 0.01649829528527036
5 0.7223819765850701 0.4162325823028821 0.009502265027114732 0.022311647642635178
5 0.705053576019336 0.44125185298104663 0.011064765027114731 0.02238442224974104
3 0.6064666059753694 0.33727929053226857 0.012645445745273775 0.025582196856846907
3 0.8380422962596942 0.673274486769943 0.011055674668035208 0.020821922249740867
4 0.7763644528755526 0.6691178337506243 0.011082945745273775 0.025509422249741044
4 0.664186639742032 0.753227468158693 0.012627265027114731 0.022457196856846905
4 0.6503468535394825 0.7156011896226457 0.015715903590796287 0.016352746071058633
4 0.5541753146064586 0.8676966906561031 0.011064765027114731 0.022384422249741222
4 0.6344531670657867 0.8967612983901514 0.01418976502711473 0.02252997146395259
4 0.38155997122231694 0.8687070347413002 0.01418067466803503 0.020967471463952593
4 0.31696166091746664 0.8295396809361935 0.01572499394987581 0.017915246071058634
3 0.20566158831597617 0.6285294526478151 0.012645445745273865 0.025582196856846907
4 0.17902688632418634 0.5079280082721676 0.009520445745273864 0.02543664764263518
4 0.16122630796715925 0.47985866625388496 0.015697722872636932 0.013227746071058633
3 0.13256095248276917 0.4397987464853433 0.012645445745273865 0.025582196856846907
4 0.1084285608940255 0.4260830028954842 0.006340903590796199 0.015916098428423453
4 0.17173253679172454 0.4192293813076969 0.012645445745273865 0.025582196856846907
3 0.10723772385459558 0.6307705028954841 0.012636355386194254 0.024019696856846906
5 0.20249620258096498 0.5013676391655798 0.009502265027114643 0.022311647642635178
4 0.7747944251590144 0.2677372702683889 0.009493174668035032 0.02074914764263518
0 0.6274881539835796 0.2144582206398924 0.04875566256778665 0.05694351282028158
0 0.5656608405554714 0.1017442049241267 0.04407725292686635 0.05828768899896399
0 0.4491222594679698 0.2641607758499601 0.03775453005422928 0.04549659057054054
0 0.3283961481298472 0.34085817059711115 0.03936248184962743 0.053381865177646405
4 0.6377847836684666 0.3241050483901514 0.011046584308955332 0.019259422249741042
4 0.6005984010567134 0.2719453889606919 0.01416249394987581 0.01784247146395277
4 0.5513841962362532 0.27345653908452644 0.012618174668035031 0.020894696856846907
2 0.477119473560008 0.41906444561850176 0.018895445745273954 0.02587329528527036
2 0.5658006993595113 0.34620268031702084 0.015715903590796287 0.016352746071058542
1 0.38360582289607803 0.3828059220448532 0.00948408430895542 0.01918664764263518
0 0.9311080576725717 0.2495223095578031 0.034647710772388506 0.04847604135632881
0 0.898758645104785 0.3057016890034732 0.031504530054229464 0.04520549214211718
0 0.8943887867917246 0.38557112552123785 0.03621021077238851 0.048548815963434674
0 0.9044717930382404 0.5319367032714968 0.033076120413308985 0.04684076674922295
0 0.8130791785768599 0.5338502677871896 0.03779998184962743 0.053309090570540715
0 0.916653630470454 0.5860420064146499 0.033194295081344194 0.06715326674922295
4 0.8566064647794093 0.5700938287882256 0.01414431323171641 0.014717471463952591
4 0.6242706877502421 0.6332446079434453 0.009520445745273776 0.02543664764263518
4 0.6351036486208266 0.6507039356937043 0.012627265027114731 0.022457196856846905
4 0.5910400312325796 0.7066478746926683 0.011064765027114731 0.02238442224974104
4 0.3003115338648583 0.4694754762214636 0.022002265027114644 0.022893844499482084
7 0.3401916453011768 0.46136972374026436 0.006368174668035032 0.020603598428423454
4 0.37175526268942355 0.4060079815981471 0.015688632513557364 0.011665246071058632
4 0.3621474167711991 0.7149656046336764 0.009502265027114643 0.022311647642635178
0 0.527845139643836 0.6947514962804556 0.042532933645025396 0.06133991439185813
4 0.6160400312325797 0.7054834809789746 0.012627265027114731 0.022457196856846905
0 0.6287304078924045 0.8064273968185749 0.03461134933607006 0.04222604135632864
4 0.672298600710812 0.8356397078196108 0.015752265027114732 0.02260274607105863
4 0.6687645345522293 0.9060977570338226 0.00634999394987581 0.017478598428423454
4 0.6663253357818933 0.9226131689444813 0.01259090359079611 0.016207196856846906
4 0.7069776068591322 0.916033529159729 0.012572722872636888 0.013082196856846907
4 0.7094168056294683 0.8995181172490703 0.012590903590796287 0.016207196856846906
4 0.5523764652703885 0.908394465263209 0.00634999394987581 0.017478598428423454
2 0.4583673900366195 0.9572921916895603 0.014226126463433176 0.028779971463952593
0 0.4023588054330765 0.7841672148489242 0.039389752926866174 0.0580693651776464
4 0.4876150493829523 0.7630134987616548 0.012581813231716588 0.014644696856846906
4 0.46303775108015455 0.6915216424753486 0.012581813231716588 0.014644696856846906
4 0.4045985371845081 0.6676881902418182 0.006359084308955332 0.019041098428423452
2 0.5991656277399793 0.786716364353586 0.015734084308955332 0.019477746071058632
4 0.6136155097625574 0.45097791749673927 0.009502265027114732 0.022311647642635178
0 0.7264826275435876 0.6511341211780117 0.03638292759490121 0.07823631596343468
0 0.936011642767094 0.7491584365222739 0.03621021077238851 0.048548815963434674
1 0.5406218747149172 0.7808516621200557 0.012572722872636888 0.013082196856846907
1 0.28774633870875965 0.8840110111676518 0.00948408430895542 0.01918664764263518
1 0.5765002873808998 0.789334096156621 0.01885908430895533 0.01962329528527036
1 0.43617020317014016 0.8794411734925951 0.014226126463433176 0.028779971463952593
1 0.2934206635497453 0.5799228246498871 0.015697722872636887 0.013227746071058633
4 0.7788213114832007 0.7838160345364125 0.007930674668035032 0.020676373035529317
4 0.7662758596878027 0.7922107313932594 0.009447722872636889 0.01293664764263518
0 0.252058302702602 0.9770546898275334 0.031377265027114645 0.023330492142117264
0 0.6943048900366195 0.9463032260165759 0.029887487899751618 0.035757717535011224
0 0.4411526189593807 0.9627802123677249 0.018904536104353477 0.02743579528527036
2 0.4809600075230621 0.9671744598865255 0.01886817466803503 0.02118579528527036
2 0.20916682075477872 0.9657747415229446 0.015806807181592396 0.03197774607105863
2 0.18846499795689656 0.6308924733259795 0.01887726502711464 0.022748295285270358
3 0.8186535094679698 0.2469495812694249 0.014171584308955331 0.01940497146395277
3 0.6600370335702708 0.2582424538906694 0.009520445745273953 0.02543664764263518
3 0.17248949825148413 0.8261150820934852 0.006377265027114642 0.02216609842842345
3 0.6443685225501768 0.9376945134439634 0.006359084308955332 0.019041098428423452