4 0.5981779959395149 0.27427587494422845 0.02220228246740419 0.01964133794672147
4 0.6418052650142384 0.2654619490507855 0.017487508928453722 0.017887836958138337
5 0.5654666818154857 0.37098904886050504 0.020476141233702096 0.010202670950527093
5 0.6111961931795713 0.30345403897467327 0.012800008928453722 0.017696835969555114
5 0.47974559577735915 0.25252023315690497 0.014307961850553141 0.014635502965749581
5 0.3811268636342667 0.29093808741524885 0.02058523538950343 0.016452670950527094
4 0.35745181006354415 0.18870442536197035 0.023655688311602675 0.01345500494291585
4 0.3150324849824663 0.1771421842592189 0.020694329545304768 0.022702670950527092
4 0.2628035576279122 0.2754324456279254 0.02214773538950343 0.01651633794672147
4 0.29581665503012444 0.3303772722059404 0.026807961850553053 0.015144838935304605
5 0.2625268680984935 0.3043705291260226 0.014307961850553141 0.014635502965749581
5 0.2572314419617554 0.35931269711080016 0.017351141233702006 0.010075336958138337
4 0.29819736119863466 0.377188605209746 0.0190772824674041 0.019514003954332716
5 0.07935012946257922 0.24616273418266924 0.017460235389503385 0.016325336958138335
4 0.08621951257860642 0.370971733194086 0.019022735389503387 0.016389003954332716
4 0.03409395089020915 0.3856045775665981 0.023655688311602717 0.01345500494291585
5 0.11872586972005131 0.5760438937644897 0.01740568831160272 0.013200336958138336
4 0.1254883384704632 0.5155693087835178 0.023655688311602717 0.01345500494291585
4 0.14947526338938533 0.5013012203425047 0.01740568831160272 0.013200336958138336
4 0.04281398051494415 0.6612266600761122 0.01746023538950341 0.016325336958138335
5 0.114941945204871 0.8967383957416561 0.014253414772652384 0.01151050296574958
5 0.21904879260708326 0.9487863739928264 0.014307961850553053 0.014635502965749581
4 0.302221982543539 0.7421278557040376 0.02058523538950343 0.016452670950527094
4 0.3593856460983754 0.7921795938410394 0.02532728246740401 0.019768671939110406
5 0.4757083011317952 0.6482784021302657 0.01746023538950343 0.016325336958138335
5 0.47222479098552544 0.6726563196207518 0.020476141233702096 0.010202670950527093
3 0.7434452260507174 0.6240782622829275 0.025218188311602673 0.013518671939110405
4 0.6549787897677094 0.7066453645641051 0.0159795560063543 0.02094916996194396
4 0.7007237122509996 0.774362105172565 0.022229556006354477 0.021203837946721472
4 0.2100657102224047 0.7028836249814094 0.0143897824674041 0.01932300296574958
5 0.8073792666357962 0.5245292484427632 0.017378414772652562 0.011637836958138336
5 0.8300161513766765 0.43291741000175 0.017351141233702093 0.010075336958138337
7 0.7436792309219812 0.4583259282905388 0.017378414772652385 0.011637836958138336
2 0.3579555596532118 0.8446188443353311 0.044240923701106105 0.029907675893442943
2 0.2801851156595662 0.8681146941450507 0.025245461850553052 0.01508117193911005
4 0.49998732669934043 0.740323980685447 0.01587046185055314 0.014699169961943958
2 0.4662945706135558 0.46728307011504333 0.02680796185055314 0.015144838935304605
4 0.4581860158250173 0.4058508215979181 0.015897735389503433 0.01626166996194378
2 0.3150830779204517 0.2248302677573161 0.022093188311602674 0.013391337946721472
0 0.34120088757695877 0.6013781803048863 0.07428297970746059 0.051429848821136305
6 0.753796344963285 0.5900388433095668 0.06301819724005639 0.03223417984777566
2 0.18731182304589242 0.877371630418617 0.0222022824674041 0.019641337946721647