3 0.35859375 0.66171875 0.0140625 0.01875
1 0.175 0.25625 0.0046875 0.0109375
1 0.25078125 0.2328125 0.0078125 0.0109375
1 0.3609375 0.24453125 0.00546875 0.0125
1 0.396875 0.146875 0.0078125 0.009375
1 0.42734375 0.14296875 0.0046875 0.01328125
1 0.47421875 0.16640625 0.00859375 0.01015625
1 0.528125 0.16875 0.00625 0.0125
1 0.56484375 0.134375 0.0078125 0.0109375
1 0.58515625 0.115625 0.00859375 0.009375
1 0.565625 0.11953125 0.0078125 0.01015625
1 0.6265625 0.1125 0.00703125 0.0125
1 0.6953125 0.18046875 0.00703125 0.0140625
1 0.6390625 0.25546875 0.009375 0.01015625
1 0.6609375 0.23671875 0.009375 0.0125
1 0.65390625 0.28671875 0.00859375 0.01484375
1 0.54921875 0.246875 0.00625 0.0125
1 0.565625 0.2625 0.01015625 0.009375
1 0.4796875 0.24453125 0.00859375 0.009375
1 0.46171875 0.2328125 0.00859375 0.009375
1 0.4609375 0.2765625 0.00703125 0.0109375
1 0.3640625 0.27109375 0.00859375 0.01015625
1 0.278125 0.32578125 0.01015625 0.0109375
1 0.33828125 0.33828125 0.0078125 0.00859375
1 0.33203125 0.3234375 0.00703125 0.01171875
1 0.3765625 0.30546875 0.0046875 0.01171875
1 0.38046875 0.31484375 0.00625 0.01171875
1 0.40703125 0.35 0.00625 0.0109375
1 0.40234375 0.4953125 0.00859375 0.01171875
1 0.434375 0.49296875 0.009375 0.009375
1 0.4796875 0.49921875 0.009375 0.01015625
1 0.56953125 0.35546875 0.01015625 0.00859375
1 0.30859375 0.68203125 0.01640625 0.01953125
1 0.47734375 0.621875 0.00625 0.0125
1 0.46171875 0.621875 0.00859375 0.01015625
1 0.55703125 0.63046875 0.00703125 0.015625
1 0.66328125 0.50390625 0.00703125 0.01484375
1 0.6390625 0.56484375 0.00859375 0.01015625
1 0.10546875 0.5390625 0.01875 0.01640625
1 0.35078125 0.52578125 0.00625 0.01015625
1 0.603125 0.40703125 0.00859375 0.0125
1 0.61484375 0.39765625 0.00859375 0.0109375
1 0.575 0.37421875 0.0078125 0.01171875
1 0.5015625 0.4171875 0.00625 0.01328125
1 0.4390625 0.4578125 0.01015625 0.009375
1 0.47578125 0.46953125 0.00703125 0.0125
1 0.68828125 0.42421875 0.0078125 0.0125
1 0.73125 0.34609375 0.00703125 0.0109375
1 0.59609375 0.33203125 0.00859375 0.01015625
1 0.8015625 0.21484375 0.00625 0.01015625
1 0.24140625 0.4015625 0.0078125 0.01171875
1 0.23984375 0.3609375 0.00703125 0.0125
1 0.35234375 0.46640625 0.009375 0.01015625
1 0.3046875 0.55546875 0.0109375 0.0078125
1 0.23828125 0.58125 0.00859375 0.0078125
1 0.45234375 0.59765625 0.009375 0.0078125
1 0.71796875 0.53203125 0.00625 0.0140625
1 0.7171875 0.55 0.00703125 0.01171875
1 0.7515625 0.5265625 0.00625 0.01328125
1 0.7609375 0.56015625 0.00625 0.01171875
1 0.528125 0.70546875 0.0078125 0.009375
1 0.54140625 0.69453125 0.00625 0.0125
1 0.6390625 0.6734375 0.0078125 0.0078125
1 0.6625 0.6484375 0.00546875 0.01328125
1 0.77890625 0.59609375 0.00703125 0.01171875
1 0.49140625 0.79296875 0.00546875 0.0125
1 0.41171875 0.9359375 0.0078125 0.01171875
1 0.4203125 0.94765625 0.00859375 0.01015625
1 0.36875 0.96484375 0.00625 0.0109375
1 0.37890625 0.98046875 0.00703125 0.009375
1 0.36015625 0.95 0.00703125 0.00703125
1 0.46171875 0.8578125 0.00703125 0.009375
1 0.42421875 0.91953125 0.00859375 0.0109375
1 0.36875 0.91953125 0.00859375 0.01015625
1 0.4359375 0.78828125 0.00859375 0.0140625
1 0.2609375 0.7390625 0.0078125 0.01171875
1 0.14375 0.27265625 0.00546875 0.01015625
1 0.12421875 0.3296875 0.00703125 0.00859375
1 0.11875 0.37890625 0.00703125 0.00859375
1 0.17109375 0.41875 0.00703125 0.01015625
1 0.6453125 0.55625 0.0078125 0.01015625
1 0.67265625 0.53515625 0.00546875 0.0109375
1 0.70390625 0.53671875 0.00546875 0.0109375
1 0.76015625 0.525 0.0078125 0.01015625
1 0.809375 0.5890625 0.009375 0.01015625
1 0.8 0.55546875 0.0078125 0.009375
1 0.53828125 0.94375 0.0078125 0.01171875
1 0.54375 0.9265625 0.009375 0.0109375
1 0.50078125 0.93046875 0.00625 0.009375
1 0.58125 0.88359375 0.0078125 0.00859375
1 0.59140625 0.8875 0.0078125 0.01015625
1 0.6015625 0.884375 0.00859375 0.0109375
1 0.58828125 0.86015625 0.00859375 0.009375
1 0.63828125 0.86953125 0.00625 0.009375
1 0.6484375 0.8703125 0.00703125 0.009375
1 0.63984375 0.8953125 0.0078125 0.0109375
1 0.70078125 0.82265625 0.00625 0.0125
1 0.675 0.86328125 0.0046875 0.009375
1 0.73203125 0.75078125 0.0078125 0.01015625
1 0.74140625 0.76171875 0.00703125 0.009375
1 0.73671875 0.7421875 0.0109375 0.01015625
1 0.7890625 0.696875 0.00546875 0.0109375
1 0.79921875 0.7078125 0.00625 0.0140625
1 0.809375 0.715625 0.00859375 0.0140625
1 0.775 0.73828125 0.00859375 0.009375
1 0.76328125 0.6734375 0.00703125 0.0109375
1 0.690625 0.66640625 0.00859375 0.01015625
1 0.75546875 0.61640625 0.00859375 0.01328125
1 0.2265625 0.77109375 0.00703125 0.00859375
1 0.36328125 0.79453125 0.00625 0.01171875
1 0.2234375 0.70859375 0.00625 0.01171875
1 0.26796875 0.69375 0.00546875 0.0109375
1 0.325 0.7640625 0.00859375 0.01171875
1 0.25234375 0.86640625 0.00625 0.01484375
1 0.29296875 0.8859375 0.00546875 0.0109375
1 0.3125 0.8703125 0.00546875 0.01015625
1 0.3703125 0.83515625 0.0078125 0.01171875
3 0.3796875 0.83671875 0.0078125 0.0171875
1 0.75390625 0.81484375 0.00859375 0.0109375
1 0.7421875 0.86171875 0.0078125 0.009375
1 0.78671875 0.796875 0.00625 0.00859375
1 0.81796875 0.7578125 0.00859375 0.00859375
1 0.86015625 0.7828125 0.00625 0.01328125
1 0.86796875 0.7703125 0.00703125 0.00703125
1 0.86328125 0.74921875 0.00546875 0.0078125
1 0.809375 0.78984375 0.0078125 0.01015625
1 0.73046875 0.234375 0.0078125 0.00859375
1 0.79140625 0.1890625 0.00859375 0.0078125
1 0.7921875 0.134375 0.00703125 0.01015625
1 0.82734375 0.18203125 0.00859375 0.01015625
1 0.87578125 0.17578125 0.0078125 0.01015625
1 0.83359375 0.2390625 0.0078125 0.01171875
1 0.90234375 0.30703125 0.00703125 0.0140625
1 0.85390625 0.31953125 0.00625 0.0109375
1 0.91171875 0.2921875 0.00625 0.0125
1 0.91640625 0.325 0.00625 0.009375
1 0.92265625 0.3203125 0.00546875 0.01171875
1 0.9296875 0.30859375 0.00625 0.0109375
1 0.93984375 0.3359375 0.00859375 0.009375
1 0.94140625 0.3515625 0.0078125 0.01015625
1 0.934375 0.390625 0.00703125 0.009375
1 0.94609375 0.375 0.0078125 0.0078125
1 0.95390625 0.38828125 0.00703125 0.01171875
1 0.91640625 0.43046875 0.0078125 0.0125
1 0.921875 0.471875 0.0078125 0.01171875
1 0.8859375 0.5875 0.009375 0.0140625