5 0.27421875 0.22476394216788428 0.0140625 0.019323002965749493
4 0.6609375 0.1863501106097724 0.0140625 0.016198002965749535
4 0.33359375 0.45515709631249734 0.0078125 0.015943334980972067
4 0.51640625 0.3742705577577536 0.0078125 0.017505834980971892
4 0.66640625 0.32597102612309203 0.0140625 0.02088550296574958
4 0.64453125 0.32608111406981355 0.0109375 0.016070668973360736
2 0.0984375 0.26786397923975336 0.05 0.045787343878220546
4 0.22421875 0.14242628604610483 0.0109375 0.012945668973360736
4 0.228125 0.11257961855561885 0.009375 0.014444501977166357
4 0.28828125 0.09215968920213477 0.0078125 0.014380834980971957
4 0.37421875 0.12615800441144326 0.00625 0.0158796679847776
4 0.403125 0.192948914981847 0.0078125 0.01594333498097198
4 0.41875 0.23137474501990313 0.0140625 0.01932300296574958
4 0.5609375 0.23104979836621348 0.0125 0.016134335969555113
4 0.540625 0.22562746931674055 0.0140625 0.01932300296574958
4 0.69140625 0.15698360418398177 0.009375 0.016007001977166358
4 0.6578125 0.23960244460216118 0.0078125 0.01906833498097198
1 0.56796875 0.3120132968833387 0.0109375 0.019195668973360735
4 0.50703125 0.28402755973491994 0.0140625 0.01619800296574958
4 0.49375 0.2978499792025723 0.0125 0.013009335969555114
4 0.490625 0.3354773131949611 0.0078125 0.012818334980971891
4 0.34296875 0.24071259433533107 0.0078125 0.01594333498097198
4 0.35859375 0.34788842437338713 0.0140625 0.02088550296574958
4 0.37890625 0.32987325342286006 0.009375 0.016007001977166358
4 0.67578125 0.2888702741459257 0.0109375 0.012945668973360825
4 0.5484375 0.4151528843357687 0.0109375 0.016070668973360826
4 0.63046875 0.391497867035563 0.0109375 0.016070668973360736
1 0.4515625 0.4839439880998208 0.009375 0.00975700197716627