5 0.33125 0.140625 0.009375 0.01484375
5 0.3734375 0.21953125 0.01171875 0.0140625
5 0.43359375 0.1390625 0.01484375 0.0109375
5 0.41640625 0.1328125 0.01484375 0.009375
5 0.41875 0.25546875 0.0078125 0.015625
5 0.4640625 0.27109375 0.01328125 0.0109375
5 0.39765625 0.08671875 0.0078125 0.01875
7 0.35078125 0.09765625 0.00625 0.01484375
5 0.3125 0.084375 0.0125 0.0109375
5 0.36953125 0.04453125 0.01171875 0.0109375
5 0.56328125 0.10859375 0.01328125 0.01640625
5 0.5109375 0.13046875 0.00625 0.01796875
5 0.5140625 0.18984375 0.0125 0.01171875
5 0.52890625 0.10859375 0.0125 0.0125
5 0.56796875 0.26484375 0.00859375 0.0171875
5 0.60234375 0.23046875 0.0125 0.0203125
5 0.521875 0.21328125 0.00703125 0.01328125
7 0.50546875 0.28671875 0.0109375 0.009375
5 0.3515625 0.3171875 0.01171875 0.0140625
5 0.39609375 0.340625 0.009375 0.0140625
5 0.41328125 0.3546875 0.015625 0.0109375
3 0.3625 0.34140625 0.01171875 0.02109375
5 0.29921875 0.31328125 0.0109375 0.01953125
5 0.325 0.41875 0.0078125 0.01875
5 0.36015625 0.4375 0.01171875 0.0109375
5 0.37421875 0.4453125 0.0125 0.0109375
5 0.43671875 0.43203125 0.00859375 0.01640625
5 0.4296875 0.36484375 0.01171875 0.0140625
5 0.4703125 0.42265625 0.009375 0.015625
5 0.5140625 0.42109375 0.01328125 0.0140625
5 0.5671875 0.41171875 0.01015625 0.0234375
5 0.33828125 0.49609375 0.01015625 0.0140625
3 0.35625 0.5484375 0.01015625 0.0234375
4 0.409375 0.50546875 0.01015625 0.01484375
3 0.4609375 0.4671875 0.009375 0.025
5 0.24296875 0.48046875 0.01015625 0.0140625
5 0.2015625 0.53984375 0.0078125 0.01875
5 0.29609375 0.6640625 0.0078125 0.0203125
5 0.2875 0.5984375 0.00859375 0.0203125
7 0.696875 0.13828125 0.009375 0.0140625
2 0.47734375 0.58828125 0.01484375 0.01953125
2 0.53984375 0.61328125 0.0140625 0.01484375
2 0.18984375 0.5171875 0.01328125 0.0125
2 0.2421875 0.42109375 0.0125 0.02265625
2 0.259375 0.39609375 0.01328125 0.0140625
2 0.296875 0.2921875 0.01875 0.01796875
2 0.225 0.34453125 0.01171875 0.0203125
2 0.24609375 0.33125 0.00859375 0.02265625
2 0.1875 0.2953125 0.0125 0.02109375
2 0.35546875 0.06953125 0.01015625 0.01640625
7 0.41796875 0.03984375 0.00625 0.01171875
2 0.540625 0.4703125 0.01171875 0.01875
2 0.5109375 0.434375 0.01328125 0.01328125
2 0.340625 0.46328125 0.01328125 0.02421875
2 0.30859375 0.51953125 0.00625 0.0125
3 0.22734375 0.4046875 0.01328125 0.0140625
3 0.28359375 0.40390625 0.01484375 0.01640625
3 0.38671875 0.4140625 0.0125 0.021875
3 0.47734375 0.53203125 0.0171875 0.01328125
3 0.4328125 0.7578125 0.00625 0.02421875
7 0.4515625 0.7046875 0.00546875 0.01171875
7 0.28125 0.44375 0.01015625 0.0109375
3 0.4578125 0.1484375 0.01796875 0.009375