5 0.4933083537268712 0.2748949146012551 0.008576503954332714 0.019113873035529316
5 0.48315210372687123 0.2753679495474432 0.014762836958138337 0.01784247146395277
5 0.4239389298105946 0.3124356100103599 0.016389003954332716 0.019477746071058545
5 0.41337150292856845 0.3612733703494421 0.008576503954332714 0.019113873035529316
5 0.4614442469970694 0.3871059702256076 0.011765170950527093 0.020821922249741043
5 0.5071241615218058 0.39511536931598484 0.008703837946721648 0.022238873035529315
5 0.3426597549057348 0.35520961497275866 0.010202670950527093 0.02074914764263518
5 0.33474248414548813 0.4538290514905233 0.01026633794672147 0.022311647642635178
5 0.2439755627006695 0.48066984139911006 0.014635502965749492 0.01471747146395277
5 0.6153531555903069 0.41814614681857487 0.008576503954332714 0.019113873035529316
4 0.6321679238790956 0.330808812658175 0.01001166996194396 0.01606164764263518
3 0.3567382064651593 0.5838054958661708 0.019450336958138338 0.01806079528527036
5 0.3456932771116752 0.644362006205253 0.014635502965749581 0.014717471463952591
5 0.4899990340317574 0.6048906296550671 0.008576503954332714 0.019113873035529316
3 0.5815697687087182 0.6731440159251626 0.015144838935304605 0.02721747146395259
5 0.6294342657429687 0.6849505031048811 0.011637836958138336 0.017696922249741044
3 0.6946255256288005 0.6351281315170938 0.01189250494291585 0.023946922249740866
5 0.6116511995450771 0.6046829603008101 0.013200336958138336 0.017769696856846907
5 0.22419762049560416 0.6024549501666158 0.017633168973360824 0.011738020678164318
5 0.43109758342373505 0.7682660789931133 0.017633168973360824 0.011738020678164318
5 0.38755317186474814 0.7461214052956302 0.014762836958138337 0.01784247146395259
3 0.3710978423209837 0.7289531759737946 0.01026633794672147 0.022311647642635178
5 0.6096973576812039 0.25075959367542167 0.014508168973360824 0.011592471463952769
5 0.7463591219784789 0.5711169813932594 0.013200336958138336 0.017769696856846907
5 0.6262349643738248 0.5338246507475162 0.016070668973360826 0.011665246071058632
5 0.330097452016535 0.6061000268834175 0.013264003954332715 0.019332196856846905
5 0.43166131612352954 0.8501153924753485 0.011765170950527093 0.02082192224974122
7 0.7020453892786844 0.491305356909988 0.011765170950527093 0.020821922249740867
6 0.6892800869209573 0.3453036521952583 0.035775673916276673 0.035976041356328814
2 0.43146226973448243 0.2808945115819365 0.02745383794672147 0.023112168320799497
2 0.3677035172630245 0.2955606331697237 0.010139003954332714 0.01918664764263518
2 0.4033744204190544 0.35784015529563024 0.008512836958138337 0.017551373035529318
2 0.46155433494379083 0.36526735752916056 0.01151050296574958 0.014571922249741043
2 0.4647947400769872 0.41970014640429004 0.02432883794672147 0.02296661910658777
2 0.5793095207230656 0.269329811210433 0.027390170950527093 0.021549668320799586
2 0.4458431047154544 0.27242704011798374 0.01151050296574958 0.014571922249741043
2 0.20773697376536485 0.5088697700589918 0.026146005931498982 0.029289393713693813
6 0.3470713877958097 0.5148564427230177 0.05458934091247105 0.038411836641598994
2 0.3058972425484451 0.41540440632908754 0.011574169961943959 0.016134422249740866
2 0.2688601575674732 0.42492710959607516 0.011637836958138336 0.017696922249741044
2 0.3004165636892527 0.47336245554329925 0.011574169961943959 0.016134422249740866
2 0.3050947934232976 0.569055945204217 0.008576503954332714 0.019113873035529316
2 0.4295191318643107 0.5390880012428543 0.016325336958138335 0.017915246071058634
2 0.47260062840426953 0.5534565622438903 0.017887836958138337 0.017988020678164497
2 0.3090116777962472 0.7217079102580289 0.02439250494291585 0.024529119106587772
2 0.40234252513450885 0.6510807330458892 0.00994800296574958 0.01449914764263518
2 0.3719838630812303 0.6306612251880063 0.01619800296574958 0.014790246071058633
2 0.5020042855146322 0.5973135701017732 0.017760502965749582 0.014863020678164317
2 0.5743448591268976 0.639950526264245 0.01151050296574958 0.014571922249740864
5 0.36116435718691237 0.264674506205253 0.014635502965749581 0.01471747146395277
5 0.43586592684484504 0.3259159131535131 0.014635502965749581 0.014717471463952681
5 0.4543811634989723 0.388214705957584 0.01151050296574958 0.014571922249741043
5 0.526650094335331 0.31778873594137336 0.014635502965749581 0.01471747146395277
5 0.4576546966165086 0.23132900517179572 0.014508168973360824 0.011592471463952769
5 0.5268517296968639 0.4659351375129499 0.012882001977166269 0.009957196856846906
5 0.2807924717881985 0.5148243635250166 0.013136669961943959 0.016207196856846906
5 0.2749735533091293 0.5236728246498871 0.014508168973360736 0.011592471463952592
5 0.24333889273872558 0.49629484139911006 0.013009335969555114 0.013082196856846907
2 0.2893451180241462 0.6111171666681697 0.01182883794672147 0.022384422249740864
7 0.42050493471632944 0.683764800457066 0.00969333498097189 0.00824914764263518
2 0.4499536486702246 0.45859998056468976 0.022957338935304605 0.027581344499482085
5 0.282268741559862 0.42118352543567533 0.014508168973360736 0.011592471463952592
5 0.3006168349437909 0.37276314206106387 0.008576503954332714 0.019113873035529316