5 0.3544093258882322 0.18526493243638747 0.014863020678164496 0.017596676959604096
4 0.7252890601724664 0.23705813532674608 0.01471747146395277 0.014471676959604097
4 0.369903855043452 0.41715979011651944 0.010175520678164407 0.017460284639736125
4 0.5560211375084407 0.38201659732179766 0.010175520678164319 0.017460284639736125
4 0.7072561517764644 0.3705753289793976 0.015008569892376044 0.020721676959604095
4 0.686652553348041 0.36491636236549246 0.011738020678164318 0.01750574874635875
2 0.18157113937046754 0.18638246621819374 0.05218323821317572 0.048329851411925785
4 0.3212821486760925 0.09548101840890708 0.011592471463952769 0.014380748746358774
4 0.3309824803552929 0.06860026966254831 0.010029971463952769 0.014335284639736079
4 0.39173804383752825 0.06292091950426373 0.00846747146395277 0.014289820533113406
4 0.46534251778268027 0.11475855265293175 0.006904971463952592 0.014244356426490735
4 0.4811173751024439 0.1847073397999503 0.008540246071058633 0.015852320533113407
4 0.4892231275836433 0.22436923337345957 0.013300520678164496 0.017551212852981467
4 0.623709443547078 0.2564422843105317 0.011738020678164318 0.01750574874635884
4 0.6052676586008898 0.24680887153669256 0.014863020678164317 0.017596676959604096
4 0.7595356275836432 0.21650394292773573 0.011738020678164495 0.01750574874635875
4 0.713518960296301 0.2866860622863502 0.010175520678164495 0.017460284639736125
1 0.6156658112059238 0.3356895151102018 0.01337329528527036 0.019113712852981378
4 0.5628832595105127 0.2941983485754389 0.01471747146395277 0.014471676959604097
4 0.5484761571531479 0.3040052575883544 0.011592471463952592 0.01438074874635884
4 0.5383948358130296 0.3395024883880245 0.00846747146395277 0.014289820533113406
4 0.41609384263745514 0.21632706433141421 0.010175520678164319 0.017460284639736125
4 0.41237599131354763 0.321264616917839 0.016571069892376222 0.02076714106622681
4 0.43448643176025376 0.3088866373718101 0.011738020678164318 0.01750574874635875
4 0.7221341350272413 0.3372854558598595 0.011592471463952769 0.014380748746358751
4 0.5792617384180636 0.42749658188239154 0.011738020678164318 0.017505748746358664
4 0.6620014638109577 0.4235244842313894 0.011738020678164318 0.01750574874635884
1 0.47646637820281584 0.47116767702611106 0.011446922249740865 0.011255748746358662