4 0.7032302896063548 0.7190152846767542 0.024019381458888843 0.025818455534962936
4 0.6876929425323963 0.5553620124442358 0.02074891109416672 0.019459328130301046
4 0.604962216565 0.09146569275145508 0.023983013867708357 0.024255955534962848
4 0.5747675299196182 0.17149049864923763 0.023837543502986235 0.01800595553496285
4 0.5240206878796528 0.07396322342149415 0.022129573138263935 0.011701391832631991
4 0.4372311623284377 0.17472960445435293 0.012936411094166721 0.019186509618646853
4 0.5236278296908685 0.42660707378431384 0.03321254350298623 0.0183333377489479
3 0.42811400151861145 0.3540996459241652 0.028415940729444422 0.013482146641955416
2 0.42851796428388944 0.5730133370311578 0.02238414627652787 0.022638891832631812
2 0.3709795276385075 0.6539930077197302 0.02703527868534721 0.021240082939624472
2 0.36514775493708396 0.6721800125290537 0.01925914627652787 0.022529764427970278
4 0.20762815529767428 0.7910540420179665 0.028597778685347207 0.02129464664195524
4 0.18582458405927146 0.7277008701482676 0.028634146276527783 0.022857146641955418
5 0.10202885267663246 0.621163182669472 0.012790940729444467 0.012936509618646851
2 0.5413277420193061 0.6159870323145016 0.02074891109416672 0.019459328130301046
2 0.6251416571975353 0.7233059697932971 0.03165004350298624 0.01827877404661713
2 0.7527893060395143 0.4631720232440089 0.03179551386770836 0.02452877404661713
2 0.6194267196991321 0.20902521498397367 0.03343074905006951 0.027708337748947987
2 0.503728331306389 0.17631689710529158 0.03317617591180557 0.016770837748947987
2 0.5154295507211808 0.20874745118897559 0.02703527868534721 0.02124008293962456
2 0.3887741721120834 0.1083977655242786 0.012936411094166721 0.019186509618646853
2 0.3587424864166321 0.16183278957089572 0.025472778685347208 0.021185519237293705
2 0.31134603523795173 0.44340273730131025 0.036373911094166725 0.02000496515360961
2 0.3899808347248615 0.4961705840359329 0.025254573138263937 0.011810519237293704
2 0.25240679312173653 0.4306051261387173 0.016206881458888843 0.025545637023308566
1 0.6032322492375007 0.8233704571794254 0.025472778685347208 0.021185519237293705