3 0.8513090117074651 0.2002675259972615 0.014217036104353297 0.026971676959604098
3 0.7660982195529872 0.1933703198081976 0.01884999394987581 0.017733069279472158
3 0.6856749213483854 0.20352422129926567 0.017342036104353475 0.02706260517284953
3 0.6302061713483853 0.20513819708437087 0.022020445745273776 0.025636497492717503
3 0.6805834212501894 0.2685270956724451 0.021974993949875808 0.017823997492717503
3 0.7784987464839586 0.3102168390085275 0.014226126463433176 0.028534176959604095
3 0.5875464935570923 0.2595134600164946 0.017342036104353652 0.02706260517284953
3 0.7139913397699045 0.36991609943336873 0.01887726502711473 0.02242056927947216
3 0.6186061168972674 0.36018940993735227 0.020476126463433175 0.028716033386094873
3 0.5115203247427897 0.35392870124100595 0.012654536104353475 0.026926212852981468
3 0.47640498135864806 0.3619828936400163 0.015797716822512697 0.030142141066226813
3 0.4952867915653025 0.38409357436054414 0.01885908430895533 0.019295569279472246
3 0.6855805143397437 0.45591343540588836 0.020403403590796287 0.016216033386094963
3 0.6671895835233885 0.5181777546853605 0.014207945745273776 0.025409176959604096
3 0.4285492643397436 0.4633922809453194 0.018913626463433177 0.028670569279472247
5 0.3644504029034251 0.4590063093168493 0.011082945745273954 0.02531824874635884
3 0.7208372791704665 0.6064757250601893 0.020457945745273952 0.025591033386094964
3 0.692771366504484 0.6174503289793976 0.021974993949875808 0.017823997492717503
3 0.8601310624461496 0.5078754375174593 0.017323855386194253 0.02393760517284953
3 0.8253520623479538 0.5737421299164698 0.02200226502711473 0.02251149749271768
3 0.795896366504484 0.6144496979423006 0.014217036104353476 0.026971676959604098
4 0.4405265686926656 0.37318481809233794 0.00947499394987581 0.017460284639736125
4 0.5629651709556018 0.46651361777576883 0.01726931323171641 0.014562605172849529
4 0.6472947191602038 0.45624605601814405 0.010982951795398144 0.008130748746358663
4 0.716821423980664 0.4534416532734348 0.006340903590796287 0.015806856426490868
2 0.7752560926967706 0.4243929992750841 0.011001132513557365 0.011255748746358662
4 0.5606567406302261 0.20403634982908017 0.02510908430895533 0.019477425705962937
4 0.5255272408266178 0.07534906017477913 0.009484084308955332 0.019022784639736078
4 0.6535866675377563 0.731890913698276 0.01887726502711473 0.022420569279472245
3 0.49353235226293635 0.0825310743605441 0.01572499394987581 0.017642141066226812
3 0.585166903001621 0.38772938822973996 0.014198855386194253 0.023846676959604095
3 0.8042623366466465 0.44073941330256455 0.014198855386194253 0.023846676959604095
3 0.5204095114128774 0.4044598986545812 0.01418067466803503 0.020721676959604095
3 0.736285017168414 0.5755523339939626 0.01731476502711473 0.02237510517284953
3 0.6525821828594586 0.559234663698276 0.020476126463433175 0.028716033386094787
3 0.8111668425003788 0.5530575568760738 0.02047612646343282 0.028716033386094963
3 0.942675396853301 0.45937208986645733 0.011092036104353298 0.026880748746358662
7 0.55040504185989 0.18792561652212758 0.00945681323171641 0.014335284639736079
3 0.48119299618937106 0.5134317333734596 0.01731476502711473 0.02237510517284953
3 0.6954560049699696 0.6759758828194636 0.015743174668035032 0.02076714106622681
3 0.512707137483527 0.6922326832943173 0.017323855386194253 0.02393760517284953
3 0.5452287459929792 0.641277937055241 0.020403403590796287 0.016216033386094963
3 0.68896056527482 0.6339702392459543 0.01731476502711473 0.02237510517284953
3 0.8897634994108248 0.3632388874383171 0.01885908430895533 0.01929556927947216
3 0.8326095295632501 0.343804577330045 0.011073855386194254 0.023755748746358753
3 0.7790259873105765 0.4008418390085275 0.01885908430895533 0.019295569279472246
2 0.4269584515008106 0.1899547809453194 0.015715903590796287 0.016079641066226814
3 0.6277907402374426 0.4615018573509276 0.01726022287263689 0.01300010517284953
7 0.8369925025340826 0.29132443501017696 0.01414431323171641 0.014471676959604097
3 0.7019458577238853 0.4484048122863502 0.015761355386194255 0.023892141066226814
3 0.5058384721852659 0.4517668076674967 0.012654536104353475 0.026926212852981378
3 0.47606461377400955 0.43778687569332764 0.015743174668035032 0.02076714106622681
3 0.5289356046006274 0.5268888281214679 0.02039431323171641 0.014653533386094963
3 0.7097866705628184 0.7216604558598595 0.011092036104353475 0.026880748746358662
3 0.8349725020431034 0.6156568452767337 0.015761355386194255 0.023892141066226814
3 0.8630065984523073 0.5992134913575253 0.014207945745273776 0.025409176959604096
3 0.5888065500513137 0.7447151741231173 0.015743174668035032 0.02076714106622681
3 0.8179122670702181 0.6380319504495832 0.011055674668035208 0.020630748746358663
3 0.7475719751121321 0.5009926031942925 0.017342036104353475 0.02706260517284953
3 0.7442202370159888 0.5964187634608491 0.012636355386194254 0.02380121285298138