5 0.2967068244011165 0.17429736407579885 0.013564533016686831 0.020603440729444422
5 0.31184050147033804 0.18403603998760443 0.01981453301668674 0.02074891109416672
5 0.4007215377663852 0.29404877925402817 0.014963258706427318 0.017514808320625085
5 0.44361172263752274 0.3114733218070837 0.012002033016686653 0.020567073138263937
5 0.4247089936684219 0.17962325655260453 0.008795145861557075 0.018931837955902787
5 0.2841238579836302 0.35469337889343777 0.013318871551297563 0.01591594072944442
5 0.32731725802905876 0.4409588404244447 0.013564533016686742 0.0206034407294446
5 0.3749259203989591 0.41312543436427107 0.010521420171816499 0.022093205547083272
5 0.18923740389061577 0.41897212480937523 0.013400758706427273 0.0174784407294446
5 0.1294286346687389 0.5004935753224654 0.010275758706427274 0.01740570554708327
5 0.33462074570458683 0.5553304649494795 0.008795145861557075 0.018931837955902787
5 0.1851220347141674 0.5870499775829169 0.013564533016686742 0.020603440729444422
5 0.2587708966545265 0.6145768719595835 0.010357645861557074 0.018968205547083273
5 0.23376981739216993 0.793119446047778 0.010357645861556986 0.018968205547083273
5 0.25736444764989475 0.7608160923243059 0.010357645861556986 0.018968205547083273
5 0.22811628166194967 0.8860700122521876 0.014963258706427318 0.017514808320625262
5 0.6566196556996381 0.38135398318559083 0.014881371551297562 0.015952308320625087
5 0.5341714456137299 0.3894548110735074 0.008795145861557075 0.018931837955902787
5 0.6120884056996381 0.380317506836945 0.010357645861557074 0.01896820554708336
5 0.5936692763464244 0.38849302953836856 0.01471759724103805 0.012827308320624998
5 0.5034316214397558 0.6476485175705212 0.011920145861557074 0.019004573138263935
3 0.558228664067381 0.5871298980794796 0.015454581637205677 0.02688980832062491
5 0.2888667531678187 0.7865798117390975 0.013073210085908293 0.011228440729444423
5 0.3116082123492158 0.8004065756068058 0.014963258706427318 0.01751480832062491
5 0.25635414631584225 0.8397950775066668 0.012991322930778537 0.0096659407294446
3 0.6962144222079815 0.3721069229651047 0.015290807326946343 0.023764808320625087
5 0.7451908327688596 0.3928019358828826 0.011756371551297561 0.015879573138263846
5 0.37949947648271004 0.639288544071667 0.014963258706427318 0.01751480832062491
7 0.5421355953204741 0.7001747587368061 0.008795145861557075 0.018931837955902787
7 0.4995043600197951 0.7375104513661116 0.008795145861557075 0.018931837955902787
2 0.42586986544686206 0.5903068366247226 0.023512743102595123 0.03175914627652787
3 0.4203369176854257 0.4869272634864587 0.018170145861557074 0.019150043502986058
3 0.43482878561867866 0.5686136745806254 0.012083920171816587 0.022129573138263935