4 0.8995785066495138 0.19645540145603982 0.009775043502985881 0.01729658800127267
5 0.8902216904451041 0.19556506345476715 0.01133754350298588 0.017314769334818125
5 0.8960547695672915 0.1464008574554035 0.011264808320625264 0.014189769334818126
7 0.8640235195672915 0.14602814011772186 0.011264808320625264 0.014189769334818081
2 0.8988712982526387 0.12611562945572166 0.01602504350298588 0.01736931333545444
3 0.8161315334349999 0.12202701877781305 0.014317073138263936 0.011101132001908987
7 0.8364979316113889 0.15352246678067658 0.0065409407294446 0.01257272533418181
4 0.8307012200803818 0.20112417278004022 0.01755117591180557 0.015824994668999892
4 0.8355699048259027 0.2269690574474493 0.014389808320625263 0.014226132001908986
7 0.7569026570101041 0.08148328743631345 0.009775043502986058 0.01729658800127267
5 0.8043225176674305 0.0921940681094495 0.011192073138263935 0.011064769334818125
4 0.7457092774510763 0.15949919943504076 0.011264808320624908 0.014189769334818081
4 0.7428213200041318 0.11570374610117717 0.011264808320624908 0.014189769334818081
2 0.8408600829219097 0.06683098878099474 0.014389808320624909 0.014226132001908986
2 0.7315941856954513 0.060870795432813596 0.011337543502986236 0.017314769334818125
2 0.727269055186493 0.11239693276572271 0.009702308320625085 0.014171588001272672
2 0.706502613507118 0.09808898476285921 0.01609777868534721 0.02049431333545444
2 0.7050498694910416 0.059780462762541044 0.008030705547083272 0.00946590666772722
3 0.647910169927882 0.030201503421359587 0.0174784407294446 0.012699994668999893
3 0.6053226264248959 0.04689810741563257 0.014426175911805571 0.015788632001909008
4 0.7094282449660069 0.07311625676317737 0.012754573138263937 0.011082950668363557
7 0.7023794643807986 0.040212850095450156 0.008067073138263936 0.01102840666772722
2 0.5140443162044097 0.0067629087364513354 0.018786367591180665 0.0017806760025453367
2 0.4887163546734028 0.054137348066496935 0.014389808320624909 0.014226132001909008
7 0.49449488240881945 0.007316892067133275 0.00788523518236115 0.0032159066677272226
3 0.6486537459159374 0.09897877542167774 0.011264808320624908 0.014189769334818126
3 0.608065113507118 0.0969435607494962 0.01751480832062491 0.014262494668999893
2 0.5845918991263194 0.0646305000795418 0.013118249050069508 0.026707950668363557
4 0.6867719949660069 0.07285262742676843 0.014353440729444422 0.012663632001908986
2 0.6956378486894791 0.09483671542804109 0.012936411094166721 0.018895450668363557
2 0.7552485848217707 0.11897419676954071 0.011228440729444423 0.012627269334818081
2 0.6707281144570485 0.1242424047580867 0.012972778685347209 0.020457950668363534
2 0.5714924870822221 0.056663458744405516 0.011337543502986236 0.017314769334818104
4 0.5283964505130901 0.06163222207190577 0.011337543502986236 0.017314769334818125
2 0.4740732796352778 0.011768034731042492 0.011228440729444423 0.012627269334818114
2 0.4431492815351389 0.06454758939367904 0.011410278685347209 0.020439769334818125
2 0.4619174653307291 0.06398451539622438 0.014535278685347208 0.020476132001908988
3 0.4995252616835068 0.1269390487348605 0.020603440729444422 0.012736357336090798
5 0.5331378486894791 0.09294585673931485 0.014426175911805571 0.015788632001909008
3 0.7844808367216318 0.1724537327736769 0.009775043502986237 0.01729658800127263
4 0.7555011983288887 0.2088452187698589 0.012936411094166721 0.018895450668363532
4 0.7702728663569095 0.1785401007717679 0.008139808320624909 0.01415340666772722
2 0.7118070561364235 0.138786710097041 0.008139808320624909 0.01415340666772722
2 0.699597996865868 0.12614125942867743 0.008176175911805573 0.015715906667727264
2 0.7023775047496527 0.14102137209576832 0.012754573138263937 0.011082950668363534
2 0.6663127181805206 0.14607195142422308 0.011192073138263935 0.011064769334818125
2 0.7116063811745484 0.1809833007638137 0.011301175911805572 0.015752269334818082
5 0.7051206450422568 0.15746398476285922 0.011337543502986058 0.017314769334818125
2 0.6822280056995832 0.16735660542645026 0.009629573138263936 0.011046588001272672
3 0.6654217121965971 0.1843532014242231 0.009884146276527872 0.021984088001272672
4 0.6428388505893402 0.14736173142104142 0.008067073138263936 0.011028406667727263
7 0.6372603446054165 0.1855884374204051 0.008067073138263936 0.011028406667727263
4 0.6613524612466666 0.15773615742358676 0.008139808320624909 0.01415340666772722
4 0.6191110630702777 0.12598617075108703 0.011337543502986236 0.017314769334818125
4 0.607737151976111 0.1446089014162689 0.012900043502986059 0.017332950668363534
4 0.6196377399320138 0.13693276141785976 0.009629573138263936 0.011046588001272672
4 0.6298485413187846 0.13470719008590515 0.009775043502986058 0.01729658800127263
4 0.6467275700041318 0.11458559408813232 0.011301175911805572 0.015752269334818082
4 0.6325559672305902 0.1191094620862233 0.012681837955902785 0.007957950668363578
1 0.5723087982526388 0.12231573074472368 0.008067073138263936 0.01102840666772722
4 0.5833190334349998 0.11931800007954178 0.0174784407294446 0.012699994668999893
3 0.49621907693798606 0.10111234540099687 0.013118249050069508 0.026707950668363532
4 0.4637695996394096 0.11870837806331527 0.008176175911805573 0.01571590666772722
7 0.403905596789618 0.0383027153882702 0.009629573138263936 0.011046588001272672
2 0.4072299653307291 0.06334816872213381 0.020821646276527873 0.022111357336090775
4 0.3379351046734027 0.05238284937936152 0.009775043502986058 0.01729658800127267
4 0.37063784868947913 0.09105499805058857 0.020821646276527873 0.022111357336090775
3 0.7902755886214929 0.2256605487746314 0.01606141109416672 0.01893181333545444
2 0.700704595555347 0.21289637209576834 0.02242051386770836 0.02369203866963616
2 0.6321189029260414 0.17146230275299604 0.011264808320624908 0.014189769334818126
2 0.6153671608098262 0.18611514875076884 0.011264808320624908 0.014189769334818081
2 0.7332079710303123 0.22655943010022267 0.009702308320625085 0.014171588001272717
2 0.7014306409581942 0.2488520534293138 0.023801175911805573 0.015897720003181702
2 0.6830443168699999 0.23300887742676846 0.011192073138263935 0.011064769334818082
2 0.6345158978920484 0.23635150608685965 0.020676175911805574 0.015861357336090797
4 0.5522865857717013 0.14318221407540563 0.011337543502986236 0.01731476933481808
5 0.47299847606430545 0.15867030673136068 0.009775043502986058 0.01729658800127267
4 0.40003375474965264 0.13750328405472473 0.014389808320624909 0.014226132001908986
4 0.8030470391345832 0.2812929307765404 0.009702308320624908 0.014171588001272717
4 0.7991232585493748 0.24842588677590408 0.011337543502986236 0.01731476933481808
4 0.8183635678199304 0.26115315344522216 0.008139808320624909 0.014153406667727176
4 0.9124032021286108 0.31694971479149425 0.008067073138263936 0.011028406667727175
4 0.8891111724933332 0.3104269947883126 0.009775043502985881 0.017296588001272716
3 0.8587878928580552 0.3038224587841764 0.012827308320624908 0.014207950668363533
7 0.8241219521286108 0.31592246944617663 0.014244337955902608 0.007976132001908987
4 0.8741044215434026 0.2836826814528582 0.011155705547083273 0.00950226933481808
4 0.7038646567257636 0.27857591609640464 0.009629573138263936 0.011046588001272718
4 0.7096607150463887 0.26457705076381377 0.0081034407294446 0.012590906667727175
4 0.6867498919081247 0.27525092142740476 0.016206881458888843 0.02518181333545444
5 0.6403652011786803 0.28721457208781415 0.014389808320624909 0.014226132001908986
5 0.6328611724933332 0.30744525608685963 0.009775043502986237 0.01729658800127263
2 0.6536100835874998 0.28893161342295043 0.019404616641249994 0.028343176002545344
3 0.6657100400845136 0.30626456409131403 0.011483013867708359 0.023564769334818082
2 0.676738459062465 0.3024855834261321 0.011301175911805572 0.015752269334818082
4 0.5881312071626039 0.24831515674726906 0.014244337955902787 0.007976132001908987
4 0.577593097455208 0.26460322807922365 0.011264808320624908 0.014189769334818081
4 0.5804089729301734 0.27792084074631457 0.008139808320624909 0.014153406667727176
4 0.5925271132227776 0.2944725414146781 0.008067073138263936 0.011028406667727175
4 0.5724152881846526 0.2520395934118146 0.012718205547083273 0.009520450668363534
2 0.5525210154832291 0.23383448607572382 0.011264808320624908 0.014189769334818081
4 0.5582988900082637 0.22061687074313285 0.006540940729444422 0.01257272533418181
4 0.5706722566495138 0.19262823074472368 0.008139808320624909 0.01415340666772722
4 0.5526853228539235 0.19320039540895106 0.008139808320624909 0.01415340666772722
2 0.5303011765773957 0.2148208567393149 0.008103440729444421 0.012590906667727175
2 0.5025586894951735 0.16448450206872411 0.011228440729444423 0.012627269334818125
2 0.5524307497156595 0.20413789540895105 0.008103440729444421 0.012590906667727175
2 0.476740418693611 0.19934985073199699 0.01624324905006951 0.02674431333545444
7 0.4652944256274651 0.18749474073040617 0.011155705547083273 0.00950226933481808
4 0.4366245649701387 0.17700213605981543 0.009775043502986237 0.01729658800127267
4 0.4122239770142359 0.18453282538986104 0.0065409407294446 0.01257272533418181
2 0.38789677745107626 0.15533567405313392 0.008030705547083272 0.009465906667727264
5 0.39936030110243037 0.20001237472149747 0.012936411094166721 0.018895450668363623
3 0.3840807932186457 0.18498681138604303 0.017514808320625 0.014262494668999893
3 0.366784190445104 0.18947431671704312 0.006795513867708358 0.02351022533418181
7 0.3645683802246179 0.15037545404995223 0.012827308320624998 0.014207950668363533
4 0.3373350394189235 0.07816409937936153 0.011155705547083273 0.009502269334818125
4 0.33399183387184017 0.08750273671227063 0.008067073138263936 0.01102840666772722
4 0.37528832788791655 0.12627488271799764 0.0065773083206249975 0.014135225334181812
4 0.38860594547909716 0.12486692405313393 0.014317073138263936 0.011101132001908987
2 0.4415659848980207 0.1997220207272245 0.011337543502986058 0.017314769334818125
4 0.46260518351124985 0.202311218730088 0.011337543502986236 0.01731476933481808
7 0.7038094521286109 0.3145225067631774 0.008139808320625086 0.014153406667727176
4 0.7584969521286109 0.31515885343726796 0.011264808320625087 0.014189769334818081
4 0.7910548789903469 0.3264781614417223 0.008176175911805573 0.015715906667727174
4 0.7783548572388539 0.33492646077335875 0.008067073138263936 0.011028406667727175
2 0.9083144609623262 0.3583196021244034 0.01922277868534721 0.020530676002545344
2 0.8670718651226388 0.35080654678544904 0.008139808320625264 0.014153406667727176
2 0.8559888947579164 0.35692927745063097 0.012827308320625263 0.014207950668363533
3 0.8544075577519441 0.3912951867838582 0.017442073138263937 0.011137494668999891
3 0.8664893304533677 0.40940938745222183 0.014389808320624909 0.014226132001908986
2 0.841180205928333 0.42239973611549464 0.008139808320624909 0.014153406667727353
2 0.8491570132990274 0.38185655211644914 0.009629573138263936 0.011046588001272718
2 0.8652177711828122 0.39689120611867634 0.009702308320624908 0.014171588001272717
2 0.8819513295034372 0.3830196101209035 0.008139808320625264 0.014153406667727264
3 0.9238842563651734 0.39444800612663056 0.009884146276527872 0.021984088001272717
7 0.8997382415475343 0.39104119545667615 0.008067073138263936 0.011028406667727175
4 0.8291900054152428 0.3667764447803584 0.014317073138263936 0.011101132001908987
2 0.7916172702328816 0.36946509277526773 0.011301175911805572 0.015752269334818082
5 0.7717048137358677 0.352041235439177 0.014280705547083272 0.009538632001908987
4 0.7395280933711456 0.35791851810149533 0.011337543502986058 0.01731476933481808
4 0.7178531151226386 0.3490702294318591 0.008067073138263936 0.011028406667727263
2 0.69138153410059 0.34485489676158654 0.0096659407294446 0.012609088001272717
2 0.6572611072388539 0.33351740742358676 0.006504573138263936 0.011010225334181811
4 0.6141468868741317 0.339267420751087 0.006468205547083272 0.009447725334181811
4 0.5755214511786804 0.2864600467456782 0.008067073138263936 0.011028406667727175
5 0.5326254363610414 0.2828350600731785 0.011410278685347209 0.02043976933481808
2 0.518980510449236 0.2983055187380422 0.011337543502986236 0.01731476933481808
2 0.5158750006655901 0.2302822247374058 0.007994337955902786 0.007903406667727176
2 0.4538289423449651 0.24362656206236072 0.008139808320624909 0.014153406667727176
3 0.36264024468166645 0.266790794716725 0.012972778685347209 0.020457950668363624
4 0.4342976923449651 0.2433992953930427 0.0081034407294446 0.012590906667727175
4 0.3959255233670137 0.24686010272117934 0.008103440729444421 0.012590906667727175
4 0.3887130886214929 0.22098794605345207 0.008067073138263936 0.011028406667727175
4 0.3242141775273262 0.23899251137808886 0.008067073138263936 0.011028406667727175
2 0.3056830362847915 0.19579649470877078 0.011410278685347209 0.02043976933481808
2 0.2880415946054165 0.18152490937299817 0.019113675911805572 0.015843176002545346
3 0.3471626746775346 0.15955045938095236 0.009884146276527872 0.021984088001272672
4 0.3526333843086805 0.05880557204804324 0.01428070554708336 0.00953863200190901
4 0.4142800523367013 0.02904589405631559 0.012754573138263937 0.011082950668363557
7 0.4304323824088194 0.0065714573917700385 0.00788523518236115 0.0032159066677272252
2 0.2977452093468055 0.1003658160407254 0.008139808320624997 0.01415340666772722
2 0.28909429511850676 0.2370209313733163 0.009775043502986146 0.017296588001272716
4 0.34385518351124983 0.2009294373806342 0.011119337955902786 0.00793976933481808
4 0.2561726923449651 0.24132662336886196 0.005014808320624997 0.01411704400063627
2 0.8622395479682984 0.32339916211804 0.008067073138263936 0.011028406667727175
4 0.8361855410344443 0.33481792011454015 0.0174784407294446 0.012699994668999893
4 0.8510838424212149 0.3326468927832219 0.011119337955902609 0.00793976933481808
4 0.9205605410344442 0.3357997121259942 0.011410278685347209 0.02043976933481808
4 0.9095321220564927 0.3395786927911761 0.006577308320625264 0.014135225334181812
4 0.8202501100886455 0.4151230381126312 0.012754573138263937 0.011082950668363623
7 0.8095126318401384 0.406402018777813 0.0049784407294446 0.01255454400063627
4 0.6990297267298955 0.3855798940960865 0.008139808320624909 0.014153406667727176
4 0.7203598660725692 0.37566909209894994 0.008139808320625086 0.014153406667727176
4 0.8530444262930551 0.4162860961170855 0.0112284407294446 0.012627269334818081
4 0.4654009155594789 0.317218603397497 0.006577308320624908 0.014135225334181812
4 0.6390741516917705 0.34268332208781416 0.011192073138263935 0.011064769334818082
2 0.5388195785535067 0.35245721674090563 0.011301175911805572 0.015752269334818082
3 0.6691603887739926 0.39304694875872304 0.020639808320624908 0.014298857336090797
3 0.8857835379003122 0.4533957447883125 0.011555749050069508 0.02668976933481808
3 0.8752454281929163 0.4696838161202672 0.017442073138263937 0.011137494668999891
2 0.8460307068782635 0.4490258707829037 0.009629573138263936 0.011046588001272539
7 0.7397086249062844 0.41731169943504076 0.006540940729444422 0.01257272533418181
2 0.6547166822769789 0.3756867260900413 0.008176175911805573 0.015715906667727174
4 0.6005013077519441 0.38834072008272347 0.008139808320624909 0.014153406667727176
4 0.6873278541047219 0.4518679654280411 0.009775043502986058 0.017296588001272716
4 0.7042244133752774 0.464567960097041 0.008139808320624909 0.014153406667727176
5 0.7127817957840968 0.4662304574315409 0.011373911094166722 0.01887726933481808
4 0.8374181198722912 0.4833099641151765 0.006613675911805572 0.01569772533418181
4 0.8780613036678815 0.48300142878735813 0.012827308320624908 0.014207950668363622
4 0.7763721703091315 0.45368555144013145 0.011337543502986236 0.01731476933481808
4 0.6567142869503816 0.4241605887571322 0.004978440729444422 0.01255454400063627
4 0.6747375883371525 0.4220259240929048 0.008248911094166722 0.018840906667727354
4 0.5679245438842357 0.41140550274504184 0.012900043502986236 0.01733295066836362
2 0.4190889600123956 0.3260572540579064 0.009629573138263936 0.011046588001272718
3 0.3461060549021525 0.30567148138127054 0.014317073138263936 0.011101132001908987
2 0.36541909935506917 0.3152737480505886 0.014426175911805571 0.015788632001908987
2 0.5124571003049997 0.3435543840706331 0.012790940729444422 0.012645450668363534
7 0.49710420402847194 0.36525666140195134 0.008176175911805573 0.015715906667727174
2 0.44167116840927056 0.39665156472786084 0.011192073138263935 0.01106476933481817
7 0.4811330587018746 0.4135214387332697 0.006468205547083272 0.009447725334181811
4 0.5232848443210761 0.381971994072224 0.014244337955902787 0.007976132001908987
4 0.49844849848138856 0.37464984273549684 0.009702308320624908 0.014171588001272717
4 0.40337304103444416 0.32978169072245195 0.008067073138263936 0.011028406667727175
4 0.37793597672989554 0.38184363005249755 0.006468205547083272 0.009447725334181811
2 0.3862225618360067 0.2944163553866794 0.020967116641249995 0.028361357336090798
2 0.3336599530785414 0.3367851213796797 0.013081881458888934 0.02514545066836362
4 0.3394189905976039 0.35795159671386145 0.008139808320625086 0.014153406667727176
2 0.32134244424482616 0.2952243300445434 0.006540940729444422 0.01257272533418181
3 0.2752123266536456 0.29625048070495275 0.011337543502986058 0.01731476933481808
2 0.26574640767569424 0.3000476427036801 0.015952308320625087 0.014244313335454529
2 0.25155662110656224 0.3053527607017711 0.014462543502986147 0.017351132001908985
2 0.23306119424482613 0.2941970846992258 0.011264808320624996 0.014189769334818081
2 0.2553362377478122 0.27726412336886197 0.009702308320625085 0.014171588001272717
4 0.2704527446816664 0.2657180960375437 0.009811411094166722 0.018859088001272627
4 0.31087576329902744 0.37559308271004344 0.009775043502986146 0.01729658800127263
2 0.32799052811666635 0.37891807737904337 0.019331881458888932 0.025218176002545344
2 0.3066064905976039 0.3575697887094071 0.008139808320625086 0.014153406667727176
2 0.3000843868741317 0.3356129727084526 0.009665940729444423 0.012609088001272717
2 0.24917519709461775 0.3740936700349984 0.014426175911805571 0.015788632001908987
4 0.3213794650463887 0.2600589893777707 0.011337543502986148 0.01731476933481808
7 0.38137075446531227 0.33499590205281576 0.014317073138263936 0.011101132001908987
4 0.8700844962971871 0.5235446127864035 0.008176175911805573 0.015715906667727354
4 0.8696480852030204 0.5422946127864036 0.006613675911805572 0.01569772533418181
4 0.850807819435451 0.5123798461170855 0.0065409407294446 0.01257272533418181
3 0.8784048361529508 0.5689662007876762 0.01609777868534721 0.020494313335454352
2 0.829005554617812 0.5090003074474494 0.011155705547083273 0.00950226933481808
2 0.8473373273192356 0.5271872334499946 0.008067073138263936 0.011028406667727354
2 0.8037152670987495 0.48760656544394954 0.007994337955902963 0.007903406667727353
2 0.8593463648382983 0.5484264341183582 0.0081034407294446 0.012590906667727353
2 0.8241355634515273 0.5503611041135856 0.008139808320625264 0.014153406667727176
1 0.766505554617812 0.5082730541056315 0.024237587005972117 0.034647720003181705
4 0.73979758425309 0.514213971435359 0.004905705547083273 0.00942954400063627
4 0.7285516129384371 0.4937651114337681 0.008103440729444421 0.012590906667727353
7 0.6753356939604858 0.497053196093223 0.006613675911805572 0.01569772533418181
7 0.662599957828194 0.4734611547580867 0.009593205547083272 0.009484088001272716
3 0.6431583203853816 0.5365333194223141 0.017587543502986237 0.017387494668999894
4 0.6360731722089927 0.5051924127545868 0.0112284407294446 0.012627269334818081
0 0.5910522661488191 0.4585623134149962 0.035393292553055566 0.04414998933799978
2 0.5717937730826732 0.4466162967456782 0.013118249050069508 0.026707950668363623
4 0.5481562513311802 0.4549373267424965 0.011337543502986236 0.01731476933481808
4 0.5005915735195134 0.4168737054025877 0.011264808320624908 0.014189769334818081
4 0.4822766781929163 0.46511121073358785 0.008176175911805573 0.015715906667727174
4 0.49057948746347185 0.47771120806808776 0.0049784407294446 0.01255454400063627
4 0.5918523531547913 0.4241873134149962 0.014317073138263936 0.011101132001908987
2 0.45482382541937466 0.46948053739654255 0.01751480832062491 0.014262494668999893
5 0.4871817305296176 0.48939359540099686 0.012790940729444599 0.012645450668363622
2 0.4743544222089926 0.5033106447326333 0.020676175911805574 0.015861357336090797
2 0.4153976495075691 0.4846510040579064 0.011373911094166545 0.01887726933481808
7 0.43049531943545094 0.507489067393361 0.011373911094166722 0.01887726933481808
5 0.4146702976839579 0.5159010040579064 0.012827308320624908 0.014207950668363622
5 0.4697948619885066 0.4641845100652243 0.0065409407294446 0.01257272533418181
4 0.4311681198722913 0.47858281739336095 0.014317073138263936 0.011101132001909163
4 0.37862500133118016 0.4529646520528157 0.009775043502986146 0.01729658800127254
2 0.31508917819291626 0.46316580804422525 0.017514808320625 0.014262494668999893
7 0.31848693512677045 0.4514834207113161 0.008103440729444421 0.012590906667727353
7 0.359400916225069 0.5402646573838158 0.009775043502986146 0.01729658800127254
3 0.369430532866319 0.5122487453850886 0.011337543502986058 0.01731476933481808
2 0.3864550319163885 0.48587714938731563 0.011192073138263935 0.011064769334818082
5 0.31307338972392323 0.41547319537713434 0.009775043502986058 0.017296588001272716
5 0.3392183156357288 0.4001481873806342 0.008067073138263936 0.011028406667727175
2 0.33901633425308986 0.5095504593809523 0.011264808320624996 0.014189769334818081
3 0.3226451454235065 0.5750027367122706 0.009884146276527783 0.02198408800127254
2 0.37927700513090234 0.5592510147199066 0.008176175911805573 0.015715906667727354
3 0.7929030940367356 0.5828190681094496 0.011410278685347209 0.02043976933481808
2 0.7822558815557981 0.6037946394414041 0.01609777868534721 0.020494313335454352
2 0.7966632204616314 0.6227173621100859 0.01755117591180557 0.015824994668999892
3 0.6925757857161106 0.5957179627625411 0.009811411094166545 0.018859088001272718
7 0.7503519181249301 0.5979531721037226 0.008176175911805573 0.015715906667727174
4 0.7737355199485412 0.5669668014401315 0.006613675911805572 0.01569772533418181
7 0.6624168134515273 0.5484793360916321 0.009811411094166545 0.018859088001272718
2 0.8151229329425689 0.6018326974458585 0.01609777868534721 0.020494313335454352
4 0.8176296838924995 0.6284315601129494 0.009775043502985881 0.01729658800127254
2 0.735962109804305 0.6118520401018135 0.011337543502986236 0.01731476933481808
7 0.7038756552071522 0.6474259134309046 0.011264808320624908 0.014189769334818081
5 0.6724633074676036 0.5868878554264503 0.009775043502986058 0.01729658800127254
3 0.5507162472471177 0.5463981207431328 0.016134146276527872 0.02205681333545435
7 0.5399060338162496 0.5408021014083146 0.006686411094166722 0.018822725334181813
7 0.5315486731589232 0.5305458540738147 0.008103440729444421 0.012590906667727353
2 0.5349646138883676 0.5180822167409056 0.012936411094166544 0.018895450668363623
2 0.6125609773954857 0.6088532147517233 0.0190409407294446 0.012718176002545434
2 0.6170672926499648 0.5831174180855869 0.008067073138263936 0.011028406667727175
7 0.5819292264455551 0.5819270880808144 0.004978440729444422 0.01255454400063627
2 0.4576195574676037 0.5843879220639516 0.025690984232430658 0.029978401336727245
4 0.4984263954235065 0.5770481367361332 0.009775043502986058 0.017296588001272716
2 0.4774060338162496 0.540074848066497 0.008139808320624909 0.014153406667727176
2 0.42978615140743004 0.5379578173933609 0.0096659407294446 0.012609088001272539
4 0.41110823337940927 0.5682174820575883 0.006540940729444422 0.01257272533418181
4 0.44197768009277727 0.5177816773949517 0.008139808320624909 0.014153406667727353
5 0.35820078571611064 0.5918271573838159 0.006577308320625086 0.014135225334181812
2 0.3706819487101384 0.6263566987189522 0.022311411094166723 0.01900453866963616
7 0.40000577279833277 0.6423271440563155 0.008139808320625086 0.014153406667727353
3 0.2867069922131245 0.6081874067074982 0.012972778685347209 0.020457950668363624
5 0.2956637649145481 0.6262652447087709 0.011337543502986058 0.01731476933481808
4 0.2609283550546524 0.47347605203690735 0.008139808320624997 0.014153406667727353
4 0.24619109498666614 0.6030271920353165 0.009775043502986058 0.01729658800127254
3 0.4154671186380202 0.6495402073917701 0.014389808320624909 0.014226132001909165
7 0.40251252374826335 0.6689260067234064 0.009775043502986058 0.01729658800127254
2 0.8416113913394438 0.6724724614496764 0.013118249050069508 0.026707950668363623
2 0.808344949660069 0.6580190627784495 0.012754573138263937 0.011082950668363623
3 0.8186284862292009 0.6526684914464947 0.011264808320625264 0.014189769334818081
2 0.8256772668144091 0.685571898114222 0.008176175911805573 0.015715906667727174
3 0.8255850414156939 0.7566838294477675 0.014389808320625263 0.014226132001908986
3 0.8392481511230898 0.7404321207829037 0.011410278685347209 0.02043976933481808
2 0.8163379811952078 0.717503150779722 0.009847778685347208 0.020421588001272716
3 0.79604431820118 0.6828827027768586 0.016170513867708357 0.02361931333545435
3 0.7874869357923606 0.6812202054423586 0.01740570554708327 0.009574994668999892
4 0.775531796449687 0.6912400954407678 0.008139808320624909 0.014153406667727353
4 0.789213089952673 0.674207136775904 0.006577308320624908 0.014135225334181812
4 0.7726607163775688 0.7138690734404497 0.011483013867708359 0.023564769334818082
4 0.754056186742291 0.7074008974379042 0.008139808320624909 0.014153406667727353
2 0.7732445574676037 0.5880605514401315 0.011192073138263935 0.011064769334818082
4 0.7671400278323259 0.5817378261059497 0.004942073138263936 0.01099204400063627
4 0.7093268746219439 0.6146679574315409 0.011337543502986058 0.01731476933481808
4 0.7086008292190968 0.5787122760979955 0.0065409407294446 0.01257272533418181
7 0.6487517441129855 0.665539566756814 0.008103440729444421 0.012590906667727353
4 0.6192642658644786 0.6566003714194506 0.008067073138263936 0.011028406667727354
2 0.637324588052812 0.6193003660884505 0.012827308320624908 0.014207950668363622
2 0.6194636344055897 0.6816094620862233 0.014426175911805571 0.015788632001908987
2 0.6247323626540966 0.6902668467536324 0.011337543502986058 0.01731476933481808
3 0.790574261780416 0.7500247494429949 0.0174784407294446 0.012699994668999893
2 0.7379941224377424 0.7595719247692225 0.0112284407294446 0.012627269334818081
2 0.6949539436761454 0.6949912567631774 0.009702308320624908 0.014171588001272717
7 0.7247135256481243 0.7258145427673135 0.008067073138263936 0.011028406667727354
7 0.6896300108304855 0.722280462762541 0.006540940729444422 0.01257272533418181
7 0.655745320101041 0.734389564091314 0.006540940729444422 0.01257272533418181
4 0.6930089307583674 0.7449821660964047 0.012718205547083273 0.009520450668363623
7 0.653074914990798 0.7148219514242231 0.008030705547083272 0.009465906667727175
3 0.6095242835319091 0.7393219647517233 0.016134146276527872 0.02205681333545435
3 0.5581975196642007 0.7621685714114964 0.01751480832062491 0.014262494668999893
7 0.5557271363054508 0.7340072087444055 0.011264808320624908 0.014189769334818081
4 0.5826000672512495 0.6538293600811327 0.0065409407294446 0.01257272533418181
3 0.47660464038951333 0.6416555294000423 0.014608013867708358 0.023601132001908987
2 0.4317642658644786 0.6544186113939972 0.01591594072944442 0.01268181333545435
2 0.41950000199677023 0.6777197513924064 0.014389808320624909 0.014226132001908986
2 0.37088066404086745 0.6849686300524975 0.011337543502986058 0.01731476933481808
2 0.454838743163055 0.6367134907304062 0.008176175911805573 0.015715906667727354
4 0.3384857381290619 0.7002209127148159 0.009884146276527783 0.02198408800127254
4 0.35049477564812437 0.7214601133831795 0.009775043502986146 0.01729658800127254
3 0.46575609973631876 0.7384305320655425 0.016025043502986235 0.01736931333545435
2 0.5396475414156938 0.7533566454089511 0.01617051386770818 0.02361931333545435
7 0.41641724848138856 0.373695322724361 0.012718205547083273 0.009520450668363534
2 0.6559446886421522 0.7593986547580867 0.022529616641249993 0.028379538669636162
4 0.6712066659407285 0.7416026274267684 0.008176175911805573 0.015715906667727354
4 0.4608517006099994 0.6805453067313607 0.011228440729444423 0.012627269334818081
4 0.31835572929534667 0.6585692147119525 0.012972778685347209 0.020457950668363624
2 0.3037698184855204 0.4794447887094071 0.011337543502986148 0.01731476933481808
2 0.4284372844818396 0.7637845207272245 0.023801175911805573 0.015897720003181702
2 0.3184817094437147 0.7203061460454979 0.013045513867708358 0.023582950668363623
4 0.23498214447357593 0.5474129913669531 0.01922277868534721 0.020530676002545434
7 0.5733328636040271 0.7162384534134054 0.011192073138263935 0.011064769334818082
7 0.274444687976562 0.5306800247055892 0.008139808320625086 0.014153406667727176
4 0.38988785002065923 0.539837943387952 0.011192073138263935 0.011064769334818082
5 0.5134506769586453 0.6366140407383604 0.015879573138263936 0.01111931333545435
3 0.74589623499493 0.8229622627704952 0.014571646276527872 0.02203863200190881
3 0.806125873387673 0.7869344034452221 0.017660278685347208 0.020512494668999893
4 0.7579793141171175 0.7738707821053132 0.009702308320624908 0.01417158800127254
2 0.735231491928784 0.8111162434356771 0.015952308320624907 0.01424431333545435
2 0.7067071016361799 0.7943736387650864 0.014389808320624909 0.014226132001909165
4 0.7053991747744438 0.783417957431541 0.014426175911805571 0.015788632001908987
4 0.5712261561570828 0.6724520907463145 0.008176175911805573 0.015715906667727354
4 0.381856491263194 0.5827248773869975 0.016170513867708357 0.02361931333545435
4 0.5610854771111452 0.8059640247453601 0.011228440729444423 0.012627269334818081
4 0.5589417488626383 0.7973430027450419 0.008103440729444421 0.012590906667727175
3 0.5445519405420132 0.8112418707431328 0.014571646276527872 0.02203863200190881
3 0.5072331252875341 0.8365958594048148 0.020676175911805574 0.015861357336090974
7 0.5259649414919437 0.8375952854073603 0.008176175911805573 0.015715906667727354
4 0.6421893535360409 0.8467622947564959 0.009775043502986237 0.01729658800127254
4 0.631324588718402 0.8435100254216777 0.011337543502986058 0.01731476933481808
4 0.44268096922736044 0.7897384933959062 0.011264808320624908 0.014189769334818081
4 0.40378277659805495 0.7486498693904974 0.011337543502986058 0.01731476933481808
4 0.39173671827742995 0.7625760093889065 0.009775043502986146 0.01729658800127254
7 0.2921731293715966 0.742662404041998 0.011337543502986148 0.01731476933481808
4 0.365574261780416 0.745079426718634 0.009738675911805572 0.01573408800127272
4 0.4730588002494091 0.7939992794000424 0.011337543502986236 0.01731476933481808
4 0.4526190136802771 0.7992316720639516 0.014389808320624909 0.014226132001908986
2 0.6873388525861104 0.8207179627625412 0.011192073138263935 0.011064769334818435
2 0.6985302725139924 0.8435105727641318 0.0143534407294446 0.01266363200190881
4 0.3460995227983328 0.6416998880489977 0.006468205547083272 0.009447725334181811
4 0.3563103241851036 0.6394743167170431 0.006540940729444422 0.01257272533418181
3 0.34899858482177076 0.11424705004772506 0.011192073138263935 0.011064769334818082
2 0.4747811412425347 0.04850496606458794 0.011155705547083273 0.009502269334818103
2 0.480140135258611 0.0868589413987697 0.011192073138263935 0.011064769334818125
2 0.6993719527942008 0.5387503474299502 0.009702308320624908 0.01417158800127254
4 0.4941408985576385 0.45899757073517866 0.014426175911805571 0.015788632001908987
2 0.23180389950756902 0.48251469736631664 0.012863675911805572 0.015770450668363623
7 0.5663912261612147 0.7794560687459964 0.009811411094166545 0.018859088001272718
3 0.3941337132434368 0.82746521272277 0.009811411094166722 0.01885908800127254
3 0.44453375674642287 0.8108595153962245 0.014317073138263936 0.01110113200190881
1 0.4864848674037493 0.8215066614019515 0.011192073138263935 0.011064769334818082
4 0.49407981506704796 0.7973697274029059 0.014353440729444422 0.012663632001909165
2 0.5387915966021868 0.8572810767424965 0.009811411094166545 0.01885908800127254
7 0.30145590397288125 0.8138834233768162 0.006613675911805572 0.01569772533418181
4 0.25723835097058984 0.5648641207033619 0.017514808320625085 0.014262494668999893
4 0.4289808387184021 0.8411555427275428 0.008176175911805573 0.015715906667727354
4 0.4549802942654854 0.8320805347310426 0.012972778685347209 0.020457950668363624
4 0.424547911856666 0.8301634987269063 0.006831881458888844 0.02507272533418181
3 0.49569556003305487 0.8622498400699967 0.011337543502986236 0.01731476933481808
4 0.47087674477857566 0.8877492794000424 0.008139808320624909 0.014153406667727353
4 0.6112471716403117 0.9003230994191324 0.006540940729444422 0.012572725334181457
4 0.6100665313477076 0.8838986680855869 0.011301175911805572 0.015752269334818082
4 0.6225119799609369 0.8863878687539504 0.009775043502986237 0.01729658800127254
4 0.5990582557964924 0.7860878767504508 0.012754573138263937 0.011082950668363623
2 0.7504389178405896 0.7956639661043589 0.011337543502986236 0.01731476933481808