4 0.30933686223247847 0.25665670545014485 0.024073997492717502 0.022693455534962846
4 0.1975248355103012 0.3379836057202973 0.031886497492717505 0.02296627404661713
4 0.21018527454409924 0.5580778509109738 0.026971676959604098 0.014990082939624472
7 0.20590460299477145 0.6528546375714627 0.019068248746358752 0.011592264427970279
4 0.5071284707040332 0.5500544974681112 0.03363085391920819 0.029270837748947898
5 0.4885890708623178 0.6117013255984124 0.019204641066226814 0.01627976442797028
4 0.46641489099971983 0.4677975581752173 0.031841033386094966 0.02140377404661713
4 0.711610348375918 0.8314880028255889 0.03505696159934022 0.02463790145127902
3 0.81337743685572 0.8349726121740833 0.02237510517284953 0.01795139183263217
7 0.8835091142775425 0.5306546452063751 0.023755748746358663 0.011755955534962937
4 0.8692289685924622 0.7118054414855107 0.030551318025830908 0.03072421034428636
2 0.3086645754811713 0.4216914284083028 0.02237510517284953 0.01795139183263199
2 0.23073345526462705 0.5385912409295074 0.02076714106622681 0.016334328130301046
2 0.569523170624891 0.5173759175237116 0.019204641066226814 0.01627976442797028
2 0.5311449807331631 0.46162691452848675 0.017733069279472248 0.01935020072563951
2 0.6041589319076621 0.41762888866777104 0.017733069279472248 0.01935020072563951
2 0.48753372156196306 0.3872916026402544 0.024164925705962938 0.02581845553496276
2 0.5723335850480827 0.640840699374877 0.02706260517284953 0.018115082939624473
2 0.9609605128656167 0.4778991782386669 0.033267141066226816 0.016770837748947897
2 0.626430051661988 0.618618469793297 0.020721676959604095 0.014771828130301045
2 0.6320435541692704 0.5965252149839737 0.02076714106622681 0.016334328130301046
2 0.3988482724325282 0.7258853658870983 0.02706260517284953 0.018115082939624473
2 0.5757684736070272 0.6782588538213808 0.02076714106622681 0.016334328130301046
2 0.7123341109123302 0.7219765935697617 0.021130853919208194 0.028834328130301047
2 0.6918828700835302 0.7985490172535592 0.024028533386094963 0.021130955534962935
2 0.8256320812871589 0.6648411614484437 0.03041492570596276 0.02603671034428636
2 0.8168421029947714 0.6315202299600982 0.020721676959604095 0.014771828130301045
2 0.895671796647423 0.6530107948435553 0.014517141066226813 0.01611607332097762
2 0.8481913913954312 0.6069641740623155 0.03335806927947225 0.019895837748947896