4 0.9370299532195631 0.3064918806947502 0.009875105172849175 0.017733531570031148
5 0.9276094891129404 0.3043833491247191 0.01300010517284953 0.017915542093374804
5 0.9355751018076373 0.2564918806947502 0.012909176959604095 0.014790542093374803
7 0.9042341735943917 0.2515467754613132 0.012909176959604095 0.014790542093374803
2 0.9396943004748536 0.2372336464797657 0.01773306927947189 0.019751057878390377
3 0.8572993376218723 0.21995587024199365 0.014426212852981379 0.013319047355046632
7 0.8762682979675713 0.25537743075121994 0.008221676959604097 0.01451752630835923
4 0.8674759711662517 0.30166089655035294 0.01925010517284953 0.018279563140062117
4 0.8713738609788372 0.3284054070736966 0.016079641066226814 0.01653505261671846
7 0.7997536105831259 0.1721484308218071 0.00987510517284953 0.017733531570031102
5 0.8478190375427299 0.1889865913027985 0.011255748746358662 0.01157453683170293
4 0.7847711197543259 0.24692862294341675 0.012909176959604095 0.014790542093374803
4 0.7843021068222021 0.20400537557425266 0.012909176959604095 0.014790542093374803
2 0.8854865221033238 0.1701224702137588 0.016079641066226814 0.01653505261671846
2 0.849489186130804 0.1391686018261422 0.012909176959604451 0.014790542093374803
2 0.8369891861308041 0.13844055973276742 0.009784176959604452 0.014608531570031058
4 0.7959322771178887 0.12123067292929932 0.01125574874635884 0.01157453683170293
4 0.8228584899708702 0.13527776237772077 0.012909176959604095 0.014790542093374803
2 0.7771739169304743 0.14665560715840123 0.01300010517284953 0.017915542093374804
3 0.780193616851332 0.11641437031258084 0.01612510517284953 0.01809755261671846
2 0.7700804824490227 0.19771757821920605 0.011346676959604096 0.014699536831702975
2 0.7500945913827959 0.18095501244830794 0.01782399749271768 0.02287605787839033
2 0.7497392387172288 0.1419380150791439 0.008085284639735946 0.00983002630835923
3 0.6932248142649072 0.10276982828979322 0.019295569279472246 0.019842063140062205
3 0.6514464912245114 0.11437518622465329 0.01612510517284953 0.01809755261671846
4 0.753273415676833 0.15618252560248755 0.01286371285298138 0.013228042093374803
7 0.7476084373844454 0.122315759817472 0.008130748746358663 0.01139252630835923
4 0.6478297462390763 0.07048867833214552 0.02094899749271768 0.023058068401734032
4 0.6053694615993402 0.0586565362670056 0.01786946159934022 0.024438557878390332
2 0.5623552474927175 0.05459139157102973 0.02237510517284953 0.018461573663405884
2 0.5349265809579546 0.10368904423010053 0.016079641066226814 0.01653505261671846
2 0.5214119987463588 0.04128775476756167 0.025545569279472248 0.020206084186749584
7 0.5436052474927175 0.05349932843096755 0.008130748746358663 0.011392526308359251
3 0.6921229670096165 0.17211906776644953 0.012909176959604095 0.014790542093374803
3 0.6505575926364371 0.1642386783321455 0.019204641066226814 0.016717063140062206
2 0.6292676143440495 0.12946185993041148 0.016397889812585654 0.027472552616718503
4 0.7305262374635877 0.15173794930824575 0.016034176959604095 0.014972552616718504
2 0.7382394490629279 0.17558497298576908 0.014608069279472247 0.01956904735504663
2 0.7961572491420702 0.20937541503679155 0.01286371285298138 0.013228042093374803
2 0.7124725709288248 0.20138163353734764 0.014653533386094963 0.02113154735504663
2 0.617253347651002 0.11862307046787261 0.01300010517284953 0.017915542093374804
4 0.5735260797043134 0.11685617314106085 0.01300010517284953 0.017915542093374804
2 0.5808551949062928 0.04708970471109193 0.011210284639735946 0.01001203683170293
2 0.523520068025831 0.06012876002923351 0.012909176959604095 0.014790542093374803
2 0.4890146873844454 0.10725438901078096 0.013091033386094963 0.021040542093374803
2 0.5062249194377568 0.10903669688917132 0.016216033386094963 0.021222552616718505
3 0.540992376022532 0.17813530738428013 0.020721676959604095 0.015245568401734032
5 0.576779111836767 0.1482426810335686 0.01612510517284953 0.018097552616718506
3 0.8227712249271754 0.2663002492235411 0.00987510517284953 0.017733531570031148
4 0.7932799532195629 0.29811939662094006 0.014608069279472247 0.01956904735504663
4 0.808822385193732 0.2693874518684945 0.009784176959604096 0.014608531570031147
2 0.7528391581549856 0.2216710177099798 0.009784176959604096 0.014608531570031147
2 0.7407339632486929 0.20770722824744095 0.009829641066226812 0.016171031570031146
2 0.7435096222616083 0.22268748613994868 0.01286371285298138 0.013228042093374803
2 0.7060550863682311 0.22206585985982433 0.011255748746358662 0.011574536831702887
2 0.750160439033798 0.2636310045558002 0.012954641066226813 0.016353042093374803
5 0.7455494953811466 0.23918474140162055 0.01300010517284953 0.017915542093374804
2 0.7215353338609486 0.24480540984570687 0.009693248746358662 0.011483531570031059
3 0.7048024749271754 0.25942935196731653 0.01161946159934022 0.024074536831702974
4 0.6841346222616084 0.2192292861964184 0.008130748746358663 0.01139252630835923
7 0.675092242873864 0.2569190019955514 0.00813074874635884 0.01139252630835923
4 0.7009273171679011 0.23346609144397285 0.009784176959604096 0.014608531570031058
4 0.6608191427155795 0.1952534599021766 0.01300010517284953 0.017915542093374804
4 0.6488192478884289 0.21171291780880183 0.014562605172849529 0.01800654735504672
4 0.6603334094086268 0.2053642072713407 0.00969324874635884 0.011483531570031147
4 0.6712481773553155 0.20521999410304365 0.00987510517284953 0.017733531570031148
4 0.6886940901291547 0.18829780461226991 0.012954641066226813 0.016353042093374803
4 0.6739185362890887 0.1897770046263873 0.012772784639736124 0.010103042093374804
1 0.6144753401291547 0.18397505468285705 0.008130748746358663 0.01139252630835923
4 0.624586126022532 0.18300408888372408 0.017596676959604096 0.015063557878390333
3 0.5386569862099464 0.1514818021226083 0.016397889812585654 0.02747255261671846
4 0.5055178772761733 0.16515018899666356 0.009829641066226812 0.01617103157003106
7 0.45065086935861454 0.07538276273065661 0.009693248746358662 0.011483531570031102
2 0.45215954506457734 0.10042826536149252 0.022511497492717504 0.02314907366340586
4 0.3829094398917278 0.07923653384793117 0.011483069279472246 0.019387036831702932
4 0.4146057207705402 0.12319863645053224 0.02251149749271768 0.02314907366340586
3 0.8258795045523465 0.3195162544852129 0.017778533386094964 0.021313557878390378
2 0.7377657391129404 0.2933262098315894 0.024164925705962757 0.026365078925077688
2 0.6715353338609485 0.2418932414722077 0.012909176959604095 0.014790542093374803
2 0.6539530287672413 0.2541279309629815 0.012909176959604095 0.014790542093374803
2 0.7687345942857898 0.3122883124341905 0.011346676959604096 0.014699536831702886
2 0.7364676635652619 0.3291272019390817 0.02550010517284953 0.018643584186749607
2 0.7195613083924124 0.31098414669152724 0.011255748746358662 0.011574536831702975
2 0.6695158442857898 0.3065094783180281 0.02237510517284953 0.01846157366340586
4 0.5923646594086269 0.20140547838861522 0.01300010517284953 0.017915542093374804
5 0.5137084619950516 0.20540346267418688 0.011483069279472246 0.019387036831702887
4 0.4417963580758434 0.17313772326811774 0.016079641066226814 0.016535052616718504
4 0.8369366764973858 0.3778747860552441 0.011346676959604451 0.014699536831702886
4 0.8343739661516867 0.3434087807935723 0.01143760517284953 0.017824536831702886
4 0.8519706431112908 0.35847233867196254 0.009784176959604096 0.014608531570031147
4 0.9437011535361322 0.42854889121809386 0.008130748746358663 0.01139252630835923
4 0.9207948509497074 0.4186355649238521 0.00987510517284953 0.017733531570031148
3 0.8900533163099713 0.407485962321251 0.014517141066226813 0.01644404735504672
7 0.855928368896396 0.41407759656447035 0.014335284639735945 0.01019404735504672
4 0.906695247030499 0.3897370201996414 0.011210284639736301 0.010012036831702886
4 0.7373314815910929 0.35881470193908166 0.009693248746358662 0.011483531570031059
4 0.7431950366848001 0.345897472985769 0.00973871285298138 0.013046031570031147
4 0.7200303213245363 0.3539073940606913 0.019522889812585476 0.027654563140062115
5 0.673337177751027 0.35742723621053585 0.016079641066226814 0.01653505261671846
5 0.6653344611371217 0.3772392072713407 0.011483069279472246 0.019387036831702974
2 0.6867093559642723 0.3613257809347466 0.02117631802583091 0.030870568401734032
3 0.6974111752437444 0.3806673151356136 0.013181961599340219 0.024165542093374803
2 0.7098202470304991 0.3782703572289884 0.012954641066226813 0.016353042093374803
4 0.6228454327655919 0.31081057046787264 0.014335284639736124 0.010194047355046632
4 0.61160405588513 0.3265342810053337 0.012909176959604095 0.014790542093374803
4 0.6135530007914228 0.3399065362670056 0.009784176959604096 0.014608531570031147
4 0.6249906059642724 0.35773107309870855 0.008130748746358663 0.01139252630835923
4 0.6080926109788372 0.31307102048199004 0.012818248746358663 0.011665542093374804
2 0.5879930596460538 0.29240220471109196 0.012909176959604095 0.014790542093374803
4 0.5946605967930723 0.28031172838861523 0.008221676959604097 0.01451752630835923
4 0.6079502069804867 0.25456827574366186 0.009784176959604096 0.014608531570031147
4 0.589935992873864 0.2519592152344356 0.009784176959604096 0.014608531570031147
2 0.5670440621533361 0.26934413630935794 0.00973871285298138 0.013046031570031147
2 0.5428647645814764 0.2156808100151161 0.01286371285298138 0.013228042093374803
2 0.5902315095669115 0.26211546523443563 0.00973871285298138 0.013046031570031147
2 0.5149132608205527 0.2468097126741869 0.019568353919208192 0.029217063140062206
7 0.5035665838609485 0.2321101758424839 0.011210284639736123 0.010012036831702886
4 0.47505513895465584 0.21719083113239063 0.011483069279472246 0.019387036831702887
4 0.45101824538114654 0.222030249576477 0.008221676959604097 0.01451752630835923
2 0.4282112311953815 0.18872492591307108 0.008085284639736123 0.00983002630835923
5 0.43736492234075064 0.23527370222143035 0.014608069279472247 0.01956904735504672
3 0.42360629922121246 0.21809390749721963 0.019204641066226814 0.016717063140062206
3 0.4057284774344578 0.22017234698799334 0.01005696159934022 0.023983531570031146
7 0.40459187476889075 0.18110984698799334 0.014517141066226813 0.01644404735504663
4 0.3813158476510021 0.1048812759554234 0.011210284639736123 0.01001203683170293
4 0.3784409002374268 0.1132930154320797 0.008130748746358751 0.01139252630835923
4 0.41794968111623926 0.15771014434304 0.008221676959604097 0.01451752630835923
4 0.43047241316955065 0.15921943643641479 0.014426212852981379 0.013319047355046632
2 0.4796660826073073 0.24163709428657026 0.01300010517284953 0.017915542093374804
4 0.5008962249271753 0.24755316531914023 0.01300010517284953 0.017915542093374804
7 0.7352521560434147 0.39457019141573796 0.009784176959604096 0.014608531570031147
4 0.7901215124699054 0.40400537557425265 0.012909176959604095 0.014790542093374803
4 0.8225846714828208 0.4207147334385256 0.009829641066226812 0.016171031570031146
4 0.8094852779093115 0.4261911887143149 0.008130748746358663 0.01139252630835923
2 0.9378519703083217 0.4687643675405706 0.020948997492717326 0.023058068401734032
2 0.8968859895086517 0.4546794807371025 0.009784176959604096 0.014608531570031147
2 0.886107613881831 0.45951119390539946 0.014517141066226813 0.01644404735504672
3 0.8808350921742187 0.4927409228587122 0.01755121285298138 0.013501057878390376
3 0.8923408935070023 0.5129092096904151 0.016079641066226814 0.01653505261671846
2 0.8669006243066724 0.5231263728728296 0.009784176959604096 0.014608531570031147
2 0.8774373075344826 0.4831839123353685 0.009693248746359018 0.011483531570031147
2 0.8911959306540208 0.5003637070595792 0.011346676959604096 0.014699536831702886
2 0.9096049498543508 0.48973702019964127 0.009784176959604096 0.014608531570031147
3 0.9506618588672662 0.5069469070031094 0.011619461599340042 0.024074536831702888
7 0.9278464844940867 0.5001585807088677 0.008130748746359018 0.01139252630835923
4 0.8582099344149444 0.4656855991953062 0.014426212852981735 0.01331904735504672
2 0.819883220308322 0.4618934702843459 0.012954641066226813 0.016353042093374626
5 0.8013689010288496 0.4420969097751197 0.014380748746358663 0.01175654735504672
4 0.7686473292420951 0.4433107992800108 0.01300010517284953 0.017915542093374804
4 0.7472353304957362 0.43114472824744093 0.008130748746358663 0.01139252630835923
2 0.7204682420159342 0.4225663887990194 0.01130121285298138 0.013137036831702887
2 0.6872692971096415 0.4073740283039107 0.008176212852981379 0.01295502630835923
4 0.6443460112162641 0.40643388360793475 0.00656824874635884 0.011301521046687312
4 0.6091155533778476 0.34822727048199004 0.008130748746358663 0.01139252630835923
5 0.5667007328447342 0.3379576284168501 0.013091033386094963 0.021040542093374803
2 0.5514621777510269 0.35032882580013164 0.01300010517284953 0.017915542093374804
2 0.5518282391129403 0.28249658369263936 0.008039820533113407 0.00826752630835923
2 0.4895555596460538 0.28666887322576545 0.009784176959604096 0.014608531570031147
3 0.3977999686589692 0.29614331278712636 0.014653533386094786 0.02113154735504663
4 0.4699561134861197 0.28318755745486734 0.00973871285298138 0.013046031570031058
4 0.4308936134861197 0.28091242591307114 0.00973871285298138 0.013046031570031147
4 0.4254559557268454 0.25485816012805557 0.008130748746358663 0.01139252630835923
4 0.36093045447320427 0.26201894176867385 0.008130748746358751 0.01139252630835923
2 0.3440097274344578 0.21657763915195533 0.013091033386094787 0.021040542093374803
2 0.32795281842154234 0.20082383653523683 0.02081260517284953 0.018370568401734032
3 0.3876089632486929 0.18714003910960303 0.01161946159934022 0.024074536831702974
4 0.3971992604248412 0.08786808120297782 0.01438074874635884 0.011756547355046632
4 0.4606025308788125 0.06894304693152362 0.01286371285298138 0.013228042093374803
7 0.47933815901291543 0.04273686270242174 0.009784176959604096 0.014608531570031103
2 0.3404551669304743 0.1212196365211194 0.009784176959604096 0.014608531570031103
2 0.3256378121533362 0.2552838233810572 0.00987510517284953 0.017733531570031148
4 0.38175978002088257 0.2273555154320797 0.011164820533113406 0.008449536831702974
4 0.29206679420664755 0.25410846025511247 0.006659176959604096 0.014426521046687402
2 0.8937466176427549 0.4271992228445948 0.008130748746359018 0.01139252630835923
4 0.8674569022824908 0.4350271333961733 0.01759667695960445 0.015063557878390376
4 0.8815194022824908 0.43584618075121995 0.011164820533113583 0.008449536831702886
4 0.9505194548689158 0.4484441622647813 0.013091033386094608 0.021040542093374803
4 0.9388689010288497 0.45010537280224244 0.008221676959604097 0.01451752630835923
4 0.8462926076136249 0.5117870544710955 0.012863712852981735 0.013228042093374803
7 0.835082322973889 0.5017750176393927 0.006613712852981735 0.012864021046687314
4 0.7263605408414352 0.464245654584035 0.009784176959604096 0.014608531570031147
4 0.7487894703083218 0.45775273087827684 0.009784176959604096 0.014608531570031147
4 0.880022749933493 0.5184311675970403 0.01286371285298138 0.013228042093374803
4 0.4979878367639424 0.36203289427245283 0.008221676959604097 0.01451752630835923
4 0.6702636535361322 0.4126229704255203 0.011255748746358662 0.011574536831702887
2 0.5687466176427548 0.4082701284168501 0.012954641066226813 0.016353042093374803
3 0.6968094331613033 0.4672040546122699 0.02076714106622681 0.016808068401734034
3 0.9093070846523712 0.5599130123071336 0.013272889812585476 0.027290542093374802
3 0.8988242257185981 0.5749009754754306 0.017551212852981734 0.0135010578783902
2 0.8700172641192581 0.5498253807653374 0.009693248746359018 0.011483531570031147
7 0.7664687152937569 0.5024582861258312 0.008221676959604097 0.01451752630835923
2 0.6829826138818311 0.44768050988805913 0.008267141066226813 0.01608002630835923
4 0.6277411844149445 0.4522623230987085 0.009784176959604096 0.014608531570031147
4 0.7126223012662765 0.5281793519673166 0.00987510517284953 0.017733531570031148
4 0.727897960279192 0.5438876519531991 0.009784176959604096 0.014608531570031147
5 0.7365599064391259 0.5467319308923942 0.013045569279472247 0.019478042093374625
4 0.8592759924116455 0.5827365913027985 0.008267141066226813 0.01608002630835923
4 0.899991920624891 0.5882277281062664 0.014517141066226813 0.01644404735504672
4 0.8004405500126353 0.5442131466209401 0.01300010517284953 0.017915542093374804
4 0.6820709832404456 0.49676275199555137 0.006613712852981379 0.012864021046687314
4 0.7007755191338229 0.49629231513561367 0.009920569279472246 0.019296031570031145
4 0.5955197178010394 0.4706637126035996 0.014562605172849529 0.01800654735504672
2 0.44968672908381047 0.36389923116062556 0.00969324874635884 0.011483531570031147
3 0.3785558751646022 0.3316789943853923 0.014426212852981379 0.013319047355046632
2 0.3976468559642723 0.3444898075254545 0.01612510517284953 0.01809755261671846
2 0.5426243868430847 0.3950497915992646 0.014471676959604097 0.014881547355046631
7 0.5260051881758682 0.4135799837208743 0.009829641066226812 0.016171031570031146
2 0.4689883100417651 0.4375565390390159 0.011255748746358662 0.011574536831702887
7 0.5086191113745487 0.4593629205808121 0.006568248746358663 0.011301521046687312
4 0.5523320074553404 0.43383157053845983 0.014335284639735945 0.01019404735504672
4 0.5270819548689156 0.42378173635171024 0.011346676959604096 0.014699536831702886
4 0.4341071931904331 0.364551678543907 0.008130748746358663 0.01139252630835923
4 0.4058518125490476 0.41204132857214193 0.00656824874635884 0.011301521046687312
2 0.4197802687381115 0.3278406338196963 0.022738818025830908 0.03096157366340595
2 0.3653571931904332 0.3605474470303457 0.016352425705962938 0.02591005261671846
4 0.3691186906831507 0.3826044575536893 0.009784176959604096 0.014608531570031147
2 0.3539734123116207 0.31776841282947865 0.008221676959604097 0.01451752630835923
3 0.3085699840983754 0.31200426024099503 0.01300010517284953 0.017915542093374804
2 0.29928591231162077 0.31458322867096394 0.017642141066226812 0.016626057878390377
2 0.28375184052486613 0.31679817605424543 0.016170569279472156 0.01966005261671846
2 0.2669818776718847 0.30334262080669105 0.012909176959604095 0.014790542093374803
2 0.28998746865896924 0.28986394973176877 0.011346676959604096 0.014699536831702886
4 0.30609820196592175 0.2806632549793232 0.011528533386094785 0.020949536831702885
4 0.33908184969606614 0.3956736049510883 0.00987510517284953 0.017733531570031148
2 0.3572324561225569 0.4029701654603146 0.022647889812585566 0.02783657366340577
2 0.33619253041659397 0.37678709705858054 0.009784176959604096 0.014608531570031058
2 0.33008728292387646 0.35459357864272906 0.011301212852981468 0.013137036831702887
2 0.2787210112162641 0.3851386523767221 0.01612510517284953 0.01809755261671846
4 0.35605273785929914 0.2820129233528223 0.01143760517284953 0.017824536831702886
7 0.4131043714036785 0.36644810751133705 0.014426212852981379 0.013319047355046632
4 0.8909950053437694 0.6274799439053995 0.009829641066226812 0.016171031570031146
4 0.8891968246232415 0.6460934360128918 0.008267141066226813 0.01608002630835923
4 0.8718358283841653 0.6123253807653374 0.008221676959604097 0.01451752630835923
3 0.8962651785424498 0.6745824570595792 0.017823997492717326 0.022876057878390376
2 0.8498471681176085 0.6071450571019315 0.011210284639736301 0.010012036831702886
2 0.8675802373970807 0.6268961149803218 0.008130748746359018 0.011392526308359407
2 0.8264862244649571 0.5816067308076897 0.008039820533113584 0.00826752630835923
2 0.878418448996421 0.6509251491811888 0.00973871285298138 0.013046031570031147
2 0.8439752528364869 0.6465792834244082 0.009784176959604096 0.014608531570031147
1 0.7879238296378064 0.5965190992658934 0.02756271034569906 0.035922089448421346
4 0.7599124899043631 0.5987872545558002 0.004960284639736123 0.009648015785015573
4 0.7499009924116455 0.576366222985769 0.00973871285298138 0.013046031570031147
7 0.6967305283050229 0.5717095440889262 0.008267141066226813 0.016080026308359408
7 0.68506560259906 0.5460725072572232 0.009647784639735946 0.009921031570031148
3 0.6625972207040333 0.6048181757013096 0.019295569279472246 0.019842063140062295
4 0.6570004385715796 0.5732951599162941 0.01286371285298138 0.013228042093374803
0 0.6148978551063424 0.520147773112826 0.03886392319868044 0.04905912628012441
2 0.5965426602000496 0.5058199626035996 0.016397889812585477 0.02747255261671846
4 0.5732870166265405 0.510704883678522 0.01143760517284953 0.017824536831702886
4 0.5267242536944167 0.46509698109003833 0.012909176959604095 0.014790542093374803
4 0.5062131768930971 0.5106979074266325 0.009829641066226812 0.016171031570031146
4 0.5136081397460786 0.5236074311041558 0.006613712852981379 0.012864021046687314
4 0.6186078768139549 0.48682703889784146 0.014426212852981379 0.01331904735504672
2 0.47891489099971984 0.5106678153473752 0.019204641066226814 0.016717063140062292
5 0.5100656025990601 0.5358799179499762 0.014471676959604097 0.01488154735504672
2 0.49714806545204143 0.5476063732257654 0.02237510517284953 0.01846157366340595
2 0.43863087179938987 0.520020428543907 0.013045569279472247 0.019478042093374802
7 0.45261681545204147 0.5450127232681178 0.013045569279472247 0.019478042093374802
5 0.4364151539318436 0.5510884180205633 0.014517141066226813 0.01644404735504672
5 0.49364498073316304 0.5076261153332576 0.008221676959604097 0.01451752630835923
4 0.45490072947952187 0.5162884837914614 0.014426212852981379 0.01331904735504672
4 0.40323292940037964 0.48286206278712634 0.00987510517284953 0.017733531570031148
2 0.3392840896669363 0.48303709705858056 0.019204641066226814 0.016717063140062292
7 0.3428720909205775 0.4723271102127601 0.009738712852981469 0.013046031570031147
7 0.37914822321131575 0.5664712233387049 0.00987510517284953 0.017733531570031148
3 0.39087533339873015 0.5406367654320797 0.01143760517284953 0.017824536831702886
2 0.40967915769276725 0.5167743312029778 0.01125574874635884 0.011574536831702887
5 0.33948266646825587 0.43625310232025233 0.00987510517284953 0.017733531570031148
5 0.3672439536152744 0.42539119703034567 0.008130748746358751 0.01139252630835923
2 0.3602474590255508 0.5333934128294786 0.012909176959604095 0.014790542093374803
3 0.3410177373970807 0.5962273417969086 0.01161946159934022 0.024074536831702888
2 0.39929323865072186 0.588702539109603 0.009829641066226812 0.016171031570031146
3 0.8096828208623179 0.6742191650367915 0.013091033386094608 0.021040542093374803
2 0.7985323721951013 0.6930678755742526 0.017823997492717503 0.022876057878390376
2 0.8116461376345075 0.7148896676676275 0.01925010517284953 0.018279563140062294
3 0.7089924990755632 0.6714743256589573 0.011528533386094964 0.020949536831702885
7 0.7678363016619879 0.6834807729716517 0.009829641066226812 0.016171031570031146
4 0.791191233636157 0.6552038545275652 0.008267141066226813 0.01608002630835923
7 0.6817563976636374 0.6199727388413718 0.011528533386094964 0.020949536831702885
2 0.8306090863017239 0.6964959834385256 0.017823997492717326 0.0228760578783902
4 0.8321632261143096 0.7231039860693615 0.00987510517284953 0.017733531570031148
2 0.752552282461658 0.6942894703549332 0.01300010517284953 0.017915542093374804
7 0.7175467966474229 0.7242275993364806 0.012909176959604095 0.014790542093374803
5 0.6899242503292043 0.6594447625188951 0.011483069279472246 0.019387036831702887
3 0.5696966668639672 0.6017471126318346 0.01786946159934022 0.024438557878390377
7 0.5601398104374765 0.5949510810618035 0.008358069279472247 0.01920502630835923
7 0.5512050796378064 0.5827318021226083 0.00973871285298138 0.013046031570031147
2 0.556310116784825 0.5705503205384599 0.014608069279472247 0.01956904735504672
2 0.6287056055020539 0.6730375546828571 0.019159176959604098 0.015154563140062294
2 0.6342054477427796 0.6476203257295444 0.008130748746358663 0.01139252630835923
7 0.6005207695295344 0.6425387126035996 0.006613712852981379 0.012864021046687314
2 0.47522525283648687 0.6251020416698518 0.029034282132453626 0.03288809471009326
4 0.5157820566765527 0.6251244284733198 0.00987510517284953 0.017733531570031148
2 0.49741248990436315 0.5834983705949295 0.009784176959604096 0.014608531570031147
2 0.4495971155311837 0.575253960113938 0.01130121285298138 0.013137036831702887
4 0.429321719450392 0.6021503890813682 0.008221676959604097 0.01451752630835923
4 0.46311404625171165 0.5573230074689848 0.009784176959604096 0.014608531570031147
5 0.3751797887298642 0.6177152049228535 0.008221676959604097 0.01451752630835923
2 0.3863589811288745 0.6534629891237205 0.024028533386094876 0.02167757892507769
7 0.41424830040834665 0.6738055812029777 0.009784176959604096 0.014608531570031147
3 0.3043588233696003 0.6229494655167842 0.014653533386094875 0.02113154735504672
5 0.31271689264907243 0.6421544918251436 0.01300010517284953 0.017915542093374804
4 0.28553696404011564 0.4853661655309017 0.009784176959604096 0.014608531570031147
4 0.26346103872986415 0.6112083287133162 0.00987510517284953 0.017733531570031148
3 0.43014608504808277 0.6840906338196964 0.016079641066226814 0.01653505261671846
7 0.41580244022093227 0.7004135838338137 0.00987510517284953 0.017733531570031148
2 0.8538169172596787 0.7703808044710956 0.016397889812585477 0.02747255261671846
2 0.8212855620868293 0.7513276966068226 0.012863712852981735 0.013228042093374803
3 0.8313054197669612 0.7472317308076897 0.012909176959604095 0.014790542093374803
2 0.8369703980593488 0.7810984965927051 0.009829641066226812 0.016171031570031146
3 0.8335702649106806 0.8518737281768537 0.016079641066226814 0.01653505261671846
3 0.8479821058977652 0.8378945281627364 0.013091033386094608 0.021040542093374626
2 0.8261609301918025 0.8116659571301664 0.011573997492717324 0.022512036831702886
3 0.8086862736861693 0.7739916518826119 0.01791492570596276 0.0260010578783902
3 0.7992430775262354 0.7711018703125808 0.017460284639736125 0.010376057878390377
4 0.7869931301126601 0.778967578219206 0.009784176959604096 0.014608531570031147
4 0.8021634890464334 0.7642526308359245 0.008221676959604097 0.01451752630835923
4 0.7821608776053777 0.8005240598033545 0.013181961599340219 0.024165542093374626
4 0.7647460570722643 0.7917105019249643 0.009784176959604096 0.014608531570031147
2 0.7894612490755633 0.6761610966350575 0.011255748746358662 0.011574536831702887
4 0.7838106426490725 0.6695925782192061 0.006568248746358663 0.011301521046687312
4 0.7252312645149693 0.6934781282756758 0.01300010517284953 0.017915542093374804
4 0.7265293400626478 0.6576771361681836 0.008221676959604097 0.01451752630835923
7 0.6617059736070271 0.735013909916294 0.00973871285298138 0.013046031570031147
4 0.632458742807357 0.7216115625753649 0.008130748746358663 0.01139252630835923
2 0.6532880683550354 0.6869481362387708 0.014517141066226813 0.01644404735504672
2 0.6323821864600087 0.745784809944529 0.01612510517284953 0.01809755261671846
2 0.6365612210997447 0.7553873230987086 0.01300010517284953 0.017915542093374804
3 0.7988997482176334 0.8397153624200729 0.017596676959604096 0.015063557878390555
2 0.7451526225908127 0.8420444308923944 0.01286371285298138 0.013228042093374626
2 0.7056522018994148 0.7711103046122699 0.011346676959604096 0.014699536831702886
7 0.7347319481384911 0.8055608993223633 0.008130748746358663 0.011392526308359407
7 0.7001523596586889 0.7965275335655825 0.008221676959604097 0.014517526308359407
7 0.6652688942984251 0.8038549151779659 0.008221676959604097 0.014517526308359407
4 0.7015928392047179 0.8192292861964183 0.012818248746358663 0.011665542093374625
7 0.6631380929656416 0.7842326599162941 0.008085284639736123 0.00983002630835923
3 0.6184166263517364 0.8019060073278105 0.01786946159934022 0.024438557878390554
3 0.5658371956312086 0.8175618284309675 0.019204641066226814 0.016717063140062292
7 0.5649733776053777 0.7878743284309675 0.012909176959604095 0.014790542093374803
4 0.596316654327555 0.7124871915569123 0.008221676959604097 0.01451752630835923
3 0.49103812094146015 0.6860773390248984 0.016306961599340218 0.02434755261671846
2 0.4459529414745734 0.6912506864364147 0.017596676959604096 0.015063557878390376
2 0.4332854569139797 0.711570891712204 0.016079641066226814 0.01653505261671846
2 0.38337638512722505 0.7117837233387049 0.01143760517284953 0.017824536831702886
2 0.4696943183550354 0.6762550179923285 0.009829641066226812 0.016171031570031146
4 0.3509275979802065 0.7223726128435961 0.01161946159934022 0.024074536831702888
4 0.36172034547292403 0.7448391470444632 0.00987510517284953 0.017733531570031148
3 0.4750386993921323 0.7795165258848362 0.017733069279472248 0.019751057878390377
2 0.5483314468848498 0.8056232705525772 0.01791492570596276 0.0260010578783902
7 0.4447779202291796 0.4096289601139381 0.012818248746358663 0.011665542093374804
2 0.665215070004388 0.82880941254713 0.02586381802583091 0.031143584186749607
4 0.6803626968848498 0.8133132151638485 0.008267141066226813 0.016080026308359408
4 0.4741150453937818 0.7209682785156721 0.01286371285298138 0.013228042093374803
4 0.33324835299477146 0.6776670575960416 0.014653533386094875 0.02113154735504672
2 0.3279972486798518 0.49719830759604167 0.01300010517284953 0.017915542093374804
2 0.43661269688484977 0.79911639434304 0.02550010517284953 0.018643584186749607
2 0.32879418520636733 0.7390217865493544 0.01474446159934022 0.02425654735504672
4 0.25559706294475903 0.5553755576666288 0.020948997492717503 0.023058068401734032
7 0.5840499865391509 0.7733868942018656 0.011255748746358662 0.011574536831702887
7 0.2958356180384662 0.5444604444700969 0.009784176959604096 0.014608531570031147
4 0.409707901424561 0.5713708259413061 0.011255748746358662 0.011574536831702887
5 0.5292511747815262 0.6859632179358587 0.01598871285298138 0.01341005261671846
3 0.7509001689090313 0.905553194046574 0.016261497492717502 0.02278505261671846
3 0.8117323688298889 0.8786791518826119 0.019386497492717324 0.022967063140062294
4 0.7659197636570395 0.8588524992941282 0.011346676959604096 0.014699536831702886
2 0.7403802060560498 0.8924616598457067 0.017642141066226812 0.016626057878390554
2 0.7140079226699549 0.8706475730281215 0.016079641066226814 0.01653505261671846
4 0.7129311559769076 0.8604458203972853 0.01612510517284953 0.01809755261671846
4 0.5835809736070272 0.7304636468327016 0.009829641066226812 0.016171031570031146
4 0.3999752002500621 0.612140039109603 0.017914925705962936 0.0260010578783902
4 0.5670874585633323 0.8605305784309675 0.01286371285298138 0.013228042093374626
4 0.5652749059769075 0.8518458231692957 0.00973871285298138 0.013046031570031147
3 0.5508176008832004 0.8642625231834131 0.01626149749271768 0.02278505261671846
3 0.5115876163226065 0.883035639010781 0.02237510517284953 0.018461573663405773
7 0.5304058124825406 0.8864714521508432 0.009829641066226812 0.016171031570031146
4 0.6450593458686354 0.9134273362528882 0.00987510517284953 0.017733531570031148
4 0.6355706856020789 0.9089750546828572 0.01300010517284953 0.017915542093374627
4 0.44910433669743544 0.8263614338055788 0.012909176959604095 0.014790542093374626
4 0.41343360965868897 0.7798280680487981 0.01300010517284953 0.017915542093374804
4 0.40051607251167043 0.7915545233245875 0.011483069279472246 0.019387036831703064
7 0.30279998653915086 0.7570059471009328 0.01300010517284953 0.017915542093374804
4 0.37494777117888695 0.7705671891378378 0.011392141066226814 0.016262036831702888
4 0.47977767517723746 0.8351672864081798 0.01300010517284953 0.017915542093374627
4 0.4595561033904828 0.8371092180064459 0.016079641066226814 0.01653505261671846
2 0.6928603483759179 0.8943734993647154 0.01125574874635884 0.011574536831702887
2 0.7029173099752581 0.9183570309347466 0.016034176959604095 0.01497255261671846
4 0.36098690808847866 0.666023902306135 0.00656824874635884 0.011301521046687312
4 0.3710749619285446 0.664271686507002 0.008221676959604097 0.014517526308359407
3 0.3917819862099464 0.14292730752545452 0.011255748746358752 0.011574536831702975
2 0.5206594924781526 0.09583874687505389 0.011210284639736123 0.01001203683170293
2 0.5241398451437196 0.13503775476756166 0.01125574874635884 0.01157453683170293
2 0.7190745412371466 0.6159068651214962 0.011346676959604096 0.014699536831702886
4 0.5185767845732291 0.5067384495200072 0.01612510517284953 0.01809755261671846
2 0.2560313204666064 0.48988706555913664 0.014562605172849529 0.01800654735504672
7 0.5733685508040581 0.835158852108491 0.011528533386094964 0.020949536831702885
3 0.40005908293651177 0.8562617654320797 0.011528533386094964 0.020949536831702885
3 0.4505448162434643 0.8490631864364147 0.014426212852981379 0.013319047355046364
1 0.4915789932030684 0.8654918232398827 0.011255748746358662 0.011574536831702887
4 0.5010305495504168 0.84186460744075 0.016034176959604095 0.01497255261671846
2 0.5419570779219468 0.9082022389825462 0.011528533386094785 0.020949536831702885
7 0.30725781749710557 0.8297987049934406 0.008267141066226813 0.016080026308359408
4 0.2764551322242312 0.5753086260683629 0.019204641066226814 0.016717063140062292
4 0.4333716881093612 0.8753603759271886 0.009829641066226812 0.016171031570031146
4 0.4605563137361818 0.8714842180064458 0.014653533386094963 0.02113154735504672
4 0.4291244573096911 0.863414112773009 0.010102425705962936 0.025546031570031148
3 0.49901105997525813 0.9064808442865703 0.01143760517284953 0.017824536831702886
4 0.47313052157459834 0.9283712548381488 0.009784176959604096 0.014608531570031147
4 0.6129204472805613 0.9614707231269435 0.008221676959604097 0.014517526308359407
4 0.6124430741610232 0.9450644731269435 0.012954641066226813 0.016353042093374626
4 0.6242527523742685 0.9488720125894823 0.00987510517284953 0.017733531570031148
4 0.6064765674971054 0.8472262126035996 0.01286371285298138 0.013228042093374626
2 0.7563545470431344 0.8785734650932614 0.01300010517284953 0.017915542093374627