3 0.3248095630679506 0.13206536745395803 0.010393844499481997 0.022311647642635178
3 0.3144457595105127 0.2961835254356754 0.012101893713693723 0.025509422249741044
7 0.2636987427612897 0.2656634255595099 0.016207196856846906 0.013227746071058543
4 0.5017295897419711 0.31642959719007835 0.011883569892376045 0.020821922249741043
3 0.8175814139775734 0.15530789082271879 0.01962329528527036 0.01962329528527027
3 0.7003426798982268 0.4958687324267167 0.010393844499482085 0.022311647642635178
3 0.2447411892038518 0.43018184388030944 0.013664393713693723 0.025582196856846907
5 0.6439364762169545 0.612805829407398 0.011883569892376222 0.020821922249741043
3 0.3599018862655864 0.8350812055432992 0.01671661910658786 0.024165246071058633
3 0.7314344379609976 0.8608387609627639 0.010393844499482085 0.022311647642635178
3 0.769050062029984 0.9624354942135408 0.008176373035529316 0.00817637303552914
1 0.8726200942900849 0.5301238002521782 0.020496590570540717 0.03837329528527036
1 0.8395058413946008 0.6428442781262718 0.023694365177646403 0.040081344499482086
1 0.3601437888706203 0.9243256420610638 0.016643844499481995 0.02260274607105863
1 0.5478342258026696 0.7683902034763846 0.00817637303552914 0.00817637303552914
1 0.6847777617823151 0.8677094991759396 0.008321922249741043 0.011301373035529139
1 0.5349895076484859 0.49260895347638467 0.006759422249741043 0.011228598428423452
1 0.5495892009906761 0.3690066335840085 0.006759422249740865 0.011228598428423452
1 0.6814599392038518 0.40984134119422233 0.00824914764263518 0.009738873035529316
1 0.6279668738595896 0.6229449627820095 0.011374147642635179 0.009884422249741042
1 0.8840413995001528 0.7081032510379666 0.00981164764263518 0.00981164764263518
3 0.5241420146777992 0.7640130725829725 0.008831344499482086 0.022238873035529138
1 0.4833992365560366 0.6288953639393013 0.008103598428423453 0.006613873035529317
1 0.42000667059260194 0.5958324609199828 0.006832196856846906 0.012791098428423454
1 0.640353403843379 0.5526859667109509 0.00668664764263518 0.009666098428423453
1 0.3374681523956369 0.622382152400146 0.005051373035529316 0.00803082382131759
1 0.15966848407483733 0.604043183003108 0.006541098428423453 0.006541098428423453
1 0.17473486600170673 0.675372373449814 0.006541098428423453 0.006541098428423453
1 0.22668266376817642 0.7316737233259796 0.006613873035529317 0.008103598428423453
3 0.23456351447291146 0.37976446691583876 0.013082196856846907 0.013082196856846907