3 0.7609375 0.3047227945481891 0.0234375 0.013728307326946344
3 0.70859375 0.31291707485134246 0.0265625 0.015454581637205766
3 0.7265625 0.33417127713533457 0.0234375 0.015290807326946343
3 0.74296875 0.404562342264197 0.025 0.0169351944820761
3 0.83125 0.43184521652902796 0.015625 0.01956887155129756
5 0.76640625 0.34407189959114326 0.0203125 0.01981453301668683
5 0.65 0.3239088065339768 0.01875 0.013482645861557074
4 0.7046875 0.2963061069635181 0.0171875 0.014963258706427318
5 0.7578125 0.4170590202379296 0.0140625 0.01636198439616763
5 0.809375 0.4314800463572115 0.0171875 0.011838258706427318
3 0.83359375 0.5389992972617226 0.015625 0.018006371551297563
3 0.8453125 0.5778947009251958 0.021875 0.010521420171816587
3 0.9109375 0.5469589614406454 0.0234375 0.012165807326946165
3 0.82421875 0.6502267243309442 0.0234375 0.015290807326946165
3 0.7875 0.630333626185395 0.025 0.015372694482076099
3 0.825 0.625267667908509 0.0234375 0.016853307326946166
3 0.9109375 0.5118027114406454 0.0125 0.020967597241038048
5 0.82265625 0.5103010871758145 0.0125 0.01784259724103805
4 0.76953125 0.4598606739014028 0.0203125 0.01043953301668683
3 0.7984375 0.6996568362713033 0.028125 0.015536468792335612
3 0.85390625 0.7486575802784093 0.0203125 0.01668953301668665
3 0.8453125 0.7638322009251958 0.015625 0.021131371551297563
5 0.74375 0.5546032858417619 0.0140625 0.016361984396167806
3 0.82578125 0.551089861486074 0.021875 0.008958920171816587
3 0.67578125 0.6479161945936177 0.0203125 0.01825203301668683
3 0.740625 0.7263145115315024 0.0234375 0.013728307326946344
5 0.740625 0.7841270115315024 0.0171875 0.013400758706427318
5 0.7859375 0.848220489030265 0.0171875 0.014963258706427496
5 0.70078125 0.8820388890756938 0.021875 0.010521420171816231
3 0.71640625 0.9500452606269911 0.015625 0.01956887155129756
3 0.62109375 0.8239563941640764 0.025 0.015372694482076099
3 0.63359375 0.8730489914051145 0.0234375 0.01685330732694652
3 0.559375 0.9152531015364511 0.021875 0.016771420171816587
4 0.6671875 0.766997065240404 0.0171875 0.010275758706427319
5 0.6 0.46816341756982477 0.0203125 0.012002033016686653
3 0.60703125 0.3716569097679086 0.0234375 0.016853307326946253
3 0.571875 0.38622069877748916 0.01875 0.022857645861557075
7 0.565625 0.3468306501569701 0.01875 0.019732645861557076
3 0.54140625 0.520561399252459 0.0265625 0.015454581637205677
3 0.61015625 0.5460394340781681 0.0234375 0.016853307326946343
7 0.56953125 0.7290666180447947 0.01875 0.016607645861557073
3 0.5453125 0.7027973671402834 0.0265625 0.015454581637205856
3 0.50390625 0.8068773575293451 0.0171875 0.02121325870642714
3 0.58828125 0.8089555139063516 0.021875 0.018333920171816585
3 0.47265625 0.7911771144267499 0.0234375 0.016853307326946166
7 0.51640625 0.636438704770383 0.015625 0.014881371551297562
7 0.47578125 0.49524713873700943 0.0125 0.01784259724103805
5 0.4921875 0.4351694538658718 0.0171875 0.01652575870642714
5 0.478125 0.4531824694697041 0.0109375 0.014635710085908294
3 0.515625 0.4504602611928181 0.025 0.0122476944820761
7 0.4421875 0.40989281490171975 0.0203125 0.010439533016686653
5 0.43828125 0.37921934701389537 0.0203125 0.013564533016686831
5 0.39921875 0.47326591813565155 0.0171875 0.01652575870642714
5 0.41796875 0.5133110639972086 0.0171875 0.016525758706427317
5 0.36015625 0.5649687392574079 0.0125 0.01784259724103805
5 0.3265625 0.5968019154221181 0.0234375 0.012165807326946165
5 0.309375 0.4037136567156908 0.0171875 0.014963258706427318
5 0.278125 0.3778571636130958 0.009375 0.014553822930778537
5 0.17421875 0.3513179177969673 0.025 0.01537269448207601
1 0.62734375 0.3016276927845954 0.0359375 0.025320904567984304
1 0.72421875 0.51217344640264 0.0328125 0.0314071302577247
1 0.6796875 0.610620912481442 0.021875 0.023021420171816586
1 0.60234375 0.5690674983025193 0.028125 0.024911468792335613
1 0.48359375 0.5206565745126582 0.025 0.020060194482076098
1 0.6453125 0.9650693950685876 0.03125 0.025075243102595124
1 0.7796875 0.8932054404097463 0.025 0.0184976944820761
1 0.38671875 0.4312045708946136 0.0375 0.03321529172311397
1 0.36875 0.29588786861062144 0.03125 0.032887743102595034
1 0.21171875 0.2939082095200814 0.025 0.02006019448207601
1 0.56171875 0.5997509322691459 0.04375 0.028855340343633174
3 0.47265625 0.17867711442674997 0.025 0.01537269448207601
3 0.48828125 0.28262098597804747 0.021875 0.019896420171816587
3 0.371875 0.22652039292088094 0.021875 0.016771420171816497
3 0.3546875 0.25452588421445366 0.021875 0.016771420171816497
3 0.321875 0.2715562539567289 0.0203125 0.013564533016686742
3 0.32734375 0.314030358999683 0.0234375 0.013728307326946344
3 0.4078125 0.12606004748886523 0.0171875 0.018088258706427274
3 0.43515625 0.44311807270363596 0.0234375 0.016853307326946166
3 0.43828125 0.45578184701389546 0.0234375 0.013728307326946165
3 0.3984375 0.4474437245580868 0.0234375 0.010603307326946166
3 0.31328125 0.42032462460351533 0.0203125 0.01668953301668665
3 0.30078125 0.43060702736247725 0.025 0.013810194482076099
3 0.271875 0.3548733649925768 0.0203125 0.013564533016686742
3 0.45625 0.5504735492978876 0.0234375 0.016853307326946166
3 0.4390625 0.6097290405914603 0.025 0.015372694482076099
3 0.7125 0.5428092927391669 0.01875 0.019732645861557076
3 0.68984375 0.8541219289897853 0.0234375 0.01372830732694652
3 0.78046875 0.800277633987311 0.01875 0.019732645861557076
3 0.446875 0.751544726367109 0.025 0.0169351944820761
3 0.3234375 0.7583568911118587 0.0234375 0.015290807326946343
3 0.2859375 0.6579540993887446 0.025 0.015372694482076099
3 0.33125 0.5407975768875074 0.0234375 0.013728307326946165
3 0.30859375 0.573203963138126 0.0265625 0.013892081637205678
3 0.37109375 0.7077294493433162 0.021875 0.019896420171816587
3 0.25078125 0.17408038839832515 0.0109375 0.017760710085908293
3 0.22265625 0.16010641960598965 0.0203125 0.01668953301668674
3 0.26171875 0.15668484848423345 0.0234375 0.013728307326946253