5 0.7503521086307042 0.5357865320669576 0.023819445916316084 0.011346603084255058
4 0.6948164151614589 0.3821627000860208 0.02063988221398514 0.00972955600635439
7 0.7161755491895426 0.32947803084914157 0.02220238221398514 0.009756829545304768
5 0.6971551867610053 0.5164149691607444 0.017733137023308566 0.01592500892845372
5 0.5346180143431523 0.29673153490633136 0.01622520072563951 0.01746023538950343
5 0.3672494650687917 0.28247594034349294 0.020694445916315994 0.011292056006354478
5 0.36016116216623406 0.3513077609603439 0.02074900961864685 0.012854556006354479
5 0.418740010081983 0.5072207958633801 0.014662700725639332 0.017432961850553142
7 0.47725191452848675 0.5085417881527422 0.01767857332097762 0.014362508928453721
7 0.3111705575422451 0.5692180097425279 0.011428573320977709 0.014253414772652384
5 0.0760540353945445 0.23680847889668163 0.01767857332097771 0.014362508928453721
5 0.12505947586856486 0.3538499285723701 0.014553573320977708 0.014307961850553053
5 0.015121480677888294 0.349522713068369 0.016116073320977704 0.014335235389503431
6 0.4200172786863045 0.604795225246529 0.02716270072563933 0.017651150162155814
4 0.6399627348542396 0.4549513636408572 0.01595238221398514 0.00964773538950343
7 0.6339929878494643 0.4917519342577082 0.01455357332097762 0.014307961850553141
2 0.5176834523701019 0.5804480158316079 0.020967264427970277 0.0191045560063543