5 0.2469498128630628 0.24849554557232328 0.019477746071058545 0.01573408430895542
4 0.1739423825505512 0.6253807533196497 0.016279971463952724 0.014153403590796287
4 0.4667849698113229 0.3245393742239379 0.01762414764263518 0.00947499394987581
4 0.3712069884225727 0.4984859343323965 0.01762414764263518 0.00947499394987581
4 0.3098242245688338 0.6425540969001832 0.02096747146395277 0.01418067466803503
4 0.3124055690683158 0.6206700065411035 0.017696922249741044 0.011037493949875809
2 0.30562710773404833 0.0786688589022357 0.04927656203449331 0.05183521077238851
4 0.1714810860224266 0.19191881352630416 0.014571922249741043 0.011019313231716543
4 0.14250206141532076 0.19364948516927707 0.014499147642635135 0.009456813231716588
4 0.11633551364885109 0.2523795905554714 0.015988873035529316 0.00790340359079611
4 0.14276527295447602 0.3389210785534188 0.015988873035529316 0.00790340359079611
4 0.20448186890170011 0.37214666901069426 0.01762414764263518 0.00947499394987581
4 0.2411085736164298 0.39067850039278346 0.019477746071058545 0.01573408430895542
4 0.22752760897690258 0.5313444070086417 0.017696922249741044 0.011037493949875809
4 0.22378617886927882 0.5110591780858806 0.019477746071058632 0.015734084308955332
4 0.14294493962264573 0.6536784701421624 0.017696922249741044 0.011037493949875809
4 0.2261769706398924 0.6274199762904825 0.01918664764263518 0.009484084308955332
1 0.30659652481650285 0.5441620486955812 0.020894696856846907 0.012618174668035031
4 0.2837262591007371 0.4818120396203949 0.01627997146395277 0.01415340359079611
4 0.2991158186540311 0.47000693120913856 0.014644696856846906 0.012581813231716588
4 0.33583456865403105 0.46979330777076755 0.014426373035529317 0.00789431323171641
4 0.25706536745395797 0.3163870275201465 0.01762414764263518 0.00947499394987581
4 0.35977083643671137 0.3415637686413519 0.021040246071058543 0.015743174668035032
4 0.3410015657585469 0.35885580777076753 0.017696922249741044 0.011037493949875809
4 0.27359562614041033 0.6490131751590144 0.014571922249741043 0.011019313231716588
4 0.4086684470662439 0.5326336753554062 0.017696922249740864 0.011037493949875809
4 0.37761319210384514 0.6124802566392994 0.017696922249741044 0.011037493949875809
1 0.4846552123677248 0.4439342688377437 0.011446922249741042 0.011001132513557365