7 0.7167327215864904 0.6617324674180214 0.017378414772652385 0.011337543502986236
4 0.7473105657422918 0.6686916354460423 0.017351141233702093 0.009775043502986058
5 0.7395020198822071 0.6239967312857297 0.01592500892845372 0.01755117591180557
4 0.6477508965054126 0.646851043406077 0.02055796185055314 0.014535278685347208
4 0.6559122240221225 0.5775379989531603 0.017514782467404188 0.019150043502986235
4 0.5314673774306891 0.6511729078631254 0.01905000892845372 0.017623911094166722
3 0.483228700483172 0.5719568801277087 0.02368296185055314 0.014608013867708358
7 0.5131207520252996 0.5843666143601393 0.018913641233702094 0.009811411094166545
7 0.5352218486167329 0.5083496282278477 0.014335235389503431 0.015952308320624907
5 0.5552031120094135 0.5345854731176047 0.017432961850553142 0.014462543502986236
4 0.5756343887947748 0.5866025680073615 0.02055796185055314 0.014535278685347208
5 0.5148314821397972 0.45867628333809074 0.020585235389503253 0.01609777868534721
4 0.4088247642001642 0.6490993019554517 0.02680796185055314 0.014680749050069507
4 0.4532178721556833 0.5080028296908685 0.02058523538950343 0.01609777868534721
5 0.37948036322722956 0.4891060529053822 0.017432961850553052 0.014462543502986059
7 0.3564422836819248 0.4667037228332642 0.018913641233702094 0.009811411094166545
5 0.3609797792176979 0.45821907560680586 0.014307961850553053 0.014389808320624909
3 0.35594345170098807 0.5276048552420837 0.02058523538950343 0.01609777868534721
5 0.2640172301112023 0.3614694025447919 0.023655688311602675 0.013045513867708358
5 0.16604733441327343 0.34122767809600707 0.01740568831160272 0.012900043502986147
5 0.18204052718910302 0.3626851040078126 0.017432961850553052 0.014462543502986147
5 0.15095416842280507 0.37133275218420153 0.02055796185055305 0.014535278685347208
3 0.18725195291880403 0.48228908919017377 0.023710235389503388 0.016170513867708357
7 0.22545711079159755 0.5682999775829168 0.017351141233702006 0.009775043502986237
5 0.20275995048317202 0.5654288975107987 0.020503414772652384 0.011410278685347209
5 0.15088775892515843 0.5017469507974306 0.014307961850553053 0.014389808320624909
7 0.07957186647364042 0.532105291603125 0.01891364123370205 0.009811411094166722
5 0.2682313973194867 0.2897216891139238 0.01746023538950343 0.01602504350298606
5 0.11584673701106118 0.28383209897381956 0.011155688311602763 0.012754573138263937
7 0.30398589082666494 0.19059451130225719 0.019022735389503432 0.01606141109416668
7 0.06692581614932887 0.4787075346692708 0.017432961850553052 0.014462543502986236
7 0.22752812540209416 0.5527295289696876 0.019022735389503432 0.01606141109416672
2 0.46657698863261904 0.5575125204203129 0.020585235389503253 0.01609777868534721
4 0.4673094200443629 0.6442130866247225 0.015843188311602675 0.012863675911805572
4 0.4747537272685333 0.6233011745806254 0.012636367694751627 0.0081034407294446
1 0.4779451367661799 0.49295971114975734 0.014226141233702094 0.009702308320624908
2 0.6101963494275118 0.6428532212177436 0.015788641233702095 0.009738675911805572
2 0.6015577349791711 0.6848225156706602 0.017378414772652208 0.011337543502986236
2 0.6304094379012704 0.6823703161075005 0.020721603084255236 0.02391027868534721
4 0.42137753692833557 0.518194794071667 0.02055796185055314 0.014535278685347208
2 0.10758381817792376 0.5710229744487848 0.020585235389503388 0.01609777868534721
2 0.11887014569463364 0.5017826651782292 0.01905000892845372 0.017623911094166722
2 0.08265991030513023 0.48532121058107636 0.01740568831160272 0.012900043502986236
2 0.24430079382819453 0.4398846900638544 0.017405688311602673 0.012900043502986236
2 0.18968543181548567 0.3980050081681251 0.015897735389503388 0.015988675911805573
2 0.1822683981302656 0.42047942021222234 0.015843188311602717 0.012863675911805572
2 0.18739227475347103 0.44558852298576407 0.012690914772652384 0.0112284407294446
2 0.17585080275664824 0.4554720160519098 0.014226141233702005 0.009702308320624908
4 0.30260817166921594 0.4248422247331252 0.017378414772652385 0.011337543502986236
2 0.3505956582765354 0.4001883700597226 0.01746023538950343 0.016025043502986235
2 0.3426428364418683 0.43670709830822946 0.02217500892845372 0.017696646276527873
3 0.47975705275664826 0.46254551253652815 0.02217500892845372 0.017696646276527873
0 0.5913218441525061 0.5010651115103476 0.06200116801906326 0.06235583605604163
3 0.3355179034052714 0.5653951427611461 0.014335235389503431 0.015952308320625087