5 0.6505146470496926 0.3834530534206725 0.01572499394987581 0.01782416996194396
7 0.6443919120768073 0.4050733854358949 0.017242042154477666 0.010075336958138337
7 0.6239844841873184 0.5221826309872706 0.018804542154477667 0.010139003954332714
3 0.6074514900410509 0.6339822940291323 0.02509999394987581 0.018206171939110227
3 0.6354764960911752 0.6179407999606313 0.025090903590796288 0.016643671939110226
5 0.649403161585828 0.7294194694282836 0.021929542154477667 0.01026633794672147
7 0.7101543092246958 0.6998712322798649 0.017242042154477666 0.010075336958138337
3 0.5189389567653678 0.7248845252460521 0.01886817466803503 0.021076503954332713
5 0.45893217680933435 0.6138714293906651 0.012618174668035031 0.020821835969555204
5 0.4531998063960255 0.5683360949039848 0.023501132513557364 0.01189250494291585
5 0.47407538777811464 0.531695599352609 0.023501132513557364 0.01189250494291585
4 0.44024074326250473 0.4889205089344296 0.01259999394987581 0.017696835969555024
4 0.5552986375817228 0.6646619496566202 0.01726931323171659 0.014762836958138337
2 0.5788906736860764 0.6921794545995361 0.01729658430895533 0.019450336958138338
2 0.5806349808676687 0.7234931215957305 0.028261355386194252 0.02458350593149916
2 0.5171572463857628 0.41863452524605194 0.028279536104353475 0.02770850593149916
2 0.48065666500367354 0.45463835083548376 0.017278403590796288 0.016325336958138335
4 0.5032543485505032 0.5797484387822053 0.018895445745273777 0.025764003954332714
7 0.4445293092246958 0.6890478429268183 0.012581813231716588 0.014571835969555025
3 0.32678327302214644 0.7225222347141418 0.026635222872636977 0.013582338935304606