2 0.16640625 0.39453125 0.02109375 0.0203125
2 0.30078125 0.14765625 0.0109375 0.015625
2 0.14609375 0.02890625 0.0125 0.01171875
2 0.1359375 0.10390625 0.00625 0.01796875
2 0.37421875 0.06015625 0.01015625 0.02109375
2 0.47890625 0.103125 0.01171875 0.01796875
2 0.55 0.1875 0.0125 0.03046875
2 0.609375 0.0265625 0.01953125 0.01484375
7 0.4734375 0.0078125 0.00546875 0.0140625
4 0.4625 0.0078125 0.00546875 0.0109375
2 0.76015625 0.1609375 0.01328125 0.0265625
2 0.73515625 0.034375 0.0171875 0.02421875
4 0.51484375 0.12734375 0.0125 0.01171875
4 0.5640625 0.1296875 0.01015625 0.0125
4 0.5203125 0.0890625 0.00859375 0.0140625
2 0.71796875 0.33984375 0.0109375 0.01484375
2 0.596875 0.2703125 0.0109375 0.021875
5 0.49375 0.275 0.0078125 0.01953125
2 0.33671875 0.1734375 0.00703125 0.01640625
4 0.359375 0.11171875 0.0078125 0.015625
4 0.165625 0.22734375 0.0078125 0.015625
4 0.3046875 0.3640625 0.0078125 0.01171875
2 0.44296875 0.3625 0.01328125 0.01640625
4 0.309375 0.3015625 0.00859375 0.01640625
2 0.321875 0.32265625 0.01328125 0.01328125
7 0.6859375 0.409375 0.0140625 0.00859375
4 0.53671875 0.4140625 0.01015625 0.0109375
4 0.5484375 0.4453125 0.00859375 0.009375
2 0.49140625 0.46953125 0.01015625 0.01953125
7 0.5203125 0.51953125 0.00703125 0.01953125
2 0.1828125 0.54609375 0.00703125 0.01640625
4 0.15234375 0.56015625 0.00625 0.015625
2 0.16796875 0.68203125 0.009375 0.0203125
2 0.3359375 0.66171875 0.01015625 0.015625
4 0.296875 0.609375 0.01328125 0.0078125
2 0.375 0.71484375 0.00859375 0.03125
2 0.434375 0.6375 0.01015625 0.02734375
2 0.4234375 0.73125 0.0140625 0.01015625
2 0.4203125 0.77890625 0.01171875 0.0140625
7 0.37578125 0.82109375 0.00859375 0.0203125
6 0.6296875 0.5765625 0.0203125 0.0171875
4 0.76640625 0.63125 0.00859375 0.0140625
7 0.58359375 0.86328125 0.0109375 0.01484375
7 0.49921875 0.87109375 0.0140625 0.0140625
2 0.5109375 0.73515625 0.0109375 0.0109375
2 0.2046875 0.7671875 0.01171875 0.0296875
7 0.27265625 0.7265625 0.0046875 0.01484375
3 0.3703125 0.79375 0.01796875 0.0109375
2 0.26015625 0.8828125 0.01953125 0.0140625
5 0.175 0.93671875 0.0125 0.00703125
3 0.6 0.61015625 0.0140625 0.0078125
2 0.19375 0.8453125 0.00703125 0.01953125
4 0.62421875 0.7875 0.0078125 0.015625
7 0.4640625 0.7796875 0.00625 0.015625
2 0.6875 0.690625 0.0109375 0.02109375