7 0.275975308031654 0.6037921393530465 0.015761367694751626 0.008449169961943781
4 0.24471167126217885 0.6017375494291587 0.015734094155801338 0.006886669961943781
5 0.26039517247999483 0.5609998028891999 0.012772735389503432 0.016134335969555026
4 0.34705542126217886 0.6059077376798914 0.018913641233702004 0.010139003954332537
4 0.3489667487788887 0.5365038216722802 0.014335235389503431 0.01619800296574958
4 0.4608548685022352 0.6402110949039848 0.01587046185055314 0.014699169961943781
3 0.5198247195578956 0.5746935242574688 0.023628414772652383 0.01189250494291585
7 0.4894514269442217 0.5789207678316781 0.017296594155801336 0.006950336958138337
7 0.4786718396882792 0.4980700158545119 0.011182961850553142 0.014508168973360824
5 0.454834919233584 0.5189581774134988 0.015843188311602675 0.013136669961943959
4 0.4267605121715693 0.5654365879839025 0.018913641233702094 0.010139003954332714
5 0.5068144305976696 0.4554978552841081 0.018940914772652383 0.011701503954332716
4 0.5815901083559656 0.6693322036109529 0.025190914772652385 0.011956171939110227
4 0.5602354853862082 0.5193494496566202 0.020530688311602673 0.013327670950527093
5 0.6351809383083074 0.5192804654739509 0.015815914772652383 0.01157416996194378
7 0.6622246793798536 0.5032071379073528 0.01883182061685105 0.005451503954332715
5 0.6597172881461517 0.4937366374130612 0.012690914772652384 0.011446835969555025
3 0.6531184606294418 0.5629495524320893 0.018968188311602675 0.013264003954332715
5 0.7701405450460105 0.4240700776409603 0.022011367694751628 0.008703837946721471
5 0.8693592950460104 0.4281129318993041 0.015788641233702095 0.01001166996194396
5 0.8501416907439395 0.4452858444468742 0.015815914772652206 0.01157416996194378
5 0.8801019261334428 0.4621205173745676 0.018913641233702094 0.010139003954332714
3 0.8264059561652151 0.5614228390096667 0.022065914772652205 0.01182883794672147
7 0.7754122463432568 0.6366337446371546 0.015734094155801338 0.006886669961943958
5 0.797314519882207 0.6390875825838761 0.018859094155801514 0.007014003954332715
5 0.8596957430968459 0.5901035959297489 0.011155688311602675 0.012945668973360825
7 0.925344062495881 0.6388395262718162 0.01729659415580116 0.006950336958138337
5 0.7766848254848198 0.3517321626219322 0.015843188311602675 0.013136669961943959
5 0.9279297256469754 0.384438527754691 0.009565914772652206 0.011319501977166357
7 0.7568614748361966 0.24474999216569673 0.015843188311602675 0.013136669961943959
7 0.9463463092494699 0.5897308642185377 0.015815914772652206 0.01157416996194378
7 0.7751395109537533 0.6210087446371546 0.015843188311602675 0.013136669961943959
2 0.5391650547852431 0.5645518617098987 0.018968188311602675 0.013264003954332715
4 0.5242588494275118 0.6498208582498576 0.014226141233702094 0.00994800296574958
4 0.5207520198822071 0.6278185242574688 0.011046594155801337 0.006695668973360824
1 0.5380059293798537 0.4981456117098987 0.012609094155801337 0.006759335969555203
2 0.3838559918790299 0.6120914120904596 0.014171594155801336 0.006823002965749581
2 0.3854009009696394 0.6558732455885568 0.015788641233702005 0.01001166996194396
2 0.3586747597359373 0.6454159066532521 0.01754205600635448 0.021012836958138336
4 0.5902093575451867 0.5369653725843136 0.018913641233702094 0.010139003954332714
2 0.8907469200443628 0.6694382688574424 0.017405688311602673 0.013200336958138336
2 0.8910684740221224 0.5984081858536368 0.01587046185055314 0.014699169961943958
2 0.9291860827884204 0.5905930272603994 0.015788641233702095 0.01001166996194378
2 0.7762462690714281 0.5055110786295434 0.015788641233702095 0.01001166996194396
2 0.8374468218313718 0.47833842497922185 0.012718188311602674 0.013009335969555202
2 0.8409809249156268 0.5019032589716106 0.014226141233702094 0.00994800296574958
2 0.8320286647693571 0.5257400069944443 0.011101141233702094 0.009820668973360824
2 0.8416082163114847 0.5378407589716107 0.01260909415580116 0.006759335969555025
4 0.7218627321397972 0.4759708172608369 0.015761367694751626 0.008449169961943958
2 0.6782939642828898 0.4398449748654912 0.014280688311602674 0.013073002965749581
2 0.6797161424482228 0.47659555836358836 0.020530688311602673 0.013327670950527093
3 0.5413667086008469 0.46705477920038463 0.022093188311602674 0.013391337946721649
0 0.42445194399035024 0.4779047544858054 0.05558752678536116 0.053790844866803765
3 0.667917346181101 0.6057100553978388 0.011182961850553142 0.014508168973360824