5 0.7812331314006219 0.2143999052491119 0.02425654735504672 0.01488095553496276
3 0.7125356102833473 0.2798314430907271 0.030415542093374805 0.013536710344286274
5 0.769680981372387 0.24362361377929967 0.02122255261671846 0.016334328130301133
5 0.8833317706231643 0.4814906907284744 0.014881547355046366 0.01455357332097762
5 0.986675849477655 0.5825571721241529 0.021040542093374626 0.013209328130301045
5 0.9935843365705305 0.610228304338138 0.012831326858939108 0.011646828130301046
5 0.8744719810900383 0.5435541811098276 0.01800654735504672 0.014662700725639511
3 0.9642386783321456 0.6792312754821974 0.027745568401734033 0.021240082939624472
3 0.8106278309206291 0.719087405249112 0.03050654735504672 0.015099210344286362
3 0.8289921520943734 0.592643956337571 0.016808068401734034 0.020858137023308566
3 0.5467880548946186 0.4058061221320021 0.027563557878390377 0.018115082939624473
3 0.5674113680346807 0.4252381684111378 0.02002407366340595 0.022529764427970278
5 0.5104480074689848 0.4645709977225653 0.024074536831702888 0.011755955534962937
5 0.5069813732257654 0.4987550247644073 0.02425654735504672 0.014880955534962936
5 0.5300394416274995 0.5198314165970392 0.013501057878390376 0.017624009618646852
5 0.493002173211648 0.5130804195922641 0.021040542093374803 0.013209328130301045
3 0.48619146011393816 0.4496900421876025 0.023058068401734032 0.02107639183263199
5 0.5728555441595133 0.6258011636018145 0.024074536831702888 0.011755955534962937
5 0.40255918373499167 0.5130407248570746 0.01809755261671846 0.01622520072563951
5 0.37088424950588983 0.5314261371081266 0.02425654735504663 0.014880955534962936
5 0.42263646530502275 0.5230977711362103 0.01809755261671846 0.01622520072563951
5 0.371248999576477 0.4573710782151192 0.027290542093374802 0.013427582939624472
3 0.43425650476756167 0.5351984670525262 0.03050654735504672 0.015099210344286362
3 0.36255653903901586 0.46876244600113404 0.02738154735504672 0.014990082939624472
5 0.7038171178229192 0.6522049508952754 0.024165542093374803 0.013318455534962937
5 0.7078829915427949 0.6149232057045989 0.024165542093374803 0.013318455534962937
5 0.7259148417969087 0.34890882530471223 0.021040542093374803 0.013209328130301134
5 0.6190663313441521 0.2679911528020412 0.020949536831702885 0.011646828130301134
5 0.4104865338479312 0.39480908002921766 0.01488154735504672 0.014553573320977708
5 0.3798897102551124 0.297842310791924 0.013501057878390376 0.017624009618646852
5 0.3432381206655167 0.41818952712666 0.02425654735504663 0.01488095553496276
5 0.4360611994494201 0.5929564033501954 0.02581904735504672 0.014935519237293703
3 0.3643171891378379 0.3651290145127883 0.02627407366340586 0.022748019237293703
5 0.597211531075921 0.5486855920949353 0.01488154735504672 0.01455357332097762
5 0.7476904022355477 0.4416692441791863 0.01966005261671846 0.01627976442797028
3 0.6196817103962868 0.15808043946253006 0.021313557878390378 0.017896828130301135
3 0.636732702503779 0.1563368901881695 0.013683068401734033 0.02074900961864685
5 0.8149149705666947 0.538355760421255 0.02122255261671846 0.016334328130301046
5 0.30168692847331985 0.5079588660567345 0.021040542093374803 0.013209328130301045
5 0.38927720471109195 0.5928819922802697 0.01809755261671846 0.01622520072563951
5 0.40253606790762386 0.5528026293035783 0.021040542093374803 0.013209328130301045
3 0.6495237309488641 0.6838344076113646 0.023149073663405774 0.022638891832631992
3 0.7747883124341906 0.7864460308396751 0.02747255261671846 0.01655258293962447
5 0.5091992367046461 0.1620189165970393 0.019387036831702887 0.011592264427970279
3 0.7806555497035339 0.3383458367374576 0.02581904735504672 0.014935519237293703
3 0.6899094523626047 0.3063294557045989 0.025637036831702886 0.011810519237293704
3 0.6525844866340589 0.24109383610448548 0.016808068401734034 0.020858137023308566
3 0.5503247656438413 0.17203132285764156 0.024438557878390377 0.01800595553496285
3 0.3078103129283007 0.2516642260382009 0.02113154735504672 0.014771828130301135
3 0.34663759449833176 0.26237603674530685 0.028762036831702885 0.011919646641955417
3 0.957002301981434 0.7156226432682123 0.025728042093374627 0.013373019237293704
3 0.9412562046405046 0.6862253199472347 0.024438557878390554 0.018005955534962936
3 0.8956097756730748 0.705682158877309 0.0166260578783902 0.017733137023308566
3 0.8309025335655825 0.7057615152305784 0.02738154735504672 0.014990082939624472
3 0.7220603416557344 0.4969098156860655 0.01855257892507787 0.02403770072563951
3 0.6739336547957965 0.5139410590626434 0.02434755261671846 0.016443455534962938
3 0.7369789573419279 0.6058036660488851 0.013683068401734033 0.02074900961864685
3 0.8882537600292334 0.5526117225796399 0.025728042093374627 0.013373019237293704
3 0.8941474442583355 0.5333260092401286 0.019842063140062295 0.01940476442797028
3 0.7736796946818585 0.08471240524911192 0.02242103157003115 0.010138891832631992
3 0.49996334670564463 0.7129167284852717 0.019842063140062295 0.01940476442797028
3 0.5811678440748087 0.7149727910064761 0.024438557878390377 0.018005955534962936
3 0.6028601045275653 0.7929167417321155 0.02425654735504672 0.014880955534962936