5 0.7823247195578955 0.5404194849890569 0.023628414772652383 0.011346603084255058
4 0.7264450921239112 0.3835342853133684 0.020503414772652384 0.01129205600635439
7 0.7474337021080252 0.33237120576806367 0.022065914772652385 0.011319329545304768
5 0.7287906164736404 0.5179092853133684 0.019022735389503255 0.01595228246740401
5 0.5669279959395149 0.2886326627473528 0.01595228246740419 0.019022735389503432
5 0.39852286931630954 0.26656456818451435 0.020530688311602673 0.012854556006354479
5 0.39269165503012443 0.3354372991097908 0.02055796185055305 0.014417056006354479
5 0.45017469277253425 0.494638975246529 0.014362508928453721 0.017432961850553142
7 0.5088502633893853 0.4983037175358912 0.017432961850553142 0.014362508928453721
7 0.34250824309684585 0.5496594862035776 0.012745461850553053 0.014280688311602674
5 0.1075336306803952 0.20599880965980238 0.017432961850553052 0.014362508928453721
5 0.15649505641009623 0.32471185349129217 0.015897735389503388 0.015897735389503433
5 0.044571754867968674 0.3149431615262415 0.0205852353895034 0.01597955600635448
6 0.4518929257264057 0.593076475246529 0.026889782467404012 0.019213650162155815
4 0.6713951278377261 0.45326613271558075 0.015788641233702095 0.009647735389503254
7 0.6657860560030591 0.49009397687138206 0.015897735389503433 0.015897735389503252
2 0.5492355300284768 0.5734031290621328 0.020639782467404187 0.0191045560063543