3 0.6948413733979465 0.7345244911820311 0.020967264427970277 0.019814533016686654
5 0.647452996626257 0.8567580173013128 0.017514882213985138 0.01027575870642714
3 0.6365105182258034 0.7227105659218319 0.01310020072563951 0.01784259724103805
4 0.5825323463561045 0.7458891163513732 0.02080357332097762 0.015127033016686654
7 0.5777183607840748 0.7649257213943275 0.02220238221398514 0.010521420171816587
7 0.7149951275742977 0.6168489902775199 0.017514882213985138 0.01027575870642714
5 0.5117188493513294 0.7128143447546471 0.01907738221398514 0.010357645861557074
4 0.496966868588623 0.7386332163059446 0.01778770072563951 0.018088258706427142
4 0.46359386259817337 0.8139541208739288 0.014444445916316084 0.011674484396167629
5 0.35447183374223273 0.7821043345778819 0.014553573320977708 0.014799484396167805
5 0.3688319449048257 0.7226507694490195 0.011428573320977709 0.014635710085908294
4 0.3976092201325691 0.6726164699239894 0.014444445916315996 0.011674484396167629
5 0.36715782829993715 0.6522973258714545 0.017569445916315908 0.01183825870642714
5 0.3391593138719669 0.6349803510862253 0.012991073320977709 0.01471759724103805
3 0.32459336078407475 0.7781914405253472 0.022420637023308564 0.016771420171816587
5 0.3015725230351268 0.7465253606971636 0.011537700725639422 0.017760710085908116
5 0.2673488012580951 0.6630068537997588 0.01455357332097762 0.014799484396167628
5 0.2717535590626435 0.6322514987568045 0.01907738221398514 0.010357645861557074
5 0.41049611133222896 0.5709754047951269 0.02074900961864685 0.013564533016686831
5 0.3917188294810635 0.5711768006566839 0.011483137023308564 0.016198210085908115
5 0.35761664799271775 0.5807908180695385 0.011319445916315996 0.011510710085908116
3 0.4034896539831675 0.5048148162605162 0.025327382213985138 0.0106851944820761
7 0.416726263964634 0.5252534690194782 0.019022818511654195 0.008795145861557075
5 0.2790824202252363 0.5731664258260261 0.014499009618646853 0.013236984396167805
4 0.32751992022523635 0.5706279240170037 0.011428573320977709 0.014635710085908115
5 0.3970288336574147 0.45427922772590545 0.009920637023308565 0.016116322930778536
7 0.4189112681409853 0.4085196703989592 0.020585318511654193 0.008877033016686653
5 0.1849653763931714 0.7244600101767653 0.014335318511654283 0.008549484396167806
4 0.2389807537978331 0.7247599033247889 0.022311509618646853 0.013646420171816586
5 0.2089113078815171 0.7153782592722541 0.017514882213985138 0.01027575870642714
3 0.13398322975121596 0.6989553991409174 0.011537700725639422 0.017760710085908116
3 0.13083838238362117 0.6537247862960471 0.023819445916315997 0.012165807326946165
5 0.10139641904411001 0.6623118922435124 0.016006945916315997 0.011756371551297561
5 0.09945197312779401 0.6514562793986421 0.008303573320977708 0.014471935775648603
7 0.029878539192377585 0.49700115275896195 0.01595238221398514 0.010193871551297562
5 0.05400800915531069 0.5380012890095806 0.01907738221398514 0.010357645861557074
4 0.1067584977225653 0.4796664885800393 0.02074900961864685 0.013564533016686652
5 0.0899628673226787 0.5142019408640314 0.009756945916315995 0.011428822930778538
5 0.1295982861971527 0.5285610119857876 0.014499009618646853 0.013236984396167628
5 0.11979421106207647 0.47193919776143634 0.014335318511654283 0.008549484396167806
4 0.18466275371301508 0.402011800090857 0.017624009618646852 0.013400758706427318
5 0.22037207521989424 0.3711812019453079 0.01907738221398514 0.010357645861556986
5 0.2306572999921508 0.4191683225920942 0.017569445916315995 0.01183825870642714
5 0.037703418959292 0.3400551119403591 0.015897818511654283 0.008631371551297562
5 0.09216274046617116 0.3082418679332529 0.017514882213985138 0.010275758706427319
4 0.3497941911918106 0.31195893091440874 0.01767857332097771 0.014963258706427318
4 0.2998115493591786 0.2926633763009959 0.022420637023308564 0.016771420171816497
5 0.3040154105217715 0.2337420776804769 0.011537700725639422 0.017760710085908293
4 0.12916917794496668 0.22490374547744424 0.013100200725639421 0.01784259724103805
7 0.07430062867060608 0.2449982394845504 0.017514882213985138 0.010275758706427319
5 0.13364585761921383 0.17379494685692523 0.01907738221398514 0.01035764586155703
5 0.19836063284695732 0.12187724276391076 0.017514882213985138 0.010275758706427274
5 0.21715032758214697 0.2116833712126133 0.017514882213985138 0.010275758706427319
5 0.37767859981466556 0.1915302442342488 0.011428573320977709 0.014635710085908294
7 0.41335569418703544 0.271841863976524 0.02074900961864685 0.013564533016686742
3 0.4020015319359834 0.30530946121756203 0.014771828130301045 0.021049484396167807
4 0.47374012268015625 0.2976364020815934 0.014335318511654194 0.008549484396167806
4 0.4886210782151192 0.3203369176854257 0.02080357332097762 0.01512703301668683
4 0.5080531244942549 0.3388855218238686 0.01778770072563951 0.01808825870642732
5 0.7486781244942549 0.32627489993388686 0.023819445916316084 0.012165807326946254
3 0.8892733865599723 0.4973576045927282 0.013209328130301401 0.020967597241038048
7 0.7701612880112512 0.5380379155377192 0.017569445916316085 0.01183825870642714
0 0.8057193644122718 0.8390714710556431 0.05934028366526398 0.0467798247398008
0 0.5441022742162531 0.6539815773417926 0.05498016587924912 0.05590916327441153
0 0.5750943246717402 0.5553050599289381 0.06440972958158006 0.05796298620519007
0 0.32992812449425485 0.3482206575086604 0.058050602176918174 0.05451043758467104
0 0.47401788647515436 0.19352543419376905 0.0726041754978958 0.06930992198083885
0 0.28636664136929585 0.5352160464728124 0.05928571996293304 0.0452173247398008
0 0.047822496541438955 0.5625885312076645 0.05309028366526396 0.04645227611928178
0 0.13766870262455594 0.3786462211671847 0.06882441106992569 0.05039614767057934
0 0.1537996449126749 0.3026635753056277 0.06123016587924908 0.056236711894930555
4 0.6828398812024947 0.7046289512679393 0.033358137023308566 0.017344630257724702
4 0.6375149352013608 0.370452025103229 0.025927582939624473 0.02787269448207601
2 0.6620015253125615 0.2423746127333286 0.035302582939624474 0.028364017412854547
4 0.21307796350914718 0.6329785170741703 0.019022818511654282 0.008795145861557075
4 0.17565980906264347 0.6372875587972844 0.014444445916315996 0.011674484396167806
7 0.17789194245775494 0.5667293973318951 0.017514882213985138 0.010275758706427319
4 0.23606654100647612 0.5292426854369644 0.020858137023308566 0.01668953301668665
2 0.334003044001701 0.48732410108622515 0.03686508293962456 0.028445904567984216
0 0.3020635632389947 0.5140437313439501 0.0340674651536097 0.0376571302577247
0 0.10643114862568996 0.7168356179332529 0.05670635698624164 0.06067855042954129
0 0.14920149118396137 0.7537281083223145 0.04667659255827141 0.04143722749876275
0 0.03131455362034785 0.5157102091813972 0.027817465153609687 0.03732958163720568
0 0.5708458566077235 0.8819051814802356 0.05665179328391083 0.05911605042954129
0 0.6162600495288146 0.9272685911366025 0.045114092558271326 0.041355340343633175
0 0.4283656907284744 0.8361500254419134 0.048075401451278844 0.03683161465389233
0 0.30403522477225653 0.032592335482393014 0.06062996515360961 0.03904921189493057
3 0.5111558210435431 0.4725611589789985 0.025436509618646852 0.013810194482076099