2 0.521875 0.8204899345958214 0.040625 0.0426602146721816
4 0.48984375 0.16461265193350308 0.0125 0.020457950668363534
4 0.359375 0.6059745432845477 0.0078125 0.017278406667727175
2 0.7265625 0.8040456799013682 0.015625 0.025181813335454706
2 0.69609375 0.33955646590550437 0.028125 0.031577264003817974
2 0.734375 0.297704773233641 0.021875 0.02681703866963625
2 0.73125 0.24149113590073182 0.021875 0.025254538669636162
2 0.33515625 0.2226626039545021 0.0328125 0.04100680800445433
2 0.3765625 0.32686829861554784 0.025 0.025290901336727067
2 0.38359375 0.3033489826145933 0.03125 0.022238626670908878
2 0.36875 0.43008420528327507 0.025 0.026853401336727246
2 0.3921875 0.4337177352800934 0.0171875 0.023637494668999892
2 0.41328125 0.4576910372772298 0.021875 0.029942038669636163
2 0.4296875 0.4426563832750027 0.025 0.025290901336727067
2 0.4328125 0.4559012706079118 0.0140625 0.026726132001908987
2 0.4828125 0.44360071793445754 0.021875 0.029942038669636163
2 0.49453125 0.4544018579328668 0.01875 0.026780676002545432
2 0.503125 0.5832081105983667 0.0125 0.023582950668363623
2 0.646875 0.7815354279121859 0.028125 0.033139764003817976
1 0.53046875 0.44460868726132147 0.0171875 0.028324994668999893