7 0.9666469407284743 0.8297755180797026 0.023764882213985317 0.010056961599340043
7 0.9773016985330226 0.7989657872800325 0.016170637023308388 0.016079641066226814
2 0.9152952610542272 0.8821025477048738 0.030560519237293703 0.02586381802583091
2 0.9550869034350133 0.7002926065595048 0.027599210344286362 0.030460389812585476
2 0.841671733379413 0.7669382004495832 0.03837301923729371 0.026091138558944495
3 0.7593527959006175 0.8506659942605193 0.02549107332097762 0.01478992570596276
3 0.8552828547936251 0.8431824517032244 0.03330357332097762 0.015017246239076344
7 0.7090899010727607 0.8669873277257564 0.01767857332097762 0.014562605172849529
7 0.7062922832867459 0.8764532559390018 0.011319445916316085 0.011255748746358662
7 0.6368800843752049 0.9042803907370225 0.019295637023308387 0.016170569279472247
7 0.5735864214911807 0.8161870088419956 0.023819445916316084 0.011619461599340042
7 0.6074579352861788 0.7111896202830513 0.011483137023308387 0.015943248746358663
4 0.7925323397326827 0.7034583736482636 0.02549107332097762 0.01478992570596276
4 0.733251598170203 0.7974644379131708 0.02392857332097762 0.01474446159934022
4 0.7364138037051658 0.8208337417532368 0.019186509618646853 0.013045569279472247
2 0.7087302586071564 0.7223196854058884 0.024310519237293705 0.02568196159934022
2 0.7699355987183572 0.5938476929277356 0.046294646641955414 0.02944345909205772
7 0.5641221083370039 0.6123489550019297 0.03810020072563951 0.018278638558944495
3 0.45315732648583856 0.61479565657214 0.024255955534962938 0.024119461599340218
7 0.43293410652290554 0.5731537258516122 0.020694445916316084 0.011528533386094964
7 0.5281226101511025 0.656408843560874 0.02872520072563951 0.01800585391920819
4 0.46017370751869746 0.7037444963055833 0.023819445916316084 0.01161946159934022
4 0.4729638841977197 0.6892955513992906 0.01778770072563951 0.01768760517284953
4 0.4999455356489985 0.7229203936400163 0.02549107332097762 0.014789925705962936
7 0.3753175578815171 0.7148160401165194 0.012936509618646851 0.01286371285298138
7 0.32390388002136844 0.8101572838483133 0.020967264427970277 0.019341033386094962
7 0.31735626885877555 0.8690010864347381 0.01611607332097762 0.014517141066226813
7 0.30211816005843534 0.7685608172344081 0.012881945916315907 0.01130121285298138
7 0.27471984635610447 0.767793939100305 0.02074900961864685 0.013091033386094963
7 0.3084326474445636 0.7926204428612287 0.020694445916315994 0.011528533386094964
7 0.2973661726723071 0.7444557275009649 0.016116073320977708 0.014517141066226813
7 0.2981548571558777 0.6998562813410307 0.020694445916315994 0.011528533386094964
7 0.14681804644877172 0.6659395855768082 0.024037700725639422 0.01786946159934022
7 0.40895100261670675 0.8045544900373771 0.019241073320977797 0.014608069279472247
4 0.37643116849595587 0.8586797003830762 0.015897818511654283 0.008267141066226813
4 0.367609240002835 0.8300007709161896 0.022420637023308564 0.016261497492717325
4 0.4636236336495655 0.8921166745188287 0.02716270072563951 0.017960389812585475
2 0.5235789870076101 0.8622185743605442 0.02749008293962447 0.027335389812585476
2 0.45166678147264727 0.840849691211876 0.04009921034428636 0.03082410266556721
3 0.642192577751783 0.8548570522572202 0.027271828130301046 0.021085389812585474
2 0.6036583566077235 0.8935163869760988 0.04144345553496294 0.024619566772189926
7 0.6186757213985135 0.9204509600164947 0.012827382213985139 0.009738712852981734
7 0.5782863343752049 0.9059852947353729 0.025327382213985138 0.010102425705962759
2 0.5302853439938519 0.919894682040676 0.030505955534962936 0.02430131802583091
7 0.5503076673148295 0.9333888807078925 0.014608137023308565 0.016034176959604452
4 0.51103185778885 0.8164430731069029 0.02549107332097762 0.01478992570596276
4 0.48515140406798557 0.8367472129194885 0.01611607332097762 0.014517141066226813
2 0.5336980314726473 0.8384628256141854 0.035084328130301046 0.021312710345699058
4 0.5661087381887364 0.7812126152684863 0.025436509618646852 0.013227425705962758
7 0.6092858193142625 0.7635333702830513 0.01611607332097762 0.014517141066226813
2 0.627108236374638 0.7364253010035791 0.06224702885594056 0.03927310015828454
4 0.645111702709374 0.6921069996707956 0.02576389183263199 0.02260242570596276
3 0.5898512838349 0.6772919934025895 0.02220238221398514 0.01001149749271768
4 0.5533557339275672 0.5727779896416657 0.02420139183263199 0.02255696159934022
7 0.5240774616950488 0.5853605576674967 0.01924107332097762 0.014608069279472247
3 0.48189739617861915 0.5420113744396864 0.02716270072563951 0.017960389812585652
4 0.4356573132389947 0.5167673335317442 0.00970238221398514 0.009647784639735946
4 0.06756211078407476 0.7925906652811217 0.022256945916315996 0.011573997492717503
7 0.08667669853302273 0.8248803280549609 0.012772818511654283 0.008176212852981734
7 0.07383195815166958 0.8377667729612537 0.012772818511654283 0.008176212852981379
4 0.06999763002136845 0.817545201174499 0.019295637023308564 0.016170569279471893
4 0.18922877965854873 0.8054734470178637 0.019022818511654282 0.008358069279471891
2 0.20252738782591675 0.7831892700582597 0.027271828130301136 0.021085389812585655
2 0.2324777826537736 0.7674589699791174 0.030451391832631992 0.022738818025830908
2 0.21806805307219368 0.7131351828320989 0.0321230192372937 0.025909282132453627
2 0.18691725679305798 0.6944904829112412 0.03686508293962456 0.027608174452321776
2 0.14244057049538883 0.6973487099499875 0.03708333774894799 0.033858174452321775
4 0.12147579526764538 0.7464454394960164 0.009811509618646852 0.012772784639735945
4 0.06908740524911192 0.7690849691211875 0.012991073320977709 0.014426212852981379
4 0.07711816005843534 0.7751076485880742 0.014608137023308565 0.016034176959604095
2 0.08538947312779402 0.6536501857350927 0.03217758293962456 0.027471782132453625
4 0.10502736133222892 0.5889511882423752 0.019241073320977707 0.014608069279472247
4 0.07969997911824381 0.5803036139483381 0.014444445916315996 0.011346676959604096
4 0.09158242022523637 0.584650133148668 0.01627976442797028 0.019204641066226814
4 0.16783489617861924 0.5511496598708453 0.008303573320977708 0.014289820533113406
5 0.20291673510869357 0.5032062533652123 0.02214781851165428 0.00844899749271768
5 0.3001191173226787 0.509762478754606 0.022256945916315996 0.01157399749271768
2 0.3164460109694092 0.5741970517950019 0.030396828130301135 0.02117631802583091
2 0.3492411528020412 0.595140037609237 0.032286710344286276 0.030596782132453627
2 0.4001240957231323 0.6413641682506225 0.046130955534962936 0.024755959092057724
4 0.41372280425332003 0.6276737412910183 0.020694445916316084 0.011528533386094964
4 0.3356796498068163 0.6322906966221524 0.00970238221398514 0.009647784639735946
4 0.3181300512580951 0.6672112659016246 0.022256945916315905 0.011573997492717503
4 0.3296057537978331 0.7270947312618885 0.014608137023308565 0.016034176959604095
4 0.4221851233979465 0.7580288310244617 0.022311509618646853 0.013136497492717503
2 0.4539584238534335 0.6601308886254513 0.03664682813030105 0.021358174452321778
2 0.5802481053417792 0.6486357959890142 0.043115082939624474 0.027790030878812287
2 0.638705446085952 0.6430246419906636 0.030669646641955418 0.02898881802583091
2 0.6192089124206881 0.5997974792168245 0.03363095553496276 0.02439224623907634
2 0.6875844009879426 0.5422828444188038 0.03363095553496294 0.02439224623907634
5 0.608412766959859 0.49218956769662653 0.025272818511654194 0.008539925705962936
7 0.6970363012580951 0.6561862200456245 0.012936509618646851 0.01286371285298138
7 0.7177108998068163 0.621174722552907 0.01455357332097762 0.014471676959604097
4 0.7697768860118183 0.7236715852476039 0.019131945916316083 0.011483069279472246
4 0.7993874857416657 0.6086316069552161 0.025491073320977796 0.014789925705962936
2 0.8170462116950485 0.5768360376757439 0.027162700725639154 0.017960389812585475
2 0.7775645602437699 0.5435749082879997 0.030396828130301045 0.02117631802583091
2 0.8055878673226788 0.4950548402621687 0.03999008293962447 0.027699102665567032
4 0.8807639713136955 0.5874947413575253 0.014499009618646853 0.012909176959604095
4 0.8842609935462141 0.5756623310909686 0.01611607332097762 0.014517141066226813
3 0.8535566305695227 0.5921966132234223 0.018005955534962936 0.02393760517284953
4 0.863479756793058 0.6748045247436203 0.019131945916316083 0.011483069279472246
4 0.9158780704953887 0.6748439771717605 0.01902281851165455 0.008358069279472247
4 0.9225000927279075 0.6629206386919584 0.019131945916316083 0.011483069279472246
3 0.9938331232707196 0.5448178448810223 0.012333753458560892 0.019659282132453625
4 0.99106278733587 0.563104843627381 0.017874425328259846 0.014698997492717502
2 0.964139466504372 0.5788124116532118 0.03686508293962447 0.027608174452321776
2 0.9273934346532066 0.5790995681588449 0.033958337748947895 0.03376724623907634
7 0.9956671971822605 0.4939456666677769 0.008665605635479069 0.021085389812585474
7 0.9439336047088069 0.5152727488793728 0.01611607332097762 0.014517141066226813
5 0.911555125127227 0.46147179895851503 0.022311509618646853 0.013136497492717503
4 0.9899677794889128 0.3003775230942676 0.020064441022174508 0.01786946159934022
4 0.9642758426430895 0.3363748590667872 0.0194593281303014 0.020858069279472247
7 0.913082875675381 0.2588779963720903 0.014608137023308387 0.016034176959604095
2 0.9574107398331989 0.16217884112009853 0.02759921034428601 0.030460389812585566
2 0.900136442372937 0.2240627271717604 0.03686508293962447 0.0276081744523216
2 0.8552530175080133 0.28245790037044083 0.040099210344286006 0.03082410266556703
7 0.8375670097034649 0.313472219649913 0.01924107332097762 0.014608069279472159
2 0.7987872518989165 0.34510030436879136 0.04812996515360979 0.03730142319868044
2 0.7545114622432029 0.37610626346084913 0.038482146641955414 0.029216138558944317
4 0.7139311022617363 0.35617184817972747 0.022256945916316086 0.011573997492717503
2 0.7059499658713999 0.4635440789793977 0.036810519237293705 0.026045674452321775
2 0.6570759562527531 0.45245346628470073 0.03061508293962447 0.02742631802583091
2 0.7496999658714 0.4622710839939625 0.03384921034428636 0.030642246239076344
2 0.7782788336574148 0.45205499802144294 0.024146828130301046 0.02099446159934022
4 0.6859995644201211 0.42971464825886974 0.019131945916316083 0.011483069279472246
4 0.6644593811176768 0.39514943164496463 0.019131945916315906 0.011483069279472246
4 0.676069003713015 0.39168345084529455 0.012936509618646851 0.01286371285298138
2 0.5388641256753812 0.2697666499082224 0.03988095553496294 0.024574102665567032
2 0.49603178493120836 0.2749231628403462 0.044568455534962935 0.024710494985435094
5 0.4891443786706061 0.23445728721352554 0.019131945916316083 0.011483069279472157
4 0.5330729387447398 0.14871836401484512 0.022256945916316086 0.011573997492717503
4 0.5007936960011341 0.3217072346271008 0.025381945916316085 0.011664925705962937
5 0.4225496449126749 0.29817645790492353 0.019459328130301046 0.020858069279472157
7 0.3500868570710597 0.3730149850228122 0.019241073320977707 0.014608069279472159
4 0.41083587331312843 0.4330288310244617 0.019295637023308564 0.016170569279472247
2 0.3682589929132419 0.46789557600989673 0.03826389183263199 0.022966138558944492
2 0.3282614754900467 0.48704639278208645 0.03061508293962456 0.02742631802583091
4 0.2906250662342196 0.4842312813410308 0.020694445916315994 0.011528533386094964
4 0.30512158665263966 0.4290664082214926 0.019131945916315996 0.011483069279472246
4 0.3219469881039184 0.46298676715526577 0.02063988221398514 0.009966033386094964
2 0.28619797186184964 0.4022454954476535 0.03497520072563942 0.01818771034569906
2 0.2546230788480913 0.4610354737400411 0.03061508293962447 0.02742631802583091
4 0.18414439854087195 0.39113816237812776 0.03686508293962456 0.0276081744523216
2 0.20669401033643703 0.4546096289920329 0.0418799651536097 0.03711956677218975
4 0.22382943583433298 0.5198027199791173 0.012936509618646851 0.01286371285298138
4 0.2750571191367772 0.5535041185671916 0.020858137023308566 0.016216033386094963
2 0.22037210833700405 0.6223510584589195 0.0399355192372937 0.026136602665567034
4 0.21141625978828285 0.6570215751519669 0.033521828130301135 0.021267246239076342
2 0.25834582349061375 0.6572201519532864 0.0370833377489479 0.033858174452321775
2 0.2800571323836212 0.6518961544605689 0.03374008293962447 0.027517246239076344
2 0.26729423755576426 0.6671263493668618 0.03050595553496276 0.02430131802583091
4 0.15336071232802082 0.7189281932569401 0.020967264427970277 0.019341033386094785
2 0.12951395144342961 0.4615476022698556 0.03384921034428627 0.030642246239076344
5 0.01994548928504481 0.39200564357350925 0.012936509618646846 0.012863712852981468
2 0.3226761304847046 0.2823134286754638 0.040044646641955416 0.029261602665567033
2 0.3210516322988032 0.32537310688870913 0.0434424651536097 0.03716503087881238
2 0.3810689838427492 0.25246079262380194 0.0370833377489479 0.0338581744523216
2 0.40799607159169715 0.2845231348645276 0.03374008293962465 0.027517246239076344
4 0.5548686155085802 0.4593376152684863 0.022256945916316086 0.01157399749271768
4 0.4957292284852716 0.4454175192668369 0.02560020072563951 0.01791492570596276
4 0.4736086918247828 0.43902276675955443 0.01924107332097762 0.014608069279472247
4 0.5008879544386545 0.41398566284034616 0.00970238221398514 0.009647784639736123
4 0.5005432140573014 0.42650839489365755 0.017460318511654194 0.00831260517284953
4 0.4366865559826006 0.34468774505194205 0.025436509618646852 0.013227425705962937
4 0.41379469300590904 0.3609947066512823 0.025381945916316085 0.011664925705962937
4 0.47531254636395365 0.331051142386375 0.02560020072563951 0.017914925705962936
4 0.5104588726801562 0.3073492179340534 0.023983137023308565 0.016306961599340218
4 0.534022858252186 0.28789452428140183 0.023819445916316084 0.01161946159934022
4 0.581193013331662 0.4069567613492781 0.017842264427970277 0.01925010517284953
7 0.8021875264936877 0.1737337697290553 0.038100200725639154 0.018278638558944314