3 0.6220471181758551 0.2472167301177929 0.009359589448421347 0.026698867694751716
3 0.6322110734516444 0.23374456534514057 0.010831084186749607 0.025163641233702093
3 0.6024178866622938 0.1787394655072963 0.01653505261671846 0.015897735389503388
3 0.8870875602268775 0.299679662343611 0.007797089448421701 0.026671594155801337
3 0.7944296233669398 0.32006607468063136 0.01644404735504672 0.014335235389503431
3 0.5349705943571574 0.39028666599376366 0.013956084186749606 0.025218188311602673
3 0.4989266785439071 0.4159412309285718 0.010740078925077867 0.023601141233702095
3 0.6552375917263216 0.3874053534945875 0.01726309471009326 0.028397735389503343
3 0.7710438732257654 0.4690626822291133 0.013956084186749606 0.025218188311602673
3 0.7327765757295446 0.6042422516281484 0.016717063140062292 0.019022735389503432
7 0.5382159626741869 0.4997162130716644 0.019478042093374802 0.012827282467404189
3 0.5936693021226083 0.5253377759778776 0.010831084186749607 0.025163641233702093
3 0.8113390044146257 0.8789325600701346 0.007797089448421701 0.02667159415580116
3 0.5769640044146258 0.8830235909126858 0.010831084186749607 0.025163641233702093
3 0.5105199570595792 0.8701065795486 0.01653505261671846 0.015897735389503252
3 0.6674895648532649 0.9737246830398923 0.007342063140062116 0.01885909415580116
5 0.7581259152485531 0.5560950779270423 0.010467063140062294 0.018913641233702094
3 0.5263258235222315 0.16129859537691266 0.016717063140062292 0.019022735389503432
3 0.7942054413451508 0.7861683616122623 0.016353042093374626 0.012772735389503432
3 0.6668917834244081 0.8157621785756654 0.017915542093374804 0.012800008928453722
3 0.6497798781345014 0.8442144610430695 0.009177578925077867 0.023573867694751983
3 0.5441977360693615 0.8038270146137918 0.015154563140062294 0.01899546185055314
3 0.5437434387849021 0.7154639439969409 0.016717063140062292 0.019022735389503432
3 0.5180322652909053 0.5157094058474939 0.01653505261671846 0.015897735389503433
3 0.5394331833114687 0.9368577029253945 0.019296031570031145 0.009702282467404188
3 0.5734723812594476 0.3262690304421045 0.01966005261671846 0.01595228246740401
3 0.5537213233810572 0.3094088129095086 0.016353042093374803 0.012772735389503432
3 0.5182241681617377 0.2638878072274657 0.01653505261671846 0.015897735389503433
3 0.7111305469315237 0.447429189939751 0.013501057878390376 0.017405688311602673
3 0.6489791574266325 0.48135990503671505 0.010467063140062117 0.018913641233702094
3 0.7390951941877482 0.5650297471639215 0.010649073663405773 0.022038641233702094
3 0.7202009810194512 0.5763081664008007 0.013592063140062116 0.018968188311602675
3 0.7165145388978414 0.5935774870176518 0.013683068401734033 0.020530688311602673
3 0.5641491311182731 0.47502017614003333 0.010649073663405773 0.022038641233702094
3 0.48515812308459105 0.6226412443212525 0.016262036831702888 0.011210235389503432
3 0.4438883809770989 0.6257077431034365 0.01377407366340595 0.022093188311602674
3 0.6371980361964183 0.668474121351495 0.0135010578783902 0.017405688311602673
3 0.5971330202702285 0.8130696010589556 0.01653505261671846 0.015897735389503252
3 0.57647118075122 0.8611349541432105 0.016262036831702888 0.011210235389503253
3 0.5456006123494859 0.8413406513832671 0.01966005261671846 0.01595228246740419
7 0.6273819623918382 0.7953366302799487 0.006978042093374803 0.012609094155801337
3 0.7453492543440386 0.9543786193229 0.013683068401734033 0.02053068831160303
3 0.372545460043351 0.5018259582004004 0.014790542093374803 0.012745461850553141
3 0.41743083874254977 0.7622452609603438 0.017824536831702886 0.01123750892845372
3 0.3972695281627363 0.8189043640445991 0.012029563140062116 0.018940914772652206
3 0.4132284571301664 0.7975106051161452 0.010376057878390198 0.017351141233702093
3 0.4606942623071336 0.8873992195644862 0.017915542093374804 0.012800008928453722
3 0.49687395698899195 0.944638975246529 0.012211573663405773 0.022065914772652205
3 0.4871007837067568 0.5217236266265008 0.0197510578783902 0.017514782467404188
3 0.9089743256589573 0.6754609123436109 0.008813557878390199 0.017323867694751627
3 0.3241197254754306 0.8788345174531657 0.01653505261671846 0.015897735389503252