3 0.21784229754508005 0.27455916004863196 0.021021828130301047 0.021258569892376223
5 0.2263566911918106 0.3396940084770554 0.02063988221398514 0.010321069892376133
5 0.2607316911918106 0.34129504983338427 0.013045637023308566 0.016207196856846816
5 0.2085045030800429 0.2975236251024439 0.020694445916315994 0.011883569892376133
7 0.16433289554564706 0.4397624749786093 0.017569445916315995 0.011738020678164318
5 0.34658485643808745 0.2758755651348652 0.025327382213985138 0.010539393713693635
7 0.4363269135169963 0.23247662965055788 0.019022818511654195 0.00868579528527027
4 0.27876738466105583 0.18769916893997213 0.03168650961864685 0.013955492142117132
3 0.2736309952754946 0.33097613399378406 0.014771828130301135 0.02096747146395277
3 0.3478894400106842 0.4249123786171006 0.030233137023308564 0.017007717535011225
3 0.27148319663410614 0.47049239826180766 0.02716270072563933 0.018424668320799496
7 0.19466523628981994 0.43727532981717354 0.01907738221398514 0.010248295285270359
4 0.21772576877395755 0.5615861251024439 0.022584328130301135 0.021331344499482086
4 0.17898321650437204 0.6136002353176917 0.022256945916315996 0.011956344499482085
7 0.21430315761136462 0.6199251639775734 0.02080357332097771 0.015008569892376044
5 0.29437011432745386 0.5674958308506308 0.025436509618646852 0.013664393713693813
5 0.2714906642347866 0.6717274125298314 0.023928573320977708 0.01515411910658777
7 0.24160475679305798 0.7093344203877141 0.019459328130301136 0.02118579528527036
5 0.3805928126060225 0.4233156453663236 0.02387400961864685 0.01359161910658777
7 0.5957192716843644 0.21806102687890822 0.015897818511654192 0.008540246071058633
5 0.5772445793962454 0.2920785696829792 0.01924107332097762 0.014935795285270271
3 0.6086037068009073 0.29665906182509627 0.026999009618646853 0.013737168320799586
4 0.6217113420101172 0.26997028328904904 0.028779764427970277 0.02005994292790536
4 0.6263963528098905 0.2031102690210254 0.03324900961864685 0.01402826674922295
4 0.6704166821213179 0.1458821199306482 0.027108137023308564 0.016862168320799585
5 0.7355630216843645 0.22457435421488245 0.020694445916316084 0.011883569892376222
5 0.7088666016287641 0.28650927398342413 0.023819445916316084 0.01202911910658786
7 0.7555779105217715 0.28400501219659985 0.023819445916316084 0.01202911910658786
7 0.7788095685964722 0.368544832088976 0.017624009618646852 0.013300520678164406
7 0.7543502272193272 0.24884876219659985 0.01455357332097762 0.014717471463952681
7 0.8698264381965857 0.4063231219975627 0.022256945916316086 0.011956344499482085
7 0.7100744706807234 0.5221192882514478 0.017569445916316085 0.011738020678164318
7 0.712909294001701 0.5362909501621066 0.00841270072563951 0.017551373035529318
3 0.791919693005909 0.4089343916422699 0.02091270072563951 0.018133569892376224
5 0.6317411395551973 0.5348504205926019 0.014662700725639511 0.01784247146395277
5 0.6902654568857253 0.62493391914486 0.01153770072563951 0.017696922249741044
4 0.6093428390997103 0.6305246395753553 0.030233137023308564 0.017007717535011225
4 0.6922669557045988 0.7045850318413069 0.027108137023308564 0.0168621683207995
7 0.7179043619652011 0.7463380382514477 0.02392857332097762 0.01515411910658777
5 0.832073500169636 0.6876972464808342 0.017569445916316085 0.011738020678164318
5 0.8857367027093741 0.7502550585153275 0.01611607332097762 0.014790246071058633
7 0.6983309611468945 0.8335640564484128 0.02392857332097762 0.01515411910658777
7 0.6786806600584354 0.8069095111631427 0.02080357332097762 0.015008569892376044
3 0.7709500056119316 0.813546962982388 0.02856150961864685 0.013809942927905184
7 0.6769445121505356 0.5338358841986718 0.02220238221398514 0.010393844499482085
7 0.683603739918017 0.5458457326270952 0.01595238221398514 0.010102746071058632
7 0.9422123588851582 0.4689729793173264 0.020585318511654193 0.008758569892376045
7 0.9665030307548571 0.44982487303102003 0.020694445916316084 0.011883569892376045
4 0.925545736374638 0.795788036389421 0.017787700725639156 0.017988020678164497
7 0.5475025819281342 0.7805203314698035 0.02392857332097762 0.01515411910658795
5 0.36663947312779405 0.6714791635632886 0.02856150961864685 0.01380994292790554
5 0.44237857230948735 0.763144432793711 0.01310020072563951 0.017769696856846907
5 0.30724960416065283 0.7576306792790544 0.020858137023308566 0.016571069892376045
4 0.2696578349233591 0.7309204760120667 0.02387400961864685 0.01359161910658777
7 0.526937077666965 0.5713079973094036 0.023819445916316084 0.012029119106587771
7 0.4853472891923776 0.5194522448282044 0.022420637023308564 0.016643844499482086
5 0.5422024352013608 0.42772281720177985 0.02080357332097762 0.015008569892376044
5 0.5845114754900468 0.5225109323794263 0.02080357332097762 0.015008569892376044
4 0.5683110342982362 0.1926051085581087 0.025654764427970277 0.019914393713693725
4 0.5836880415546302 0.3649167562007438 0.02080357332097762 0.015008569892376134
0 0.3054340667823737 0.30359815074300706 0.032232146641955416 0.029580492142117176
6 0.510687084290387 0.6196898393276863 0.07792659255827132 0.04262845574818712
4 0.5868428457231323 0.6786153831652145 0.028998019237293705 0.02630994292790554
4 0.4046181335647475 0.5975900533480409 0.027108137023308564 0.0168621683207995
4 0.1616319922802697 0.3624187249786094 0.023819445916315997 0.01202911910658786
4 0.17252485226173625 0.38398550992479746 0.023983137023308565 0.01671661910658786
4 0.25484378974053173 0.3067017260120667 0.020912700725639423 0.018133569892376133
1 0.6113815103364371 0.48788337530733167 0.014444445916316084 0.011592471463952769
1 0.6406672170525263 0.43308886744944886 0.017514882213985138 0.010175520678164319
1 0.6107688967267734 0.38099767452154343 0.012772818511654193 0.008394696856846906
1 0.5583656377410987 0.48853403866573253 0.014335318511654194 0.00846747146395277
1 0.4391493901881695 0.6483370700972639 0.012772818511654193 0.008394696856846906
1 0.5130953216765152 0.6439813639347921 0.011319445916316085 0.011446922249740865
1 0.40148072068072327 0.5077463033480409 0.012827382213985139 0.009957196856846906
1 0.3273438162342196 0.5066332595105127 0.012827382213985139 0.009957196856846906
4 0.33100204037350395 0.43270560793893614 0.02074900961864685 0.013446069892376044
1 0.2919271606065895 0.5868815316364191 0.011319445916315996 0.011446922249740865
1 0.9684499658714 0.5279134857274672 0.011155754809323426 0.006759422249741043
1 0.8971156576113646 0.651727667282833 0.011155754809323426 0.006759422249741043
1 0.6917882290334257 0.2888337533052597 0.012827382213985139 0.009957196856846906
4 0.2379911395551973 0.5165112196019258 0.011537700725639422 0.017696922249740864
7 0.22283242022523636 0.5961430616202085 0.014608137023308565 0.016279971463952592
1 0.743916246541439 0.5977935303935649 0.012772818511654193 0.008394696856846906
1 0.4584772874630971 0.7997732915612167 0.014444445916316084 0.011592471463952592
1 0.5291518860118183 0.7687459234880861 0.011210318511654193 0.008321922249741043
1 0.29276795270937395 0.7226370951186546 0.011319445916315996 0.011446922249740865
1 0.25689494009550223 0.7451456418516669 0.008085318511654283 0.008176373035529316
1 0.1506201143274538 0.560800566996892 0.011319445916315996 0.011446922249740865
1 0.2902927056197809 0.3613913800648426 0.011264882213985139 0.009884422249741042
7 0.27945440934064514 0.34138709511865456 0.017569445916315995 0.011738020678164495
1 0.32721729754508005 0.279653382546042 0.012772818511654283 0.008394696856846906
7 0.49792170026230326 0.5668366670779452 0.024146828130301046 0.021404119106587773
3 0.13329122667117307 0.42193712014004514 0.014771828130301135 0.02096747146395277
3 0.35806802657850584 0.5377034770455239 0.026999009618646853 0.013737168320799497
3 0.08998520389050033 0.6336344454091047 0.01466270072563942 0.01784247146395277
3 0.554536321128361 0.8479261552911211 0.014717264427970278 0.01940497146395259
7 0.8602232597034648 0.37701661165848055 0.00830357332097762 0.014426373035529317
7 0.6253175578815171 0.7529454491286491 0.012772818511654193 0.008394696856846906