5 0.483082483290911 0.3153316468533009 0.008030676002545433 0.018795451795398144
5 0.4737165739576838 0.31449585469882324 0.011101132001909163 0.014126132513557366
5 0.4178114719525931 0.35167314695149676 0.01424431333545435 0.015706813231716587
5 0.41257853194622973 0.3985208758742579 0.008030676002545433 0.018795451795398144
5 0.46071603994272986 0.424583927005726 0.011155676002545434 0.018813632513557367
5 0.5067279739417755 0.43188334259857475 0.008067038669636161 0.021920451795397967
5 0.34232057594686605 0.39342430971567516 0.008030676002545345 0.018795451795398144
5 0.342774014600594 0.48874590007475477 0.008067038669636161 0.021920451795398144
5 0.25651834126354867 0.5155896803253757 0.012645450668363622 0.012572722872636888
5 0.6142859352721391 0.45438557737506835 0.008030676002545433 0.018795451795397967
4 0.622308067950366 0.3692702339909267 0.009556813335454351 0.015679542154477664
3 0.3741138265834129 0.6154992976154267 0.017387494668999894 0.01728749394987581
5 0.36796327657545874 0.674061231358648 0.012645450668363622 0.012572722872636888
5 0.5051365599140949 0.6357941377781147 0.008030676002545433 0.018795451795398144
3 0.6012388532384134 0.702763990041051 0.012772720003181703 0.023510222872636887
5 0.6487678339035954 0.7139787459929792 0.009538632001909164 0.014117042154477843
3 0.708715545910277 0.6651054296380048 0.011192038669636162 0.021938632513557366
5 0.6246769005808677 0.6357083002477054 0.01268181333545435 0.015697722872636887
5 0.2457615599140949 0.634285138170898 0.014171588001272717 0.009456813231716588
5 0.4610854732256868 0.795704948082965 0.01417158800127254 0.00945681323171641
5 0.416808761895323 0.7735708728491959 0.012663632001908986 0.014135222872636887
3 0.3998212565643229 0.7562833788993201 0.009629538669636162 0.021929542154477843
5 0.5950921346276381 0.2909816075274936 0.012609088001272539 0.009447722872636889
5 0.7531927992520947 0.602859959692234 0.01268181333545435 0.015697722872636887
5 0.6340615385900945 0.5677895472226433 0.01417158800127254 0.009456813231716588
5 0.349631447247004 0.6380146470496927 0.012681813335454529 0.015697722872636887
5 0.4687610658816418 0.8746611950579029 0.011137494668999891 0.017251132513557366
7 0.7040927752625942 0.5252253182016863 0.011155676002545434 0.018813632513557367
6 0.6791847766152296 0.3828832820973328 0.03317612667090906 0.03144089754067192
2 0.4236347579567292 0.32123621320827545 0.02523635733609062 0.020457945745273952
2 0.362542716621593 0.33416293920417034 0.009593176002545256 0.018804542154477667
2 0.40166830394654784 0.39611349336070056 0.007994313335454351 0.015670451795398055
2 0.4594080786123662 0.4026998366466465 0.009520450668363623 0.012554542154477665
2 0.465821163271821 0.45586574326250473 0.022129538669636163 0.02200226502711473
2 0.5659767992918656 0.30878218588452067 0.025218176002545434 0.018895445745273954
2 0.4362347552912292 0.3127151860809124 0.009520450668363623 0.012554542154477665
2 0.2218251679265034 0.5427334424256243 0.02218408267027261 0.02668976502711473
6 0.35927062392586706 0.5482208940246306 0.05196248933799978 0.03467498184962743
2 0.31117911660568465 0.4510595477136226 0.009520450668363534 0.012554542154477665
2 0.27513252860441195 0.46022546945479137 0.011119313335454439 0.015688632513557364
2 0.31051549793127586 0.5080907977136226 0.009520450668363623 0.012554542154477665
2 0.3219427992520946 0.6003510205862594 0.008012494668999892 0.017232951795397966
2 0.44102915392268544 0.5721356378763105 0.01424431333545435 0.015706813231716587
2 0.48461552192077634 0.5864526679305397 0.017387494668999894 0.01728749394987581
2 0.3381752318985047 0.7496743097156751 0.022129538669636163 0.02200226502711473
2 0.423359301241277 0.6806339391059745 0.006395450668363623 0.012536361436318444
2 0.3923274772438223 0.6617021319243822 0.014207950668363622 0.01258181323171641
2 0.5177183759150494 0.6288356106507516 0.015788632001908987 0.014153403590796287
2 0.5914644112428677 0.6698924027070333 0.009520450668363623 0.012554542154477844
5 0.3535040712921837 0.3052021470496927 0.012645450668363534 0.012572722872636888
5 0.4309472712842295 0.36425041500367356 0.012645450668363622 0.012572722872636888
5 0.4536756992759572 0.4253242703898678 0.009520450668363623 0.012554542154477665
5 0.5193285186187294 0.3561702702916719 0.011082950668363623 0.012563632513557365
5 0.44451996996341075 0.27213563787631045 0.012609088001272717 0.009447722872636889
5 0.5309279952657759 0.5007787883438487 0.012590906667727353 0.007885222872636887
5 0.29441778325909435 0.5486248941228264 0.009520450668363623 0.012554542154477665
5 0.28963937659136707 0.5564101230455876 0.012609088001272717 0.009447722872636889
5 0.25712686859486694 0.5304379755049157 0.011064769334818082 0.011001132513557365
2 0.31051440324636764 0.6424748880727023 0.011173857336090798 0.020376132513557365
7 0.44486158390359537 0.7127924541330891 0.007885225334181812 0.006295451795398144
2 0.4560098112667303 0.49331120110802706 0.019059082670272433 0.02667158430895533
5 0.2892313912715029 0.45718228268650796 0.012609088001272717 0.009447722872636889
5 0.3022859219446389 0.40959875555914493 0.008012494668999892 0.017232951795397966