5 0.5571775498225147 0.1965156308757275 0.025272818511654194 0.008831171939110228
5 0.5224255823066523 0.07466980578058727 0.017569445916316085 0.011637836958138293
5 0.7007911405666876 0.19456451722584348 0.01606150961864685 0.013136669961943914
5 0.845805996286985 0.37588881859498746 0.01611607332097762 0.014699169961943958
5 0.8984052066312712 0.34410030772057254 0.012936509618646851 0.013009335969555114
3 0.7429637384824366 0.3496539238419145 0.01940476442797028 0.019514003954332716
7 0.8192558760538994 0.5329983230436117 0.01606150961864685 0.013136669961943959
5 0.7411308760538994 0.5361816728533313 0.01595238221398514 0.01001166996194378
3 0.6974651776905126 0.7142721807619967 0.013154764427970278 0.019259335969555025
5 0.7225098177090461 0.7343154253247892 0.016006945916316084 0.01157416996194378
4 0.8212300599044978 0.6998674880626398 0.022311509618646853 0.013391337946721472
5 0.5874453369463397 0.7148544539937014 0.012936509618646851 0.013009335969555025
4 0.5847742047323546 0.724324954487993 0.015843254809323425 0.006886669961943958
3 0.5989756031884086 0.652753702016535 0.025436509618646852 0.013518671939110227
3 0.6028124205189365 0.5652218685184378 0.01606150961864685 0.013136669961943959
4 0.6080182756910796 0.5501871175298546 0.022529764427970278 0.01964133794672147
3 0.5532836464723194 0.5984455454004639 0.01907738221398514 0.010139003954332537
5 0.5162945340437821 0.7864058018262545 0.014608137023308565 0.01619800296574958
4 0.5105529986492376 0.5486975547920041 0.017569445916316085 0.011637836958138336
3 0.4634547985565704 0.44529798216832184 0.019295637023308564 0.016389003954332716
5 0.5088045040915332 0.42004597277678163 0.01595238221398514 0.01001166996194378
5 0.4408109614405946 0.35650473760552925 0.01595238221398514 0.01001166996194396
5 0.33331840917100913 0.3070551773391367 0.016006945916315997 0.011574169961943959
5 0.3033109614405946 0.3621074332706357 0.02063988221398514 0.010202670950527093
5 0.30442948422126737 0.5758197647915666 0.01907738221398514 0.010139003954332714
7 0.284573341207509 0.518898602738288 0.017624009618646852 0.013200336958138336
5 0.27569435981183055 0.6167776872249684 0.011374009618646852 0.012945668973360825
5 0.18441213930074324 0.4605687909890207 0.016170637023308565 0.01626166996194378
5 0.1876686032732266 0.34497562448711794 0.01595238221398514 0.01001166996194396
5 0.26636897823081757 0.5040376066926207 0.011374009618646852 0.012945668973360825
3 0.034466703003074105 0.46511832262368225 0.022093254809323427 0.007141337946721471
5 0.2675495654316114 0.2691678581754955 0.014608137023308565 0.01619800296574958
5 0.23478668385059845 0.1573827825860637 0.02063988221398514 0.010202670950527093
5 0.41198161171074704 0.2437792445256115 0.009866073320977619 0.014444501977166357
5 0.3613194127992062 0.22009900540002642 0.009811509618646852 0.012882001977166357
3 0.7529909805930702 0.6433575028913874 0.022311509618646853 0.013391337946721472
3 0.7368749072720926 0.6580566728533312 0.010029764427970277 0.019132001977166267
3 0.676140759997165 0.8110981012182321 0.022093254809323427 0.007141337946721648
3 0.2795981206116037 0.6837105192401909 0.02845238221398514 0.01052100593149916
3 0.3844269751507747 0.7870981630046806 0.02214781851165428 0.008703837946721471