5 0.4833326925136207 0.17890625 0.011883569892376045 0.0203125
5 0.4519200266740205 0.1921875 0.015081344499482086 0.021875
3 0.5157193151348652 0.3375 0.013882717535011224 0.0296875
5 0.814841827540862 0.53671875 0.008540246071058633 0.015625
4 0.725578120344933 0.515625 0.01940497146395259 0.0140625
5 0.6248546823794262 0.5671875 0.01471747146395277 0.0140625
4 0.5765434609154735 0.553125 0.019768844499482085 0.021875
5 0.4487095593438969 0.559375 0.014863020678164317 0.0171875
5 0.4595186267550737 0.53984375 0.016207196856846906 0.0125
5 0.32970484821902646 0.55390625 0.010321069892376133 0.0203125
5 0.35388290280992163 0.4859375 0.014790246071058544 0.015625
5 0.3177185785743193 0.63203125 0.010248295285270359 0.01875
5 0.32576436496824945 0.58671875 0.008685795285270359 0.01875
3 0.2772434358940829 0.70234375 0.018133569892376133 0.0203125
3 0.4218816937519657 0.67109375 0.016716619106587772 0.0234375
5 0.5052614280362 0.73359375 0.019332196856846905 0.0125
5 0.4566783788219883 0.73046875 0.013664393713693813 0.025
5 0.4471771002859411 0.74453125 0.010321069892376045 0.0203125
5 0.4442123804791274 0.12734375 0.015081344499482086 0.021875
7 0.3324786679065148 0.17734375 0.011883569892376133 0.0203125
7 0.5343344203877141 0.2171875 0.017988020678164317 0.0171875
4 0.3079923982618077 0.25546875 0.013737168320799497 0.0265625
3 0.3121427049196175 0.378125 0.015008569892376134 0.0203125
4 0.28028058291754554 0.465625 0.018133569892376133 0.0203125
4 0.3830566724546288 0.4078125 0.01649829528527036 0.01875
5 0.5393795628585536 0.69453125 0.010321069892376045 0.0203125
5 0.5828598891610705 0.7390625 0.014863020678164317 0.0171875
2 0.6615820485905299 0.7015625 0.03499573821317572 0.046875
5 0.7099917774980808 0.83515625 0.010393844499482085 0.021875
5 0.671528590980316 0.83125 0.01359161910658777 0.0234375
5 0.620514054586386 0.8765625 0.013300520678164496 0.0171875
7 0.5750967007812792 0.94140625 0.011810795285270358 0.01875
5 0.6122135570675853 0.91640625 0.010321069892376045 0.0203125
7 0.48436253887062025 0.9390625 0.010321069892376045 0.0203125
7 0.4143411372990437 0.9453125 0.014863020678164496 0.0171875
5 0.4007216313031877 0.7703125 0.011883569892376045 0.0203125
5 0.8708500407326472 0.7328125 0.008613020678164673 0.0171875
5 0.4649081399896401 0.4375 0.011883569892376045 0.0203125
7 0.4183927049196175 0.378125 0.011592471463952769 0.0140625
3 0.4704391259265043 0.84140625 0.015008569892376044 0.0203125
4 0.4567576155874219 0.8328125 0.013518844499482086 0.021875
4 0.36424478390822157 0.859375 0.019550520678164495 0.0171875
4 0.37158640301480944 0.8828125 0.011592471463952769 0.0140625
3 0.33559970719141985 0.965625 0.02096747146395277 0.0140625
3 0.25928761021073854 0.90390625 0.015008569892376134 0.0203125
3 0.2490263906088126 0.68359375 0.011883569892376133 0.0203125
3 0.25082863916107057 0.7390625 0.016134422249741043 0.0109375
4 0.4918133198878669 0.96484375 0.014863020678164317 0.0171875
2 0.42476479114693183 0.58203125 0.01359161910658777 0.0234375
2 0.379651344290085 0.56953125 0.016134422249741043 0.0109375
2 0.3668431292362731 0.5796875 0.01337329528527027 0.01875
2 0.34867532609311996 0.5921875 0.010175520678164407 0.0171875
2 0.34268649937631823 0.6984375 0.015008569892376134 0.0203125
2 0.375678781841307 0.66875 0.011738020678164495 0.0171875
2 0.4459720111631425 0.6515625 0.017915246071058634 0.015625
3 0.3315328296077766 0.72734375 0.011883569892376222 0.0203125
2 0.5367940260503387 0.890625 0.018133569892376043 0.0203125
2 0.5474425816746912 0.91796875 0.013300520678164318 0.0171875
2 0.5627272874228783 0.99453125 0.014571922249741043 0.0109375
2 0.5110877047102205 0.92578125 0.011592471463952769 0.0140625