4 0.6656900311031889 0.24372466969806533 0.01964133794672147 0.02198408430895542
4 0.562255966388172 0.15606610929501916 0.018397172927693363 0.029787493949875808
4 0.34917103456323006 0.22916376259122773 0.011956171939110227 0.025063632513557366
7 0.25537461361270297 0.250017138956465 0.010075336958138337 0.017242042154477666
4 0.42270805775775366 0.5138245880213885 0.02464717292769336 0.029823855386194253
5 0.357927974753948 0.5126393379231927 0.014762836958138337 0.01726931323171659
4 0.4939410706093349 0.45248711222188537 0.01683467292769336 0.02977840359079611
4 0.19125383342373511 0.7885438286516147 0.021649506920082207 0.03293067466803521
3 0.21061664566729404 0.8884074732654204 0.014890170950527092 0.02039431323171641
7 0.5244390651349463 0.8733036062699571 0.008703837946721471 0.021920451795397967
4 0.34335089121866974 0.908723997564113 0.027644838935304606 0.026717036104353654
7 0.6388278758956305 0.979643988979906 0.011383168973360825 0.011001132513557365
2 0.5037829387078432 0.2876251815037262 0.016452670950527094 0.020403403590796197
2 0.37281678159748055 0.24308536202549363 0.014890170950527092 0.020394313231716588
2 0.4674502133852415 0.565895627249 0.014762836958138337 0.01726931323171659
2 0.5140824742596564 0.5140740520152309 0.01782416996194396 0.01572499394987581
2 0.5726324619023668 0.5723132780111259 0.017824169961943782 0.01572499394987581
2 0.577566654107432 0.45121952801112586 0.024265170950527094 0.020448855386194252
2 0.3472677059708677 0.601742744539051 0.015144838935304605 0.026644313231716586
2 0.5937992187852679 0.9346041997522946 0.012210839923887917 0.031313632513557364
2 0.3812633625869387 0.6491899162802197 0.011701503954332716 0.018813632513557367
2 0.4039514460850359 0.6482768560735653 0.013327670950527093 0.020385222872636888
2 0.22584498661694613 0.4571711088040399 0.015144838935304605 0.02664431323171641
2 0.3115384530051182 0.6160097776183424 0.014826503954332715 0.018831813231716586
2 0.29864983935523415 0.7598006842342007 0.027326503954332716 0.018904536104353477
2 0.21974358935523414 0.7602597473677213 0.018078837946721472 0.021974993949875808
2 0.37992240258737625 0.8546177596643615 0.022957338935304605 0.02668976502711473
2 0.41112332304361177 0.836471747662309 0.011701503954332716 0.018813632513557367
2 0.4062183057434062 0.9185120880213887 0.016134335969555203 0.012590903590795932
2 0.4406370681006958 0.8597319856602563 0.015399506920082118 0.03289431323171641