4 0.1274247326626134 0.481617376022532 0.025764003954332714 0.019477425705962937
4 0.3412245888981236 0.37911581630997127 0.022384335969555115 0.013136497492717503
4 0.33606885669262077 0.2944907637235466 0.02582767095052709 0.021039925705962935
5 0.3767535706093349 0.4669711689755383 0.012882001977166357 0.00973871285298138
1 0.31077179045754805 0.6081895508705651 0.024074169961943958 0.016306961599340218
2 0.4414103423209837 0.7613864102000496 0.02244800296574958 0.014698997492717681
2 0.516684914944666 0.8144181334778724 0.01594333498097189 0.008267141066226813
2 0.43360840707318166 0.45376412681395484 0.02225700197716627 0.010011497492717503
2 0.5839784801911555 0.5066343772096662 0.02652800790866543 0.038227425705962756
2 0.5360702207996153 0.5498244360642971 0.027071835969555025 0.013272889812585476
2 0.5229428211036264 0.468878312944759 0.016643671939110226 0.025454641066226812
2 0.4740145256659815 0.2875541051063425 0.019132001977166267 0.009920569279472246
2 0.4981032830803553 0.25305708465237137 0.016007001977166268 0.009829641066226812
2 0.5205658734985347 0.22007710009177756 0.019259335969555025 0.013045569279472157
2 0.4452475385175628 0.22570732297388885 0.017696835969555024 0.01300010517284953
2 0.3900361150955777 0.25617006129540637 0.019386669961943957 0.016170569279472156
2 0.24188648068544705 0.49433398785929905 0.022320668973360734 0.01157399749271768
2 0.3878064757425312 0.5220451138818311 0.011701503954332716 0.019068248746358662
2 0.35443160714973126 0.6884597240692456 0.017696835969555114 0.01300010517284953
2 0.6065962850203406 0.6426089811288745 0.02538200197716627 0.010102425705962759
2 0.6319000325488827 0.6550778888881488 0.03214133794672147 0.022784282132453627
2 0.6535760557805872 0.5454217440609982 0.019259335969555025 0.013045569279472247
4 0.7569000325488826 0.6587150174179632 0.013136669961943782 0.01598871285298138
2 0.6158545157801497 0.33861180291562915 0.03188666996194396 0.016534282132453625
4 0.5509325113315254 0.35784152454409923 0.014317167984777512 0.006659176959604096