7 0.7694315892119793 0.45399408676794983 0.017678822930778538 0.009574994668999892
4 0.8002278878324983 0.4605986227720861 0.016034435775648604 0.007994313335454351
5 0.7787556795556123 0.49782590276890437 0.014881371551297562 0.015788632001909164
4 0.6984639919709412 0.44067592675840483 0.020967597241038048 0.01273635733609062
4 0.6872232767966503 0.5092532040897231 0.01652575870642714 0.01736931333545435
4 0.5904976837394839 0.39179243674408737 0.018006371551297563 0.015824994668999892
3 0.5223518713241548 0.44721518606776967 0.02409259724103805 0.012772720003181703
7 0.55356092774659 0.44679756273867854 0.017596935775648782 0.008012494668999892
7 0.5530906162357723 0.5272117687380422 0.013318871551297563 0.015770450668363623
5 0.5795336075293449 0.5103424420750875 0.01784259724103805 0.012699994668999893
4 0.6140823479184065 0.46936345341340535 0.020967597241038048 0.012736357336090798
5 0.5191593515364511 0.5650748480664969 0.021049484396167627 0.014298857336090797
4 0.474060456240721 0.34515269939526994 0.02721759724103805 0.01280908267027261
4 0.4748903731331772 0.4950708833943153 0.021131371551297563 0.01586135733609062
5 0.40009841304726895 0.4832697700509067 0.01784259724103805 0.012699994668999893
7 0.371847260288307 0.495433415380316 0.01915943577564878 0.008030676002545433
5 0.37316077679665033 0.5055987560470887 0.01471759724103805 0.012663632001908986
3 0.38843057270363585 0.43941068204963407 0.021131371551297563 0.015861357336090797
5 0.25250744007106196 0.5572874306969986 0.024010710085908292 0.011210220003181703
5 0.1547726249421995 0.5397539380171811 0.017760710085908248 0.011137494668999891
5 0.17591064054603173 0.5259459766868172 0.01784259724103805 0.012699994668999893
5 0.1498051639517801 0.5045613253500901 0.020967597241038007 0.012736357336090798
3 0.21614945895425447 0.41476357602640784 0.024174484396167806 0.014335220003181704
7 0.27751300486124003 0.34911185136854384 0.01603443577564878 0.00799431333545444
5 0.25535139981828586 0.3433885626989076 0.019241322930778536 0.009593176002545256
5 0.18712702227409456 0.3824141526893626 0.013236984396167805 0.014207950668363622
7 0.1287512782669884 0.3262999653484993 0.017596935775648782 0.008012494668999892
5 0.23587986205190076 0.6273635733609078 0.016361984396167806 0.01424431333545435
5 0.09094914235505407 0.5733653220082724 0.011592597241038005 0.012627269334818081
7 0.24066693860072386 0.7336044826941351 0.017924484396167804 0.014262494668999893
7 0.1006572557657512 0.37125792934436314 0.017842597241038004 0.012699994668999893
7 0.2752068764125376 0.36470048870145294 0.017924484396167804 0.014262494668999893
2 0.5024078635222388 0.45401007873167887 0.021049484396167807 0.014298857336090797
4 0.5286184814554916 0.373114614735815 0.016198210085908115 0.011119313335454439
4 0.5297649016273083 0.394989614735815 0.01134693577564878 0.00793976933481808
1 0.4941283740376884 0.519498718730088 0.012909435775648782 0.007957950668363623
2 0.6635567254625979 0.4301196874204051 0.014471935775648781 0.007976132001908987
2 0.6667735786965296 0.3872145720878141 0.017678822930778538 0.009574994668999892
2 0.6932508695151325 0.40079581409131393 0.019896420171816587 0.022093176002545435
4 0.44796270296136065 0.4728958913908155 0.020967597241038048 0.01273635733609062
2 0.1672029466297826 0.3002010893539081 0.01948698439616776 0.014280676002545257
2 0.15682536861062144 0.37034995735199916 0.018006371551297518 0.015824994668999892
2 0.11788569934331608 0.37223917401336304 0.017760710085908293 0.011137494668999891
2 0.2576652515818797 0.4769277686982713 0.017760710085908293 0.011137494668999891
2 0.19380414744343671 0.49492324335613536 0.014799484396167805 0.014226132001908986
2 0.19335709011649044 0.47149483402290804 0.01619821008590825 0.01111931333545435
2 0.20549191994467392 0.4497743753580443 0.013073210085908293 0.011082950668363623
2 0.19772368554850614 0.4356300593570898 0.012909435775648782 0.007957950668363623
4 0.30798615614986397 0.51342889003818 0.017678822930778538 0.009574994668999892
2 0.3468749157608024 0.555262401376498 0.016361984396167806 0.01424431333545435
2 0.34967901119281813 0.5193794453771343 0.02269387155129756 0.01587953866963616
3 0.48704953640758875 0.5483049713955881 0.02269387155129756 0.01587953866963616
0 0.6037423914505429 0.5551282307447237 0.06076043758467105 0.05692270934118149
3 0.37988773236000284 0.39558795671545227 0.013318871551297563 0.015770450668363623