7 0.4862140514003606 0.4797697872135256 0.01729658800127254 0.00987510517284953
7 0.5303554974140418 0.5793007742814018 0.012627269334818081 0.01130121285298138
7 0.4577628820814509 0.5868836052393565 0.01729658800127254 0.00987510517284953
7 0.5672282414067238 0.5243033857224575 0.014207950668363622 0.012909176959604095
5 0.4862236894095874 0.5477612692668369 0.015843176002545256 0.019204641066226814
5 0.5945372707669954 0.7220134600164946 0.01736931333545435 0.01612510517284953
5 0.522871356102768 0.7420735589211379 0.022020450668363622 0.013136497492717503
7 0.7225402607017711 0.23765752890025532 0.01580681333545435 0.016079641066226814
7 0.7188527340467706 0.3237314212201234 0.020457950668363624 0.013091033386094875
7 0.5587504807049528 0.26586876009563687 0.020421588001272716 0.009966033386094874
5 0.6068879887014529 0.23867812279033376 0.023564769334818082 0.01161946159934022
5 0.5786448100334075 0.229340226709542 0.02042158800127254 0.009966033386094785
5 0.631951623368862 0.24341944708437085 0.009556813335454351 0.015897784639736123
7 0.6435698286919079 0.1672744842313894 0.01736931333545435 0.016125105172849485
5 0.33642313673613317 0.502103091449303 0.025218176002545344 0.019477425705962937
5 0.3094970100652243 0.4716259812618885 0.01733295066836362 0.01300010517284953
5 0.279200982733906 0.48735628134103076 0.023564769334818082 0.01161946159934022
5 0.2729958887253155 0.4242341557142102 0.01736931333545444 0.01612510517284953
5 0.3196436220559974 0.40333898251552974 0.023564769334818082 0.01161946159934022
5 0.2485498720559974 0.40540759936686177 0.020457950668363624 0.013091033386094787
5 0.38987540073995114 0.5286823118241318 0.02207499466899989 0.017823997492717503
5 0.27995605541849605 0.6194102633943421 0.015824994668999892 0.017642141066226812
5 0.4541208087603138 0.6768637475592245 0.01887726933481808 0.011483069279472246
5 0.5842419240531338 0.3745390664429853 0.023582950668363623 0.013181961599340219
7 0.6611038687141797 0.3308823431651626 0.015752269334818082 0.011392141066226814
7 0.6167362507160886 0.346240570203909 0.009520450668363623 0.012772784639736124
7 0.4215413820416799 0.2948696014784328 0.020457950668363624 0.013091033386094875
5 0.4435072887094071 0.3020456039857152 0.01733295066836362 0.01300010517284953
5 0.3914822593889066 0.3981226336108864 0.01893181333545444 0.016170569279472156
7 0.12644924741404173 0.5910532458433649 0.017332950668363534 0.01300010517284953
5 0.38460719275140515 0.6132391682506225 0.01733295066836362 0.01300010517284953
5 0.3026208487428147 0.5523220517950019 0.018968176002545346 0.019295569279472246
5 0.8320441720639515 0.44704323759660164 0.017369313335454706 0.01612510517284953
2 0.7223419080601335 0.4221007250601893 0.04885567067154532 0.03734688730530315
7 0.47540217870781626 0.2893948397999503 0.01733295066836362 0.01300010517284953
7 0.7355771573838158 0.3505977981005852 0.012627269334818081 0.011301212852981468
7 0.7422538713796797 0.3199244596207832 0.011064769334818082 0.011255748746358752
2 0.7614851293761798 0.29357490828799965 0.01733295066836362 0.01300010517284953
7 0.6731515247453601 0.5602970585254266 0.01417158800127254 0.009784176959604096
7 0.7079986920750875 0.5327116161264162 0.011046588001272718 0.009693248746358662
7 0.5726680773790433 0.32016981518934406 0.012590906667727175 0.008176212852981379
7 0.5687880046944532 0.1882067613492781 0.015715906667727174 0.008267141066226813