5 0.6660315476383668 0.3958935777257564 0.019204641066226814 0.016170569279472156
5 0.5041165693459793 0.43417013070789257 0.022147784639735945 0.010011497492717503
5 0.4211760372135256 0.4678069963055833 0.014471676959604097 0.014471676959604097
3 0.49411446588898933 0.7779201307078926 0.023892141066226814 0.016306961599340218
5 0.43915784441880384 0.6546250347062431 0.01598871285298138 0.012954641066226813
5 0.4086974546062182 0.682051352732074 0.017505748746358664 0.01143760517284953
5 0.4450177363429605 0.8019857680131957 0.016034176959604095 0.014517141066226813
5 0.6733308852602391 0.22551288156582236 0.014471676959604097 0.014471676959604097
3 0.8984659629194883 0.42894044378566554 0.017687605172849175 0.01768760517284953
1 0.6798750872926679 0.4298366687128409 0.022420569279472245 0.0193864974927175
1 0.7286689738065482 0.6844499608744243 0.020858069279472247 0.019341033386094962
2 0.8294418636191339 0.6549777580505728 0.020812605172849174 0.017778533386094964
1 0.35824882521847395 0.6452704182506225 0.01125574874635884 0.01125574874635884
2 0.346228546846944 0.7096284349436699 0.00643185642649069 0.0064318564264908675
2 0.32967153266117905 0.7421143260098967 0.009602320533113407 0.008085284639735946
1 0.5552040447353729 0.52947661902941 0.009693248746358662 0.011210284639736123
1 0.4609636144105565 0.36126983979995025 0.014289820533113406 0.008221676959604097
2 0.284991866984346 0.8558191248353978 0.03036946159934022 0.02430131802583091
1 0.18600410068700998 0.7166322558724947 0.00969324874635875 0.011210284639736123
1 0.19313229057873785 0.6594418814993154 0.007994356426490734 0.006477320533113407
1 0.1545806044479337 0.750331305951637 0.00799435642649069 0.006477320533113407
1 0.2603007216949771 0.5240068351810968 0.011255748746358752 0.01125574874635884
2 0.47117707106183887 0.7614145923072327 0.004823892319868151 0.004823892319867973
2 0.41045251972905533 0.782696210412206 0.008039820533113407 0.008039820533113407
1 0.6285626398790927 0.4227432342313894 0.008039820533113407 0.008039820533113407
1 0.6116228439565854 0.3342490355641729 0.008039820533113407 0.008039820533113407
2 0.8184124015575751 0.3633585593833563 0.011210284639736301 0.00969324874635875
2 0.6644269658889893 0.7729645430860204 0.008039820533113407 0.008039820533113407
2 0.891662033452602 0.4213325322654676 0.02076714106622681 0.016216033386094963
1 0.2877568173009151 0.7339668568887092 0.022511497492717504 0.02251149749271768