5 0.22272426340704204 0.5442277647325271 0.021965906667727176 0.007939765027114732
4 0.32434240209258663 0.6838720477136226 0.018840906667727177 0.007921584308955332
7 0.3187469301002227 0.7400856862773042 0.021965906667727176 0.007939765027114732
5 0.28295323874122386 0.5508277435570923 0.015788632001908987 0.014153403590796287
5 0.5092719327657227 0.7326009600850175 0.014262494668999893 0.01726931323171659
5 0.6816372814289956 0.7086054447633152 0.02042158800127254 0.009493174668035032
5 0.6675378714194505 0.6382156767111384 0.01887726933481808 0.011046584308955332
5 0.5635578014003606 0.49699525819142354 0.01268181333545435 0.015697722872636887
7 0.5043282520687241 0.5091498245463981 0.015788632001908987 0.014153403590796287
7 0.6531919187221338 0.4123662490180413 0.009538632001908987 0.014117042154477843
5 0.9852799020925866 0.6877172696043009 0.01733295066836362 0.01259999394987581
5 0.9028299340785872 0.5841195709321607 0.012663632001909165 0.014135222872636887
6 0.5335333993873157 0.40073333654845056 0.026726132001909163 0.014217036104353476
4 0.3577265194143599 0.5989157856133742 0.014135225334181812 0.00633181323171641
7 0.3533839174092693 0.5613930597156751 0.012645450668363622 0.012572722872636888
2 0.44345383939367905 0.4470810957218328 0.018968176002545432 0.01885908430895533