3 0.7400364567816442 0.21023913217828874 0.01493579528527036 0.019486984396167806
3 0.7303425872607716 0.33676401062699124 0.01515411910658777 0.024174484396167806
5 0.5069928244404901 0.27673947817613137 0.011810795285270358 0.019323210085908295
7 0.47502154052775936 0.36001232360814706 0.014790246071058633 0.016361984396167806
3 0.422521471049668 0.1865847896869491 0.011956344499482085 0.022448210085908294
5 0.43779971463952716 0.1632258548158115 0.014863020678164496 0.017924484396167763
5 0.45518626778268023 0.15166755709980367 0.014644696856846906 0.013236984396167762
5 0.4655758041766104 0.10701015434084167 0.017988020678164317 0.018088258706427274
5 0.24082632299274803 0.318123637493814 0.01024829528527027 0.019241322930778536
5 0.47262859470436974 0.44249727498762803 0.011810795285270358 0.019323210085908295
3 0.4536966581866052 0.437608379126071 0.015081344499482086 0.022611984396167628
5 0.33887648697032147 0.5157599553362099 0.011956344499481996 0.022448210085908294
5 0.7209783575246513 0.503832001920564 0.008831344499482086 0.02228443577564878
5 0.6978148393276863 0.5252190010160528 0.013082196856846907 0.01315509724103805
3 0.7867681774170275 0.5275428188584487 0.01784247146395259 0.014963258706427318
5 0.7206272930089587 0.41263046980838836 0.01293664764263518 0.010030097241038049
5 0.6240113122393811 0.4800459418800842 0.01293664764263518 0.010030097241038049
7 0.5116611695591446 0.5442987924004826 0.013227746071058633 0.01628009724103805
5 0.46669327191650944 0.5325900084792846 0.014790246071058633 0.016361984396167806
5 0.4890562694353101 0.49401550938379585 0.01449914764263518 0.010111984396167627
5 0.4737587551672865 0.5002278878324983 0.008685795285270359 0.01915943577564878
4 0.491235199542934 0.47386678369405527 0.008685795285270359 0.01915943577564878
4 0.31749594664744984 0.5754282044316987 0.01627997146395277 0.014881371551297562
3 0.3994908093438969 0.5789460300760106 0.024019696856846906 0.013728307326946165
5 0.28691157257846334 0.47095206637205783 0.008540246071058633 0.01603443577564878
5 0.6983114530575907 0.6195455331282285 0.014790246071058633 0.016361984396167806
5 0.8779861445377541 0.7123515880803255 0.013154971463952591 0.01471759724103805
3 0.7274039476809072 0.6919904211878694 0.021258569892376046 0.021377033016686652
7 0.6055096770027427 0.6684566666653136 0.016352746071058633 0.016443871551297562
5 0.6248782611631425 0.6827205625268705 0.008685795285270359 0.019159435775648603
3 0.5068367365560367 0.6749755823145743 0.018133569892376043 0.021213258706427318
5 0.452410409839235 0.7781138704196437 0.01649829528527036 0.01956887155129756
5 0.347247720840271 0.7289593181810801 0.014935795285270271 0.019486984396167806
5 0.3606082076057046 0.8317534475342938 0.00868579528527027 0.019159435775648603
3 0.6690221751407159 0.87753177351729 0.01984161910658777 0.024420145861557073
5 0.7813616633538917 0.9301798179539376 0.008758569892376045 0.020721935775648605
5 0.7596514832462677 0.9493049542045562 0.014790246071058633 0.01636198439616763
5 0.7519310285315381 0.9676045748513424 0.016134422249741043 0.011756371551297207
5 0.7544224817985258 0.9965905534817591 0.010393844499482085 0.00681889303648191
3 0.8596365206736551 0.996908136023476 0.018133569892376043 0.006183727953047935
3 0.7954733591772811 0.8483090202379298 0.012101893713693811 0.02557321008590847
3 0.49091859987165626 0.9188550570998035 0.016643844499482086 0.022693871551297207
6 0.7653063620727654 0.7360613257558536 0.049422111248705033 0.057144114653892505
4 0.6642275514860141 0.6239940157153739 0.022529971463952768 0.015208920171816586
4 0.6854796592200625 0.5448354601974499 0.00981164764263518 0.009866322930778538
4 0.6864192669541108 0.46461237166283914 0.006832196856846906 0.012827548620519024
2 0.6336838728261324 0.5873228533454735 0.03790241439185813 0.044070904567984216
2 0.4558307005763913 0.5670911612382467 0.01337329528527036 0.01940509724103805
2 0.5366055115774273 0.5276811804601235 0.011665246071058632 0.016198210085908292
2 0.45333290094789475 0.7142560883074681 0.015081344499482086 0.022611984396167805
2 0.41297542059260195 0.6342067401619189 0.04549659057054054 0.03979284034363299
2 0.25729911703516406 0.7889307824508599 0.03804796360606986 0.04719590456798421
2 0.5333350781600346 0.8088526153312611 0.01693494292790536 0.028943871551297563
2 0.6848890777457498 0.967208427180763 0.031725188998963996 0.04530585594746554
4 0.7447798463569997 0.7973330184289074 0.010248295285270359 0.019241322930778536
2 0.5149318345701753 0.8320477758921392 0.025946069892376224 0.0216226944820761
2 0.5624317650920839 0.6638610198992454 0.012863873035529317 0.00846759724103805
2 0.5969480062007438 0.6017638116223594 0.008394696856846906 0.012909435775648782
4 0.384882499790603 0.566490295679843 0.009957196856846906 0.012991322930778537
2 0.509921156943751 0.8917945901164905 0.011738020678164318 0.01776071008590847
7 0.3913316687305751 0.8388189970593238 0.011665246071058632 0.016198210085908472
7 0.3807409251407159 0.8624235933958507 0.01606164764263518 0.010193871551297562
4 0.4845334735308674 0.22958119515944456 0.013227746071058633 0.01628009724103805
2 0.4230887053339023 0.2489619589542545 0.015081344499482086 0.022611984396167805
2 0.36645771567298446 0.25456682779201856 0.012392992142117176 0.03182321008590829
3 0.9371514369275402 0.8448232513547371 0.014790246071058633 0.01636198439616763
3 0.8230418951569266 0.9549651339873112 0.01784247146395259 0.014963258706427496