5 0.7931764193542569 0.11271160789309582 0.01471747146395277 0.014226132001908986
4 0.8111880188161376 0.21411956655795955 0.01962329528527036 0.018968176002545346
3 0.7960039745643246 0.2909002425605049 0.016498295285270182 0.018931813335454527
3 0.7938443151348652 0.3284456958943685 0.019550520678164318 0.017405676002545344
5 0.7966825248119935 0.3893831958943685 0.019332196856846905 0.012718176002545345
5 0.908388582088976 0.757033225214869 0.01962329528527036 0.018968176002545255
5 0.7532129687733564 0.5133934079010499 0.016352746071058633 0.01580681333545435
5 0.7315006346129567 0.5003576059039135 0.013154971463952591 0.014207950668363622
4 0.7356273624870501 0.5386115839035954 0.01918664764263518 0.009593176002545434
4 0.5948930847795724 0.2525933625875491 0.02787244292790536 0.028434082670272608
4 0.6663423231976358 0.6957524692473221 0.017769696856846907 0.012699994668999893
5 0.6292575461093306 0.6547552992520946 0.01315497146395277 0.014207950668363622
7 0.533529707400817 0.4119870912635487 0.021040246071058633 0.015861357336090797
3 0.43944145140496077 0.23798706460854815 0.016571069892376045 0.02049431333545453
5 0.2920056792790543 0.2780046319621381 0.016352746071058633 0.015806813335454438
7 0.33454424379474695 0.3689654392902747 0.023946922249741043 0.011210220003181703
3 0.42301604652361535 0.5062921692791388 0.027290246071058632 0.01593408267027243
3 0.5200195949092576 0.8100160586012304 0.027363020678164318 0.01749658267027243
3 0.2657771271693585 0.386180758633047 0.015081344499481997 0.022038632001908986
4 0.24996372849326604 0.2816205279678651 0.021040246071058543 0.015861357336090797
3 0.24382935256225263 0.3848727973026832 0.019768844499481998 0.022093176002545345
5 0.3616483610393081 0.5984620352880475 0.021040246071058633 0.015861357336090797
5 0.3903620200544827 0.711470565284866 0.01955052067816441 0.017405676002545434
7 0.36876100185751765 0.7343904446212749 0.01918664764263518 0.009593176002545434
4 0.37090569871436446 0.7468722632877294 0.014644696856846906 0.012663632001909165
3 0.3122006327509298 0.7115983819621381 0.019696069892376135 0.020530676002545434
5 0.1862459466474499 0.5582926633115919 0.013300520678164406 0.01733295066836362
5 0.15955501405862665 0.5390614053150917 0.017842471463952726 0.014262494668999893
5 0.143647416044488 0.3821301526495917 0.013300520678164406 0.01733295066836362
3 0.1369416135205074 0.6409420786521369 0.02587329528527027 0.019040901336727246
4 0.1406338478047417 0.7034329879853642 0.020967471463952725 0.014298857336090797
1 0.8606381327509297 0.7052167338876869 0.014499147642634824 0.009538632001908987
1 0.9765371145539646 0.7265366558720968 0.009738873035529139 0.00792158800127254
1 0.9177657361417519 0.7905360685471419 0.01144692224974122 0.011064769334818082
1 0.5717596075246514 0.46078767059200343 0.01449914764263518 0.009538632001908987
1 0.5987030971855691 0.45187574725495816 0.01449914764263518 0.009538632001908987
1 0.5128704509906761 0.3879956079328667 0.011301373035529139 0.00793976933481808
1 0.4679967526860871 0.43150979793923006 0.011446922249740865 0.011064769334818082
1 0.36799029052775933 0.3318376092855022 0.012863873035529317 0.007957950668363623
1 0.7172455436281313 0.6138661225732316 0.011228598428423452 0.006377269334818081