2 0.7435987880112511 0.5857617074315409 0.08837799763774719 0.16033861067790856
2 0.8827456558820842 0.9028775767822674 0.049712312521204186 0.0817954400063634
2 0.7629068710356938 0.9374060234324955 0.049603185116542825 0.0786704400063634
2 0.9927493002662278 0.7043866274665394 0.014501399467544474 0.06918635200509068
4 0.9416692441791863 0.7341008521244033 0.04727679328391084 0.05677725867281787
2 0.7570907921027844 0.14469181210213167 0.04193452885594055 0.03797271467218155
2 0.6855432074338793 0.3992242234245412 0.041989092558271324 0.039535214672181594
2 0.6976240559826006 0.36500376475967755 0.02405754809323426 0.06275453866963616
4 0.8496404237686154 0.3574014447803584 0.03919147477225664 0.04887385200509069
2 0.6176712381887365 0.8037384534134053 0.08437997840045366 0.13530224801081764
2 0.5519296763005042 0.8443629060709512 0.05042164065150558 0.1021079400063634
2 0.6453646076192138 0.18790491542008692 0.0741666754978958 0.06646134134309048
2 0.7562550115175635 0.389113974100859 0.04823909255827132 0.03960794000636332
7 0.9959821996293311 0.8879803774665394 0.008035600741337846 0.06606135200509086