2 0.568828309813871 0.26882981440145787 0.16457156010845858 0.09131859707395851
2 0.8852249485739442 0.12550969339180482 0.08465680113146803 0.050401349923750074
2 0.9257822917616941 0.24723856981670062 0.07996930113146802 0.050292247150208344
2 0.6790153343089554 0.011258276216805285 0.07053066861791084 0.02251655243361057
4 0.7129817890312198 0.06622887842166607 0.058094301131468205 0.04978310087368061
2 0.12104479478675634 0.2573741292746874 0.03774543969514967 0.043060322188333354
2 0.38087431274073724 0.329462109138715 0.040861349336070066 0.041570557370694504
2 0.3464174995090207 0.31619969614468724 0.06263635538619425 0.024892203647222288
4 0.3338033491396783 0.1625662030785414 0.048664758976990366 0.040189895326597294
2 0.7945918999765589 0.3948428812714576 0.13799087939029936 0.087575348023889
2 0.8387373305965223 0.46179333871840206 0.10496930113146803 0.05087412860909737
2 0.16858339099956843 0.37034560153927065 0.06918633723582168 0.07660017401194459
2 0.36873286104353503 0.25707861607256915 0.042460210772388506 0.04785692496187508
7 0.8665107891294156 0.008276786950381596 0.06739657825883114 0.01655357390076319