2 0.7140625 0.5542420045526232 0.09375 0.17467897642635144
2 0.86328125 0.8652607795740138 0.053125 0.089974336641599
2 0.73984375 0.9139787235353765 0.053125 0.085286836641599
2 0.9828125 0.6471935221304157 0.034375 0.075038541356329
4 0.921875 0.6844067318075442 0.05 0.06482878742738744
2 0.7203125 0.09691965612419975 0.0453125 0.041172963606069854
2 0.65 0.36816326344396333 0.0421875 0.04415241439185813
2 0.66328125 0.33160717928356354 0.025 0.06835189371369373
4 0.81953125 0.3055797185729778 0.040625 0.05345463978475227
2 0.58828125 0.7936941104246447 0.0890625 0.14789815260503367
2 0.52109375 0.8429171685301966 0.053125 0.110286836641599
2 0.60625 0.1537947024429273 0.078125 0.0755137303552929
2 0.72421875 0.3490814696064351 0.0484375 0.046006012820281585
7 0.98671875 0.8360740856126512 0.0265625 0.0715496683207995