2 0.5970844691508584 0.7519364565767024 0.17203073295387145 0.10537720258518882
2 0.9308884991826304 0.8670281932680106 0.08845457386326175 0.058252851786885884
2 0.9544742292971282 0.7422974487052181 0.08217730032431163 0.05643568380210837
2 0.7411692544576363 0.9925223641627661 0.07392842370110611 0.014955271674467951
4 0.7659141099775233 0.9422789081733078 0.06183752678536116 0.05404551285158128
2 0.1513958680951982 0.8016964456651066 0.04141593262955982 0.046967841901054186
2 0.40269354098552546 0.7073229990485979 0.04451365909060954 0.04553267589344294
2 0.3693997999139792 0.7231416586304185 0.06611592370110611 0.03079901384016459
4 0.376019767039538 0.8787695761209043 0.05388865909060954 0.04591467787060921
2 0.8052946152558244 0.6042815010629453 0.1453591387980701 0.09804486364988403
2 0.8407587824641087 0.5339026754735134 0.10723184740221221 0.0605793557412186
2 0.1844793291349724 0.6843789530794803 0.0748557240254177 0.0842423488211363
2 0.39852028408566664 0.7813189145619175 0.04618525324641087 0.0518463428896375
7 0.9276016322986578 0.9881551756834781 0.07080342370110629 0.0236896486330437