2 0.2591814716073956 0.5745833708660577 0.09635418874473985 0.16722719473518968
2 0.10470970409938245 0.8765947602516191 0.05445437622353535 0.08461310217691817
2 0.2227677341364493 0.9229563834799295 0.05439981252120454 0.08305060217691818
2 0.007728132129167123 0.6670610144279703 0.015456264258334245 0.07162202885594056
4 0.05524296135577659 0.7027827488188737 0.04889385698624167 0.0594494110699257
2 0.2698263719623661 0.1353571797590652 0.043551592558271415 0.04053571996293313
2 0.3280108610777749 0.395515918959292 0.04360615626060227 0.04209821996293304
2 0.3167385443802192 0.35992315934064517 0.02723711179556503 0.06493551923729371
4 0.16655749510585854 0.33747026206571756 0.04231647477225655 0.04985615626060227
2 0.3723907666205869 0.8045933077966991 0.08917660580511529 0.14044643992586608
2 0.436487982955323 0.8506349832945951 0.055109140651505586 0.10336310217691817
2 0.3766468016366133 0.18993060707105966 0.07740080290255769 0.07136905771188111
2 0.256654216249918 0.37816223865207266 0.04991071996293304 0.04387897477225655