2 0.39818657857259526 0.674047352152477 0.17779883068109026 0.11447353060296184
2 0.05492637989341399 0.7821724911086598 0.08973520934118147 0.06196065260503385
2 0.03854214262413832 0.6527225856081419 0.07708428524827664 0.06017982878371626
2 0.2428610898711423 0.9373928763452982 0.07721702800763604 0.05981595574818712
4 0.22029629388132363 0.8634844954518861 0.06468066534054513 0.05610875889134022
2 0.8487581958943686 0.7381717406988842 0.04275112133990859 0.05040241439185813
2 0.5969695239099587 0.6351174770500332 0.045839758672817865 0.04742296360606986
2 0.6303450979074133 0.6523028229972573 0.06753294533736351 0.032816808105551945
4 0.6183525332193234 0.8105883579434453 0.05521475867281787 0.04785961124870504
2 0.19072970926163965 0.518955399504662 0.15116360534690845 0.10698636228216234
2 0.156446163271821 0.44559282816454376 0.11164657200827235 0.06610449710451576
2 0.8189172492441404 0.6185334828410014 0.07908861067790873 0.08645123035529281
2 0.5984314792330047 0.7107895651393744 0.04749316534054522 0.05530823821317572
7 0.05333551320818758 0.9188912411086598 0.07401930267345425 0.05342040653397504