0 0.9002937466070684 0.7577235685471418 0.19941250678586328 0.17456583736472595
2 0.137126938034897 0.9310040046546824 0.14618668249628844 0.13755563868554468
2 0.4585039710515838 0.9475893312778663 0.09981629353213642 0.087046561346272
2 0.8541849632496676 0.9500207038908688 0.06528416327441171 0.05385225334181811
2 0.5811668651041184 0.9164564152610033 0.06619156603337366 0.0413704346753633
2 0.6166406976458354 0.9668558572565491 0.055745388964152195 0.05061816534054486
2 0.9997708644267499 0.9495923478676425 0.00045827114650016655 0.03183180267345413
1 0.9645249197175314 0.8627468758752783 0.04374335594746555 0.030178396005727137
2 0.8738147105361342 0.877091733887687 0.0619953889641522 0.05069089067472703
2 0.8275472201470727 0.9190616052275958 0.03477779172311415 0.037881808004454245
4 0.594546612390585 0.8436001705920034 0.06183161465389268 0.04756589067472703
2 0.4376194244672297 0.5640046719446389 0.05968926051544958 0.06627952800763595
2 0.5603631264125376 0.3554189179265034 0.09389384215265544 0.09322383601209036
2 0.515200033355371 0.23946720126513948 0.09792624491161739 0.08077838001272672
2 0.9008221093383673 0.5421985658816417 0.07744332654882306 0.1070863413430903
3 0.8724703007682255 0.26970594788355085 0.08132524310259512 0.03217724801081765
1 0.10223636589708798 0.2950846859882278 0.05196529172311406 0.03808180267345422
1 0.1514617599496227 0.2648062926480009 0.049583920171816495 0.02243862133990877
2 0.22243267921692808 0.26163529197168317 0.06232293758467104 0.05694089067472685
2 0.21515136646291486 0.09286711063813767 0.07573034034363309 0.04460452267663591
2 0.4473120912481442 0.06280525127309369 0.09143722749876275 0.04634883601209037
2 0.5476573292623567 0.17264278059359425 0.11576884215265544 0.09347837468172662
2 0.8165544934412793 0.2469047945576414 0.05549972749876275 0.04593066534054513
1 0.5548622354122206 0.6830262972629123 0.048512743102595124 0.031795440006363404
1 0.32020287313317725 0.4864165686266837 0.05920458163720586 0.02723520934118149
1 0.5919163415868285 0.2862598379217308 0.049747694482076096 0.02556362133990877