0 0.3280637728304773 0.8864190251716899 0.20098418927901224 0.21239120653952134
2 0.07056167093374792 0.12242148665412715 0.13602704721387232 0.1676570266917457
2 0.082778033777344 0.4531767381370019 0.09810284200867019 0.1053188527754692
2 0.12496188865784515 0.8547564841826691 0.06788472099021767 0.06823534684397004
2 0.1290299494494201 0.5750225632321422 0.0507882262518895 0.0690975098858317
2 0.07652657572954447 0.6147509080989458 0.06890118942018657 0.058924013840164415
1 0.2296787517132027 0.9585579634224224 0.03692314732681172 0.045150673916276675
2 0.20408794653623547 0.8687606343729495 0.056765210466873925 0.06466467787060921
2 0.15526403868608002 0.8237638107606842 0.042718121018452536 0.037592841901054184
4 0.20471248891195898 0.5836852974148113 0.05373121572854576 0.06609984387822046
2 0.4694211890672507 0.4092304895826956 0.07239021046687384 0.06530134783255317
2 0.6967410942159831 0.5205659431192864 0.1040798262236546 0.1008860207602467
2 0.8088091837349918 0.46823016889899866 0.09167083148532669 0.1019391847906915
2 0.5467227675688054 0.8759431457044752 0.11879477360693613 0.08589769072219085
3 0.8205019018120246 0.830330920876165 0.04241428413027961 0.08590300790866542
1 0.7032607788686079 0.05435335270110699 0.04371917889684287 0.054780341901054186
1 0.7404569419804353 0.10139017878483039 0.029383663111827295 0.04951983893530465
2 0.7516744340173404 0.17297867730195562 0.06310621572854594 0.0664818458553869
2 0.9222221524473092 0.15663214121866975 0.054550263083592655 0.08016234387822055
2 0.9755330156085475 0.3884432153252268 0.04893396878290481 0.09585101087441483
2 0.8801605389684287 0.49664698756834824 0.10995039462538862 0.12138952174882985
2 0.8367569623918382 0.7732850834237351 0.05336719468185862 0.059849843878220635
1 0.36319284684681896 0.534940096806789 0.038849668373499215 0.051464340912471054
1 0.5350245312876825 0.2851762242596564 0.033145699943530185 0.06058467292769345
1 0.7704361994494201 0.5488872612943444 0.030946163111827473 0.04958350593149898