0 0.7402887330414307 0.8956917999134205 0.17725297602842466 0.2086164001731589
2 0.9071706908640313 0.09307730565826465 0.1731586182719372 0.147604964665139
2 0.9197028318643483 0.42111203989069523 0.08772572930778537 0.0956774823325695
2 0.9323334701511319 0.8218939431010772 0.05475609905006031 0.062137630508958354
2 0.8910721415661438 0.5495091436141675 0.04390048620519025 0.06344555737069442
2 0.9450259791962434 0.5797064431010772 0.05426477611928178 0.05276263050895835
2 0.9366890202419889 0.9855654384483337 0.027210953188503594 0.028869123103332582
1 0.8470400220510113 0.941932379746459 0.03181656603337366 0.04131598423243048
2 0.8589026142036665 0.8499085339067716 0.05154921189493038 0.06050239532659703
2 0.9007083339005133 0.7984739736862855 0.03913774310259512 0.03212282218833344
4 0.8172694713943273 0.5696930506242716 0.04842421189493038 0.06042966014423605
2 0.5292073066495777 0.43940025968673657 0.06701043758467104 0.057741071238402775
2 0.32060583333468645 0.583945774220035 0.09521068068726608 0.08960932028847228
2 0.20193107643728148 0.5498954696991321 0.08139384215265535 0.0939695119678472
2 0.5209245793779576 0.9108758693941323 0.11149742198083885 0.07282186379145834
3 0.24255391791256828 0.9090899381639932 0.033945632066747146 0.08194098423243049
1 0.245298132632574 0.12538643218006965 0.03855788896415202 0.05083645459715278
1 0.2166917757805975 0.17869261692559046 0.024331614653892508 0.04738414627652778
2 0.21526871664462893 0.2506221683123613 0.057799211894930556 0.060647865691319504
2 0.044178288670896314 0.26150185087368055 0.04603619629109834 0.07441942496187508
2 0.02172011250618598 0.4987290939398264 0.04344022501237196 0.09004442496187508
2 0.13417701040390792 0.5889930308695488 0.09783771370395286 0.10995818787965277
2 0.21803527476454473 0.8545472553183335 0.04809666327441153 0.05417966014423605
1 0.653490254411014 0.5455437697547227 0.033706614653892686 0.047602351823611146
1 0.4466581575086604 0.3279704907850351 0.027947937584671047 0.056831881458888935
1 0.252029573723748 0.6238064015948613 0.02589411465389251 0.04742051386770836