0 0.8887970828548065 0.2879741425445965 0.2088740361123346 0.21172039202736234
2 0.17134672114405947 0.03696365066040938 0.16355655771188107 0.07392730132081876
2 0.49074156188823237 0.038851772636865005 0.1091418762235353 0.07770354527373001
2 0.8809102049019906 0.08892811521327826 0.06915179328391048 0.057031797342454116
2 0.6071825282229684 0.0780564392505038 0.07211310217691817 0.05238066000954502
2 0.649253466334736 0.03617747457832225 0.059613102176918176 0.052235209341181456
1 0.9726487823993196 0.1901628038670061 0.04193452885594055 0.03797271467218159
2 0.889310492743606 0.16145709587846016 0.06764385698624195 0.05857611600890866
2 0.8503769675158622 0.11349231055064171 0.040535719962932856 0.0426420333386361
4 0.6084697205110873 0.1530109859166402 0.06758929328391083 0.05701361600890866
2 0.41059518258465405 0.40755467727563904 0.06818949400955017 0.07420111600890866
2 0.4979141001931836 0.635351865929367 0.10521826805616748 0.10586928668045381
2 0.43555545473235463 0.743846165937321 0.10796132213985139 0.0949681493475449
2 0.8634349511889756 0.49990197788036916 0.09471727767481433 0.11824201734563573
3 0.7915772762392338 0.768597981222187 0.08590278366526398 0.04473179201145392
1 0.03671370536532681 0.6258806999920459 0.057832347367594815 0.04596702800763595
1 0.07990814465822085 0.6636437819860006 0.05103671034428627 0.03026930267345431
2 0.14970228948607772 0.6776693719764556 0.06942461179556511 0.0648442973424542
2 0.1164929414855107 0.8459562953135009 0.08165179328391084 0.05717724801081765
2 0.33992795228528394 0.9105165926161842 0.09582342068857255 0.06046588001272681
2 0.4564557425739698 0.8162296959341393 0.12725695916315996 0.11081132535009033
2 0.7340822347694216 0.7825428498965956 0.061284729581580065 0.05537839067472685
1 0.5437201958314979 0.3076081265913671 0.052926592558271326 0.039662484006999676
1 0.2811780118960815 0.46841145595959277 0.06062996515360961 0.03662839067472703
1 0.518759824332468 0.7092978959261853 0.05109127404661713 0.03183180267345413