0 0.3026872201224943 0.8921403376641299 0.20539766669318063 0.20240578130301118
2 0.04794824602163537 0.15776537078123976 0.09415108402290803 0.17196925843752048
2 0.0501765540658606 0.48360118448357065 0.09028064934754479 0.10779763103285873
2 0.10089745345317631 0.8796478052648105 0.06171929734245411 0.06931548439090349
2 0.09533560741563259 0.6031671508183066 0.05079997867599957 0.07049603847458741
2 0.05048673142104142 0.6445932481859015 0.05692270934118147 0.059776793283910834
1 0.2036053774665393 0.9745386646133047 0.03793635200509069 0.03880952885594056
2 0.17683324478831258 0.8902827157017639 0.058576116008908705 0.0676438569862416
2 0.12789575811581283 0.8490054404740203 0.04106135200509069 0.03891865626060209
4 0.17119867341658707 0.6075520612552602 0.05545111600890866 0.06753472958158006
2 0.42924588872531544 0.4172172048171726 0.0726204346753633 0.0665724303072194
2 0.6562361974060875 0.5132389998303639 0.10272610534690844 0.10354664065150558
2 0.766537350731997 0.45467747696487315 0.09182496801399935 0.1062896947351895
2 0.5158593821212216 0.8753173922959683 0.116643154678545 0.0915377139724832
3 0.7871162167806766 0.8126983080903992 0.041588610677908734 0.08423115626060244
1 0.6524079320098632 0.049903186128033114 0.044404528007635946 0.05777778366526396
1 0.6896630313494538 0.094714689123258 0.028706802673454136 0.05098214664195542
2 0.7037624413589988 0.16456339765344574 0.06326361600890866 0.06780754809323426
2 0.872276084022908 0.1383580178017133 0.05405224801081765 0.08154266587924908
2 0.9343055587205431 0.36440959711314075 0.057340880012726816 0.09571429328391083
2 0.837922002068724 0.47719482850881934 0.10923064401654478 0.12563989546082902
2 0.8012963481062678 0.7551487029182561 0.05383407200827221 0.06279266587924912
1 0.3260401674092692 0.54821672287334 0.03808180267345422 0.051309528855940555
1 0.4918538820416799 0.28998009302160754 0.03506589067472703 0.06057540145127884
1 0.7299827800763602 0.5372370058208137 0.030269302673454134 0.05103671034428636