2 0.8849249559020368 0.1046167498806873 0.13113489258219674 0.14831132535009012
2 0.38402751922187683 0.07839443594845691 0.15737648801421242 0.11270108935390814
6 0.22485059305716654 0.11386086330363772 0.19453565128862396 0.16622607869190792
2 0.20691722184455327 0.32357221797422847 0.16411116689245614 0.15181813335454447
1 0.017588048959203278 0.23118636533259096 0.013721663274411567 0.05325226933481808
6 0.1356674208491851 0.4705841253182735 0.2303912641334942 0.16508174936345305
6 0.44509665253181935 0.40835410860918453 0.2718152035271876 0.2701874200349984
2 0.43285120081365414 0.18961319927595718 0.07449538896415202 0.05083634134309047
3 0.2481010645630355 0.2144330279678651 0.0905298247398008 0.05883065467854491
1 0.45790974954571484 0.84675353727723 0.10384869629109836 0.07460110534690827
1 0.3004713065339768 0.6469000826305017 0.05648901741285446 0.03501134667409058
4 0.6777808412481442 0.060123504575140575 0.08929487336031983 0.06506247334499946
7 0.6185839829258297 0.18354337058404926 0.049904824739800804 0.058357940006363365
2 0.2478985051999243 0.5685574539704105 0.06816350180902227 0.04920111600890866
4 0.2922040258921392 0.4742347419637289 0.06742651741285455 0.03513861600890884
4 0.2432475474888652 0.4052307506365468 0.08354284034363299 0.04469542934436319
2 0.9156957575747736 0.4083502772120056 0.061585953188503594 0.04287839067472685
2 0.9687112149471483 0.3459769992043696 0.05352779172311415 0.038099984006999675
1 0.8191892497728575 0.41650876989182317 0.058133404567984215 0.036592028007635946
4 0.7137503980092635 0.28406044390518614 0.04719590456798421 0.036464758672817864
2 0.7565786278828756 0.17646557256527737 0.07383364767057934 0.06800566000954503
2 0.8402663896415206 0.4905275252228233 0.11437676051544976 0.06691587468172652
4 0.23899929726172262 0.8313210833068194 0.041764776119281775 0.052017033338636054
4 0.7479947597224801 0.6839059025700498 0.0669285504295413 0.055432934675363296
2 0.6859683932595653 0.5892570212444587 0.1530032485296619 0.17823518268618094
4 0.17787476876759162 0.9328750399825008 0.056816566033373525 0.041261346674090406
4 0.2677118747150569 0.9615352946371832 0.06988977611928178 0.05234429734245403
2 0.6836235639972086 0.41026895524350415 0.072605340343633 0.04456816000954493
1 0.04510553934826485 0.18943466999522748 0.047523453188503297 0.04271475867281786
7 0.04337702227409458 0.3801960299968183 0.048922178878243794 0.039607940006363404
2 0.9155684413142573 0.7937428845480964 0.07638543758467123 0.057104522676635835
2 0.8191870070089466 0.6103769485598686 0.0673446302577247 0.03357611600890866