2 0.10390625 0.8578357541838715 0.121875 0.14701219810012062
2 0.5953125 0.8875509938955645 0.146875 0.10925989258219673
6 0.75703125 0.8556381733396352 0.178125 0.16558513568479186
2 0.7953125 0.6497256880389564 0.1484375 0.14840427973732648
1 0.9828125 0.742242979423386 0.034375 0.05180151741285464
6 0.8859375 0.5035699830414307 0.228125 0.1619555246489437
6 0.5703125 0.5622986883776406 0.2453125 0.267543783355371
2 0.56015625 0.778455954885984 0.0703125 0.05055992198083885
3 0.74296875 0.7555939077358029 0.0875 0.05927318068726599
1 0.60234375 0.13093250169748066 0.0953125 0.07374511646291486
1 0.7359375 0.32939989993388685 0.053125 0.035596663274411536
4 0.30546875 0.9043035611721335 0.0828125 0.0621525192218769
7 0.3765625 0.7833901956137298 0.0453125 0.058624727498762755
2 0.7796875 0.4067945595902538 0.0640625 0.050232373360319826
4 0.72734375 0.49860027928710055 0.0640625 0.034607373360319826
4 0.76875 0.5675240196761621 0.078125 0.041594357756487635
2 0.10703125 0.557671979873612 0.0578125 0.042092324739800804
2 0.04921875 0.6177330546134128 0.05 0.0369953889641522
1 0.20390625 0.5502512262555674 0.053125 0.03559666327441171
4 0.2921875 0.6823433519907364 0.04375 0.036667840343633
2 0.23984375 0.7874303216875831 0.0671875 0.06758364767057934
2 0.18984375 0.47676946065173514 0.109375 0.06510710085908258
4 0.81640625 0.14783896144470465 0.0359375 0.0534459045679843
4 0.3 0.28740266621508764 0.0625 0.05483798620519007
2 0.35234375 0.38231569651824093 0.1359375 0.17743668249628844
4 0.88671875 0.04884153946386581 0.053125 0.040284163274411554
4 0.8015625 0.02321513483808104 0.065625 0.04643026967616208
2 0.33671875 0.5581345680695385 0.0703125 0.04430992198083885
1 0.93984375 0.7827761261894542 0.0421875 0.04127345318850324
7 0.96953125 0.592939020241989 0.0609375 0.03756859905006031
2 0.146875 0.17745885741780332 0.071875 0.056891809135968606
2 0.2234375 0.3593838868164455 0.0640625 0.031482373360319824