2 0.09681539178513536 0.1399828370558839 0.12269313231716561 0.1463014193542569
2 0.5870363916869394 0.05244531482753353 0.14432269262201594 0.10489062965506706
6 0.7470744670189046 0.07251698924888764 0.17588176483072288 0.14503397849777527
2 0.788084765518094 0.26555618610798903 0.146121541958086 0.14583053846084476
1 0.9769796147559682 0.15131809595173326 0.04404089149054755 0.052037688998963993
6 0.8825927687395477 0.39939818507453173 0.23054199375348433 0.15757286724456102
6 0.564833096998379 0.3782703176205738 0.24207945745273882 0.26120728949430205
2 0.5527972261922866 0.16482640178097357 0.07057612041330899 0.04858735731976358
3 0.7347693888582691 0.16650441005314115 0.08467498184962743 0.05549232878371631
1 0.6014139289696434 0.8030134524429273 0.09413179508134384 0.06999147642635144
1 0.7330780611886131 0.5914680227495882 0.0517352168225127 0.03208906203449331
4 0.29872787060970063 0.07043866273922832 0.08157725292686627 0.06003427956950458
7 0.3707205243968885 0.18111714350880595 0.04406816256778665 0.05672518899896404
2 0.7757382598607532 0.5082531083577301 0.06276362041330899 0.048223484284234355
4 0.7223456151487516 0.4224825823028821 0.0626727168225127 0.032598484284234175
4 0.7625984313073344 0.35031432982168276 0.07834316861791102 0.04113873035529281
2 0.10602117838046818 0.43712966480614296 0.05647725897699045 0.04168238585581072
2 0.04775922648687423 0.3828274625726126 0.050199987899751594 0.036703787427387446
1 0.201338223560008 0.4319091637726856 0.0533068071815924 0.033724336641599
4 0.28807112997947454 0.2911878103818634 0.04394089754067192 0.03485018899896399
2 0.23474666296057006 0.19369853432701553 0.06597952400410509 0.06399403349844598
2 0.18918313632418635 0.5074549733259796 0.10658634328594588 0.06276117328319834
4 0.8141002813307756 0.7610848558765306 0.036219301131468026 0.050111315963434676
4 0.3014144498504905 0.6826475643108049 0.06279998184962743 0.054473484284234354
2 0.35120589247250644 0.5819176641869703 0.133785168421519 0.17337334160399784
4 0.8854344049655383 0.8507059739496613 0.05177157825883114 0.03833906203449331
4 0.801631576706707 0.8905369154298246 0.06434430113146802 0.051421258891340214
2 0.33346492233034397 0.40935345947224067 0.06742384933607007 0.04375430810555194
1 0.929541533373879 0.11603772146846192 0.04241475897699054 0.041027414391858176
7 0.9643881902843248 0.30186390550502723 0.06736930718159258 0.03437930810555194
2 0.14993778738089975 0.8092015638965201 0.07061248184962739 0.05483735731976367
2 0.22289454011137427 0.6199164319696507 0.06421703610435348 0.029546258891340216