2 0.15852528349844602 0.065625 0.14230312406898657 0.103125
2 0.07080288316521452 0.5640625 0.0959033130679506 0.146875
6 0.09979267803620004 0.73359375 0.12355743217453848 0.1703125
2 0.29492754962398726 0.796875 0.1410702638537389 0.14375
1 0.1762439778695843 0.9828125 0.0500385413563289 0.034375
6 0.43474137447876215 0.896875 0.14241874813797323 0.20625
6 0.4119009181114026 0.57421875 0.2546661910658786 0.234375
2 0.18768001405862664 0.540625 0.04389985731976358 0.0703125
3 0.19108976612554127 0.73125 0.05244010339082217 0.0859375
1 0.8585811730738012 0.65390625 0.06693925103345748 0.0953125
1 0.6366955186067406 0.77109375 0.03052656203449331 0.0515625
4 0.08648127129733699 0.26328125 0.05854455417661044 0.0828125
7 0.20461914929526498 0.35078125 0.05665241439185813 0.0421875
2 0.5509057218737283 0.8078125 0.046660984284234354 0.0625
4 0.4603491883752822 0.7421875 0.027983758891340214 0.0640625
4 0.38389800433871696 0.778125 0.03652400496239867 0.0796875
2 0.4709546629441161 0.09765625 0.03706766046291676 0.0578125
2 0.41391910483856426 0.03046875 0.03365156203449331 0.0515625
1 0.46698210049533806 0.196875 0.033797111248705033 0.0546875
4 0.3198395808506309 0.275 0.033360463606069854 0.0453125
2 0.21596541004863196 0.20859375 0.06243153349844608 0.065625
2 0.5456336393704675 0.19140625 0.05814644789030421 0.1078125
4 0.8156446180686213 0.87265625 0.05003854135632899 0.034375
4 0.7307985055815713 0.32578125 0.05283820967712849 0.0609375
2 0.6249873072769823 0.36875 0.1745719685684687 0.125
4 0.9109079222452319 0.95546875 0.03684933664159899 0.053125
4 0.9523269807650685 0.871875 0.04829625889134022 0.0640625
2 0.44366237861710045 0.33359375 0.03764985731976367 0.0703125
1 0.13946741583509098 0.93125 0.04102741439185813 0.0421875
7 0.33138524213760795 0.97578125 0.027256012820281582 0.0484375
2 0.8622753298171736 0.1796875 0.050149857319763666 0.0703125
2 0.8504002603390823 0.00859375 0.07267552067816467 0.0171875
2 0.6642231275836432 0.23828125 0.02812930810555194 0.0671875