2 0.07600803756616062 0.18132708271265774 0.11634919467652327 0.1379794971045159
2 0.5575525148287476 0.09614748552257937 0.14588018577927464 0.09724748924663303
6 0.7203390163116224 0.11074729466158854 0.17135502965749527 0.1483391083532209
2 0.7886128083264072 0.312767867035164 0.14278436068413464 0.13609166542531542
1 0.9703336991251476 0.19880818258431404 0.0503475098858317 0.04913101282028158
6 0.8936584525851886 0.4467683395325741 0.21268309482962272 0.1402398180303493
6 0.579548167527667 0.42545399586166166 0.23305121642535304 0.24634426881613755
2 0.5379814555509382 0.2090819791124386 0.06884284190105419 0.04375430810555185
3 0.7221336210642578 0.21220063275092976 0.0847225098858317 0.0507320541766104
1 0.6734917574887359 0.8555824516098486 0.09467051285158128 0.06523120181924576
1 0.7770465445234238 0.6412909733214703 0.05270850593149916 0.03052656203449331
4 0.2689502712545383 0.11311654590444284 0.08185217787060939 0.05683650496239876
7 0.35618762749004845 0.22556735008105328 0.042726010874414924 0.05345463978475227
2 0.8087329432308297 0.5577721519813521 0.06259284190105419 0.04346320967712849
4 0.7436398424325268 0.4720850550006707 0.06351867193911023 0.027910984284234174
4 0.774177576615196 0.3986497090534467 0.07783583992388791 0.034815955748186946
2 0.1241377673373866 0.48221964867609246 0.05608817391627663 0.036922111248705036
2 0.057974256462971684 0.4276733897847523 0.04971083992388783 0.03350601282028158
1 0.21988134885831742 0.47810153701310265 0.05277217292769345 0.03208906203449331
4 0.28817906821223904 0.3362458308506309 0.043397172927693364 0.03165241439185813
2 0.22095046444818678 0.23642345926284367 0.06485567885919252 0.06072348428423435
2 0.21675103167184262 0.5543729385846793 0.10666117688202617 0.053313398676092486
4 0.8823600801124183 0.8146257735691395 0.0347861768820259 0.04996576674922295
4 0.35419131775512847 0.7315433682780184 0.0597225098858317 0.04956766046291676
2 0.39061429600629866 0.6303105080627706 0.12693386760421674 0.16810364474715095
4 0.9656129318993042 0.9058372785315381 0.052899506920082474 0.03521406203449331
4 0.8861137742946499 0.9450217489620336 0.06272017589344295 0.04658820967712814
2 0.3499853429268184 0.4560896040099947 0.06858817391627658 0.03750430810555194
1 0.9119654422050655 0.16333940942495023 0.04052684091247087 0.03775686517764645
7 0.9692022806460784 0.3487717952807611 0.06159543870784319 0.029982906533975305
2 0.21822859592974897 0.8585510163349384 0.06909750988583178 0.050004308105551586
2 0.0485063449411658 0.8459674714639526 0.030926347832553224 0.07005994292790518
2 0.26739697189974165 0.668238539494302 0.06501750494291585 0.026421258891340216