6 0.486391144753073 0.11818197947952187 0.13908104053191012 0.19600648495630524
6 0.44395034087529 0.3727187152937569 0.1885372124710205 0.22241587226160836
2 0.07842281790932168 0.6151596502374268 0.15684563581864336 0.14727947994174037
2 0.2752282212939069 0.5398881802583094 0.08315469269935694 0.12571070533113407
2 0.1493979613708941 0.9754833847980207 0.0990396778706093 0.04903323040395868
2 0.3012363284808192 0.8230105688172538 0.0811465237259962 0.11472774122451135
2 0.3809384159332491 0.8057752562016992 0.10621019072219058 0.1170176669304741
2 0.5771913334237351 0.8075747515828458 0.10126802273741298 0.11063127461060632
2 0.7076309085188753 0.8504789685924623 0.09728085969555131 0.12768238229073817
2 0.6699584480622023 0.6616605095004044 0.12221719269935694 0.1268473079967011
2 0.6765161486702246 0.5007230095004044 0.10235036167271758 0.1371937746106063