6 0.8861787834181779 0.6608126853593452 0.19852950135263542 0.15020954152049343
6 0.6535924554025877 0.5365462199225753 0.22561926002545346 0.19660438045579803
2 0.529106792011454 0.10589444471370432 0.15196358402290802 0.17486203163466157
2 0.5417811567074982 0.3227145301889679 0.12754429201145392 0.08953202669174569
2 0.1310323713399088 0.05375369418223169 0.10893974267981758 0.101268022737413
2 0.2606487880330894 0.25425505437207463 0.11500792934436319 0.08589769072219058
2 0.2545720580442252 0.33599980288919984 0.11842383068109026 0.11102502471457942
2 0.19659756806967862 0.5210486235357157 0.1121192866804539 0.10608285672980174
2 0.11664753341817793 0.6294566897336074 0.129270424013363 0.10365819368794008
2 0.3106066187539505 0.655320147261712 0.13112382535009015 0.12872186068413444
2 0.4635685340944956 0.7146526793906651 0.13869996801399936 0.10872769566510651