6 0.08388048242446208 0.4654996730620139 0.16776096484892417 0.11675500816812523
6 0.3246573201017731 0.5354719066288545 0.21054800992479752 0.16410278685347243
2 0.5155475698968853 0.9299830132021182 0.1336216368892682 0.1400339735957637
2 0.46919491646328193 0.7234109305645491 0.12329625889134022 0.06686280452090294
2 0.9146058081100611 0.8995825320069105 0.09321065260503403 0.0911354526972918
2 0.7575489410703877 0.7285582511373617 0.11079625889134022 0.06657186379145834
2 0.7520309952469982 0.6455275455902785 0.11039815260503386 0.09153549620027786
2 0.7808046203494422 0.4475446404800354 0.10251287799792799 0.08979115824437507
2 0.8429857508285694 0.32151012376253546 0.12402400496239885 0.08248780452090294
2 0.6466544063290875 0.33883917486496584 0.11901117328319835 0.10890483415618064
2 0.4866629762214637 0.31478081297336846 0.13041955417661039 0.08575827488562507