6 0.8887787267311144 0.5160502861234489 0.18678902866891214 0.13804653469127146
6 0.634710650647391 0.4787026380887687 0.2341388725471326 0.1885737933640895
2 0.3861192307226281 0.09594249271958848 0.15400570357377194 0.1767090453532718
2 0.46111793623638525 0.3078526940642698 0.13299818380210837 0.08275905068427196
2 0.017479318669349576 0.18851760733609077 0.03495863733869915 0.09891021467218156
2 0.16658934482962265 0.3427249440244989 0.12037084980971961 0.07948860001590834
2 0.1835274940313199 0.4257738013605897 0.12301568874502422 0.1060692813494537
2 0.1783121175298546 0.6304976640276806 0.11501218775644104 0.1012908746817267
2 0.13211625536284538 0.766743699355499 0.13519735376405229 0.09840223201781732
2 0.33008818175057997 0.7229317067154523 0.13465352570316255 0.12338405068427197
2 0.49727568175057996 0.7248771094048149 0.14476335475263546 0.10319882001908987