6 0.8729784135353503 0.4229486651481077 0.20139444198043535 0.13688754922121243
6 0.6250120794191879 0.515120478621592 0.22765310509226264 0.18600701082055265
2 0.4473156587677886 0.9242200646606186 0.15174305247554418 0.1515598706787628
2 0.48657339277101164 0.7153441359851549 0.12945925782192055 0.0801996285298145
2 0.04940477015479245 0.930989238717229 0.0988095403095849 0.10143813103709717
2 0.19918751386005132 0.7453281865265156 0.11686825256024873 0.07827341567683313
2 0.20171254535949523 0.6616662403665815 0.11988683674699833 0.10331887978345584
2 0.16529544517596859 0.4673108351145897 0.11189232622365468 0.09996655925034226
2 0.09955559506302913 0.34644675415663506 0.1334943104386391 0.09591555674305993
2 0.2959678634788806 0.3466837495377816 0.13182539462538861 0.1208246285298145
2 0.45550175817485644 0.308284142253361 0.13992632096198285 0.09922241316955063