2 0.33543907960777664 0.7132982508285696 0.3148759449948201 0.23294104838564228
6 0.8811570513835703 0.8363374129486253 0.2376858972328595 0.1940925641014079
2 0.9417040421803893 0.6349525413608381 0.10901543507002245 0.06432367328319835
2 0.2531464247309404 0.03910092555950989 0.10857878742738744 0.0549486732831983
2 0.7242062888706202 0.9073691586053991 0.09789815260503403 0.09342897642635144
1 0.15147080210518662 0.8314789782883782 0.05352741439185813 0.04458906203449331
3 0.3355375870513747 0.8330842119534398 0.07122433664159918 0.05632708271265798
1 0.5456296786553726 0.9563996257261256 0.03939213978475227 0.04237159057054072
1 0.6632750194353101 0.43965727378304553 0.05003854135632881 0.03663101282028158
2 0.8571147948709855 0.1299782510379665 0.09339043507002245 0.06359592721213972
2 0.1546254956567738 0.1595654369320494 0.089537688998964 0.047825377997927986
2 0.7790605312221344 0.3872877909465533 0.0860873573197635 0.07416955417661039