2 0.728212594335331 0.3688865086071565 0.2903888725471326 0.19581353012188493
6 0.25124948220550286 0.0932688834799295 0.23187603558899425 0.17660717313564325
2 0.14380044365075906 0.2725893065307547 0.10041117688202612 0.05187501324684387
2 0.6136687084051446 0.9980307945498552 0.10258117193911023 0.003938410900289568
2 0.42368023912558506 0.06643110888515821 0.09013952174882985 0.10612600362819706
1 0.9324491081754955 0.3103002262078369 0.04677684091247088 0.03751984736759484
3 0.7624841180613273 0.25742321895144277 0.0628475098858317 0.049002984390903316
1 0.6014232371484187 0.08202637095087577 0.03434050790866543 0.03864583774894799
1 0.3468631407615592 0.5308185018989166 0.04645850593149907 0.02970734736759475
2 0.07836917285333135 0.76475695916316 0.08484984387822052 0.052891876223535306
2 0.7388862257053501 0.9325596282072699 0.08427684091247087 0.03882937622353566
2 0.22412863631293495 0.5476562831171098 0.0805443458553869 0.06210318511654265