2 0.23952065058086758 0.6176524186558479 0.304053342695726 0.23162651550266683
6 0.6986298318746421 0.8821211112009806 0.2455317706874535 0.1673218208208084
2 0.823058761895323 0.7226334481597403 0.10694089067472703 0.06556335779368574
2 0.5233116585375969 0.9196574505082277 0.09802042401336308 0.1040798262236546
1 0.028064982574822407 0.6744693789815475 0.050490896005727 0.04509966837349921
3 0.196823525899141 0.7310015580901519 0.06780566534054513 0.05703822625188941
1 0.34541392520691494 0.9105008003388184 0.0364102146721816 0.042718121018452494
1 0.637205267266094 0.45786383482203413 0.047274989337999784 0.037105157850155376
2 0.9264603132956836 0.22319561930524978 0.09131589067472703 0.06465330517696728
2 0.27118410932527304 0.04354008446909826 0.0848840773392725 0.04866428413027986
2 0.7623143552673667 0.4412084138882862 0.08363066000954493 0.07513577886860805