2 0.7364442695605611 0.27846201475438553 0.23315549525030158 0.3135372124710204
6 0.9077515821452323 0.8144738161235295 0.1844968357095354 0.25145370653952137
2 0.7181755421733399 0.8859681086326059 0.06494332654882307 0.10866934585538672
2 0.06277107417397394 0.25658823961987665 0.055650213703952865 0.10984984387822046
2 0.9596737296464694 0.6470833862757539 0.08065254070706125 0.09925985376405215
1 0.8344303109449909 0.0865689920169725 0.04488977611928178 0.053281508897248565
3 0.855688914517607 0.2681227395455146 0.056646147670579336 0.0693521778706093
1 0.9885556462002413 0.4666172948689913 0.02288870759951749 0.03921900889724857
1 0.49788189506858754 0.6264034021302658 0.03691350180902227 0.04983817391627667
2 0.21111663670084452 0.8463444649052974 0.06412445499752559 0.09304434585538672
2 0.17134713478028055 0.1472530488976861 0.048253793532136324 0.08772017589344294
2 0.4579706252808838 0.7462503285180002 0.0746525192218769 0.08567751482874755