2 0.2820976905253471 0.31073856265366584 0.30636726594251656 0.224691900743007
6 0.8184932931934521 0.17752387985544563 0.24978971732199753 0.21582201488719618
2 0.86623699513876 0.3872841776219153 0.10451043758467123 0.06098034946188076
2 0.19947230325867574 0.9608262998333842 0.10574538896415211 0.05480312406898662
2 0.662434722976207 0.10681961993064819 0.10161781094499087 0.1247517510334573
1 0.10633412991904052 0.19760920822938638 0.050566566033373526 0.04288101282028158
3 0.28342889642738395 0.19567648883234826 0.06832727611928177 0.05461903349844599
1 0.48710053030315326 0.07515858932768629 0.03798467887824373 0.04073631596343472
1 0.5972026328597166 0.5744587301458959 0.0485946302577247 0.03499573821317572
2 0.7820535091607125 0.8728363798554456 0.0905298247398008 0.061887877997927984
2 0.104545984850453 0.8444135876750565 0.08666784034363309 0.04767982878371626
2 0.7081091553609538 0.6250473891610706 0.08477114767057933 0.07097177956950454