1 0.6975584420353165 0.29250456285855364 0.08837270401018138 0.07907537799792799
2 0.48041913208145076 0.6220507059530748 0.12619996801399935 0.10894696856846853
3 0.36021134134309046 0.08861315963434721 0.08964430267345413 0.054148152605033875
2 0.3281321154519036 0.888247132546042 0.07405566534054513 0.0565454065339754
2 0.10372826806172444 0.459272300247669 0.07552725867281791 0.04880568114108108
2 0.23416974606140623 0.4630052299410082 0.11784202800763595 0.06170809553293921
2 0.6423667907781312 0.8505674658778724 0.08835452267663584 0.07751287799792798
1 0.8899235907860856 0.9206596038005976 0.06293635200509087 0.04041098428423453
3 0.9806538473901792 0.9087289921376079 0.03869230521964155 0.053818512820281585
2 0.802475398074451 0.5855161623204344 0.08186816534054486 0.056909279569504534
2 0.9438629193984516 0.5233886515670674 0.05712270401018138 0.07761988585581073
2 0.5091821207829037 0.8795014869703215 0.08359429734245402 0.07104455417661057
2 0.7279828333863613 0.424319643090012 0.09465906667727211 0.08249147642635143
2 0.5600942573599533 0.22207428473679108 0.09331474267981754 0.10116870181924557
2 0.5338452187698589 0.7846085179875681 0.05563292934436319 0.08379711124870504
2 0.21381617146717566 0.990012877997928 0.055014764003817974 0.019974244004144028
1 0.7923298807685862 0.7872777154635875 0.05512385200509051 0.04004711124870504
1 0.8841328360518613 0.4230033538005977 0.047165901336727246 0.02718323821317572