1 0.28450829010181355 0.7644530828804013 0.08839088534372674 0.08114818068726617
2 0.5125578280553611 0.43442582541716934 0.12619996801399935 0.10967597241038014
3 0.6243082287953123 0.9766017404448324 0.09118862133990877 0.04679651911033531
2 0.6726118913510446 0.16563928312822843 0.07405566534054522 0.056973696291098365
2 0.8940452800763602 0.609011904113699 0.07708975867281787 0.049324970601357876
2 0.7604515300763601 0.6020105523501054 0.12096702800763595 0.06255531094499105
2 0.3505101720241807 0.1963858355939347 0.08679202267663584 0.07794129353213637
1 0.09899257801559018 0.11996169719560949 0.06448067067154524 0.039294873360319824
3 0.013209619350726473 0.12873915366347313 0.02401930267345423 0.051228307326946255
2 0.18184417739495168 0.46315949852966193 0.08188634667409059 0.05894563206674697
2 0.036541315404178557 0.5234717995250302 0.057122704010181345 0.07794793758467104
2 0.4876283640197263 0.17077940524535284 0.08513861600890885 0.07004690637700657
2 0.2556191267504507 0.6302075576656305 0.09620338534372674 0.08155761646291496
2 0.42358042811104035 0.8396688461093842 0.09333292401336309 0.10326884215265508
2 0.4606306066995439 0.2661804364530173 0.057213610677908554 0.08576043758467104
2 0.7907977226686818 0.05627865049565445 0.05347044533736352 0.032471663274411554
1 0.19585958203372572 0.25855056365852436 0.05670453333863614 0.042010437584671045
1 0.09552651141785976 0.627282874264831 0.04560340133672711 0.02737472749876275