1 0.31176380684353255 0.2625304886977428 0.08892984882113639 0.07543771751493064
2 0.5495117935348407 0.5893429893633328 0.12588602076024671 0.1012741721120836
3 0.6313083498097196 0.06350522834541614 0.09103617688202625 0.05051045269729175
2 0.7182431833821787 0.8536386126540968 0.07247717787060921 0.054761541603124894
2 0.9113366784020819 0.42999717164031176 0.07522017589344294 0.045459276785486225
2 0.7816491784020819 0.43301568170829796 0.11941584486680376 0.05741506933854179
2 0.40464625699444434 0.8148001970946177 0.08724001482874755 0.07227634992375016
1 0.1641923533441228 0.8821741075231943 0.06396434091247101 0.03739220364722229
3 0.06283810037837326 0.8704573171543402 0.05666117688202614 0.04971036569131968
2 0.22732111714710618 0.5507045955553471 0.08178851087441492 0.05341724715020853
2 0.08324085330694173 0.48837086255718737 0.05605368182494201 0.07311149810013902
2 0.5387320969183321 0.8429589518442704 0.08386034684397004 0.06595361474138883
2 0.2904538340295698 0.3920549877478123 0.09524351581733077 0.07714568787965286
2 0.44265170950527094 0.1930148096518052 0.0928825197716634 0.09582295269729176
2 0.5075683271466687 0.7498453846899302 0.05637201680591382 0.08092399810013902
2 0.8377027906062722 0.9642468447023257 0.052963173916276675 0.03557513050895835
1 0.2510954926599883 0.7503409196435415 0.05458934091247105 0.037173998100139015
1 0.13476224954288946 0.3902048130702777 0.04476867193911023 0.026018292553055565