1 0.33323948919994717 0.744353566556366 0.09712435079830276 0.08444891233702023
2 0.5230289120904595 0.38230140015886044 0.13739652372599612 0.1148182508107789
3 0.6995223582870386 0.9201577305149442 0.09610567885919252 0.05944891233702023
2 0.651684516805914 0.09100601866439109 0.0789818458553869 0.06071140340856664
2 0.9248699377936221 0.5111038790522469 0.08028967787060921 0.05448867694751698
2 0.7909724402650801 0.5204771047025176 0.12611151384016459 0.06777960957707699
2 0.33296103311753633 0.16273141964062104 0.09706068380210837 0.0828864123370204
1 0.07342952422028777 0.11604378571381498 0.06728034190105418 0.0417704886359143
2 0.19646109490398475 0.45310918344033874 0.08842051285158128 0.062437544642268604
2 0.0583336952079959 0.5311096781653329 0.06418451680591397 0.08075116801906326
2 0.46702035672980174 0.11901046752930063 0.0919911818249421 0.07342959172016936
2 0.2896102115196183 0.6124353648520826 0.10343801779449713 0.08612050649282174
2 0.4808440010629453 0.8031400056787475 0.10420202174882984 0.10487050649282174
2 0.4508143779843401 0.21943716152294623 0.06600168479069168 0.08702844155801355
1 0.1863672174139363 0.24370690990138844 0.061094008897248565 0.04322389448011297
1 0.12946854897204818 0.6291574403401976 0.04802100593149907 0.028943206168510115