1 0.69609375 0.725 0.0625 0.0765625
2 0.40234375 0.459375 0.084375 0.109375
3 0.92890625 0.43046875 0.0359375 0.0828125
2 0.1609375 0.2671875 0.04296875 0.065625
2 0.6 0.11953125 0.034375 0.06875
2 0.58203125 0.24609375 0.03828125 0.1109375
2 0.16328125 0.5796875 0.06015625 0.07578125
1 0.06953125 0.809375 0.0265625 0.0578125
3 0.06796875 0.9234375 0.0375 0.07734375
2 0.03125 0.971875 0.04921875 0.0515625
2 0.40234375 0.7796875 0.04140625 0.0734375
2 0.44765625 0.92734375 0.06640625 0.04375
2 0.15078125 0.4453125 0.05390625 0.0734375
2 0.56640625 0.7328125 0.06328125 0.0828125
2 0.7796875 0.603125 0.08359375 0.078125
2 0.2390625 0.48515625 0.0734375 0.04296875
2 0.0640625 0.13828125 0.03125 0.04765625
1 0.209375 0.73671875 0.0296875 0.05
1 0.55078125 0.8859375 0.01796875 0.0421875