1 0.6329709796591843 0.7208696906478285 0.10013577886860787 0.08669618676785795
2 0.4575277187829048 0.36092298216832186 0.13936487884037305 0.11791169467652321
3 0.264131432445312 0.8980130997725386 0.09711719468185845 0.0616325197716634
2 0.3403072106080483 0.07186709384103948 0.08002069994353027 0.062494682813525194
2 0.05469957941918792 0.49268756570360006 0.08112817363517102 0.05474584980971962
2 0.1874742820641413 0.5013065375289796 0.1257882262518895 0.07215352570316255
2 0.6542794343702762 0.14091027661738362 0.0968287683452644 0.0834438527754691
1 0.9134948106504005 0.09293705574340622 0.06808214206513981 0.04486151384016444
2 0.7793579451759687 0.428866579963694 0.0879242052052021 0.06437551779449713
2 0.9135061610456887 0.5075752173023932 0.06705026308359266 0.08067167984777565
2 0.5226345922204316 0.09951063829010129 0.0933397472985769 0.07706651878308031
2 0.6819761690087838 0.5887137652486771 0.10491428413027996 0.08844968775644109
2 0.4845187981315055 0.7806969712939069 0.10609735253201383 0.10876218775644109
2 0.5347790054734334 0.19877846783386577 0.0675052893919517 0.08848417984777565
1 0.7969303949783245 0.2208312454770136 0.06192314732681172 0.0461693458553869
1 0.8400315927145418 0.6048759816368492 0.04851309471009344 0.030035009885831698