2 0.11875 0.21875 0.0484375 0.10234375
2 0.428125 0.16328125 0.13125 0.09765625
2 0.59765625 0.1140625 0.06640625 0.06875
2 0.803125 0.20546875 0.05625 0.06640625
2 0.5515625 0.2484375 0.028125 0.053125
2 0.27109375 0.29140625 0.034375 0.06015625
2 0.35703125 0.28046875 0.0265625 0.075
4 0.1140625 0.4296875 0.028125 0.06015625
2 0.11875 0.58203125 0.04765625 0.053125
2 0.284375 0.4125 0.03203125 0.06640625
2 0.5171875 0.93359375 0.06875 0.07578125
2 0.2515625 0.778125 0.06171875 0.09375
2 0.7953125 0.51328125 0.04609375 0.1015625
2 0.765625 0.38125 0.075 0.05703125
2 0.584375 0.71171875 0.0625 0.05390625
2 0.39140625 0.59453125 0.0265625 0.0734375
2 0.4640625 0.58828125 0.0265625 0.0703125
2 0.4375 0.45703125 0.0328125 0.0890625
2 0.71640625 0.63671875 0.03671875 0.04921875
2 0.77421875 0.76484375 0.0375 0.06796875
2 0.175 0.75234375 0.03203125 0.05546875
2 0.15625 0.8484375 0.021875 0.07421875
2 0.34921875 0.84609375 0.0546875 0.046875
2 0.90703125 0.10859375 0.04609375 0.07421875
2 0.94453125 0.12109375 0.0265625 0.06015625
2 0.95703125 0.55390625 0.0625 0.09140625
2 0.95234375 0.67109375 0.04921875 0.05546875
2 0.88359375 0.86796875 0.0453125 0.059375
2 0.3890625 0.359375 0.08515625 0.05859375
2 0.4875 0.3640625 0.07890625 0.103125
4 0.559375 0.8828125 0.03828125 0.06328125
2 0.4 0.94609375 0.0390625 0.04921875