2 0.134375 0.19844116316955057 0.0546875 0.10784124373179385
2 0.44765625 0.16849421654739816 0.1359375 0.10864287727617325
2 0.6203125 0.1321117503292044 0.0703125 0.07392088479802066
2 0.82265625 0.2419056021368416 0.059375 0.07204013605166182
2 0.5671875 0.26415972070403326 0.03125 0.05559678213245363
2 0.28359375 0.2840329853520166 0.0375 0.06202863855894432
2 0.3703125 0.28030624326957543 0.0296875 0.07742631802583091
4 0.11875 0.40970527210332375 0.03125 0.06340928213245363
2 0.1140625 0.5634751297834557 0.0515625 0.05775031551854859
2 0.28984375 0.4068710917785074 0.034375 0.06818771034569907
2 0.496875 0.9496138359060126 0.0734375 0.08182431301126591
2 0.2375 0.7717542942066475 0.0671875 0.09882995658477522
2 0.7984375 0.54979465848419 0.0515625 0.10618781551854858
2 0.77578125 0.4147604289381611 0.078125 0.06164820533113406
2 0.57578125 0.732378523290458 0.065625 0.059721992478152686
2 0.38828125 0.5987978304957362 0.0296875 0.07742631802583091
2 0.46171875 0.5985908935070022 0.0296875 0.07430131802583091
2 0.44140625 0.4644061101209074 0.0375 0.0932786385589445
2 0.7125 0.6676066326199426 0.040625 0.05274456677218957
2 0.7640625 0.8011381981384911 0.040625 0.07149456677218957
2 0.1625 0.7398845170887588 0.034375 0.05881271034569906
2 0.13828125 0.8344923234361072 0.025 0.07728992570596276
2 0.33203125 0.8471611226573199 0.0578125 0.0516821719450391
2 0.93203125 0.15211933960042928 0.05 0.07957985141192578
2 0.96875 0.1680314961060623 0.03125 0.06184678213245363
2 0.959375 0.6044774614663263 0.0671875 0.0957049565847754
2 0.94765625 0.721323980666656 0.053125 0.06092077962517113
2 0.86875 0.9127780432822107 0.0484375 0.062346887305303154
2 0.3984375 0.3623745971887837 0.0890625 0.06665395407749282
2 0.496875 0.37539508590601256 0.084375 0.11026756175762475
4 0.54140625 0.900909562944759 0.040625 0.06680706677218992
2 0.378125 0.953189813802689 0.0421875 0.05279003087881264