2 0.69375 0.06184861943135027 0.1125 0.07252950585373248
2 0.81796875 0.35397755297817984 0.1265625 0.15229881908544912
2 0.90546875 0.5099553630866385 0.0828125 0.08173178903121965
2 0.86171875 0.7339195830324091 0.078125 0.0723295179539809
2 0.7625 0.49427984523085344 0.0578125 0.039398843285945874
2 0.65625 0.22803670081343946 0.065625 0.04725679508134393
2 0.68671875 0.311026462815492 0.0796875 0.044213608313060516
4 0.48515625 0.1036038064942213 0.065625 0.04100679508134393
2 0.3359375 0.1410169272021178 0.0625 0.05973861436318471
2 0.540625 0.2679890142415477 0.071875 0.04573065651766246
2 0.08046875 0.6129681534926004 0.090625 0.08490224082661797
2 0.17265625 0.31584823467829776 0.1046875 0.08185905405833438
2 0.5578125 0.7938702581914235 0.1109375 0.06939541549465282
2 0.6796875 0.7352043061996337 0.071875 0.08635565651766246
2 0.31328125 0.6299476169954634 0.0671875 0.07382838544042354
2 0.3859375 0.4139640686926656 0.0796875 0.042651108313060425
2 0.40859375 0.4844083788993201 0.0765625 0.042632927594901206
2 0.53125 0.42887197208707006 0.0953125 0.05367951190385671
2 0.41796875 0.7438379210537978 0.0578125 0.048773843285945875
2 0.3046875 0.8291163700205255 0.075 0.05199883723582168
2 0.18046875 0.23464368647369588 0.0625 0.04411361436318471
2 0.08203125 0.23797724385167993 0.078125 0.0379545179539809
2 0.128125 0.42808915944452863 0.0578125 0.06439884328594588
2 0.96953125 0.8150155678089028 0.0609375 0.06285452400410492
2 0.97265625 0.8540962485270619 0.0546875 0.04094316256778683
2 0.55390625 0.9608340026322786 0.1046875 0.07833199473544283
2 0.4359375 0.9761726563212708 0.065625 0.04765468735745841
2 0.228125 0.9591396924256241 0.06875 0.05821247579950324
2 0.615625 0.35983160147736937 0.078125 0.0988920179539809
2 0.634375 0.4575969357863248 0.11875 0.10225336729005097
4 0.13984375 0.6430010871376257 0.071875 0.05354315651766228
2 0.04140625 0.5002408945156098 0.0578125 0.05189884328594587