2 0.9178917830841613 0.16882981286961415 0.058073673283198346 0.10903416327441158
2 0.6014812249786093 0.11806068747312941 0.1423758986760923 0.1118935696514182
2 0.42694995181924555 0.07003702453740211 0.0752954065339754 0.07720430913596858
2 0.21692644251362067 0.16797431479017813 0.06421235731976357 0.07350609905006031
2 0.4756143918516669 0.20688857134889882 0.03223461124870504 0.05624335594746528
2 0.7625365031003719 0.246672609115284 0.038848484284234354 0.0643834045679843
2 0.6743815316364191 0.23719578980255007 0.034961504962398846 0.08132524310259504
4 0.9248460661683225 0.38539983717987364 0.03267125889134022 0.06561835594746537
2 0.9219308895753553 0.5414008536882171 0.05410961124870504 0.057389776119281775
2 0.7502805597581818 0.37027056139927617 0.03921235731976367 0.07219590456798422
2 0.5192276904421969 0.9078778612629905 0.07722177956950453 0.08509869629109837
2 0.7888402154635875 0.7441650848050244 0.07020980024766885 0.1018767605154494
2 0.22924677584545092 0.4829408955228727 0.05487589867609248 0.10730788896415219
2 0.2581444096343472 0.34672343453245336 0.08096320967712849 0.06503185775648763
2 0.4476287105011888 0.6821652103130509 0.06831766046291676 0.06125176051544958
2 0.6431338014860141 0.5583614608788778 0.034815955748186946 0.07820024310259513
2 0.5685147911469318 0.553657350747541 0.03467040653397539 0.07507524310259513
2 0.594360199542934 0.41916616406738105 0.04179370181924558 0.09415279172311397
2 0.3110319309316842 0.6078756184990798 0.04146406203449331 0.05360967887824373
2 0.25375458601791745 0.7400982982818347 0.04389985731976358 0.07244156603337366
2 0.8674360963569996 0.7165513398934071 0.03706766046291676 0.05961401741285446
2 0.8869010339082216 0.8149921619196745 0.02849318114108108 0.0763101944820761
2 0.6895529989620335 0.8151536934660232 0.06006851282028158 0.0514673247398008
2 0.11056081844463408 0.07017197987361198 0.05356595574818703 0.07918288896415207
2 0.072044127997928 0.0839379087518558 0.03259848428423431 0.06405585594746528
2 0.06369670450533273 0.5268590711217562 0.07162675103345731 0.09883364767057934
2 0.07011798655603668 0.6479118775441913 0.054255160462916716 0.06051477611928178
2 0.14285993547979814 0.8477204477614364 0.05134848428423431 0.06503850180902263
2 0.6429367865988179 0.3187257507929695 0.09197348428423435 0.06716756784239583
2 0.5421919239023708 0.3247887222988385 0.08946922249741007 0.11379690637700665
4 0.4753107164970448 0.8561416208739289 0.04375430810555194 0.0693165660333733
2 0.6388145984239142 0.9196231874731294 0.04458906203449331 0.05377345318850324