2 0.18760450641464999 0.9216533279642436 0.11341183664159912 0.05377041549465282
2 0.13867912469266835 0.5962806232419793 0.11279971463952716 0.1412431444174139
2 0.09147029259918313 0.4186141654946528 0.07678513192686945 0.07230224687674217
2 0.1946274875940032 0.2004050418598901 0.0747132096771284 0.06135565651766237
2 0.23229219168956033 0.4655396833504378 0.057705492142117176 0.03157725292686635
2 0.26939181555365915 0.7595851200205255 0.0643193651776464 0.03942611436318479
2 0.26107635546224595 0.6696686471478885 0.08107021753501123 0.030151108313060605
4 0.4101879818075441 0.9245112041330892 0.06551799214211709 0.03162270472226432
2 0.5722342175395205 0.9184208062978296 0.06021406203449331 0.05189884328594587
2 0.39742692432116483 0.7454822342855143 0.07198631596343477 0.03634656615858276
2 0.9451902979758667 0.49469397744982324 0.06741013192686936 0.07224770472226431
2 0.7836169813932594 0.7758616433372595 0.10469180810555194 0.06777837334017534
2 0.5195183256833443 0.20463958654845057 0.11014128742738727 0.0506272347764936
2 0.37967242163056847 0.23742883976990442 0.06472177956950453 0.08160452400410509
2 0.7233559933849714 0.4254162157423583 0.06094180810555194 0.06752384328594588
2 0.5935100198541041 0.6294037580932277 0.07950771753501122 0.030142017953980905
2 0.5892634756022911 0.5527958062978297 0.07638271753501122 0.030123837235821682
2 0.45030798346017403 0.5832458546988232 0.09542381596343467 0.03648292154477702
2 0.6485465461138398 0.28666226707021814 0.05501713978475227 0.04093407220870695
2 0.7859053050051801 0.22338153795106522 0.07383991439185814 0.04260565651766246
2 0.7540514518237548 0.8569616524124459 0.06104881596343468 0.0362829336450254
2 0.8548134311455904 0.8747400257526209 0.07928939371369381 0.02545451795398108
2 0.8588417673729047 0.6708019594958423 0.05432793507002245 0.059674981849627426
2 0.09574268548430734 0.09198803298109552 0.08208906203449329 0.052026108313060516
2 0.11006205066195378 0.05299825585373248 0.06388271753501126 0.030051114363184705
2 0.5672581205543299 0.03534014070498085 0.09985875889134022 0.0646261022629363
2 0.692185345947224 0.03762986943135027 0.063411836641599 0.05347952400410509
2 0.8975770132345664 0.10759343236847925 0.06631851282028159 0.048810204722264314
2 0.34548989681857484 0.6357754361791083 0.06835620181924558 0.09256020472226431
2 0.3534907954946673 0.5311061168972675 0.11494010339082221 0.08658291549465283
4 0.9035143742783835 0.44990819739559385 0.06915241439185812 0.042578385440423715
2 0.9551388786216097 0.6166598810406194 0.03470463978475209 0.040815897540672094