2 0.1515625 0.10957608935390814 0.1125 0.06224655601527203
2 0.121875 0.4373556440165447 0.1140625 0.14663973734881744
2 0.08515625 0.6189596326782267 0.078125 0.0774715666772721
2 0.20078125 0.8273363013605897 0.0734375 0.06647952267663584
2 0.221875 0.5596129993634531 0.059375 0.03506589067472685
2 0.24140625 0.2637465160327712 0.065625 0.04138861600890866
2 0.23828125 0.35433515336568033 0.0796875 0.03530224801081765
4 0.371875 0.08792090738381586 0.065625 0.03513861600890866
2 0.53203125 0.08040949407222395 0.0609375 0.055396572008272346
2 0.36875 0.267572044716725 0.071875 0.04146134134309047
2 0.9359375 0.46948436879372146 0.0859375 0.07912497334499946
2 0.74921875 0.20403044943504076 0.103125 0.07463746801399936
2 0.52109375 0.7943447247374058 0.109375 0.059085193348181166
2 0.38046875 0.7739584047183158 0.065625 0.08357611600890884
2 0.7109375 0.5582725067631774 0.0625 0.07103975334181775
2 0.5703125 0.36601118674408734 0.0796875 0.03530224801081765
2 0.56953125 0.4425645960773146 0.075 0.03524770401018138
2 0.43046875 0.42375895739177005 0.096875 0.04331474267981754
2 0.64296875 0.7020128687539505 0.0546875 0.04438634667409058
2 0.78359375 0.7536491887730405 0.075 0.04774770401018138
2 0.71484375 0.12550546009704097 0.0625 0.03978975334181776
2 0.8140625 0.09931622477717673 0.0796875 0.03061474801081767
2 0.82890625 0.30105144744585843 0.0546875 0.061573846674090583
2 0.1078125 0.9442232620146356 0.0828125 0.05565111067790838
2 0.125 0.9819232566836356 0.0640625 0.0335579346753633
2 0.57890625 0.9606424340785873 0.1 0.07460110534690863
2 0.7015625 0.9464446687619047 0.0625 0.05697725334181776
2 0.90078125 0.8589190387889488 0.065625 0.052326116008908484
2 0.3234375 0.3811072860439071 0.0703125 0.09613066000954502
2 0.3375 0.48439591804581605 0.1140625 0.09351473734881743
4 0.88671875 0.5181304067870399 0.06875 0.04767497867599957
2 0.93828125 0.3460741407940396 0.0546875 0.045948846674090583