2 0.31015625 0.9596169362773042 0.0703125 0.06447156615858277
2 0.353125 0.8653356711519937 0.1046875 0.08029655405833439
2 0.4984375 0.6169623245463981 0.1265625 0.11167381908544911
2 0.1515625 0.6157255148307229 0.1140625 0.07410109621281222
6 0.06640625 0.4246050902608838 0.13125 0.21482609016268786
1 0.24296875 0.30063230083688053 0.0859375 0.06924996974937905
2 0.2421875 0.4443777556573408 0.1015625 0.07402837334017516
2 0.33515625 0.35976238202257804 0.05625 0.03626475292686617
2 0.565625 0.2986032099868216 0.1109375 0.05533291549465282
6 0.73828125 0.5738264446651193 0.05625 0.03626475292686635
2 0.8359375 0.8314258421075955 0.0734375 0.0769897468767418
2 0.67578125 0.18674408030193465 0.075 0.09106133723582163
6 0.81484375 0.36489687226002065 0.0671875 0.030078385440423537
2 0.81484375 0.21880312226002063 0.0609375 0.0441045240041051
4 0.1671875 0.3353476684215191 0.040625 0.04242384933607006
6 0.71328125 0.7541497489198454 0.0578125 0.05189884328594587
6 0.96328125 0.5438854563725843 0.0453125 0.033076120413308985