2 0.34055972297620707 0.08781254636395372 0.07046298620519006 0.06484623920022681
2 0.37795682440111655 0.18069201632688683 0.10565685775648763 0.08167164065150563
2 0.5081102346233104 0.4302158450901601 0.12908771370395283 0.11212303248413776
2 0.16908867820087525 0.4175942716843644 0.11478619629109832 0.07731152286549073
6 0.07262917627828164 0.6011756088003402 0.14525835255656327 0.2142857332097771
1 0.24275971506274927 0.7293254345683886 0.08789614767057934 0.07013393992586625
2 0.24856705902442694 0.5886458708660578 0.10368492198083885 0.07380457694917482
2 0.3356332898025501 0.6746503474524129 0.056570904567984304 0.037847229581580065
2 0.5566174971749248 0.7441989887368907 0.11051477611928177 0.05532739546082901
6 0.7402333378572422 0.48136915043978845 0.058133404567984215 0.037901793283910835
2 0.8470852826780024 0.23464297257963987 0.07728619629109837 0.07600199400955017
2 0.6578757027382773 0.8580928523465541 0.07810506784239593 0.09162699400955035
6 0.8037248705352447 0.6886484263005042 0.06718085594746555 0.03197917549789579
2 0.7961912522633076 0.8323984263005041 0.061667840343633 0.04582342068857272
4 0.1695612324756038 0.6923313768565075 0.042754066033373575 0.042043656260602094
6 0.7244456428093393 0.3047148812024948 0.0588703889641522 0.051964293283910834
6 0.955042788332212 0.519394973212612 0.040700243102595124 0.03261409255827132