2 0.9455139082831259 0.6148141722452317 0.0731841298696164 0.07834763192686936
2 0.8474855113673809 0.5867918719975628 0.09415119480442442 0.11679370181924557
2 0.5834832869349262 0.48145143878956703 0.12898984496658022 0.1449572431755744
2 0.644093909907979 0.8165756095915659 0.08960006249917622 0.12438787799792798
6 0.4763143003309021 0.9205426711115852 0.22956258928453738 0.15891465777682967
1 0.3258621071480355 0.772042089741971 0.08129663879807011 0.09589900496239867
2 0.4637984837712409 0.7534462551672865 0.08625687418757337 0.11174232878371626
2 0.36665647687138203 0.6746427049196175 0.04319662094116259 0.05977741439185813
2 0.26715885755177726 0.4620270808506309 0.06917846834337489 0.11719180810555194
6 0.5014049926963994 0.2563550853987449 0.04481366801906326 0.062975188998964
2 0.7304084744324547 0.1270636534290942 0.08425799756436803 0.08666955417661044
2 0.14049299188562045 0.3724658130679506 0.0999375446422687 0.09052230024766902
6 0.28714762378383163 0.2127548269216895 0.03870003571381497 0.07049659057054054
2 0.14684022362167587 0.23280399958571524 0.0511454886359143 0.06795378742738745
4 0.3723455949731708 0.8414492152586999 0.04769320616851021 0.049058238213175544
6 0.6781311339301015 0.2552036160017067 0.058903441558013726 0.06519266046291676
6 0.4331573733767945 0.045194953471875424 0.038318206168510116 0.04862159057054057