2 0.9714629247388273 0.5323508114268595 0.057074150522345234 0.08074874203690499
2 0.8811538915710297 0.5123028929121859 0.10030237884037305 0.11796031570031093
2 0.6082330600857032 0.4294272926580721 0.13300846302712266 0.14478042093374804
2 0.6879099387143148 0.761079840083706 0.09441639988706055 0.12384629465362362
6 0.5245593412322114 0.8905306636059376 0.23611805247554402 0.1772582629424182
1 0.3640328229575342 0.7454519239881069 0.08358531570031094 0.0983002630835923
2 0.5025114940324565 0.7138694530684764 0.08909186305535748 0.11263577886860805
2 0.4004414888413718 0.643776031922967 0.04564569994353036 0.06183214206513998
2 0.2873290258848362 0.43792712130080125 0.07383088410204497 0.11797572625188942
6 0.5115345524049569 0.2092960741575161 0.0457367052052021 0.06339464206513998
2 0.7356028420086702 0.05906304279924648 0.08763577886860788 0.087635778868608
2 0.15410773123121269 0.3578895527578928 0.10335178413027987 0.09010833148532651
6 0.29294417612483264 0.18440030289906717 0.04150423151356133 0.07093412628012437
2 0.1529940103115822 0.2176362790803695 0.05538472099021767 0.06862817363517104
4 0.41486655184025967 0.8106905161379514 0.04960515785015538 0.04960515785015538
6 0.6900767813582696 0.19262597169608936 0.0597992052052021 0.06421368942018657
6 0.43049884207925737 0.01383680940556981 0.04032116311182747 0.02767361881113962