2 0.8932354492361864 0.6946408998888186 0.06960452267663583 0.07503767401194458
2 0.8102598645767314 0.6434615660169785 0.09033519334818116 0.1114479526972918
2 0.5966257205999577 0.4773865435998953 0.12343859468490823 0.13721167211208343
2 0.5482672998886414 0.8073292699485413 0.08572041868236298 0.11758884992375015
6 0.35458947788036915 0.8727581674593399 0.22222154002227174 0.16919033035645867
1 0.2630576005729134 0.6843152229301733 0.07761701734563582 0.0924070119678472
2 0.39796840257004995 0.7022631762930552 0.08404883068109026 0.10817748233256949
2 0.33193541725018566 0.6046082327138192 0.04129770934118149 0.058758057370694415
2 0.3064467106142751 0.3787003493550692 0.06691587468172652 0.11246493882958335
6 0.5899506486314562 0.24557349914697868 0.04129770934118149 0.058758057370694415
2 0.8453108579726376 0.18183308178454788 0.08059656667727211 0.07997974715020843
2 0.21563190129695622 0.26287728723472203 0.09471361067790855 0.08499455547083343
6 0.40283300397836463 0.1499557938842358 0.0367192973424542 0.06802395459715278
2 0.2655602706476827 0.1336248919081248 0.04918293467536321 0.06518989532659729
4 0.28559512456241387 0.7611134590624651 0.04742044000636332 0.047966027735416715
6 0.7565836179583201 0.2893384168906591 0.05537839067472703 0.060647865691319504
6 0.5924687633275003 0.029167249146978668 0.03492044000636341 0.04767508700597225