2 0.0980080681878096 0.8736818533179553 0.08757391233702042 0.09474997334499946
2 0.283937659907979 0.7824739559595928 0.1046250446422687 0.08713746801399935
2 0.42940193872193505 0.6378416139401846 0.10416139448011279 0.06057496801399935
3 0.5786633733800899 0.49941381858691275 0.08974433847375848 0.04009883601209037
0 0.08668655885231877 0.7168142353198642 0.07918866801906325 0.061846566677272286
2 0.1737027325501296 0.20653016864259205 0.2049523271096728 0.1070510733609078
2 0.19277428652788914 0.2773875613065012 0.12321140340856669 0.0779806440165447
3 0.3543799882321725 0.2372336339513204 0.06200116801906326 0.06164657200827239
2 0.43555389610496603 0.15115013594050275 0.05424321509696384 0.06468066534054513
2 0.7706441420477763 0.33002637722791395 0.0917704886359143 0.06667951734563582
2 0.7970232301144976 0.116481497891505 0.10607845048646727 0.08090564934754481
2 0.6675134135581317 0.4210519139083678 0.06943183847375849 0.03986247867599957
2 0.9698826627473528 0.5503190538670062 0.04179776217486477 0.0676602146721816