2 0.04286446852735272 0.853125 0.060922631032858776 0.0890625
2 0.22824146253690297 0.7796875 0.1044543762235353 0.0828125
2 0.3914458453838603 0.64765625 0.10498016587924912 0.053125
3 0.557611537123825 0.5203125 0.0917708377489479 0.0328125
0 0.03761032232911042 0.69375 0.07522064465822084 0.0578125
2 0.17888142423195158 0.1796875 0.2062351310328588 0.0890625
2 0.1895436165200705 0.2546875 0.1243303666048885 0.0703125
3 0.35838538575736417 0.2296875 0.059831356986241604 0.0578125
2 0.4502306345762378 0.15 0.05379961179556503 0.0640625
2 0.7707712799522489 0.3671875 0.09269842068857255 0.059375
2 0.819707320873907 0.1515625 0.10725199400955035 0.0734375
2 0.6561606537287135 0.45 0.07156746515360979 0.0359375
2 0.9543377149839737 0.6140625 0.050729175497895795 0.065625