2 0.013969655633899635 0.6552914719968228 0.020867011903856682 0.0956670560063543
2 0.1874435170702181 0.6585141091733351 0.10519656010845861 0.0893273271096728
2 0.38241058342519263 0.5957299168045426 0.1034704336450254 0.061175053570722504
3 0.5774185563960254 0.5399769744357501 0.08928975897699054 0.04061709172016954
0 0.04202141188041557 0.5079119115262415 0.0784795240041051 0.06230117694751698
2 0.3513084908266178 0.08450209050564868 0.2037340540583344 0.1082330600635442
2 0.33532948770335985 0.15822596266462724 0.1254545179539809 0.08030688311602718
3 0.4965078822189698 0.1968230381527422 0.06129202400410492 0.06200116801906326
2 0.6087942587805987 0.15814059334831776 0.05506020472226432 0.06501707386326191
2 0.8239481227509999 0.4762927552815963 0.09256929508134384 0.06723413879807012
2 0.9440010266363839 0.295272806012945 0.1051511083130606 0.0815148271096728
2 0.6913219751121321 0.5106422560923752 0.06897725897699054 0.040262535713814884
2 0.15009544877033598 0.015397129058837422 0.06894089754067197 0.030794258117674844
2 0.9155554024124459 0.7778495267919519 0.07226588544042371 0.06844208279171564