2 0.9680659995457148 0.8139353052491145 0.054667567842395924 0.09109984387822082
2 0.7865869482116622 0.7422552593171781 0.10919129353213641 0.09020318874502423
2 0.6229261606724197 0.6072157089366172 0.10763543758467105 0.06051568874502422
3 0.45494636533126104 0.4793984095446396 0.09415279172311415 0.0412563527754692
0 0.97159553652116 0.651452551294782 0.056808926957679876 0.06211268083635879
2 0.8476197077110591 0.12909207304361175 0.21461577792830405 0.10853137749004844
2 0.8351849847348521 0.2055418265036529 0.1304930834462283 0.0801570266917457
3 0.664015991632257 0.18119969559074436 0.062486711894930734 0.0617943458553869
2 0.5713128352552503 0.10042188087572748 0.05820864767057934 0.06941584486680367
2 0.240920407620202 0.32448936954420204 0.09554487336031983 0.0678188527754691
2 0.19417712516934213 0.10482812695857584 0.11034435775648763 0.0824543557412186
2 0.35644358830746814 0.40746901281440023 0.07384029172311406 0.04042868182494193
2 0.05135105382044332 0.5764842455513757 0.04570864767057934 0.06890650889724856