2 0.8952236111784261 0.09058611125321421 0.0881950197716634 0.09767982878371631
2 0.7127559624710205 0.18440253949881125 0.10656301779449713 0.08917812406898658
2 0.5731734921285156 0.33179557795965603 0.10548067885919252 0.06261562406898662
3 0.42943010380123325 0.4731205529382653 0.09059050790866544 0.04164815260503385
0 0.9125278107978652 0.2463266890034732 0.08060801285158128 0.06457623035529289
2 0.8465326680591396 0.7589594296978484 0.20570085475263547 0.11095042431665565
2 0.8256352362341977 0.6879213376795656 0.12493101581733086 0.08067641935425698
3 0.6653808271466687 0.7313910095150219 0.06179434585538672 0.06214043507002263
2 0.5867239279449714 0.8180241763880793 0.054172846843970036 0.06646406203449332
2 0.24464522140545003 0.6445354423087328 0.09167284684397004 0.06821065260503385
2 0.2275545163859845 0.8590174733259796 0.107934516805914 0.0845633986760923
2 0.3442048696185641 0.5522323182397463 0.07027800790866542 0.04070208271265763
2 0.03613108996106888 0.4256892047147297 0.040174013840164446 0.06737159057054054