2 0.013558344969875544 0.7289208374524299 0.02711668993975109 0.08909167490485981
2 0.193113836855496 0.7161847099995625 0.09821140340856664 0.08050985376405233
2 0.37978376826723986 0.6370104990485979 0.1008182061685102 0.05094968775644091
3 0.5678661952147569 0.5664937050938276 0.08955342370110611 0.03175401878308044
0 0.03466661891421534 0.5766871753991514 0.06933323782843068 0.05618101581733086
2 0.29012834780924934 0.1298744782883512 0.20139095048646735 0.08783687551288208
2 0.28256921793963297 0.20461981030357362 0.12143071509696401 0.06896485870696818
3 0.44785329870275375 0.23089976190017913 0.05564207386326192 0.05691584486680368
2 0.5542493490270652 0.18207228414330057 0.049501168019063256 0.06291117688202612
2 0.8054264707823021 0.48313867151918083 0.08845457386326175 0.058252851786885884
2 0.9041481631510946 0.29170985828703866 0.10120003571381489 0.07282468775644109
2 0.6772236043053663 0.5271685613293379 0.0677056972400564 0.03242518083635879
2 0.08243462459461055 0.06981243429639994 0.06630683847375848 0.041736513840164455
2 0.9324530263849147 0.7752372826976069 0.06825116801906325 0.06367518083635879