3 0.06414182323615969 0.3131197771178887 0.05648810217691824 0.053153743731793844
7 0.33460314537601105 0.22714413935036717 0.03822917549789597 0.0666706744523217
7 0.4260590137949981 0.11640887932123731 0.04840278366526398 0.04511392319868044
3 0.4796130889300743 0.06087794483978579 0.06484623920022692 0.06900606426490725
7 0.5880406586228549 0.13598089640999614 0.03283234736759475 0.04622178213245363
3 0.8114781586228549 0.14248226365703953 0.07287699400955035 0.07548338479802066
3 0.8815798051799923 0.4416986651481077 0.0692063569862416 0.059767456584775405
3 0.7192261381196169 0.4103851660060374 0.041354175497895974 0.06676160266556704
7 0.7896502216073957 0.5883941572305489 0.03924603847458741 0.051091138558944316
7 0.6851710527329216 0.6017770441401404 0.031597229581580066 0.05555131802583091
4 0.8225792834956278 0.6308006175762478 0.05083830290255768 0.07015938730530316
7 0.7511556289643062 0.9517064994712747 0.0400099303072194 0.07296613855894449
7 0.6301065520999495 0.7229557106749034 0.02033234736759475 0.045858069279472245
3 0.1211829638028473 0.53844403754273 0.03403274881887368 0.08059678213245362
7 0.04269838757146273 0.18815086935861447 0.04371528366526396 0.04497753087881238
4 0.7124106537287135 0.47118627368616933 0.05040179328391083 0.05765938730530316
3 0.0442136921184829 0.7270231527447093 0.06835318511654279 0.08003449247815268