3 0.0671875 0.34296875 0.05078125 0.04609375
7 0.3203125 0.228125 0.03046875 0.0609375
7 0.396875 0.11015625 0.04375 0.040625
3 0.44375 0.0484375 0.05703125 0.06171875
7 0.5578125 0.1109375 0.028125 0.04296875
3 0.77734375 0.09140625 0.06328125 0.0671875
3 0.88203125 0.375 0.0625 0.05234375
3 0.71875 0.3640625 0.034375 0.0609375
7 0.809375 0.528125 0.03203125 0.04609375
7 0.70859375 0.55390625 0.02421875 0.05234375
4 0.84609375 0.5671875 0.04140625 0.0640625
7 0.81484375 0.8875 0.0296875 0.0671875
7 0.66875 0.67890625 0.01640625 0.0421875
3 0.15 0.55625 0.025 0.0765625
7 0.03125 0.2234375 0.03828125 0.04140625
4 0.71953125 0.42421875 0.0421875 0.0515625
3 0.096875 0.75 0.05859375 0.071875