3 0.3825604906084598 0.05795392077339053 0.05541701186299806 0.0581051658792491
7 0.22500402270023195 0.2957664009031246 0.0672166749048598 0.041354175497895974
7 0.0927698428524563 0.3537376136096636 0.04891234387822054 0.0516369110699257
3 0.02905417068479077 0.3904538744094368 0.05810834136958154 0.06635417549789598
7 0.0665535582520452 0.517118067330528 0.04821200692008223 0.034449411069925516
3 0.0252394680996021 0.7350124062606023 0.0504789361992042 0.07454862141421188
3 0.27997148213114076 0.8860218678708328 0.06380251482874763 0.07244048439090349
3 0.29612701722584345 0.7199430000848179 0.06734400889724856 0.0444791754978958
7 0.4470435769979445 0.8370908384667383 0.05152800790866543 0.03924603847458741
7 0.4893676812562884 0.7392088991738441 0.05752333992388792 0.03321429328391083
4 0.4796677346025987 0.8812599899180171 0.07234984387822045 0.05245536660488881
7 0.8082556496216267 0.9005581492586622 0.07346667490485999 0.04157243030721922
7 0.6223857696973014 0.7196007820208015 0.046140170950527096 0.02189484736759475
3 0.5843219673767552 0.1753125794810635 0.08265067391627667 0.037212312521204535
7 0.266869165019028 0.017142893098576348 0.04751166996194396 0.017261911069925678
4 0.3559649322448715 0.7298562026245559 0.059849843878220545 0.052018856986241604
3 0.7878753903044486 0.15269107893290934 0.08242518083635879 0.06997024881887363