3 0.1261978559236289 0.24411004968343084 0.06512616801906326 0.06280152837152997
7 0.41364726298564347 0.1880656720115462 0.04810230925276535 0.07167642319868044
7 0.521290393262297 0.08566443454795854 0.05720457386326174 0.05632420783841652
3 0.5844937767853613 0.037367647367686475 0.07636367694751697 0.07473529473537295
7 0.6853489391223816 0.12544468540588835 0.041525026785361165 0.05274456677218971
3 0.9133881643656153 0.15867340789228823 0.0827227711033185 0.08673913354437941
3 0.9478309427725342 0.47501982191976866 0.07935230925276535 0.07258570533113406
3 0.785130345370322 0.42347535695521615 0.05278980925276535 0.07181281551854841
7 0.8353599906612139 0.6142989337565357 0.04629434740221221 0.057568459092057725
7 0.7259440803527883 0.6151376712201234 0.040126168019063255 0.06207410266556703
4 0.8643304703686745 0.6619180798373275 0.06073867694751698 0.07985263605166182
7 0.7491863059997639 0.9615125660472739 0.049037517856907444 0.03578438730530316
7 0.6545384590045886 0.7336807342313894 0.028943206168510115 0.04769335391920819
3 0.1561519573830309 0.48242239192415665 0.04678527110331836 0.08569345909205772
7 0.11923301542127551 0.11377769200329893 0.050927300324311545 0.054579851411925784
4 0.7705690133893853 0.48486749802144297 0.057340941558013545 0.06413670783841656
3 0.05306568790127034 0.6667639511744989 0.07965231818121903 0.08977320533113406