3 0.2833568453214551 0.09080900270527095 0.053797709341181485 0.058430665340545127
7 0.2012961339513204 0.36098459536122596 0.06607953333863606 0.03982611600890866
7 0.09083934460536645 0.45268065201304486 0.047438621339908796 0.048982940006363405
3 0.03627856659773045 0.5083033960057269 0.07107611600890869 0.06644316000954512
7 0.1131672359166402 0.6154624626829992 0.047274989337999784 0.03492044000636341
3 0.12229514588641432 0.8382550726845901 0.07741702267663593 0.07432838534372692
3 0.42231277987750565 0.9073799793920883 0.06175566000954511 0.07102157200827222
3 0.3890473885662319 0.7444708993873157 0.06767839600572705 0.04296929734245403
7 0.5671718412237778 0.8137401620782692 0.052017033338636054 0.039662484006999676
7 0.5793274905713226 0.7091799314130872 0.05663180800445424 0.03346702800763594
4 0.6105400332193234 0.8470617394175417 0.07091248400699968 0.052380660009544756
7 0.9294087592298229 0.7734178907940396 0.0723477146721816 0.04146134134309047
7 0.7003036092457313 0.6535486440960865 0.04556703866963616 0.022402258672817865
3 0.50930117998091 0.14657029606936045 0.08166817067154533 0.0368829293443631
7 0.15858411199077316 0.06982324602163537 0.04582157733927246 0.04427725867281791
4 0.450075795233959 0.737367471395588 0.059956802673454136 0.05069089067472685
3 0.6977466093252731 0.06750205609481383 0.08204997867599957 0.06969542934436312