3 0.2124565218810055 0.8674899530422993 0.0616829346753633 0.06654551285158128
7 0.16894506858691277 0.5803374629281309 0.07085794000636332 0.04974001482874755
7 0.07098992126832118 0.4757865671864748 0.05534202800763601 0.05847834486680377
3 0.029813127307455733 0.415101076578015 0.059626254614911466 0.07292284684397003
7 0.11743021129059288 0.3099095577949347 0.05203521467218155 0.042726010874414924
3 0.1599102546546824 0.08172354939197768 0.08532042934436315 0.08468801779449713
3 0.47588069999204585 0.0398351617875422 0.07122156667727228 0.0796703235750844
3 0.4185301819700923 0.2031542445256115 0.07091248400699968 0.054427514828747636
7 0.6104818719764556 0.14848003749179856 0.05677725867281787 0.04760451186299806
7 0.6084279286282746 0.2578868709898957 0.061392033338636055 0.04154551285158128
4 0.6600187953135009 0.11913077711167522 0.07881589067472686 0.06255834980971957
7 0.9672125826305017 0.22686904536328284 0.059938621339908946 0.0508568458553869
7 0.7231893152848659 0.3273942632715108 0.047202264003817974 0.030035009885831698
3 0.45181901388450535 0.8319676526245573 0.08490225867281787 0.04875051779449713
7 0.08116106854714186 0.8767442307226281 0.05370680267345422 0.05216467787060921
4 0.4800580279678652 0.21704564817593303 0.06315452800763595 0.05879667984777566
3 0.6326139332034151 0.9308004475679107 0.08840906667727229 0.08169035178688588