3 0.5921231450823109 0.9276218689523139 0.05837798439090349 0.06421368942018653
7 0.7513989082443369 0.6913218059534261 0.06871528366526398 0.047663226251889415
7 0.8832193379185839 0.632759606080483 0.050292665879248945 0.0559461631118273
3 0.9523587183184705 0.5950706193052497 0.07589286660488845 0.0745897472985769
7 0.9111930265785059 0.4698654929545382 0.04969246515360979 0.038758663111827296
3 0.9637177761772018 0.2535432719643206 0.07256444764559652 0.08129477360693613
3 0.7034846424656042 0.10385189803268347 0.0681349303072194 0.07569722099021767
3 0.685776331210344 0.2692794769577612 0.0703869110699257 0.05087923151356133
7 0.5369072668750411 0.15347871366240723 0.054598219962933216 0.04528167889684287
7 0.49336065271722324 0.2515213715125627 0.05906746515360979 0.039304694681858446
4 0.5048561695074462 0.10994081626500832 0.07534722958158006 0.058964747298576904
7 0.17857392250267107 0.0921511606927529 0.07501984736759484 0.0495897472985769
7 0.36098466233587 0.2717568187546699 0.04618551923729371 0.02763915258848364
3 0.39239098519351157 0.812435026661295 0.08266865626060227 0.04535727360693613
4 0.6259375397405318 0.25945642690129145 0.06279266587924895 0.0566742052052021
3 0.190456462960993 0.8359389580477995 0.08693949400955021 0.07835178413027996