7 0.029868265419898104 0.23677264817638885 0.04550339754067197 0.033867160144236144
7 0.12508427488786786 0.5196741075231943 0.01749657220870704 0.05352504350298624
7 0.7050626663784156 0.4561817311952078 0.03004202400410492 0.06162848423243048
7 0.4016866397420319 0.7749194262930552 0.040852258976990366 0.04000805737069442
7 0.6726849409716958 0.7850158992232286 0.03936248184962743 0.052471689779513754
7 0.029811118861184777 0.9179317291984376 0.02693520472226433 0.06468074905006915
7 0.9771376542781672 0.41547877032979086 0.029932939695149586 0.04287848423243048
7 0.8219239552132436 0.24099052944784655 0.04570338544042372 0.06824216014423615
7 0.40320070540963543 0.3804063600886455 0.034747704722264315 0.06486258700597229
7 0.33205800019639176 0.1219412030785414 0.03322156615858276 0.07107621941479167
7 0.33632473927449374 0.8654911813270484 0.02541815651766246 0.0724568814588892
7 0.400523594660688 0.8405626100886454 0.023710210772388506 0.047420513867708534
4 0.20822857299427394 0.4607153751906248 0.05805793969514968 0.043533100873680654