7 0.2438394787953123 0.9584996664587727 0.0317590773392725 0.04520549214211726
7 0.5326650741167673 0.8844993560769094 0.05330681333545435 0.018099336641598997
7 0.4961686647039983 0.297960388541898 0.05970226400381797 0.030890435070022627
7 0.8029572034134054 0.6269224123204344 0.03797271467218159 0.04237159057054072
7 0.8263470607097254 0.3555033306412339 0.05043635200509087 0.03982878742738745
7 0.9300042454646302 0.9980117384180633 0.06279090133672724 0.003976523163873225
7 0.4672784066677272 0.029572107524651364 0.04080681333545435 0.01751713978475229
7 0.2861385893539081 0.16480747849326605 0.0661340773392725 0.04680653349844599
7 0.40670891207826915 0.5951927994190995 0.06446248933799978 0.037358758891340216
7 0.14338275608685963 0.6461751408182096 0.07065794533736347 0.03296235731976367
7 0.8912480914226322 0.6989665403183624 0.07212953866963616 0.025222631926869354
7 0.8693998160804963 0.6331403331224333 0.047129538669636165 0.02405823821317572
4 0.47775885077176794 0.7960511321317572 0.04129770934118149 0.05970463978475245