7 0.32038458197197917 0.01989398811073183 0.03702852773541672 0.03978797622146366
7 0.5791575570863541 0.12988632154951518 0.05210801386770836 0.02583906203449331
7 0.44996809878638827 0.6845267797789015 0.060175087005972294 0.037140435070022446
7 0.7902164647620482 0.4166092638582481 0.04160692496187508 0.04407963978475227
7 0.767718643239305 0.6790921472328596 0.05417966014423605 0.047786836641599176
7 0.9684389158438194 0.06883308168370963 0.05861258700597212 0.03706766046291672
7 0.37916006383277695 0.9437969259737947 0.044550087005972204 0.036412688998964174
7 0.23157981506704797 0.7797623128630629 0.06995013050895835 0.05476458271265781
7 0.41318249249746497 0.38734571877786556 0.06657055737069442 0.04368153349844599
7 0.1764293345374303 0.2992614836650618 0.07122168977951393 0.042337357319763666
7 0.8843853452710067 0.36071667473544955 0.07103985182361114 0.03452485731976358
7 0.8533522443973262 0.41991189227046083 0.049092116641249815 0.030381012820281585
4 0.5126227140964581 0.2055627177444083 0.049892203647222286 0.06475601282028158