7 0.3548511541603125 0.017351602203348616 0.040952308320625 0.01524456677218971
7 0.6182077521842014 0.16242137595602502 0.055342116641250175 0.029716243731793844
7 0.46095121741802136 0.7184032883341528 0.06504442496187508 0.044051528371529966
7 0.8258631301277088 0.4971470316037282 0.048002395326597024 0.04980142319868044
7 0.7923109734019451 0.7663001968848497 0.0589398953265972 0.0501196719450391
7 0.37634505375840355 0.9743601201500371 0.04774782218833344 0.03886392319868044
7 0.23052014142996594 0.7804018685006847 0.07634560087368056 0.05999477711788863
7 0.43641746399954895 0.40227818316130326 0.07143989532659738 0.050483384798020656
7 0.1928830567051044 0.2702767107414104 0.07605466014423615 0.04749477711788872
7 0.9263527861878824 0.45400844853420247 0.07590918977951375 0.04124477711788863
7 0.891779070857153 0.5115565240818809 0.05076371941479181 0.03426735141192587
4 0.5471880437873266 0.23061979499807034 0.05465243882958326 0.06717077962517112