7 0.0671875 0.24921875 0.04140625 0.0296875
7 0.15078125 0.52578125 0.01484375 0.05
7 0.7078125 0.496875 0.02578125 0.05703125
7 0.4078125 0.7859375 0.0375 0.0359375
7 0.6671875 0.81015625 0.03671875 0.0484375
7 0.0484375 0.90234375 0.02421875 0.05859375
7 0.96953125 0.4734375 0.02734375 0.03828125
7 0.825 0.2984375 0.04140625 0.0625
7 0.4203125 0.40859375 0.03203125 0.0609375
7 0.36015625 0.15703125 0.028125 0.0671875
7 0.34296875 0.86875 0.01953125 0.06796875
7 0.4046875 0.8484375 0.021875 0.0453125
4 0.23203125 0.47421875 0.0546875 0.0390625