7 0.8152471245946107 0.09967225551156955 0.03519320616851011 0.04827567391627663
7 0.5212147065755472 0.14867219372512114 0.05504205600635448 0.02254084486680368
7 0.49001611039444637 0.7267189392764969 0.06151024431795715 0.03529551285158128
7 0.2247861712687694 0.3797352154367699 0.04136138555165925 0.04384284190105418
7 0.1709309196472116 0.6433547050566466 0.05386138555165916 0.04435217787060921
7 0.48680574107813684 0.9918678009120334 0.04273297077900686 0.01626439817593308
7 0.6821063786583909 0.8744892303026987 0.06962275324641087 0.052801347832553344
7 0.6130304651002592 0.44246329748917346 0.0662795649348082 0.04017401384016441
7 0.8793509403434928 0.41344293684222 0.07093979139585756 0.038802514828747546
7 0.14562655113838574 0.30145636513275875 0.07390115016215577 0.029554848821136393
7 0.16010606250247145 0.3677180350947027 0.048901150162155814 0.028536176882026164
4 0.5657538648553779 0.2396128701128557 0.046348894480112965 0.06122134288963732