7 0.23765874582364876 0.1041641203081021 0.06446429328391083 0.05952548620519007
7 0.4417559687818068 0.09894659656366947 0.060629965153609786 0.03904921189493058
7 0.7399206833872622 0.32203777928710053 0.059122028855940555 0.0405298247398008
7 0.1761880216843644 0.18174024366842195 0.05863095553496285 0.0264673247398008
7 0.3965154568857252 0.5740561391912947 0.05723214664195542 0.031072937584671046
7 0.28043662221682014 0.8360758616016749 0.07630952885594056 0.0414305834462283
7 0.14694207593768444 0.8235050197877036 0.05298115626060227 0.04332727611928178
7 0.50113601341648 0.7235438048405555 0.07669147477225664 0.05236808344622812
3 0.7122719208582085 0.6733446517429091 0.06144842068857237 0.06248671189493056
7 0.33512906750016397 0.7212863432843092 0.05147321996293312 0.0448078889641522
7 0.3775446466419554 0.012457977160078534 0.03546627404661713 0.024915954320157068
4 0.2544444525397379 0.04693147444654507 0.07792659255827132 0.04307497060135783
7 0.6022619706807234 0.459177010403908 0.044786710344286364 0.03198034034363317
7 0.2575298240387679 0.44906718453245337 0.06553571996293303 0.04554487336031983