7 0.740627348508932 0.09776153960635478 0.06409124373179384 0.05614220364722229
7 0.5331187253893938 0.109349083774931 0.06189224623907634 0.034230836056041714
7 0.24519386190327408 0.35907110115802104 0.058858174452321596 0.037283100873680655
7 0.8065274816576 0.170437279822709 0.05840353338609461 0.021658100873680607
7 0.6076470831360327 0.5840601026766324 0.05702288981258548 0.027871733282499988
7 0.7393671299164698 0.8396405682917021 0.07600021034569907 0.036120644376666886
7 0.8737565017823666 0.8154062473376398 0.05269910266556721 0.040262630508958355
7 0.5107313160472738 0.7444144147969796 0.07475595909205772 0.047021776785486226
3 0.29514341996648213 0.7112525034184725 0.05797763605166191 0.060684233282499986
7 0.6785098494333688 0.7279932470532993 0.04961956677218975 0.04175239532659738
4 0.7170821999208578 0.04717965814746588 0.07398306927947225 0.020459276785486168
7 0.39316469748008226 0.48603625750253504 0.044568353919208284 0.029143292553055745
7 0.7406223706787627 0.44721667894902845 0.06524456677218957 0.042116071238402955