7 0.058677504007020743 0.6563039966581823 0.05032725292686624 0.05683180267345413
7 0.11450129889197296 0.46035514998409166 0.02846134328594587 0.05813976400381797
7 0.4134483798812787 0.2350166059436844 0.03156816256778665 0.055051126670908876
7 0.11368719087350003 0.7345648093173189 0.01595225292686626 0.05643181333545435
7 0.5509968142136752 0.627920626591367 0.02219316256778665 0.054942038669636165
7 0.7663485825604395 0.8066525118953229 0.02854315651766228 0.07220226400381798
7 0.7148491941931499 0.9306809052355499 0.03465680113146803 0.048837489337999786
7 0.7239939526791609 0.5673178392345954 0.03790906615858276 0.07074885200509051
3 0.7392927415139889 0.3546542072326865 0.05499657220870695 0.053761346674090583
7 0.6730803715916593 0.7249308919080496 0.03620112041330899 0.04573067067154533
7 0.01110008470173887 0.4967295493316364 0.02220016940347774 0.031540901336727246
4 0.011567717313492059 0.6256267086648638 0.023135434626984117 0.07374658267027243
7 0.50309162110068 0.40271208859804863 0.023673849336070064 0.0408977200031817
7 0.3918349167711991 0.7274222819462297 0.034720433645025396 0.05977498933799978