7 0.34510181214268637 0.9426865713245363 0.05950397477225655 0.0501196719450391
7 0.5476712514355804 0.9103383872387962 0.06030258293962447 0.028290136051661818
7 0.7908383757601991 0.6325473225116705 0.05728671034428619 0.031324207838416565
7 0.2670834503471213 0.8764190621533363 0.056741073320977706 0.015699207838416385
7 0.39480164554564706 0.4438602779093115 0.05539682813030104 0.021903743731793844
7 0.22088296279135697 0.20154108260730733 0.07441964664195541 0.030261813011266004
7 0.09183286905195923 0.23836982970431345 0.04963790145127882 0.03578438730530316
7 0.4645808882892529 0.2741902870805116 0.07167659255827133 0.04110838479802066
3 0.682740611247411 0.2860012799543756 0.053472229581580065 0.056187815518548415
7 0.30026541714519345 0.30687109177850735 0.0465674651536097 0.03725595909205772
7 0.5057417009800934 0.9988252595669114 0.030233137023308564 0.002349480866177345
4 0.37580866431960464 0.9915421253957113 0.074201391832632 0.016915749208577323
7 0.6238195121505357 0.5207650733696003 0.043060519237293704 0.026227530878812466
7 0.2860863883740709 0.5936663981258559 0.06213790145127884 0.036148100158284534