4 0.08577123299815961 0.13725809739496614 0.029361498100138928 0.05443494292790545
1 0.047108123290763755 0.15544732526905963 0.02122168977951392 0.04000856989237613
2 0.21531587547496525 0.008987548180754413 0.0631182490500695 0.017975096361508826
2 0.2626811847455208 0.020250379859954835 0.05276263050895835 0.04050075971990967
7 0.30951981715434024 0.02061209884270819 0.0434603656913195 0.04122419768541638
4 0.33669664694211787 0.18644249834737017 0.027835365691319502 0.055924668320799585
2 0.37672288810840265 0.14321688316972372 0.031324041603125075 0.07169521753501132
4 0.4307772213146528 0.010779026469132681 0.044695557370694416 0.021558052938265362
4 0.43697136350711807 0.06939408540325406 0.04138871941479181 0.034704639784752286
2 0.4589723436554859 0.13002121629666621 0.05170927678548622 0.07576628742738745
3 0.4890254791984375 0.02371352005899189 0.06562630642076392 0.04742704011798378
2 0.5885890681042708 0.026898428247851637 0.035611498100139014 0.053796856495703274
2 0.6367362805852083 0.011653340882381449 0.02903418977951393 0.023306681764762898
7 0.6003428792746874 0.09144025165713904 0.038736498100139016 0.054871590570540564
3 0.05351916460954838 0.28235442762642454 0.05893989532659725 0.05113016046291676
0 0.05717214789204842 0.22599526571576573 0.06726154160312506 0.07336903349844608
5 0.14111204321864568 0.17370071153915526 0.04629442496187504 0.04429796360606986
2 0.19817966080982624 0.16948193837979147 0.030996733282500032 0.05763271753501131
2 0.15660910343913176 0.21199907816454377 0.03114220364722229 0.06388271753501122
6 0.2685811201566317 0.2629729191493691 0.049928571238402865 0.06631851282028159
2 0.6345366945291666 0.0640943476043631 0.04931032218833344 0.039756012820281586
3 0.8257240857717013 0.09811182093034265 0.07358427678548622 0.07678513192686945
3 0.9596425312507983 0.21205654280858016 0.06253767401194459 0.07158820967712849
2 0.5016468868741317 0.30830672808349047 0.06122974715020835 0.08245293507002253
4 0.06290973556361076 0.41536598076957765 0.027798998100138927 0.054362168320799674
3 0.10351459213687457 0.5149271790741665 0.0360479091943056 0.07347604135632882
4 0.15998606373586777 0.3351454797361203 0.019368249050069463 0.02743579528527027
4 0.19766790169177056 0.3255863891655798 0.03048758700597225 0.035757717535011224
2 0.12782883358749977 0.2749913837888963 0.045532011967847286 0.078600188998964
4 0.28418728315065944 0.29658378577475764 0.025727351823611144 0.03241439371369372
2 0.292616725779965 0.3367721381321225 0.052980836056041716 0.06333906203449331
2 0.9834053799402774 0.2975745117913335 0.01980596656499998 0.1133005206781645
3 0.8825130675355899 0.4076280620390024 0.07492857123840295 0.0674829065339754
1 0.9421419874634719 0.42748248966542696 0.035611498100139014 0.05472604135632899
4 0.8166120445498258 0.5901901590196839 0.05308993882958361 0.06802656203449331
2 0.5470684896476733 0.3015087644774206 0.056324041603125076 0.07285961124870503
2 0.6082936643252079 0.45395736828252764 0.07729115824437507 0.10193068114108109
3 0.7241745438842357 0.37051982196379996 0.04985583605604162 0.06319351282028159
4 0.7102380240326038 0.4328207688206468 0.04985583605604162 0.06319351282028159
4 0.7840547708984718 0.5472235630724598 0.033830792553055745 0.04527826674922295
4 0.6790945139646176 0.5638182117485522 0.029070557370694416 0.04193494292790554
3 0.5421192311952078 0.681795577959656 0.0411354526972918 0.0908818651776464
4 0.7990082768823953 0.5082873416085071 0.04531380642076392 0.06922518899896399
4 0.7601646356398607 0.4671743440897064 0.05258079255305557 0.04615156203449331
2 0.7631636554914927 0.40538281948260063 0.0448773953265972 0.05047518899896399
7 0.8383812078281941 0.4260720010379665 0.027980836056041625 0.0621746683207995
4 0.2568409203091316 0.43208679218489837 0.05814111474138892 0.0838698858558109
2 0.2697208203853815 0.5157704334173927 0.05650587955902786 0.08067211124870503
2 0.15283917885850637 0.6757340924325674 0.07743662860909732 0.10818068114108108
2 0.027387850020659278 0.5333004975188006 0.033830792553055586 0.04527826674922295
2 0.32880422644555507 0.5590623610438172 0.05741376291777787 0.05261988585581072
5 0.4261156375397218 0.535800335403254 0.045022865691319504 0.05672518899896417
2 0.49484614732336746 0.6004942280834905 0.051236498100139014 0.05545378742738727
4 0.5973717352792703 0.5879149913180568 0.02943423328249999 0.05755994292790554
7 0.6504941224377424 0.7196701054622461 0.027435322188333444 0.0387371683207995
2 0.6859237825819786 0.672756564105917 0.04051720364722229 0.0643193651776464
2 0.7248024849949298 0.7794217870176119 0.032341027735416715 0.048330492142117085
2 0.7343417923656244 0.7383965266785297 0.040189895326597204 0.0502568651776464
2 0.3685895057964924 0.7608945347413003 0.08793771751493065 0.08994010339082212
2 0.3718080376159717 0.6226132847413003 0.05130923328249999 0.058578787427387445
4 0.4993505029467008 0.6752031296550671 0.038772865691319505 0.05643409057054054
7 0.6159743052834022 0.6939637841221277 0.02598192496187508 0.043351893713693815
4 0.6407210385659022 0.6366221650155399 0.020894381458888844 0.025946069892376043
4 0.6425569487101384 0.5912732777119869 0.03553876291777787 0.051601041356328994
2 0.5934953207666311 0.9221080548002922 0.08121493882958326 0.06933650496239885
7 0.733974850401909 0.9218083401607651 0.02300239532659738 0.04945634449948209
1 0.8578305777004853 0.8980903961994023 0.022784189779513752 0.04008134449948173
4 0.8615562961653463 0.8386062342887435 0.047893292553055744 0.04593323821317554
4 0.902197520329791 0.9366049325933326 0.025945557370694417 0.04178939371369381
2 0.8847015490151382 0.9171293405750497 0.07369337955902786 0.08147263192686935
2 0.41006653134770765 0.8565130957423364 0.04636716014423605 0.04742296360606986
2 0.31693347397701316 0.901431797561582 0.0981478656913195 0.05919952564056317
2 0.4056434026417011 0.34243347911694777 0.0418978656913195 0.056579639784752264
2 0.4194675536678815 0.45260684574233634 0.07994337955902786 0.0817637303552928
2 0.48254943512677045 0.424695861458102 0.050001306420763926 0.06944351282028158
2 0.591558799583819 0.5358987270500332 0.04818423328249999 0.05843323821317572
2 0.45825664352364537 0.4960635932611369 0.061084276785486225 0.07620293507002263
4 0.6210053377684716 0.7795737983901514 0.03989895459715278 0.037756865177646405
1 0.6604133298846868 0.762910683212505 0.025800087005972295 0.035539393713693815
1 0.42567465397288123 0.7894518742783836 0.02412848423243048 0.03077911910658777
2 0.014063426768020481 0.8797945078578829 0.028126853536040962 0.08590326674922295
2 0.2236582122935063 0.7848136858985921 0.05457970364722229 0.06497433664159935
2 0.24142824696277715 0.7254558025239806 0.05072735182361114 0.033578787427387444
2 0.24591899126319391 0.5660444152204277 0.02129442496187508 0.043133569892376225
4 0.5258857803008679 0.2057253835840085 0.054216027735416714 0.04934933664159917
2 0.5683285066495138 0.15926560649570326 0.06391833605604162 0.06384848428423426
2 0.6151658326375692 0.22575959367542167 0.054325130508958354 0.054036836641599174
4 0.5906373049021525 0.27372621278200954 0.025654616641250173 0.029289393713693636
4 0.7585170955553471 0.16913710442878865 0.026054660144236054 0.04647689371369372
2 0.8557005668699997 0.1849011914846726 0.023293336056041624 0.061956344499481994
4 0.7588593216196525 0.322080167911024 0.021112587005972117 0.035321069892376135
4 0.7956683373872219 0.35002107734048343 0.017587543502986237 0.017988020678164407
2 0.9486446009705898 0.5169259793263448 0.07147626291777769 0.05327485731976367
2 0.9461164001731591 0.6590770920227917 0.03582970364722229 0.06410104135632899
4 0.8955500896683326 0.8198540802359675 0.03401263050895835 0.05309076674922295
7 0.29607807295083266 0.7915859166681697 0.05080008700597229 0.03670378742738763
2 0.19881990682267286 0.879618917701627 0.030778527735416717 0.04825771753501122
2 0.2420977813477076 0.864336366006216 0.02434668977951393 0.04015411910658813
4 0.26602428419749924 0.9428230849889694 0.04160692496187508 0.04407963978475209
3 0.020287784100589994 0.7135338070720946 0.04057556820117999 0.0854323858558109
2 0.06740690587274233 0.859205872002072 0.022856924961875035 0.04320634449948209