4 0.7220805884410131 0.001331829772412646 0.05433467292769336 0.002663659544825292
2 0.9103883547526355 0.05406795002474392 0.08386034684397004 0.0683206320667471
2 0.8969280326232447 0.10801182157604143 0.0709146778706092 0.056728034825709095
7 0.9035573760071738 0.1554224101106522 0.05796900889724839 0.04513543758467105
4 0.7482424763111849 0.244202706356322 0.05576983893530461 0.02942855042954129
2 0.8000423982502951 0.2665413738146051 0.07158583992388792 0.03493492198083885
4 0.9596402327369755 0.2636576339913704 0.0659088428896375 0.048669873360319825
4 0.886662989162766 0.29801602386003356 0.036094008897248384 0.04398901741285446
2 0.8359109140676259 0.33982174355688033 0.07710101087441501 0.05549308344622812
3 0.9543744125847511 0.3265670697670191 0.06986151384016423 0.06914614767057933
2 0.9693866003411923 0.4259938596811109 0.05458934091247088 0.03872166327441171
2 0.9922498028891997 0.464940173000951 0.015500394221600544 0.03157090456798421
7 0.9129111072612744 0.4618361844209117 0.05627917490485963 0.041928550429541286
3 0.5781541749048598 0.019921917119598793 0.0524193458553869 0.03984383423919759
0 0.6308971729276934 0.014128940525347144 0.0742943458553869 0.028257881050694288
5 0.7044102687830802 0.05233611092430629 0.0455963428896375 0.04760534034363306
2 0.724607363649884 0.10608190864031415 0.05745967292769336 0.032635437584671044
2 0.6727119412164821 0.08139949118203108 0.06377333992388792 0.03452548620519007
6 0.6582740509120335 0.20742308062115294 0.06603617688202626 0.05179487336031983
2 0.9474916957022875 0.48429436058562203 0.039410009885831696 0.048840291723114146
3 0.9664300729080091 0.6787879890343245 0.06713985418398175 0.07728619629109837
3 0.9020106883250948 0.8476032660581175 0.07292284684397003 0.06774742198083886
2 0.6828588513297753 0.44570765264742035 0.08217051285158128 0.0651137449116174
4 0.4568176857792746 0.06687772501237196 0.05583350593149916 0.03099105042954131
3 0.37608895060802233 0.1415711878118137 0.07333934091247096 0.039704309135968605
4 0.5588059501137307 0.1296466406616327 0.027326503954332716 0.020142081637205766
4 0.5781435405319101 0.16229868837764055 0.035584672927693364 0.03148901741285455
2 0.6059873562355103 0.07706719527504553 0.0784088428896375 0.049324970601357834
4 0.6311677228511436 0.23389704941348852 0.03233233893530461 0.028200243102595036
2 0.5961215607978652 0.25765545398147277 0.063038510874415 0.05475609905006031
2 0.8332726171842871 0.9091416316165212 0.11233817391627668 0.040188988014212515
3 0.6983763523555396 0.8457485962249851 0.06868101581733085 0.0784392605154494
1 0.6962355322033152 0.9084942576903746 0.05458934091247105 0.03872166327441136
4 0.5098086008726648 0.8485847484181204 0.06778967787060922 0.056564260515449404
2 0.701765360227024 0.48699439394099303 0.07104201186299797 0.0598530348257091
2 0.5771884659682426 0.6000000842391977 0.10311968281352506 0.08180327792830404
3 0.6877532342570313 0.6811095641128097 0.06447367688202607 0.05171298620519025
4 0.6262573187437116 0.6898128567404348 0.06447367688202625 0.05171298620519007
4 0.5407747579830275 0.8015526181603956 0.045150673916276675 0.03666784034363317
4 0.49548482121516957 0.7084101277713339 0.04183467292769336 0.03181656603337366
3 0.34466246745111734 0.6192325203535306 0.08915534190105419 0.04521068068726617
4 0.580714008477319 0.801808245704587 0.06903384288963732 0.048833647670579336
4 0.6075829145990985 0.7502933333346864 0.04585101087441501 0.053855340343633
2 0.6670706611390574 0.730734427862191 0.050220175893442943 0.04628850180902226
7 0.6695045944468742 0.809681621439756 0.06052100593149916 0.03123671189493038
4 0.4966799763111848 0.25738653833221203 0.08360567885919253 0.06207063206674714
2 0.42249040121604464 0.30042056535600503 0.08041701186299814 0.06034435775648763
2 0.2394431378701718 0.24659728177349133 0.10780718281352515 0.08204893939369332
2 0.3358194362735663 0.07556772953492771 0.045150673916276585 0.03666784034363304
2 0.3995741660447923 0.3720842034156459 0.053854511862998146 0.05895227611928178
5 0.448420184333581 0.4564282259168831 0.05497134288963732 0.04809666327441171
2 0.40742245262236965 0.5454807598380811 0.053599843878220456 0.05270227611928178
4 0.4488061393902276 0.638827968114967 0.058958505931499164 0.0311548247398008
7 0.3416568256637939 0.7376107061291794 0.038582338935304605 0.02852779172311415
2 0.39557766311622383 0.7543577928547678 0.06571784190105419 0.04398237336031983
2 0.3062870114430686 0.8302828850074231 0.048148339923887826 0.03370661465389233
2 0.3475340939525826 0.8242066253964847 0.05002917490485981 0.04160100180902262
2 0.22168127079742775 0.48318655698826196 0.09106535178688588 0.092085680687266
2 0.3528384288963735 0.43560114880223305 0.058351010874414924 0.05451043758467122
4 0.33978662505577156 0.5764275446637901 0.05784167490485981 0.042010437584671045
7 0.3547815667665454 0.6946452781554467 0.04476867193911023 0.027292840343632996
4 0.4159737347513229 0.6977016791053864 0.027390170950527093 0.021704581637205855
4 0.45924623227986494 0.6836900887617533 0.051400673916276673 0.0369953889641522
2 0.13572516064476586 0.7562323106063066 0.07043451680591395 0.08320864767057934
7 0.1771698558155807 0.8895051560383223 0.049392504942915846 0.025976001809022264
4 0.10635994870521807 0.9386254087518558 0.019479511862998056 0.057150758706427496
4 0.290173874598661 0.9728355551792397 0.044896005931498985 0.030417840343633172
2 0.14485878562617532 0.5576753018998793 0.048785009885831745 0.049331614653892505
2 0.07692718631074734 0.48529236883776405 0.06019735376405226 0.09982293758467105
2 0.6224850840295698 0.3666652838096563 0.05640650889724856 0.04505355042954129
2 0.5236456774134988 0.4196032553155253 0.08130834980971961 0.08221935775648763
2 0.5687472717860109 0.46969510854945706 0.06922484387822045 0.05352114767057934
2 0.49557105144350616 0.6144554098835096 0.05822367688202625 0.05138543758467122
2 0.4944966882879137 0.4728034984181203 0.0742943458553869 0.0631418091359686
4 0.27792990669043316 0.7299896359119342 0.03752917490485981 0.04094590456798421
1 0.3042987471086126 0.7622731914298584 0.03539367193911023 0.026801517412854636
1 0.21179161764139778 0.5479041542293001 0.03064250494291585 0.02499335594746519
2 0.029387705550938198 0.18322857982818347 0.04515067391627662 0.03666784034363309
2 0.15927015961900165 0.354144188150498 0.0646646778706093 0.05640048620519007
2 0.21933090912471007 0.3486477826780025 0.03328734387822045 0.051637743102595036
2 0.3690788997331699 0.29617347863041654 0.04301517095052709 0.02252345318850324
4 0.06710126977166349 0.09043357021724505 0.06058467292769345 0.032799211894930555
4 0.7848524328507063 0.4317502939864216 0.04903967787060921 0.05558161465389251
2 0.8406222717860109 0.4554467435568803 0.06354784684397004 0.06725609905006032
2 0.7917656191242726 0.5245552696761621 0.05372717787060921 0.055827276119281774
4 0.7406023671471061 0.5178416022178791 0.029143671939110403 0.02647396879233561
4 0.8849492278312407 0.6402411454113311 0.04789367193911005 0.027456614653892687
2 0.8983670820895846 0.7389685724805526 0.06033000494291585 0.026549211894930556
4 0.7423916547132668 0.6962532072608332 0.03520267095052709 0.022114017412854636
4 0.7277680806067097 0.7408630223896955 0.01782416996194396 0.01652575870642714
2 0.6144735376405228 0.9386155269122514 0.05072951186299797 0.058788501809022266
7 0.17313634144394366 0.4254459780645897 0.036348676882026164 0.050239017412854636
2 0.062617994105682 0.3646899417685426 0.04808467292769345 0.032144114653892594
2 0.0891141685162502 0.4000984972864666 0.04001750494291585 0.025484678878243728
4 0.030931595398276335 0.451688652758962 0.026591674904859787 0.0403726944820761
3 0.1623156106841345 0.12145784090945992 0.08398768083635888 0.0714456320667471
2 0.04389321593106153 0.23179223258714546 0.04307883794672148 0.024085953188503328