4 0.075 0.2140625 0.0203125 0.0484375
1 0.03671875 0.23515625 0.025 0.034375
2 0.1765625 0.05 0.0515625 0.0734375
2 0.22421875 0.07265625 0.0421875 0.059375
7 0.2703125 0.07578125 0.03359375 0.05
4 0.32265625 0.23828125 0.01796875 0.05078125
2 0.3546875 0.19375 0.01953125 0.065625
4 0.38359375 0.03984375 0.03515625 0.06484375
4 0.40078125 0.11875 0.03671875 0.02578125
2 0.43046875 0.17421875 0.03984375 0.06640625
3 0.44140625 0.06015625 0.05390625 0.05703125
2 0.53828125 0.0640625 0.02734375 0.0484375
2 0.58203125 0.03359375 0.021875 0.0453125
7 0.56015625 0.12421875 0.0296875 0.04921875
3 0.0671875 0.35390625 0.0515625 0.040625
0 0.06015625 0.30078125 0.059375 0.06015625
5 0.13359375 0.24375 0.03984375 0.0359375
2 0.1875 0.234375 0.0203125 0.05
2 0.15390625 0.27890625 0.02109375 0.05625
6 0.2703125 0.31640625 0.03828125 0.0578125
2 0.58828125 0.09609375 0.040625 0.03046875
3 0.77734375 0.1109375 0.06171875 0.06171875
3 0.92265625 0.20703125 0.0515625 0.06015625
2 0.971875 0.046875 0.05625 0.078125
2 0.5 0.33828125 0.0484375 0.0703125
4 0.01640625 0.44140625 0.0328125 0.05078125
4 0.096875 0.47890625 0.01953125 0.04921875
3 0.15078125 0.56953125 0.025 0.06640625
4 0.17734375 0.39453125 0.01484375 0.025
4 0.21171875 0.38203125 0.02421875 0.02890625
2 0.13671875 0.340625 0.0328125 0.06953125
4 0.28984375 0.34609375 0.0203125 0.02734375
2 0.3046875 0.384375 0.04296875 0.05234375
2 0.9796875 0.284375 0.040625 0.1046875
3 0.8796875 0.39921875 0.06328125 0.0546875
1 0.9390625 0.4125 0.0265625 0.04765625
4 0.84453125 0.57734375 0.04140625 0.0578125
2 0.5421875 0.328125 0.0453125 0.0609375
2 0.6234375 0.46640625 0.0609375 0.0875
3 0.721875 0.378125 0.0390625 0.05390625
4 0.71796875 0.4375 0.03984375 0.05390625
4 0.80625 0.53984375 0.0265625 0.03984375
4 0.709375 0.5640625 0.02265625 0.03671875
3 0.59609375 0.6890625 0.02734375 0.08203125
4 0.81484375 0.5015625 0.034375 0.06015625
4 0.771875 0.46640625 0.0453125 0.0359375
2 0.76484375 0.40703125 0.0359375 0.04140625
7 0.83984375 0.41953125 0.01796875 0.05625
4 0.284375 0.478125 0.04453125 0.071875
2 0.31015625 0.55546875 0.04375 0.06875
2 0.2234375 0.7171875 0.059375 0.09296875
2 0.08125 0.59453125 0.02734375 0.03828125
2 0.3734375 0.59140625 0.04921875 0.04296875
5 0.46328125 0.5609375 0.0359375 0.046875
2 0.53828125 0.61640625 0.04140625 0.04375
4 0.634375 0.5953125 0.01953125 0.05234375
7 0.70625 0.7140625 0.0203125 0.0328125
2 0.73203125 0.6671875 0.02890625 0.05703125
2 0.78671875 0.76484375 0.02421875 0.0421875
2 0.7890625 0.72578125 0.03125 0.04296875
2 0.4421875 0.7796875 0.0734375 0.0734375
2 0.42421875 0.646875 0.04140625 0.04765625
4 0.5546875 0.6859375 0.0296875 0.04921875
7 0.66875 0.69375 0.01875 0.03828125
4 0.684375 0.6375 0.01640625 0.02265625
4 0.67890625 0.59375 0.02734375 0.04453125
2 0.6828125 0.91171875 0.06875 0.05390625
7 0.8171875 0.8984375 0.0140625 0.0453125
4 0.84921875 0.98359375 0.05390625 0.02265625
1 0.9328125 0.86484375 0.0171875 0.03671875
4 0.9265625 0.80859375 0.040625 0.03515625
4 0.98203125 0.90703125 0.01640625 0.0578125
2 0.9609375 0.88125 0.0609375 0.0671875
2 0.496875 0.86640625 0.03984375 0.0390625
2 0.41484375 0.91640625 0.08828125 0.040625
2 0.4125 0.3796875 0.03203125 0.0484375
2 0.44296875 0.4828125 0.06640625 0.065625
2 0.5 0.45078125 0.03984375 0.059375
2 0.62109375 0.54609375 0.03984375 0.04921875
2 0.4875 0.5203125 0.0484375 0.0640625
4 0.68671875 0.7734375 0.03359375 0.0296875
1 0.721875 0.7546875 0.01953125 0.02890625
1 0.5015625 0.80078125 0.01953125 0.025
2 0.11875 0.9234375 0.0203125 0.0796875
2 0.30859375 0.8140625 0.04375 0.05390625
2 0.31484375 0.75625 0.04453125 0.025
2 0.2953125 0.60546875 0.0140625 0.0390625
4 0.04140625 0.85078125 0.0203125 0.053125
4 0.50703125 0.23984375 0.04609375 0.03984375
2 0.53984375 0.19140625 0.053125 0.05078125
2 0.5953125 0.25 0.04609375 0.04375
4 0.57890625 0.29765625 0.021875 0.025
4 0.7234375 0.184375 0.01875 0.04140625
2 0.81875 0.190625 0.0140625 0.05625
4 0.74765625 0.32890625 0.01484375 0.03125
4 0.78671875 0.3515625 0.0140625 0.0140625
2 0.959375 0.49609375 0.06328125 0.0390625
2 0.98359375 0.63125 0.03203125 0.05546875
4 0.95625 0.78828125 0.025 0.046875
7 0.378125 0.8140625 0.04375 0.02734375
2 0.29921875 0.90625 0.02265625 0.0421875
2 0.3375 0.88828125 0.01796875 0.03515625
4 0.37421875 0.97109375 0.034375 0.0546875
3 0.08984375 0.76640625 0.05390625 0.07109375
2 0.1703125 0.89921875 0.015625 0.03984375