4 0.983541811454757 0.30277867413267573 0.032916377090485935 0.05506930800445433
2 0.910303679995868 0.11759460478990343 0.0656990416031249 0.07105793467536321
2 0.856524716565 0.12243609878258557 0.0578865416031249 0.07096702800763603
7 0.8079235624046877 0.1148412274426768 0.04669446846486096 0.059902258672817864
4 0.7217347553183335 0.2708270507638137 0.030996733282499987 0.05659544533736342
2 0.6978420072181946 0.21743842142740477 0.03761040919430556 0.07229317067154524
4 0.6957859318957291 0.061987852760950216 0.04811149810013902 0.05367044000636334
4 0.6637559883164932 0.12878445408972314 0.04458645459715278 0.03644657733927246
2 0.6227504350298613 0.17907480808399612 0.05806837955902786 0.07877952800763603
3 0.6340308143045487 0.05970719008590514 0.06886040919430556 0.07265679734245414
2 0.5328495208015626 0.041346994072223954 0.03880923328249999 0.056686352005090666
2 0.49162445554708334 0.015093029400042385 0.026998911094166723 0.019059082670272565
7 0.49745818787965285 0.097950982733906 0.04193423328249999 0.056722714672181575
3 0.9641073593261462 0.449380954129494 0.06373649810013901 0.05385225334181776
0 0.9720237364166321 0.39641958613140305 0.05595252716673578 0.07418293467536322
5 0.9173570330537503 0.3199656267902216 0.049492160144236054 0.045876121339908774
2 0.8637228867772224 0.2974724614496765 0.03412173328249999 0.05663180800445433
2 0.8891963186729516 0.35166052211963084 0.03582970364722229 0.06289998933799978
6 0.7613804431979864 0.3634509027689044 0.054725174011944586 0.06936816534054513
2 0.4739654832825001 0.061749853397497056 0.05090918977951393 0.03964430267345422
3 0.27425577080156255 0.03833798337045284 0.07976154160312507 0.07122156667727222
3 0.1061974082443751 0.09964655868077207 0.06886040919430561 0.07265679734245412
2 0.5185383265567364 0.33250779606936043 0.06602634992375016 0.0851204346753632
4 0.9887404173624308 0.5497173088000847 0.02251916527513842 0.05821248933799979
4 0.9091497152338199 0.5713644947883125 0.03412173328249999 0.05663180800445424
3 0.8352595799752087 0.6517327001113585 0.04233427678548622 0.07391021467218159
4 0.8426324028291322 0.46515031011294933 0.02100348423243048 0.0299238573360908
4 0.8085840579393754 0.4452281614417223 0.03208645459715278 0.03630112667090888
2 0.8946663750937155 0.4188934754534944 0.05029224715020817 0.08025112133990878
4 0.7346549422480558 0.3896952294318591 0.027326219414791807 0.03312158267027252
2 0.7128351468452087 0.4253691000954502 0.057741071238402955 0.06471702800763594
3 0.11261498166697943 0.3082584900143175 0.07976154160312507 0.07122156667727228
1 0.05011498166697943 0.3075312366724997 0.0356478656913195 0.055087489337999784
4 0.11392682779100735 0.4988471273472266 0.0562876740119445 0.06938634667409041
2 0.47665929787138916 0.3117134907304061 0.061084276785486225 0.07412839067472685
2 0.36474313896142396 0.43615841271481604 0.08524912860909736 0.10565111067790856
3 0.2808746723964239 0.32271298337045284 0.05305357123840278 0.06466248400699967
4 0.2729543760436462 0.3851038953691802 0.05305357123840278 0.06466248400699967
4 0.1616551597629865 0.4689419986871354 0.03702852773541672 0.04729317067154533
4 0.25729562129399347 0.5176982193666348 0.032268292553055564 0.04411362667090888
3 0.3507033952296881 0.6718686460454979 0.047458187879652856 0.09271475867281787
4 0.15992835239229203 0.4283079080203628 0.0516001740119445 0.06933180267345414
4 0.2116356695466323 0.40157323269413514 0.055778527735416715 0.047511346674090585
2 0.23056620108177112 0.3424345900302259 0.046476262917777865 0.05052725867281786
7 0.1500065321038197 0.3375920013526355 0.03270470364722229 0.06286362667090888
4 0.7151990402719448 0.5269316000954503 0.0628649823325695 0.08352157200827222
2 0.6731765008530213 0.6006412727561777 0.06279224715020834 0.0803965720082724
2 0.7314104942035076 0.7872060287634955 0.08375936379145835 0.1087579293443632
2 0.9026295711414936 0.69391165678704 0.03699216014423641 0.04573067067154533
2 0.6010475809251394 0.6224520907463145 0.060647865691319504 0.05537839067472703
5 0.5139463180073616 0.571452117401315 0.04818423328249999 0.056795440006363405
2 0.42424869158246575 0.6102413500556793 0.054397865691319505 0.05530566534054522
4 0.32873551662059075 0.5669538793761799 0.03419446846486114 0.059756808004454244
7 0.2312266966164589 0.6728215240292714 0.028997822188333355 0.03782726400381797
2 0.2135475809251394 0.6179431200270442 0.043678571238402866 0.06455339600572696
2 0.13751371741802143 0.706877803349772 0.03393989532659729 0.04881930800445424
2 0.1427817924561464 0.6647630286839538 0.04495013050895835 0.0520715773392725
2 0.4919486039109035 0.8008214440642698 0.09433318787965277 0.09326019867918127
2 0.5365136086605562 0.6685634747374058 0.05447060087368065 0.05843066534054522
4 0.3938176155944103 0.6786186327179976 0.043533100873680564 0.05830339600572696
7 0.2739045058870144 0.6608215107017712 0.027580792553055566 0.044059082670272434
4 0.2693429860353825 0.5990663980346802 0.022529616641249993 0.028379538669636162
4 0.2831320758911463 0.553926620703362 0.038700130508958354 0.05199885200509069
2 0.2165687038346535 0.8819692573599532 0.08288654160312507 0.07125792934436319
7 0.0804123450771882 0.8374278220082723 0.026127395326597247 0.04872840133672725
2 0.4187669834699313 0.8780737400540884 0.0511273953265972 0.04901930267345413
2 0.49305977507305637 0.9492316720639515 0.10301720364722229 0.06368178668045417
2 0.6012248464083683 0.39517197541372356 0.045059233282499986 0.056759077339272414
2 0.5488830560395143 0.49531687873963304 0.08470361474138902 0.08221361067790856
2 0.4970289620996879 0.448632235399406 0.056324041603125076 0.07094884667409058
2 0.3526081212939935 0.5188072807129069 0.052980836056041716 0.061537484006999675
2 0.4964308564763546 0.5236049633990879 0.06431837955902786 0.07885225334181775
4 0.23978538544604228 0.7385283400302258 0.043060322188333354 0.03799089600572714
1 0.20709951880479224 0.7100306226925442 0.027362587005972293 0.034684082670272606
1 0.4257605594579868 0.8094237373885884 0.025690984232430658 0.029978401336727245
2 0.7987292000349313 0.9903373827179976 0.039717116641250175 0.019325234564004746
2 0.6247260427404868 0.8679736760820871 0.05930357123840295 0.06473520934118149
2 0.6279952066844452 0.8070907200827234 0.05239895459715278 0.036537484006999674
2 0.6783556165443408 0.6553742260900413 0.024455792553055567 0.044022720003181706
4 0.8941683333936814 0.9679576841183583 0.034194468464861315 0.059756808004454244
4 0.5302005655388197 0.2295464280712695 0.05745013050895835 0.052217028007635946
2 0.5062168984607294 0.1722515487348605 0.06711607123840295 0.06482611600890867
2 0.43703179378732654 0.2198708887253155 0.05912173328249999 0.05692270934118149
4 0.44450010809187523 0.27228736405949727 0.027289851823611145 0.03155908267027261
4 0.31682643692972234 0.1224044480426344 0.029216027735416716 0.047202264003818016
2 0.21648094481350705 0.10639709269572592 0.029543336056041713 0.061264764003818015
4 0.26315918911392383 0.2662720793682257 0.022747822188333357 0.03775453866963616
4 0.21817399743454882 0.27980732069540776 0.019186411094166723 0.018968176002545255
2 0.033347015386319775 0.3924693106699544 0.03386716014423615 0.04569430800445442
7 0.5517061168286812 0.8515032440722239 0.052435322188333446 0.038099984006999675
2 0.6160615171892717 0.9655026567472691 0.03393989532659738 0.04881930800445424
2 0.5794694005480217 0.9369594860757239 0.027508057370694415 0.04093408267027243
4 0.5269087514217021 0.9910902660327713 0.04273301386770818 0.01781946793445748
3 0.8606453589448965 0.8699378074474492 0.07227634992375016 0.08519316000954476
2 0.7501098620790285 0.9822885253819068 0.024455792553055567 0.035422949236186344