4 0.6965575414698122 0.03758937938839627 0.05561508293962447 0.028472229581579956
2 0.8830059621583848 0.10340289626343727 0.06791667549789579 0.06791667549789593
2 0.8840798780376339 0.15650061441227184 0.0738938569862416 0.06032243030721936
7 0.8943378209587252 0.2044569647750915 0.06101191106992587 0.048948420688572546
4 0.7437872386520726 0.2951761900955022 0.05734127404661713 0.03321429328391083
2 0.7984300986335391 0.3181523878259168 0.07318452885594055 0.0400099303072194
4 0.9505010301218849 0.3156598488031752 0.05007441106992587 0.04856647477225655
4 0.8884474634243291 0.34860626885877555 0.03908234736759475 0.04662202885594056
2 0.8407837789407585 0.3914187622353536 0.0801438569862416 0.06054068511654283
3 0.9596875463639538 0.3776241354636641 0.07120536660488881 0.07271330290255769
2 0.9773561794425791 0.4791147135939652 0.04528764111484165 0.04102679328391083
7 0.9293874658714 0.5154589521612198 0.05928571996293286 0.044206356986241604
3 0.5512822470047751 0.055925173220461255 0.05687004809323426 0.06440972958157995
0 0.6040525829396246 0.047624089099710346 0.07685516587924912 0.05574405771188108
5 0.6839236214142119 0.10035227421625312 0.04862103847458741 0.0516369110699257
2 0.709216287293461 0.15429572975121597 0.057450401451278846 0.036339293283910834
2 0.6537376136096636 0.12972975016963603 0.06375496515360961 0.03812004809323426
6 0.6488095553496283 0.2567461179556509 0.07065972958158007 0.05708830290255769
2 0.9668428258528664 0.537834949165995 0.04237103847458741 0.05141865626060227
3 0.9818800048941414 0.7354465591474615 0.0362399902117172 0.08019842068857255
3 0.9500869233052793 0.9071107388217087 0.07583830290255769 0.07131449400955034
2 0.6939583973597456 0.49943461496042596 0.08672123920022692 0.07013393992586625
4 0.4497098233209777 0.029749564420121048 0.05879464664195542 0.03014385698624167
4 0.4331250132468439 0.11344251814098535 0.057450401451278665 0.036339293283910834
3 0.3577827620657176 0.19040183302444255 0.07491071996293312 0.04475199400955021
4 0.5423115294889127 0.178898881750649 0.030451391832631992 0.022911710344286275
4 0.5653050853866952 0.211694023583281 0.03702877404661713 0.03250496515360961
2 0.5864682680561673 0.12503976096940922 0.08148810217691818 0.054345248818873634
4 0.6247917019915838 0.2839980987183572 0.03379464664195542 0.029270837748947988
2 0.5905084712288774 0.307770415415913 0.0676438569862416 0.06010417549789597
3 0.7424653962634373 0.9053225164117048 0.07465774881887377 0.08219743030721922
1 0.7462650080590023 0.9694395801140356 0.05605159255827132 0.040972229581579714
4 0.5513592466262569 0.907232212876175 0.0723313569862416 0.060267866604888455
2 0.7172520536203478 0.540823506793058 0.07712798439090332 0.06355655771188111
2 0.5995238949974929 0.6553175380112511 0.10919643992586607 0.08808533175849824
3 0.7170958301140357 0.7374529701325692 0.06591766587924912 0.05536211179556503
4 0.6565675578815171 0.7470437357416657 0.06591766587924894 0.05536211179556503
4 0.5786013037051658 0.8605853913692958 0.04974702885594055 0.03919147477225664
4 0.52535476341648 0.7658706028947084 0.0448958377489479 0.03434028366526398
3 0.36537707349061377 0.6760119508104575 0.09387897477225646 0.05165675843752062
4 0.6199802718540004 0.8612500794810636 0.07211310217691817 0.05401786660488881
4 0.643097824123586 0.8082168487183573 0.05040179328391083 0.05794147477225664
2 0.701708932290954 0.7884152694069297 0.05319941106992569 0.04867560217691835
7 0.7107416811098275 0.8683210242162531 0.0636458377489479 0.03499504809323426
4 0.48905509863353913 0.3073487747644073 0.08661211179556502 0.06700893992586625
2 0.41803575970346485 0.3516865626060225 0.08343254809323426 0.06533731252120453
2 0.22806303493120833 0.29667413647515434 0.11232143992586625 0.08819445916315996
2 0.3117410865678216 0.1232490493591786 0.04818452885594056 0.039136911069925694
2 0.40028775371301506 0.42441473447572137 0.05837798439090332 0.06290179328391084
5 0.4563591936388812 0.5106449003549705 0.05950397477225664 0.0504563569862416
2 0.4220511702252364 0.60074162149903 0.05810516587924912 0.05508929328391084
4 0.4721727105139223 0.6953472825689556 0.06057540145127884 0.03644842068857255
7 0.3718949467189242 0.7956250463639537 0.040099210344286186 0.0310515925582715
2 0.42707352003990184 0.8115972759455337 0.06720734736759475 0.04760417549789579
2 0.343164800709941 0.8890377404661713 0.049637901451278846 0.03606647477225664
2 0.3843255140494521 0.8834524285779388 0.053090283665263985 0.04555060217691818
2 0.22865334509016014 0.5370263179635002 0.09864088584218215 0.09864088584218215
2 0.35804817921091103 0.488484668959292 0.06128472958157989 0.056760920688572546
4 0.3560640716765152 0.6327703822988031 0.060902783665263985 0.04582342068857237
7 0.38130466305366023 0.7522569922802698 0.04473214664195542 0.02965278366526398
4 0.443859226755991 0.7560020403735039 0.028943455534962935 0.02441964664195524
4 0.48625505788151707 0.7410962921876024 0.052926592558271326 0.04086310217691817
2 0.1642014978073833 0.8141220421027846 0.0747668762235354 0.08532243030721957
7 0.21655022620783693 0.9501612350238755 0.05092758293962456 0.02830853847458741
4 0.1476018187661083 0.9845858203257528 0.024637901451278844 0.030828359348494417
2 0.15638153020670292 0.612532260251619 0.051746038474587405 0.051746038474587405
2 0.08124263175064898 0.5389012980932343 0.06917164065150563 0.10385417549789597
2 0.6263591803920374 0.41826397131369547 0.05783234736759475 0.04727679328391084
2 0.5299405373782791 0.4726389580668515 0.08732143992586625 0.08732143992586608
2 0.5793428258528663 0.5243031509879426 0.07227679328391083 0.058705366604888454
2 0.5173388775742978 0.6703944117877159 0.06435516587924912 0.05530754809323426
2 0.504506516959859 0.5263715932760615 0.0804166754978958 0.06835318511654283
4 0.3060789737607662 0.7878646208660578 0.04053571996293304 0.043551592558271325
1 0.3360764978073833 0.8201240493591786 0.03686508293962456 0.027817465153609788
1 0.22391377058805606 0.6024057813030113 0.03217758293962456 0.02765377404661713
2 0.019930587200793805 0.23556547776748143 0.024910719962933103 0.04300595553496285
2 0.15464787149902995 0.406473233209777 0.06769842068857254 0.06166667549789597
2 0.21528527113621024 0.4000074676006804 0.03930060217691826 0.052872028855940556
2 0.36248516414996856 0.34740580117327713 0.044623019237293705 0.026527783665263982
4 0.03917660580511531 0.13870040145127885 0.060575401451278835 0.03644842068857255
4 0.7964831966341063 0.48584831931426253 0.0551438569862416 0.05966766587924912
2 0.8542510566155727 0.5089336444493388 0.06797123920022656 0.06947917549789598
2 0.8114212050716267 0.5784450470817439 0.059831356986241604 0.059831356986241604
4 0.7581597958157995 0.5726836312024949 0.032232146641955416 0.02921627404661713
4 0.9154316371929447 0.6967808740309187 0.04785714664195524 0.029761911069925696
2 0.9376464322909539 0.7966543884588889 0.061974210344286365 0.031815484390903495
4 0.7753994034350133 0.7535343271188107 0.038318455534962756 0.024747028855940555
4 0.7645090326537736 0.799191567500164 0.01940476442797028 0.01940476442797028
2 0.6627084635939651 0.9847904673266032 0.04823909255827132 0.030419065346793416
7 0.1751265518062493 0.4789757157865818 0.04086310217691826 0.052926592558271326
2 0.05826394482000765 0.417152783665264 0.04963790145127882 0.03606647477225646
2 0.0876166281224519 0.4532911803072194 0.04155258293962456 0.02798115626060227
4 0.03174113955519729 0.5067410733209777 0.02965278366526396 0.04473214664195542
3 0.13859625244707072 0.17026291469812274 0.08850199400955021 0.07643850362819707
2 0.02935271641955405 0.2819320462791357 0.039935519237293694 0.026364092558271414