7 0.7272415682122391 0.365026904584035 0.037656508897248565 0.044280621018452496
7 0.7813387495800705 0.8319182729716517 0.04903967787060939 0.05585515785015538
3 0.28329920311666135 0.5831211260683629 0.07547484387822045 0.0542772472985769
3 0.6747306053212891 0.9317068993929503 0.06342051285158128 0.0644867052052021
7 0.4072633547526355 0.12504185751133706 0.03446784190105419 0.04253611049510884
7 0.6589014506080224 0.19893219674799698 0.02710101087441501 0.05301858418674961
4 0.48258025600586113 0.8449140127306567 0.043872016805913995 0.08205363680346807
4 0.3572247703403172 0.905420331273565 0.03861151384016441 0.0677181210184525
4 0.9697075939154015 0.500734704358156 0.031117348821136658 0.07507559471009326
4 0.38891389726171194 0.3250572680629157 0.05248301285158128 0.06384966837349922
7 0.12117861612134195 0.16215763673288092 0.030671679847775656 0.06413809471009327
7 0.3617093404925415 0.8433298549510884 0.04071784190105419 0.042900131541796324
3 0.31844618285070625 0.48930250761015903 0.04300985376405224 0.09915013154179633
3 0.7371961132299545 0.9620493983598811 0.03825868676785795 0.07590120328023779
3 0.8381272604544854 0.8866659571301664 0.03924818380210837 0.0833431210184525