7 0.7032567187123175 0.2726645188206468 0.044280621018452496 0.03790241439185813
7 0.24786283439851112 0.18557566522042768 0.05585515785015547 0.04934933664159917
3 0.36186181910760573 0.7030627640631358 0.052805752560248734 0.07725601282028158
3 0.11735701606736422 0.2859288837888963 0.06283319994353027 0.06214043507002263
7 0.8564910506211671 0.6114615374318967 0.041064615756780755 0.036194365177646404
7 0.852021171427858 0.35377747002071985 0.054581084186749604 0.02747433664159917
4 0.15258334257336753 0.4837456455757206 0.08196263154179624 0.042774004962398846
4 0.05664994531714294 0.6058625481807545 0.06928062101845253 0.039066808105551944
4 0.6331163368881727 0.01881823490791604 0.07654708944842134 0.030055681141081154
4 0.6497783190370185 0.6156354228734228 0.06550317363517096 0.054473484284234354
7 0.7392833508893983 0.8981867495902245 0.06579159997176517 0.03267125889134022
7 0.12048493216296333 0.6067850392894142 0.04290013154179624 0.040954639784752445
3 0.4640081480326835 0.674931301904808 0.10062162628012442 0.04208480024766903
3 0.09319074495008965 0.2192700767168017 0.09878611049510884 0.03732452564056317
3 0.209361047496221 0.12425932961228583 0.08490562101845249 0.039794554176610444