7 0.7170150376092369 0.3112140701010411 0.043233174452321776 0.03691942496187508
7 0.2659419340857401 0.1975782891345831 0.056096887305303156 0.0497103656913195
3 0.37481654810058523 0.7220308156357288 0.05379024122451135 0.07776263050895835
3 0.13598399795493593 0.2903859978157985 0.06431856426490726 0.06395470364722229
7 0.8669418636191338 0.659048892005034 0.04162521034569906 0.035320557370694415
7 0.8635059412118761 0.4014909651432978 0.053852425705962756 0.026236498100139016
4 0.1684003782006101 0.49105749183187486 0.08247753087881238 0.04407861474138901
4 0.07289399841715435 0.6072656797115277 0.06827863855894437 0.03906380642076392
4 0.6495620793086021 0.05358471447770778 0.07430131802583091 0.03139677678548618
4 0.6626180764721152 0.651313046449687 0.06560827962517131 0.05461607123840295
7 0.7495424488002305 0.937375873387673 0.06497178213245362 0.032741071238402954
7 0.13601612404397498 0.6112615422687151 0.041761602665567034 0.04000805737069442
3 0.4777513314866801 0.6993362384134023 0.09961956677218975 0.04291615824437507
3 0.11220316864633392 0.22223606307027768 0.09635817445232168 0.038155923062014006
3 0.22718096245727004 0.13446134650527758 0.08546613855894432 0.03946384992375007