7 0.6394024557680636 0.7186259042768677 0.049201159090609535 0.04544147477225664
7 0.16586554424182215 0.6961234879342825 0.06032957386326192 0.056760920688572546
3 0.47461066761532145 0.22936997523559272 0.06076595048646727 0.08176092068857255
3 0.0790667479747004 0.5695461189671412 0.06997730925276531 0.07271330290255769
7 0.9169133957012242 0.4309795382201333 0.04443183847375849 0.04059028366526398
7 0.8134808839333967 0.6758505833181427 0.05528751785690744 0.036284729581580064
4 0.18763104464556396 0.3885193190598084 0.08527502678536125 0.05450893992586625
4 0.14241577638161942 0.2503397619808996 0.07272047970746054 0.0509474303072194
4 0.4746193867760658 0.9445584656169459 0.07727161201270896 0.04329862141421188
4 0.7194850166423867 0.380096628416152 0.06978639448011278 0.061775802902557686
7 0.9143374151796895 0.13125235673178764 0.06786933847375849 0.04140873920022683
7 0.20305326745316568 0.26539927758999615 0.04610343262955983 0.04689484736759484
3 0.5635134805215347 0.2801388123515685 0.10248980032431163 0.05667164065150558
3 0.04003507021310922 0.6281051526324052 0.08007014042621843 0.05316469473518968
3 0.10489108807331197 0.7450991904740204 0.08678297970746054 0.05143850362819702