7 0.6387715779076195 0.7250298754814745 0.044070904567984216 0.03618293969514959
7 0.17331699627041372 0.748892538834828 0.057144114653892554 0.047193162567786474
3 0.42674512720550706 0.2674072312604522 0.05384869629109836 0.07372839149054773
3 0.07456631501732074 0.6350022347764936 0.06577548620519007 0.0628636143631848
7 0.8805617667354859 0.4208746823684792 0.042344630257724704 0.033048849336070066
7 0.8051235962249852 0.6673860680052945 0.0528726944820761 0.02529998184962743
4 0.16317619290019633 0.45030504791001424 0.08189845318850333 0.042651108313060605
4 0.10430688319840087 0.3210170028286704 0.06759029172311407 0.03788179508134393
4 0.4999260046381567 0.9586685563960256 0.07499335594746519 0.030114746876741805
4 0.6821176226829513 0.39002361640628813 0.06520227611928178 0.05192611436318471
7 0.8464511968569252 0.13230708605747127 0.062493355947465544 0.030042024004105095
7 0.16639744742275211 0.32919311719185507 0.04259029172311406 0.03773634933607006
3 0.5183660611721335 0.30857765280522925 0.09900406603337367 0.04118860226293632
3 0.04121486233684384 0.6965028161585828 0.08242972467368768 0.036492011903856536
3 0.1181481394184373 0.8024942618056607 0.0846959045679843 0.036419289031219645