7 0.3271220779642436 0.21719418129346937 0.047120439695149674 0.04409750988583179
7 0.8123646863755001 0.21226932897511083 0.05968407220870695 0.0555443458553869
3 0.5331287217924825 0.7042299717881985 0.058276108313060605 0.08204317885919252
3 0.910757255460949 0.3348526417129613 0.06757838544042372 0.06992518083635879
7 0.0663537913689108 0.5255464866541272 0.04396816861791084 0.03928267589344294
7 0.15239478873663215 0.27119988486724117 0.05643180718159235 0.03354201186299814
4 0.8126248033709633 0.5256142459713052 0.08465680113146803 0.05187551779449713
4 0.869688390508589 0.6631659841083071 0.07057612041330899 0.04817751482874755
4 0.27210434250037896 0.5656117766545646 0.06752384328594588 0.06055018083635879
7 0.09234516138943624 0.8292471482131141 0.06583407825883118 0.03861151384016424
7 0.8063253272768727 0.65168199745418 0.04400453005422946 0.04553267589344294
3 0.4383065803019347 0.6580818250579592 0.1034158914905479 0.05420202174882984
3 0.9524033582148647 0.27294554931761555 0.09519328357027064 0.04925985376405233
3 0.8698817497054124 0.15913240011591834 0.0877727107723885 0.050440351786885926