7 0.69765625 0.30390625 0.03203125 0.03828125
7 0.77265625 0.759375 0.04140625 0.04921875
3 0.271875 0.58359375 0.06953125 0.04296875
3 0.671875 0.8734375 0.05546875 0.0546875
7 0.37265625 0.11171875 0.0296875 0.03671875
7 0.62265625 0.14921875 0.0203125 0.05
4 0.4796875 0.815625 0.03359375 0.07578125
4 0.359375 0.89296875 0.03125 0.0625
4 0.9421875 0.40390625 0.021875 0.07109375
4 0.3640625 0.3125 0.04453125 0.05703125
7 0.0921875 0.190625 0.0234375 0.06015625
7 0.3609375 0.83125 0.03515625 0.03671875
3 0.30234375 0.48671875 0.0296875 0.09375
3 0.7359375 0.90546875 0.0265625 0.09296875
3 0.83125 0.8046875 0.02890625 0.07890625