4 0.9134646619332786 0.18125235673178763 0.06679776217486477 0.06947917549789598
4 0.9116161952147568 0.5108034474759605 0.07735343262955965 0.04798612141421188
3 0.671926403818899 0.5550891939325815 0.09920115909060953 0.04718751324684387
3 0.6776850746773361 0.269905662081416 0.05594208279171564 0.07378472958157989
3 0.6072128875835494 0.3262399968351391 0.05728639448011279 0.061339293283910835
3 0.3633577475676633 0.3855059025475872 0.04338753571381497 0.07022321996293304
3 0.43297477232442966 0.4228942859426986 0.10695911201270877 0.04433533175849824
7 0.6853497500032952 0.45702371616509996 0.04117047077900686 0.032668656260602266
4 0.3107958092560606 0.3998337865756708 0.058739800324311545 0.0551438569862416
3 0.07148825284596436 0.7353348100741337 0.06501707386326187 0.05692461179556503
4 0.9785499196439164 0.12042149493622253 0.02748980032431163 0.05405258293962456
7 0.6104544845787245 0.09579852868630452 0.058303423701106104 0.030143856986241647