4 0.860105732144215 0.13795996214713063 0.06599770472226432 0.06444429508134393
4 0.5378449127641783 0.07186837129707169 0.04262383723582168 0.07524543969514967
3 0.4552677203385542 0.30046606996921177 0.03962610226293641 0.09710225897699036
3 0.7362041029503074 0.35273605533488067 0.07061248184962743 0.05197156615858276
3 0.6686802596643615 0.4109394407753042 0.05655907220870695 0.05345225292686617
3 0.5712547720591974 0.6404047478587007 0.06741475897699054 0.03945338544042354
3 0.5459189496540987 0.5639922387835143 0.03654655405833438 0.10489657825883114
3 0.8037471687161067 0.02266676025353668 0.04541249394987581 0.017451120413308912
7 0.5536643137226959 0.3069246273471959 0.02991475897699054 0.0392352168225127
4 0.5490934257481894 0.6897507628858153 0.05032725292686635 0.05654089149054773
3 0.18171905250621023 0.8582887020899858 0.05347952400410509 0.061246572208706954
4 0.930727304352922 0.08442589598854784 0.053261355386194253 0.023746572208706997
7 0.8949836844305924 0.45415258870875963 0.025336343285945872 0.05795794574527378