4 0.12315560213684162 0.8249655920399654 0.0659719924781526 0.06711607123840295
4 0.10352008590601258 0.4989479526972917 0.07631845909205773 0.04705814437666671
3 0.33751700118713424 0.46457752516996553 0.09810253087881238 0.044442290653194404
3 0.3504335044858395 0.7474991279435071 0.05517088479802066 0.07154899810013901
3 0.4167882787007343 0.6936123681598614 0.05632420783841656 0.0575228656913195
3 0.6535010170222518 0.6452521758148964 0.042579956584775404 0.06813305737069442
3 0.5828558964099961 0.6053525680073616 0.10738660266556703 0.041535496200277855
7 0.3302022578510518 0.561997385827292 0.04148881802583091 0.030633057370694418
4 0.7054810541692704 0.633970490119445 0.05775031551854841 0.052871733282499986
3 0.9209335917785072 0.31108242324944524 0.06252874373179367 0.05610583605604171
4 0.06240597024181484 0.8836671383927431 0.02650031551854848 0.05214438145888885
7 0.42813627032095714 0.9226277209334031 0.05858538981258565 0.027908100873680654