4 0.9312575028393738 0.2620051122413713 0.06838753571381488 0.07148768083635879
4 0.9189343754020942 0.5847104417851359 0.0789977532464107 0.053183349809719616
3 0.6825565446389734 0.5945961418616855 0.09928297970746058 0.05244852076024671
3 0.6971921943973873 0.3149232293141154 0.05909435633066593 0.07579317885919253
3 0.6261763108743231 0.3612132974891734 0.06041139448011279 0.0617943458553869
3 0.38376666842280505 0.38334432958094555 0.04651253571381488 0.07059634288963741
3 0.4517178275134146 0.4298320104173044 0.10706820616851012 0.0512043557412186
7 0.6980803587630027 0.49998397881982387 0.042760244317956976 0.03453150889724874
4 0.33235417288703195 0.38983706870653057 0.06035684740221221 0.0586693458553869
3 0.08534239975182341 0.6850235988211364 0.06507162094116259 0.060422846843970035
4 0.9910983327917157 0.21064554208914701 0.017803334416568718 0.053952670950527096
7 0.6370517609570486 0.13447438395302014 0.05992047077900686 0.033669345855386855