7 0.12118125558608046 0.6170045919796373 0.055924668320799585 0.02719884667409058
3 0.13474510360021913 0.4599006166454555 0.09564213978475226 0.041715880012726636
2 0.10852505190480806 0.5031511773154099 0.06788101282028158 0.04920111600890866
2 0.0805884505809005 0.3988454853198643 0.10774403349844601 0.0668431493475448
2 0.02339238068852436 0.8729375133275002 0.04678476137704872 0.06662497334499946
4 0.12112548180754412 0.9199659599777282 0.053309090570540583 0.038099984006999675
2 0.0896186166298977 0.9593739053150918 0.09386131596343472 0.037010198679181275
4 0.05978568321250496 0.6778426419875915 0.029362168320799586 0.026889764003817974
2 0.16648513937497675 0.7507796079726375 0.04309933664159917 0.05359771467218159
2 0.16627973987031477 0.5540136959739103 0.049892992142117135 0.03181362133990877
2 0.19058203474130028 0.38429154197168314 0.054871590570540585 0.03811816534054513
2 0.0682618866843804 0.24438525198918234 0.058976893713693725 0.025672709341181488
4 0.16561422973612033 0.16595062197645563 0.0862329065339753 0.07440111067790856
4 0.12313993941324877 0.10554038064927354 0.06428513192686944 0.07258407200827235
4 0.07572128391273077 0.0842290019891823 0.05530823821317572 0.04749316534054513
4 0.24480703846535395 0.7959370192950472 0.06239299214211709 0.031959072008272395
5 0.19042129136083807 0.9074472313017289 0.03990156203449331 0.05199885200509087
2 0.232441817415686 0.9608353132956836 0.03924659057054054 0.037936352005090865
2 0.3867504818075441 0.9168751332750027 0.0369948858558109 0.056649989337999786
4 0.2375639268023642 0.699979629296638 0.040517992142117085 0.03170453333863606
2 0.31761960794344535 0.6240887439529113 0.06268409057054054 0.03820907200827239
3 0.4621187787454442 0.5560370832670485 0.03794095574818712 0.07696248933799979
4 0.39552413006935183 0.6614427459420936 0.052872442927905536 0.028724984006999677
4 0.38401089537083277 0.573343309277548 0.06573631596343477 0.0366829346753633
4 0.4141950091007371 0.4785120672740482 0.08052656203449331 0.052471566677272284
2 0.3003016370986652 0.3923847579567292 0.046224336641599174 0.0536340773392725
2 0.24657301551087793 0.45625690129695623 0.049456344499482 0.02243862133990877
2 0.45363226819696506 0.0202199513049104 0.07398546360606986 0.0404399026098208
4 0.34444555107623853 0.19900692795195676 0.028381865177646404 0.03937158267027252
4 0.5184587857747577 0.285215505927776 0.06090326674922295 0.03350339067472685
7 0.33118572580717887 0.1484074912874112 0.06402826674922295 0.03353975334181776
4 0.3817913856509231 0.3359978506126843 0.042080492142117176 0.031722714672181594
2 0.47752987882649756 0.20838992393382122 0.102037688998964 0.04491360534690845
7 0.46888477895033204 0.15929844326863934 0.05389128742738745 0.05059998400699968
4 0.6410123360224266 0.185405315245095 0.06475601282028158 0.0491647533418178
2 0.5458668099675787 0.13263539859168527 0.0635573858558109 0.05695907200827235
2 0.5072259950376012 0.07374220393063954 0.07718323821317571 0.04774770401018134
2 0.7812713089341214 0.2251570638924595 0.12722177956950453 0.08268632535009016
4 0.822555588503626 0.14347071188736882 0.07358735731976367 0.07113066000954502
2 0.9032019669158388 0.20577926054268753 0.053309090570540715 0.038099984006999675
2 0.9342208345746845 0.12655483720564226 0.06573631596343468 0.03668293467536321
2 0.8774977996284964 0.13736561521327822 0.040517992142117265 0.03170453333863614
0 0.7863526071148759 0.31723547589118684 0.17969611621110354 0.13639312802354436
2 0.8381995117913335 0.9811156152132782 0.05080052067816467 0.01776930267345449
7 0.6617291728734227 0.6794274879058225 0.07362159057054055 0.038336341343090476
2 0.6819581280024372 0.8486314739020046 0.15236732878371625 0.08610222668681722
4 0.8498861825933325 0.9146093678787783 0.03612159057054072 0.03789998933799978
4 0.7790086023618741 0.9443246872215505 0.06642982878371625 0.08510225334181776
4 0.7807209596816376 0.8740303685550959 0.06428513192686935 0.07258407200827222
4 0.9064679764308607 0.8397724525382332 0.04178939371369381 0.025472714672181596
2 0.8769838376795656 0.7854576698759148 0.0721318651776464 0.03988066000954511
2 0.8016199646440365 0.7941428738860962 0.0580693651776464 0.03971702800763595
5 0.6846507884653539 0.7908189739020045 0.06886131596343467 0.03671929734245403
6 0.9048027766785296 0.741407677872415 0.06155823821317554 0.04756589067472685
4 0.9079407009951852 0.5399179032065968 0.06733735731976367 0.0710579346753633
7 0.769873466710951 0.6039905885582777 0.04705909057054054 0.038027258672817865
7 0.8416521133201289 0.6890462938813237 0.0818365049623985 0.08059656667727229
4 0.6866884774643179 0.7470689739020046 0.08052656203449331 0.05247156667727211
4 0.8278379780834904 0.49946617321773257 0.058433238213175545 0.04752952800763595
2 0.9544582901179837 0.44645825720086973 0.040372442927905185 0.028579533338636054
2 0.9237027497951121 0.3859116558720968 0.0580693651776464 0.03971702800763603
2 0.8963247665443352 0.3534355105426875 0.021840766749222952 0.033048857336090795
4 0.5946830297789015 0.459233713916322 0.04691354135632899 0.03490225867281786
4 0.6701218314743127 0.41541044123968607 0.04215326674922295 0.033285214672181596
4 0.661172824649887 0.28902066390836784 0.046224336641598994 0.0536340773392725
4 0.6584416228306414 0.3811899825748224 0.08263271753501122 0.03063292934436319
2 0.6606612483473702 0.3335337325748224 0.04705909057054072 0.038027258672817865
4 0.6099825823028822 0.7175092905792768 0.06133991439185813 0.04287839067472703
4 0.5544410576957762 0.71971722792014 0.04015411910658777 0.023892033338636053
7 0.5523969065384845 0.8641939339195037 0.03946491439185813 0.04262385200509087
4 0.4725831280024373 0.851067772597094 0.05585189371369381 0.02563634667409076
4 0.4402051215922964 0.875650149268003 0.04629711124870504 0.05519657733927232
2 0.4244966925181298 0.7602705972708665 0.056035984284234355 0.06311816534054522
2 0.3889230655536592 0.7528762679424117 0.04564213978475227 0.041134077339272504
2 0.2495802373891154 0.5928665632956835 0.055162688998963996 0.04436816534054522
4 0.5599355405322685 0.60174847792014 0.07972604135632899 0.03528406667727211
4 0.5879920740307145 0.5358325765834129 0.06224744292790554 0.028834072008272392
2 0.023803411291486245 0.5159971699952275 0.04760682258297249 0.05863066000954511
2 0.8312283436754218 0.6110849258832326 0.06443068114108108 0.07570907200827222
4 0.015492143508805938 0.7588022879933185 0.030984287017611876 0.03163180800445424
4 0.31649602543567534 0.29615464795513846 0.04327911910658786 0.023928396005726958
2 0.5130219991759397 0.6366507365929579 0.06170378742738745 0.05069089067472685
2 0.5663096650155399 0.6493047305856401 0.04724318114108108 0.07550907733927233
2 0.1717312574481073 0.8225546106381376 0.06780823821317572 0.04763861600890849
2 0.953264087055884 0.08651109253664235 0.03575771753501158 0.030087489337999783
5 0.09147460070473501 0.34952673798536427 0.052328787427387446 0.050581802673454315