7 0.788231164990798 0.6929853774405749 0.05705008700597229 0.03535684740221221
3 0.829258821335312 0.5407683125057667 0.09654899810013902 0.0547886858759707
2 0.8398865435998953 0.5874387609636391 0.07162173328249999 0.057477309252765355
2 0.9021702976839577 0.4949824797140511 0.11279224715020816 0.08162392126547413
2 0.8156787920812839 0.9564614963531426 0.09665810087368065 0.0594761858759707
4 0.684882733760659 0.972801336855496 0.05694098423243048 0.03066934740221221
4 0.8263474544097216 0.7665086521973412 0.03194098423243048 0.030232970779006864
2 0.7004200808346173 0.8085342853133686 0.04818423328249999 0.05706820616851012
2 0.7672478241851037 0.6215058437553548 0.052435322188333446 0.03840002678536116
2 0.8023709726458328 0.4545541229763481 0.05883079255305575 0.044759120941162675
2 0.964091682276979 0.35099097200341334 0.05545121941479181 0.03376707386326192
4 0.9007760243169443 0.2529177106393276 0.09255248233256949 0.08439436525911966
4 0.9612238682567706 0.20578756615921473 0.06904224715020817 0.0808602621748646
4 0.6100490007624992 0.8327587638030132 0.06497168977951392 0.04018071509696384
5 0.6244543800371867 0.9519900048745592 0.045022865691319504 0.055451159090609534
2 0.566005447191527 0.9803428758157218 0.04106141109416654 0.019459112012708602
2 0.43324880499906177 0.9131571501654511 0.043569468464861136 0.06011138555165907
4 0.6496037696642007 0.7438229488682049 0.04298758700597229 0.03511138555165925
2 0.5994420751350342 0.6509866124230412 0.06664329255305557 0.044895488635914305
3 0.48385540235736063 0.5507020146137919 0.04716724715020835 0.08047843262956
4 0.5123778330188189 0.6673440438347851 0.05548758700597212 0.03532957386326192
4 0.5532950801690273 0.5869747053610266 0.06820579255305556 0.04492276217486459
4 0.5563674884134023 0.48852356859155144 0.08423083605604162 0.06238299756436803
2 0.6950494351267704 0.4353422471639215 0.051345600873680654 0.05868525324641087
2 0.7245537907501037 0.5097967763849147 0.05065461664125 0.028997753246410872
2 0.6777243032866319 0.03893089732607728 0.07794446846486114 0.06071140340856666
4 0.7183090164331596 0.2412649646965174 0.030633057370694418 0.0411431972400564
4 0.523740745631597 0.27980313352635955 0.06340918977951393 0.04015344155801355
7 0.7498142427818054 0.1962018806869858 0.06657055737069442 0.04177048863591426
4 0.6366388295034372 0.3613922784135096 0.04302395459715278 0.03667388555165925
2 0.5876954492788192 0.216212191968346 0.10287173328249999 0.05802278003177204
7 0.6137319256274651 0.17124456534514054 0.05755923328249999 0.05723184740221225
4 0.43996777051722213 0.15475431493810343 0.06842399810013902 0.054297762174864594
2 0.549143401976111 0.1278588039810548 0.06711607123840277 0.0652079886359143
2 0.6072293121203471 0.0815508198093674 0.08099673328249998 0.057640950486467356
2 0.29383765292604147 0.15886689082996025 0.1335047906531946 0.09916597727182852
4 0.282611171827743 0.07081746591103813 0.07994337955902786 0.07948867694751698
2 0.18408209963940964 0.11002206209543437 0.057268292553055565 0.044731847402212255
2 0.18134026576756943 0.026510132712285396 0.06820579255305556 0.044922762174864614
2 0.2315396343086805 0.05062374269639934 0.04302395459715278 0.03667388555165918
0 0.25669936920670117 0.24463679545634287 0.19106402393569458 0.15639782467404081
1 0.04059832446944408 0.8991136099841139 0.08119664893888816 0.051772780031772214
2 0.002608015198888533 0.8630630616883973 0.005216030397777066 0.026998876623205346
7 0.25267683111895783 0.6187737248394919 0.07609102773541672 0.0481841298696164
2 0.17485768959208267 0.7747567179396331 0.1586502610179168 0.10585235389503396
4 0.005824587387221898 0.7950534013799718 0.011649174774443796 0.0411431972400564
4 0.05069218455808957 0.8417414407472347 0.07398432028847231 0.09187958279171582
4 0.07256849097885351 0.7741993847408803 0.0706047471502084 0.08088753571381488
2 0.024557710012395564 0.6658471424515181 0.04911542002479113 0.04955571509696384
2 0.0806914219246522 0.693621540585079 0.06046602773541672 0.047911394480112966
5 0.19333623907899247 0.7189879590111793 0.07133079255305556 0.04497730925276535
6 0.01578277526687475 0.6167920336852201 0.0315655505337495 0.05391593262955983
4 0.0650534638121177 0.4260346201303837 0.07365701196784728 0.07781708279171565
7 0.17529867315892317 0.5209459253259592 0.050945557370694505 0.041497753246410876
7 0.07776840330729118 0.5843419979714051 0.08801045269729176 0.09056254464226861
4 0.20523748024527722 0.6773907942385269 0.08266833605604171 0.06235572402541774
4 0.15451600731510381 0.40729252841021424 0.06057513050895835 0.05259889448011279
2 0.053336673443263614 0.32549883198093676 0.04291485182361114 0.031986385551659155
2 0.10290156876986087 0.2762158522734762 0.06046602773541672 0.047911394480112876
2 0.13940276643315952 0.2513698108776184 0.02580008700597225 0.03481137662320544
4 0.3914704934473955 0.4265844504897626 0.05090918977951393 0.039935253246410875
4 0.33431326329902744 0.3658884582004004 0.044622822188333355 0.03826365909060954
4 0.3862595826375692 0.24784184172346468 0.051345600873680654 0.05868525324641087
4 0.35686106373586773 0.3366003786550956 0.08212282218833344 0.03891822402541774
2 0.37119697388010386 0.2910560535740177 0.04941942496187508 0.04303297970746058
4 0.28823181820118 0.6681327966741588 0.06366376291777787 0.051090941558013546
4 0.3409749584937841 0.6836117463498473 0.041279616641249996 0.02883411201270878
7 0.29402461046989514 0.8218754054404569 0.04327852773541672 0.04761138555165907
4 0.37431152251399236 0.8282833181845144 0.05701371941479172 0.03379434740221221
4 0.3970034868947909 0.8599054651002593 0.051381968464861136 0.0602477532464107
2 0.45098443170829794 0.755099188314898 0.06097517401194459 0.06978639448011278
2 0.4884480641171175 0.7560071233800899 0.04792966014423605 0.046130706168510116
2 0.6746966482732981 0.6387399825534249 0.05897626291777769 0.05100912094116268
4 0.37640592505878423 0.5705390020318901 0.08226829255305557 0.04516822402541774
4 0.371774282866319 0.5011168461876915 0.06333645459715279 0.03702844155801373
2 0.9296023538203814 0.6249193957045195 0.08281380642076393 0.06860572402541756
2 0.11459756250159678 0.5118533433450224 0.07220361474138896 0.08247730925276535
4 0.8422796193036104 0.8536950064994123 0.03833645459715278 0.03659206493480838
4 0.7113303581887844 0.33978428531336846 0.04440461664125017 0.028888659090609538
2 0.4089450149145481 0.6152651209444578 0.06540810087368065 0.058930715096964015
2 0.35274956630131893 0.6139032183466702 0.05494337955902786 0.07905230032431163
2 0.6699682082094437 0.8754450957839497 0.07154899810013901 0.05435230925276535
5 0.9087846268061455 0.44566827232772493 0.05755923328249999 0.05723184740221221