7 0.359375 0.1625 0.021875 0.05234375
3 0.5140625 0.1578125 0.034375 0.090625
2 0.4703125 0.1375 0.04296875 0.06171875
2 0.5703125 0.09765625 0.0578125 0.1
2 0.10078125 0.07421875 0.0578125 0.0828125
4 0.0625 0.19765625 0.03359375 0.0484375
2 0.01875 0.1703125 0.0375 0.090625
4 0.29609375 0.109375 0.02578125 0.02578125
2 0.23046875 0.22265625 0.04921875 0.0359375
2 0.42421875 0.2 0.028125 0.0453125
2 0.59140625 0.20390625 0.034375 0.05078125
2 0.721875 0.06796875 0.021875 0.05625
4 0.80390625 0.15390625 0.06796875 0.07734375
4 0.86015625 0.10625 0.0671875 0.0546875
4 0.87890625 0.05703125 0.04296875 0.0484375
4 0.190625 0.3046875 0.025 0.05859375
5 0.07890625 0.2640625 0.04921875 0.034375
2 0.02890625 0.3109375 0.0359375 0.0328125
2 0.08046875 0.4578125 0.05390625 0.03046875
4 0.284375 0.28671875 0.0265625 0.03828125
2 0.3640625 0.35625 0.03203125 0.05859375
3 0.43828125 0.49140625 0.0734375 0.0296875
4 0.33203125 0.4375 0.02421875 0.05
4 0.4171875 0.415625 0.03046875 0.06171875
4 0.51171875 0.434375 0.046875 0.07421875
2 0.58984375 0.3125 0.04921875 0.0390625
2 0.5234375 0.2671875 0.01875 0.0453125
2 0.971875 0.421875 0.05078125 0.0671875
4 0.78125 0.334375 0.0375 0.02265625
4 0.70703125 0.51484375 0.028125 0.05703125
7 0.83046875 0.31484375 0.0265625 0.06015625
4 0.64921875 0.38671875 0.028125 0.03828125
2 0.78046875 0.46640625 0.0375 0.09453125
7 0.828125 0.4515625 0.046875 0.04765625
4 0.81171875 0.62421875 0.0421875 0.05859375
2 0.85859375 0.525 0.05234375 0.05703125
2 0.9140625 0.47890625 0.04140625 0.07109375
2 0.78046875 0.76640625 0.07265625 0.1171875
4 0.8625 0.796875 0.0640625 0.0640625
2 0.80703125 0.88359375 0.034375 0.0484375
2 0.8859375 0.90546875 0.03125 0.0625
2 0.871875 0.85078125 0.028125 0.03671875
0 0.690625 0.78203125 0.121875 0.16328125
1 0.01484375 0.86015625 0.02890625 0.1125
2 0.0421875 0.91015625 0.01640625 0.04765625
7 0.32890625 0.70078125 0.0328125 0.06953125
2 0.1640625 0.740625 0.07421875 0.14140625
4 0.109375 0.9125 0.03515625 0.0296875
4 0.0765625 0.846875 0.07890625 0.05625
4 0.1453125 0.83984375 0.06875 0.05546875
4 0.1859375 0.959375 0.0203125 0.0390625
2 0.2375 0.92421875 0.0328125 0.06796875
2 0.225 0.8515625 0.0359375 0.05234375
5 0.221875 0.7359375 0.03046875 0.065625
6 0.2828125 0.946875 0.0421875 0.05625
4 0.4796875 0.92734375 0.06484375 0.05859375
7 0.40859375 0.7984375 0.0328125 0.0421875
7 0.3296875 0.87890625 0.07421875 0.071875
4 0.26484375 0.73359375 0.0453125 0.07265625
4 0.51484375 0.84375 0.0421875 0.05078125
2 0.5734375 0.96171875 0.0234375 0.0375
2 0.63125 0.92421875 0.03515625 0.05234375
2 0.6625 0.89453125 0.03046875 0.01796875
4 0.540625 0.61015625 0.0296875 0.0421875
4 0.58828125 0.6796875 0.0296875 0.03828125
4 0.71171875 0.65546875 0.04921875 0.0390625
4 0.62109375 0.6640625 0.02265625 0.078125
2 0.6671875 0.66015625 0.0328125 0.0421875
4 0.2890625 0.6546875 0.03828125 0.05625
4 0.28359375 0.6 0.0203125 0.0359375
7 0.14140625 0.6140625 0.03984375 0.03359375
4 0.15 0.53515625 0.02109375 0.0515625
4 0.12421875 0.50546875 0.05078125 0.03984375
2 0.2359375 0.4765625 0.059375 0.04765625
2 0.24140625 0.440625 0.0359375 0.03984375
2 0.38984375 0.2859375 0.03984375 0.0484375
4 0.39921875 0.59140625 0.02890625 0.07578125
4 0.465625 0.6125 0.0234375 0.0578125
2 0.45078125 0.03828125 0.0515625 0.0765625
2 0.40625 0.86015625 0.07109375 0.05546875
4 0.21484375 0.0734375 0.0296875 0.03046875
4 0.684375 0.31796875 0.0203125 0.040625
2 0.36171875 0.55 0.046875 0.05625
2 0.353125 0.60390625 0.07109375 0.03828125
2 0.1609375 0.2359375 0.04140625 0.0609375
2 0.92734375 0.91953125 0.0265625 0.03203125
5 0.6203125 0.10234375 0.04609375 0.04609375