7 0.8495956319223673 0.6067645139145265 0.056613626670908704 0.03354201186299797
3 0.8263864932765935 0.45183959197541623 0.09591248400699967 0.05544618676785795
2 0.8548382099379573 0.4920799314050125 0.07094884667409077 0.05755251482874755
2 0.8756057906190478 0.38662576885744243 0.11028406667727211 0.08258168973360736
2 0.9632383192234595 0.8490077051310088 0.05556020401018138 0.07722834486680341
4 0.8695514065484146 0.9069382688574426 0.056759077339272324 0.04604201186299832
2 0.9034718732097783 0.947401442773719 0.09751134667409075 0.058634853764052156
4 0.9138303072485948 0.6617504442565938 0.03159544533736351 0.030960839923887918
2 0.8136115839035953 0.7436450899982499 0.04596702800763595 0.05809634288963732
2 0.8018217505967759 0.5477595870325004 0.05198067067154497 0.03803851087441501
2 0.7670211312858204 0.38141966262193217 0.058321577339272325 0.04610567885919252
2 0.8781960833068194 0.2311888523555396 0.059756808004454244 0.0352318458553869
4 0.7773881086489554 0.16220674760290416 0.09002611067790856 0.0864415187830803
4 0.8148613839910913 0.09885917201347236 0.06807838534372693 0.07930018083635884
4 0.8612733073281366 0.07339359840120692 0.05843066534054486 0.05548067885919248
4 0.740309896562732 0.7961533246752107 0.06291817067154533 0.038484179847775656
5 0.8000474285487327 0.9017613375267921 0.04438634667409076 0.05647017589344294
2 0.7618838098743239 0.9572645796181266 0.03955339600572696 0.04377917490485998
2 0.6074508485439603 0.9290865469948818 0.04129770934118149 0.05946784190105418
4 0.7406558892425495 0.6992464911771135 0.04256930800445424 0.03453150889724856
2 0.6570354145846856 0.6309647233826163 0.06455339600572714 0.044797846843970035
3 0.5099336952578216 0.5772919422422464 0.044659066677272284 0.07990767589344294
4 0.5822530432447768 0.6763780410633828 0.05352498933799978 0.03653967787060921
4 0.5887581292568671 0.5875383755500632 0.06767839600572696 0.04492518083635879
4 0.5523035559357302 0.4961666176413978 0.08352157200827222 0.06431185079830275
2 0.6597262519494114 0.3997147233826164 0.050654528007635945 0.05828734387822045
2 0.7168842239417754 0.4583204022418089 0.05032726400381797 0.030162343878220456
2 0.48409318933004564 0.043955518820261365 0.07556362133990877 0.05149351581733079
4 0.6032869899745467 0.2121709610253267 0.028597714672181595 0.04177100593149907
4 0.43875122795991095 0.3133302599230128 0.06295453333863606 0.04160917984777566
7 0.614052314648319 0.16024104650059026 0.06451703333863605 0.04167284684397003
4 0.5758694199554566 0.35174545558811926 0.04258748933799979 0.036094008897248564
2 0.472509157304274 0.23341726684309502 0.10063634667409058 0.058762187756441084
7 0.4777784599777283 0.18360826783167822 0.055323846674090404 0.05691584486680368
4 0.3107994979710468 0.22604648273697547 0.06624316534054513 0.05579901384016441
2 0.40061652331318276 0.16483175152005583 0.06635225334181775 0.06517401384016441
2 0.4357278673217732 0.10295117543633243 0.07876134667409058 0.05787084980971957
2 0.17575178862986535 0.2783836210642578 0.13077838001272668 0.09903436068413445
4 0.1297494926400467 0.2014736111784261 0.07589088534372683 0.07961851581733086
2 0.05468531063018349 0.27110567885919246 0.055196577339272454 0.045978344866803675
2 0.02634377665500054 0.19408292243340186 0.05268755331000108 0.04441584486680372
2 0.07505290197327395 0.20002651631162238 0.04258748933799979 0.036094008897248564
0 0.1762415899506841 0.3706347880604522 0.1877010893539081 0.1591388725471326
7 0.32148771857100444 0.7181212361970166 0.07552725867281787 0.04836851581733086
2 0.3116934532145509 0.8881154012160447 0.15428860534690844 0.10623936562705012
4 0.151300298536006 0.9691213676042167 0.037954533338636146 0.04059050790866543
4 0.22232132320182424 0.9727928542583438 0.07103975334181775 0.05441429148331238
4 0.21672585120946025 0.9217635479462839 0.06965906667727229 0.08092634783255334
4 0.09113550521168741 0.9002321047526355 0.04251476400381802 0.029844008897248385
2 0.11680821455286887 0.8434382766917456 0.0739647586728179 0.0483048488211363
2 0.19104514588641433 0.8448999590109793 0.059902258672817864 0.04773184585538672
5 0.3061161625557324 0.8300482332312671 0.0708215773392725 0.046615014828747546
6 0.08602183855827772 0.8023211867678579 0.06309998400699968 0.054109179847775836
4 0.07037120858532192 0.6023702663116224 0.07118520401018136 0.07786501482874755
7 0.21046894991250403 0.6534127959691176 0.048910214672181596 0.04259867688202608
7 0.14531556989977734 0.7445524491251476 0.08539315467854491 0.09093801779449713
4 0.3011383085614594 0.7876378987445867 0.08194089067472685 0.06268568380210837
4 0.14673426125877614 0.5554581156270504 0.059974984006999674 0.0539818458553869
2 0.019756327299501556 0.5142999219391102 0.03951265459900311 0.031342841901054186
2 0.0455450259389119 0.45206917737631774 0.0599022586728179 0.0477318458553869
2 0.06940978727722985 0.41630543231923356 0.025399989337999786 0.03539367193911023
4 0.37411492126832113 0.4943773300752371 0.04887385200509069 0.03947367688202626
4 0.2963899106063209 0.45681898026551754 0.044168170671545146 0.03772017589344294
4 0.297862598623502 0.33025648026551757 0.050654528007636035 0.05828734387822054
4 0.30539274061109345 0.4220128987445867 0.08166817067154523 0.03924818380210837
2 0.3012506806174568 0.37494689775600354 0.04892839600572705 0.044161176882026164
4 0.37503034190009554 0.7515677475657231 0.06306362133990877 0.05098417984777566
4 0.4305627265675046 0.748359175930624 0.04093408267027243 0.028217841901054187
7 0.44139004388132363 0.892618511900179 0.04273294000636341 0.04859400889724839
4 0.5182434452180508 0.8707381947137044 0.05661362667090888 0.03354201186299832
4 0.55238208788196 0.8924513686299809 0.05067270934118149 0.059849843878220454
2 0.5607587565643228 0.7771128701128557 0.05859429734245403 0.06954317885919252
2 0.5952792072326865 0.7660135440291324 0.04738407733927232 0.0456600098858317
2 0.7223246072565489 0.5953256537246837 0.05683180267345413 0.052292011862997964
4 0.41785473591664013 0.6313799229648744 0.08017839600572714 0.045434516805913996
4 0.38574221725813984 0.5698866660447923 0.06133748933799978 0.03685801285158128
2 0.9532757099379573 0.4960909521652591 0.08359429734245438 0.07056185079830275
2 0.150149067910595 0.6650241166156337 0.0696954293443631 0.08405134783255334
4 0.9637661252387316 0.7364758716329115 0.03633748933799978 0.035839340912470874
4 0.6373614506285927 0.3065722184397005 0.04407726400381797 0.029907675893442943
2 0.46516554057927684 0.6630092663488034 0.06471702800763594 0.058860346843970034
2 0.4133848645767314 0.6796582554743885 0.052471566677272284 0.08022601087441501
2 0.8127843332272777 0.81473883999825 0.06934998400699968 0.054363847832553346
2 0.007784680657227707 0.15581891847906917 0.015569361314455413 0.03351283695813834
5 0.8621069119589564 0.3376152658916929 0.05532384667409076 0.05691584486680368