3 0.25570753604610486 0.22421875 0.05331068380210837 0.08125
7 0.4277709480622024 0.64140625 0.02710101087441501 0.0515625
4 0.21512507353790333 0.83671875 0.03242518083635879 0.0671875
7 0.8545244490507855 0.63671875 0.025092841901054187 0.040625
7 0.39765631962075176 0.46015625 0.05647017589344294 0.04375
3 0.23180316794759653 0.3890625 0.05809634288963732 0.0453125
4 0.27477996334806043 0.9640625 0.0334146778706093 0.053125
4 0.7486909431192864 0.66484375 0.030480678859192523 0.0578125
4 0.5678322153624078 0.559375 0.05340884288963732 0.0453125
4 0.25855537444993687 0.5953125 0.03510451186299814 0.05625
4 0.4712821620160975 0.4171875 0.028217841901054187 0.040625
4 0.7314583862757539 0.934375 0.05847834486680377 0.0546875
4 0.9377468314465688 0.79921875 0.061985346843970036 0.0640625
4 0.08481671589388048 0.16171875 0.029780341901054184 0.040625
4 0.928997867035563 0.63046875 0.05047484387822045 0.05
4 0.3056624095818206 0.03359375 0.03089717292769336 0.0296875
4 0.5937831976050918 0.2484375 0.04403384288963732 0.0453125
7 0.8642044910655704 0.4375 0.027037343878220453 0.05
4 0.39512818030488617 0.33046875 0.030162343878220633 0.05
4 0.3029380913324005 0.75234375 0.03421317391627658 0.034375