3 0.2616142196991321 0.23494161038785574 0.05345361474138901 0.08215002678536125
7 0.46654594756638945 0.6516320527566484 0.026200130508958353 0.05199887662320535
4 0.27041974923750073 0.8481274030015296 0.0328501740119445 0.06929547077900686
7 0.8936169406325352 0.6473726156595662 0.024383057370694416 0.04103410308425524
7 0.4217204907850351 0.47045419074393935 0.055705792553055564 0.044704573863261744
3 0.2506254343642712 0.40030751176782753 0.057304660144236144 0.04629434740221221
4 0.33975359032753555 0.9741162715087078 0.03248649810013893 0.051767456982584295
4 0.7904016748649658 0.6752464253193686 0.031069468464861315 0.059893197240056394
4 0.6013190314382296 0.570424737414803 0.05265352773541672 0.04777502678536116
4 0.2936708388089241 0.6056632134721108 0.03568423328249999 0.056850017856907444
4 0.49257719823197943 0.42795877353565503 0.027508057370694415 0.041088650162155814
4 0.7943495181392022 0.9455180150109431 0.05752286569131933 0.05566934740221221
4 0.9799492584524657 0.8099192544576364 0.0401014830950686 0.06507162094116267
4 0.08523225123427099 0.17251197402541768 0.02907055737069446 0.0411159237011061
4 0.9668907864722227 0.6416232219902323 0.05120013050895835 0.05243525324641087
4 0.29542225598392363 0.04342231209213908 0.030414851823611144 0.03176819724005646
4 0.6011131307932989 0.25960996834007954 0.04324216014423623 0.04604888555165916
7 0.8866363227570144 0.44811295535114065 0.026163762917777687 0.050436376623205346
4 0.4085639145126391 0.3413706627407622 0.029325130508958352 0.052053423701106105
4 0.35201328172257007 0.7636490373353728 0.03517508700597229 0.034975017856907445