3 0.7553917830841612 0.23375359099312565 0.05378427956950453 0.08241376291777787
7 0.5981338246453779 0.6608758693941323 0.02583906203449331 0.05210801386770836
4 0.8219652386229512 0.8588451631814589 0.03132708271265798 0.06940461664124982
7 0.1619608841986718 0.6624298776591667 0.02383991439185813 0.042696646276527875
7 0.6207600337033338 0.47644697121774354 0.05516268899896417 0.044986498100139015
3 0.785834916044488 0.40146842106524366 0.058360463606069855 0.04662173328249999
4 0.7672135802269492 0.982056292504601 0.03208906203449331 0.03588741499079795
4 0.2709377779123655 0.6899392414506252 0.02940070967712849 0.06155574905006951
4 0.45156273159363797 0.5802044848011114 0.05218323821317572 0.048038762917777686
4 0.7683157380037787 0.611769488219584 0.0354323858558109 0.05701371941479181
4 0.5437951193114756 0.4325138268410768 0.028454639784752267 0.04124324905006951
4 0.30004319685233766 0.9629773511580211 0.05708906203449331 0.05283536569131968
4 0.07915915446255149 0.8282893073706944 0.07009848428423429 0.06406380642076392
4 0.9271169257643976 0.16751426120534801 0.029944365177646405 0.039717116641249994
4 0.08677894768090717 0.6567779832825 0.050766287427387445 0.05112739532659738
4 0.6956956437136936 0.04116539427975753 0.029143844499482086 0.022529616641250017
4 0.41178948635114887 0.2624351033422226 0.04266268899896399 0.044695557370694416
7 0.14543254797135743 0.45835997349885427 0.02583906203449331 0.05210801386770836
4 0.618480442099336 0.3437253901956949 0.02896406203449331 0.05218074905006951
4 0.7290456844463409 0.7739597104841673 0.03441354135632881 0.03513871941479181