3 0.2531957363511489 0.241881323202145 0.08528683664159917 0.0569820541766104
7 0.6691975337033338 0.4323349253546221 0.0543621683207995 0.029036836641599173
4 0.8664234824222075 0.22897867721664894 0.07027826674922295 0.036014582712657714
7 0.6625025014432329 0.8601345936754218 0.043351893713693815 0.02696491439185813
7 0.488108045490158 0.3937926178682428 0.04793238585581072 0.058360463606069855
3 0.4176028387085138 0.22482860215247708 0.04956766046291676 0.05999573821317572
4 0.9833134218354562 0.29439600786239206 0.03337315632908755 0.03506851282028158
4 0.6905482646777992 0.7562625769261986 0.06083049214211726 0.03401543507002245
4 0.5871385126108846 0.570040440656103 0.05091183664159917 0.055381012820281586
4 0.6236195523145837 0.26064401592516273 0.057923815963434676 0.0385573858558109
4 0.4445079028099217 0.4662883560814185 0.04193494292790554 0.03001713978475227
4 0.9611882504097755 0.7507038198968854 0.05894266046291676 0.0604323858558109
4 0.8221194040482669 0.941956020268389 0.06766268899896417 0.0468065334984459
4 0.1910295684446341 0.06704829714729711 0.04200771753501127 0.03157963978475229
4 0.6557666579772081 0.9340451286216098 0.05396406203449331 0.05396406203449331
4 0.059338728493266046 0.2822281490903772 0.03739299214211715 0.032923815963434674
4 0.2752742133966729 0.5814339747737216 0.04891268899896399 0.04593323821317572
7 0.4628471038005976 0.8600383560814185 0.0527996683207995 0.02896406203449331
4 0.3585104367226524 0.384952772954476 0.052945217535011316 0.03208906203449331
4 0.7811088746881591 0.3135955798216828 0.03753854135632899 0.03604881596343468