3 0.7982861507418401 0.3414140865382088 0.08077852773541672 0.050122016805913994
7 0.35033700038124965 0.4365502426228073 0.052071646276527786 0.02397601087441501
4 0.197252940445104 0.1933692925090765 0.06776938145888893 0.027737680836358792
7 0.2693694493757285 0.8578721442959625 0.04109777868534721 0.021967841901054184
7 0.5363836031547914 0.43943911516993983 0.04182513050895835 0.053217841901054184
3 0.6392027446816664 0.2887944694282837 0.045022865691319504 0.05647017589344294
4 0.05798976548322898 0.22992226334587285 0.05221711664125004 0.03022601087441492
4 0.2633032469627771 0.7489282258168932 0.05995688145888885 0.0274193458553869
4 0.403077527832326 0.5896235044858054 0.04643989532659738 0.05028384288963732
4 0.429082862272847 0.27866875844013805 0.05537848423243066 0.031915844866803676
4 0.5642345398001731 0.5195550380976333 0.03960801386770836 0.02502917490485963
4 0.01187587205649278 0.6851708374524299 0.02375174411298556 0.054716674904859805
4 0.09127951054614507 0.9163027737259963 0.06090243882958339 0.06804434585538673
4 0.8942195126334374 0.1842329393136779 0.03964438145888884 0.026591674904859808
4 0.2614101725902423 0.931054976311185 0.04792966014423614 0.047222509885831696
4 0.9778086901607637 0.4230182080967582 0.027217116641249817 0.029207338935304604
4 0.707763721411562 0.6692897357399061 0.04309668977951393 0.04078150889724856
7 0.4662074285741659 0.9010822693145529 0.050509146276527875 0.023912343878220454
4 0.6657256110385761 0.4595672258540743 0.05214438145888885 0.02710101087441501
4 0.2636935984051386 0.2953893903416297 0.03353985182361115 0.03258700692008221