3 0.1927268137226959 0.31015625 0.0799602107723885 0.046875
7 0.6420541271508041 0.42578125 0.05168976502711473 0.021875
4 0.8051637020899858 0.18671875 0.06889544574527377 0.025
7 0.7106571187629889 0.85390625 0.04230567466803503 0.0203125
7 0.4553671934075828 0.4203125 0.04092498184962743 0.0515625
3 0.35471372931554457 0.2640625 0.04406816256778665 0.0546875
4 0.943980762394836 0.22890625 0.05172612646343318 0.028125
4 0.721454239078102 0.74375 0.06108294574527377 0.025
4 0.5841411123200813 0.57734375 0.04559430113146803 0.0484375
4 0.5672182744950843 0.26328125 0.05643180718159222 0.03125
4 0.4236490399149826 0.50078125 0.040770445745273776 0.025
4 0.9803570612868089 0.690625 0.03155907220870695 0.053125
4 0.8899582785021052 0.9203125 0.06131929508134384 0.065625
4 0.09992221106697613 0.14765625 0.039207945745273885 0.025
4 0.7180378267067071 0.928125 0.048710210772388504 0.046875
4 0.010636997269525491 0.3859375 0.021273994539050982 0.028125
4 0.27437068170011786 0.6453125 0.04241475897699045 0.0390625
7 0.5112247453246178 0.890625 0.05168976502711473 0.021875
4 0.3224637898167867 0.4359375 0.05170794574527395 0.025
4 0.73349271428843 0.2859375 0.032994307181592394 0.03125