2 0.864324701463994 0.9376765977840161 0.0831761266709087 0.03365959765100186
7 0.9440185554184961 0.6000880180797027 0.07065794533736351 0.03173338479802066
3 0.783318507439495 0.7595037851684615 0.07694430800445425 0.03504024122451135
2 0.9030048461170855 0.8365172630651377 0.048837489337999786 0.03578438730530316
3 0.9709368527012938 0.5109656821071831 0.058126294597412455 0.05954013605166182
3 0.8537624413589988 0.16428456189063878 0.08337612133990895 0.05084709765100213
7 0.8641635920194082 0.11787256314428003 0.07678067600254543 0.020977741224511348
7 0.8980749680139993 0.07702860279858104 0.042532945337363515 0.030915030878812377
7 0.7241622307844946 0.8471916532734347 0.058230670671545325 0.0376196719450391
7 0.5921218901177218 0.8502521202830513 0.05819430800445424 0.0344946719450391
5 0.8018770560948137 0.675341733835678 0.07220226400381798 0.030216348904643375
7 0.4750236547580867 0.6598437321198183 0.0471477200031817 0.02480142319868044
2 0.7603338987507688 0.5976175506078677 0.055160214672181594 0.04221624373179385
4 0.9034288234006788 0.4699746207452697 0.047438621339908595 0.04980142319868044
4 0.8414100813971789 0.4459892029568656 0.03339430267345413 0.050954746239076344
1 0.8970413687141796 0.3240172630651378 0.03326703333863605 0.04001724623907634
2 0.8726857113701346 0.24579297466447794 0.07383748933799979 0.036511813011266006
7 0.7407004620464523 0.3207511737274059 0.056449994668999894 0.01882420783841656
2 0.7534326547978576 0.9448107993542265 0.06756930800445424 0.034767456584775404
2 0.5126702001113586 0.8056730576674968 0.08949885200509052 0.040091454077492726
2 0.64747027207986 0.5696409662847007 0.055232940006363404 0.04846624373179385
2 0.6625947380649061 0.45900734316516256 0.04780224801081765 0.08105142319868044
4 0.7694714467297699 0.44261180186150895 0.05526930267345413 0.05159124373179384
4 0.24621357069540775 0.20462634936686178 0.06458975867281787 0.04717652837152997
4 0.1331697727164068 0.3626554612036288 0.048837489337999786 0.03578438730530316
2 0.11843839477240423 0.7757237625364123 0.09783861067790856 0.08563127461060631
3 0.1575174340785873 0.5745189637109112 0.08343066534054513 0.055534597651002215
3 0.030517487388588373 0.4062810922407258 0.052162484006999674 0.05306281551854841
7 0.21195203743631344 0.7526834161390514 0.0471477200031817 0.02480142319868044
2 0.4023326841183582 0.860463509237707 0.05510567067154533 0.03752874373179367
2 0.35069526941435986 0.5868728965430101 0.05830339600572696 0.0438696719450391
2 0.3862964147437692 0.5569209720906885 0.05218066534054513 0.05462531551854859
4 0.46557319271163433 0.31781535649299775 0.08012385200509069 0.03981866943775678
7 0.362093109365044 0.22313700547678333 0.05030908267027252 0.028017351411925785
4 0.3762112480505886 0.36183579262380194 0.07245680267345414 0.05209134890464338
7 0.21416578138922474 0.40562655971256073 0.04600339067472685 0.06069345909205772
4 0.04594194537713435 0.32142871912118764 0.08497498400699968 0.05401756175762475
2 0.07317551269095343 0.17683763314866802 0.05207157733927246 0.0452503155185485
3 0.03944430800445434 0.03167589733443297 0.05979317067154523 0.037665136051661885
4 0.022103908696680438 0.2205254486672165 0.03948067067154523 0.03707410266556703
2 0.25391172342454127 0.6647144032069278 0.07256589067472685 0.0614663489046432
7 0.2914860907860854 0.8715039608079174 0.0549602200031817 0.025028743731793666
7 0.28663386409926817 0.7231573890211628 0.02999658267027261 0.02742631802583091
4 0.48061857940799657 0.5362016436400163 0.0471477200031817 0.02480142319868044
4 0.4671907840547247 0.3896676244396864 0.05347044533736352 0.03123327962517113
4 0.6276448366884081 0.1419478752976162 0.03030566534054522 0.053988818025830956
4 0.6161833620703149 0.500215016363843 0.05506930800445424 0.03440374373179385
2 0.8986225973901792 0.3927445310118264 0.07728975334181776 0.06472774122451135
7 0.524380954129494 0.9389712909744492 0.06128294533736352 0.03146060015828454
4 0.20336792544554028 0.8209249507787876 0.06444430800445433 0.03467652837152997
4 0.15909011943026827 0.7096752137109112 0.030069308004454332 0.03367631802583091
4 0.44229132873167887 0.4661990321989606 0.04278748400699968 0.05279003087881229
2 0.9488743993475449 0.0771135193333439 0.0708579400063634 0.04892088479802066
2 0.6964179441040408 0.7464020430860203 0.0942954400063634 0.04960284639736088
2 0.9547431386855447 0.11132939496016452 0.04260567067154497 0.03716503087881238
5 0.4701772346833174 0.10901701801319566 0.038099984006999675 0.05265363855894436