2 0.9189212580590024 0.9135936307784048 0.08401290145127867 0.037266876223535306
7 0.9692150691870355 0.5690598915781779 0.061569861625929076 0.035267866604888454
3 0.8236384959932848 0.7385787618112636 0.0778174651536098 0.03861112141421188
2 0.9505035855563314 0.8100221974759606 0.052926592558271326 0.04086310217691817
3 0.9818403101589517 0.4785068134478768 0.03631937968209655 0.06435516587924912
3 0.8495337524470706 0.13616060074133784 0.08784722958157971 0.05768850362819711
7 0.8564905913771451 0.08898550037851814 0.08045139183263217 0.02465774881887366
7 0.8878298714142119 0.04565216262957018 0.04327877404661713 0.03272321996293311
7 0.770525908877309 0.8303868050951742 0.060739092558271326 0.041135920688572726
7 0.6379316636866325 0.841274719793297 0.060629965153609786 0.03801092068857237
5 0.8363170560674187 0.6536581247879549 0.07452877404661713 0.03381449400955017
7 0.5047669557045988 0.6566318796820964 0.05098214664195542 0.029871038474587407
2 0.7883036528020412 0.5778967221555498 0.05783234736759475 0.04727679328391084
4 0.9235367699550838 0.4409820207969382 0.05336310217691818 0.05336310217691818
4 0.8579018462712863 0.4205901644436687 0.03779266587924894 0.054379965153609613
1 0.9043180000848181 0.2938168441179159 0.03579365626060209 0.041825401451278846
2 0.8750545968194408 0.21740067705754046 0.07787202885594055 0.04017362141421188
7 0.7473413137871489 0.3008629962021669 0.05857639183263199 0.02389385698624169
2 0.8075571721241529 0.9276511854950609 0.07005952885594055 0.03990080290255769
2 0.5543999118725338 0.801170564165667 0.09215278366526398 0.0469146947351895
2 0.6725323198624167 0.5553446542768677 0.059613102176918176 0.0535813569862416
2 0.679595796996926 0.4440252083605517 0.052837312521204535 0.0829960384745874
4 0.7859722825689557 0.4215375947508881 0.05966766587924912 0.0551438569862416
4 0.24050598202865067 0.21218250835270247 0.06887897477225655 0.05078373920022683
4 0.13758685707105967 0.37847468566469694 0.051364092558271415 0.04080853847458741
2 0.15444455189106732 0.7940178401112007 0.10467263103285881 0.09260914065150558
3 0.17860127058805605 0.5898015660645836 0.08790179328391083 0.0592510036281972
3 0.039923172587489064 0.4264707307627063 0.05190972958157995 0.05643353847458741
7 0.2473488145049391 0.7665252679713493 0.050927582939624474 0.02830853847458741
2 0.4478250188587756 0.8627752414776616 0.057614092558271324 0.04102679328391048
2 0.3749678390997103 0.5907663214220612 0.06251984736759475 0.047440484390903495
2 0.4074703150530933 0.5583432018219477 0.0582688569862416 0.059776793283910834
4 0.4700794093406452 0.31289180336589384 0.08266865626060227 0.04346231252120454
7 0.3590203690519592 0.22368794882672285 0.052599210344286274 0.03148810217691818
4 0.38343507041057084 0.36284965254758716 0.07529266587924913 0.055689494009550165
7 0.22259926333166194 0.4161805275899962 0.0505654843909034 0.06262897477225646
4 0.051820482661622855 0.3415773755905632 0.08170635698624167 0.06059524881887359
2 0.0638789946425224 0.19410217486492376 0.05481647477225653 0.05029266587924908
3 0.025319947730414526 0.05308779446503716 0.04802083774894798 0.034449411069925676
4 0.021765905712448082 0.24250495853018772 0.027926592558271394 0.03999008293962456
2 0.28327390162091487 0.675317425413078 0.07874504809323427 0.06517362141421187
7 0.33659734217975323 0.8807390461943176 0.05874008293962456 0.0285813569862416
7 0.3204490086071565 0.7319022421106337 0.032232146641955416 0.02921627404661713
4 0.5012103913692958 0.532385847830931 0.04936508293962447 0.02825397477225664
4 0.47652287149902994 0.3854116441100667 0.055887901451278844 0.03628472958157998
4 0.6192460517214313 0.12699396498397367 0.03466766587924912 0.05427083774894799
4 0.635756516959859 0.4877950557281466 0.05750496515360979 0.037901793283910835
2 0.9114608666897066 0.3639656530109233 0.0819791754978958 0.0684077488188736
7 0.577033858421822 0.9341368315888621 0.06370040145127884 0.03655754809323426
4 0.24500755370516586 0.833876459078342 0.0668799651536097 0.0382291754978958
4 0.19037956269084053 0.7254935294040947 0.032395837748947984 0.03390377404661713
4 0.4573214929132419 0.46273803594269863 0.04716766587924912 0.05470734736759475
2 0.9362673714142119 0.04396068785731364 0.06731647477225663 0.05072917549789595
2 0.7357838319281342 0.7314780791417915 0.09867560217691818 0.05494544954451293
2 0.9475967410143253 0.07719977379216308 0.045059528855940556 0.03902778366526396
5 0.4580258095259796 0.10211799447288636 0.04404266587924912 0.054598219962933126