2 0.8633485286794873 0.9913077469809346 0.0861283975406721 0.017384506038130708
7 0.9410361496819712 0.6624156570031094 0.0704852168225127 0.033782736775233246
3 0.7771241614876321 0.8129708518967295 0.07832498789975162 0.038925263083592655
2 0.9010298149802324 0.9006290175688054 0.05021816861791066 0.040412168373499216
3 0.9678572040348932 0.5741644990823668 0.06285452400410492 0.06457771046687384
3 0.8439096021647405 0.21081608867196255 0.08623748184962743 0.05656778939195171
7 0.853011891392352 0.16448712024199366 0.07824317466803521 0.024862763083592476
7 0.887145996876742 0.12508298599877435 0.042360216822512696 0.032144642065139936
7 0.7174860619551703 0.8985296493223632 0.05803066861791084 0.04086719468185862
7 0.5839014023142499 0.89231119944942 0.05801248789975162 0.03774219468185862
5 0.7961645320973327 0.7297334176676274 0.0736102168225127 0.0339647472985769
7 0.46167135742929777 0.6899457916698518 0.05015453610435348 0.029474668373499213
2 0.7527230834251927 0.6459807729716516 0.054942030054229284 0.04693518415851479
4 0.8980759691602038 0.5271460149379695 0.05029089149054755 0.05291216837349921
4 0.8330867734149299 0.49836929657858775 0.03467498184962743 0.05356461575678075
1 0.8886140898681003 0.37742673599877435 0.033048849336070066 0.04253611049510884
2 0.8639317315550399 0.2963286544428607 0.07677157825883114 0.04039675782192056
7 0.7292072736113216 0.36267544930824575 0.05793067466803503 0.023679694681858442
2 0.7493178449362659 0.9901894443995097 0.06895907825883114 0.01962111120098058
2 0.5023832367214013 0.841485175842484 0.09086134933607007 0.04590330517696728
2 0.6377066166026799 0.6096043862387708 0.059665891490547907 0.05345819994353036
2 0.6519004059284873 0.4987501862246533 0.050463608313060605 0.08259966837349922
4 0.760403252337691 0.4894500519108468 0.05655907220870695 0.05640118942018653
4 0.22302038524403184 0.20979774715740257 0.06746021077238851 0.0507882262518895
4 0.10910839704969266 0.3632651104245217 0.05021816861791084 0.040412168373499216
2 0.09905370364210983 0.7828495683311468 0.10206246974937898 0.09185284200867017
3 0.1369253666026799 0.5804371998729432 0.08470225292686626 0.06116428413027997
3 0.01716179156530252 0.39930204998588253 0.029996572208707006 0.05485409997176509
7 0.1950201886149952 0.7665713919239655 0.05014544574527387 0.027912168373499212
2 0.38941560410964804 0.8887935443712749 0.05646816861791084 0.04077618942018653
2 0.33466342983439645 0.606011865474432 0.06119203005422928 0.0472992052052021
2 0.3704282130118837 0.5784174864928845 0.05657725292686626 0.059526189420186525
4 0.4479209121750031 0.3400445022073129 0.07991475897699055 0.04370376834526431
7 0.34188401473252705 0.23624539704446307 0.05172612646343309 0.031128173635170953
4 0.35755044222923243 0.37851619703034567 0.07529998184962743 0.05593075256024882
7 0.19217997228346176 0.41261963929312967 0.04722952400410509 0.06366765785015556
4 0.03307716217500316 0.31588260523343703 0.06280907220870699 0.056765210466874015
2 0.04627607806243948 0.16826415258848362 0.05339771077238854 0.04996917889684287
4 0.0082629936552882 0.21212827367752332 0.014271578258831208 0.03675654735504663
2 0.23668499296791717 0.6791847839891055 0.0753545240041051 0.06530575256024881
7 0.27697923662320534 0.8931786655309019 0.05795794574527395 0.02836719468185862
7 0.27140997179248244 0.7413431497458862 0.031413626463433174 0.02994510523343692
4 0.4664083335233885 0.5644830600857033 0.048582945745273776 0.027821163111827297
4 0.4506919090517452 0.41361851009982065 0.05487839754067192 0.03599768415851479
4 0.6117329064194665 0.172301807313693 0.03156816256778665 0.05650760523343697
4 0.6036992552645574 0.5365540231128259 0.05488748789975162 0.03756018415851479
2 0.8913714512062227 0.44865699389128205 0.0800692950813442 0.0702662683452644
7 0.516455347961328 0.9781962205666946 0.06112839754067192 0.0363617052052021
4 0.18682641441449835 0.8348208629847704 0.06427157825883123 0.03966871572854593
4 0.13929236338122605 0.7188094551346149 0.029878397540671963 0.03454159997176518
4 0.4261418818261863 0.48950617591307105 0.044049981849627426 0.0541106473268119
2 0.9387130420562819 0.12886740963394536 0.07371021077238851 0.051152247298576904
2 0.6895468934354554 0.7945933072431058 0.09559430113146802 0.053988820961982854
2 0.9459533703151131 0.16521443331146868 0.04239657825883114 0.03839464206513989
5 0.45059087334017517 0.12777201536149252 0.04093407220870695 0.055491136803468066