7 0.30442090315603 0.08015332598299625 0.03567751482874755 0.07203213025772479
3 0.16015761410699456 0.2581444499091429 0.03912084980971957 0.0800084045679843
2 0.06858422083679636 0.1421708898686632 0.04116351087441492 0.05360967887824382
3 0.39094599357420934 0.051022425937567714 0.06297484387822046 0.05319359905006031
3 0.757021979734045 0.13597279454818917 0.058252851786885884 0.09036605042954134
7 0.803784233194086 0.12198221562451686 0.025122016805914173 0.0808339201718165
7 0.8405321580989458 0.08476217661493626 0.03296900889724839 0.043825243102595036
7 0.07832268228205255 0.32588414857509046 0.041481845855386876 0.06142217887824373
7 0.09009848760552927 0.45959740728151777 0.03835684585538686 0.06125840456798422
5 0.2434303705327852 0.23197477555345491 0.035804848821136395 0.07515713025772479
7 0.29568530133196297 0.5635390360689045 0.030162343878220456 0.05147396879233561
2 0.32731328060889736 0.2676876255080264 0.04760451186299815 0.05862472749876284
4 0.4409658982131141 0.11079689563441439 0.05366351087441501 0.05426477611928178
4 0.47285788536153284 0.17353591304726895 0.05458934091247088 0.03872166327441153
1 0.589880900684572 0.10685742537174084 0.043588173916276673 0.03658595318850333
2 0.6721840647150168 0.12369744459361769 0.04224584980971961 0.08017217887824382
7 0.6108579510651329 0.26454045058651154 0.02423067885919252 0.05895892017181659
2 0.14410555528629568 0.5368050384437537 0.04750635277546911 0.09448034034363299
2 0.36895034087528994 0.37947829658435406 0.0539818458553869 0.06207727611928178
2 0.47953501380298336 0.35552289744343674 0.08335101087441502 0.055820632066747145
4 0.48402353703468803 0.24536664744343675 0.05704317885919252 0.06067855042954129
4 0.7849030157429687 0.7582882078226006 0.05280134783255317 0.0713703889641522
4 0.6363634035759593 0.8875142831282284 0.04116351087441501 0.05360967887824373
2 0.21865463874721183 0.9360857434412793 0.09326452174882985 0.10779256784239592
3 0.4182673195835707 0.8792160249876281 0.061314184790691506 0.0889673247398008
3 0.6045311303442549 0.9829286445605611 0.058605678859192524 0.03414271087887784
7 0.2312594095074585 0.8380986227944931 0.028599843878220545 0.051392081637205676
2 0.10098561357552191 0.6535488031430747 0.04141817885919252 0.05985967887824373
2 0.3847557771116752 0.6832960153766896 0.04785917984777566 0.06487472749876275
2 0.410566202016535 0.6455027662812007 0.060168178859192525 0.0608423247398008
4 0.6456508092406283 0.5442998716628391 0.04393568380210837 0.08337906603337367
7 0.7528637899632565 0.6415201096770515 0.03178851087441501 0.05311835594746519
4 0.6104852889746732 0.6387558785602441 0.05780718281352506 0.07942855042954129
7 0.5840143363894846 0.8080447891211222 0.06447367688202607 0.05171298620519025
4 0.6876765527776566 0.9627920855939347 0.061568852775469196 0.07441582881213052
2 0.8326189796596829 0.9322480082521419 0.05066584486680377 0.05722600180902262
4 0.7926041333100043 0.982598313544953 0.04116351087441501 0.034803372910094055
2 0.3155190043742622 0.787710198438805 0.06718218281352524 0.07991987336031983
7 0.10183850635142855 0.7671166581860289 0.028918178859192477 0.059204581637205676
7 0.25247517631337246 0.7593528250784851 0.030960839923887828 0.03280585594746519
4 0.42082722277678164 0.5473928149017198 0.028536176882026254 0.049829581637205675
4 0.5718631407615592 0.5490449253717408 0.036667011862998145 0.058051517412854636
4 0.8056345987839553 0.36478386928799 0.05602450692008247 0.03567855042954129
4 0.44302716943047127 0.4060651300305821 0.038229511862998146 0.058133404567984215
2 0.5200631492016973 0.11024469696846687 0.07049818380210837 0.08477114767057933
7 0.013187113612702969 0.5359308559474654 0.026374227225405937 0.06430151741285464
4 0.1633715725493202 0.8517649751239137 0.03861151384016441 0.06750840456798457
4 0.28166131612352957 0.8884980924913396 0.03408583992388783 0.0329696302577247
4 0.49699313334718537 0.5803524790806425 0.054971342889637495 0.04809666327441153
2 0.834646914030445 0.05626868441685238 0.04945617193911005 0.027538501809022307
2 0.1832502628144002 0.34469278154634875 0.055509853764052285 0.09957727611928177
2 0.798278332509514 0.045750586271303205 0.03781833498097207 0.009777791723114038
2 0.9508555513691441 0.201718382516973 0.0397575197716634 0.0956334045679843
5 0.8571440661607106 0.5225011940277907 0.05640650889724874 0.04505355042954129