7 0.10919904093753496 0.29036106174926735 0.07111258700597226 0.037240014828747635
3 0.29148225123427096 0.15937902270023196 0.07903418977951393 0.04224584980971957
2 0.1868473429898959 0.0651117109509646 0.05247168977951393 0.04116351087441492
3 0.06810322188333365 0.3725806541446131 0.06555357123840284 0.06667284684397004
3 0.126485951650452 0.7306995602663926 0.08880923328250008 0.059815351786885886
7 0.10953549420350758 0.7751817307226281 0.07718074905006947 0.029682182813525238
7 0.07045546361829928 0.8096177391255852 0.04447735182361114 0.03303267589344294
7 0.36321047444878485 0.08294917387909556 0.06035692496187508 0.04460684585538688
7 0.4910997383164932 0.10119781368925267 0.06028418977951393 0.041481845855386903
5 0.25970688079329884 0.23887286311841138 0.07267508700597229 0.037303681824942016
7 0.5748610617390975 0.30657638038143586 0.05065461664125 0.030162343878220456
2 0.2874519807170489 0.32219735768120394 0.05886716014423614 0.04766817885919252
4 0.12715221998347256 0.4233499752854207 0.05123649810013893 0.05516234387822046
4 0.1842386745806254 0.45699546342242253 0.038663762917777775 0.05152800790866543
1 0.11094860457649354 0.5671145627378505 0.03691942496187504 0.043651840912470874
2 0.12143346931788249 0.6480143942587814 0.07598192496187503 0.04524351581733086
7 0.26254812537805605 0.5961269476050918 0.056795513867708355 0.025729511862998145
2 0.35020002175149306 0.00216338338436646 0.06915004350298615 0.00432676676873292
2 0.5620129567813543 0.15773963235860222 0.09327852773541671 0.05063135277546911
2 0.39174074363482675 0.3679953359323741 0.06057513050895835 0.0539818458553869
2 0.3597841884483337 0.47330225984865065 0.05657861474138901 0.08347834486680376
4 0.2534069018792018 0.47216286558986925 0.05904899810013893 0.05548067885919252
4 0.7244890001874312 0.7884418512182323 0.06835126291777768 0.05273768083635879
4 0.8597335563238548 0.6523385720550285 0.052471689779513754 0.04116351087441501
2 0.9403217543684029 0.2510214697738511 0.1052343202884721 0.09482702174882984
3 0.8704671153100698 0.44154565209308466 0.08579333605604163 0.06437551779449713
3 0.9691286467030384 0.626756298823324 0.061742706593923204 0.06029551285158128
7 0.8450638057551739 0.25724890654170895 0.05065461664124982 0.030162343878220543
2 0.6784912887533334 0.12249585764402289 0.05879442496187508 0.044543178859192525
2 0.6833476685967017 0.3983407746402173 0.062028527735416714 0.04935801285158128
2 0.6447761310776393 0.4210261995450771 0.05755923328249999 0.05854201186299814
4 0.5295187262517367 0.6431160582520452 0.08230466014423606 0.04862318380210837
7 0.6141684428167368 0.7522735409518397 0.05228985182361114 0.03335101087441501
4 0.6234680947928478 0.6142642049822845 0.07630923328249999 0.05930601581733086
7 0.7880754554501742 0.5973910868837763 0.051418336056041625 0.06297484387822046
4 0.9399490396063548 0.7053733887472118 0.09197060087368066 0.06150518577927464
2 0.8876624538346535 0.8443523171121127 0.05581489532659738 0.05066584486680377
4 0.9501799844198618 0.80896130376624 0.052508057370694416 0.04272601087441501
2 0.7906321853142018 0.33766591840470705 0.07808993882958326 0.06874468281352515
7 0.7873396118915974 0.12900850140851267 0.05850348423243048 0.03204317885919252
7 0.7680473640757988 0.27446292285333135 0.031904616641250175 0.02939833992388783
4 0.5494999986688198 0.42647238631293494 0.05065461664125017 0.030162343878220456
4 0.5396191184442019 0.5731073057805872 0.053925087005972296 0.03653967787060921
4 0.3436929418668062 0.7898822647915666 0.03404899810013893 0.054462006920082295
4 0.4114187704203129 0.44070066547613856 0.05556032218833327 0.039728344866803766
2 0.12032229815572959 0.49948139376448986 0.0844126740119445 0.07212435079830275
7 0.5706768291221875 0.026012129887144304 0.06177395459715278 0.03842051285158127
4 0.8638852345167709 0.19235873559118188 0.06653418977951375 0.041736513840164455
4 0.8908133700597226 0.3077781471501688 0.03205008700597247 0.03564833992388783
4 0.5755007606366671 0.5020480478719218 0.046548998100139016 0.054971342889637495
2 0.03816964048003539 0.79998541254757 0.040262630508958376 0.05315417490485981
2 0.3734232354667016 0.1857558388981236 0.09662173328250008 0.060133686767857866
2 0.029575237269653422 0.7667099975285421 0.024310322188333365 0.03845500494291585
2 0.1749091871171536 0.9296981343729496 0.09654899810013892 0.0570086867678576
5 0.4904601455140285 0.8464612341454881 0.0434603656913195 0.05640650889724839