2 0.03046875 0.17109375 0.0265625 0.0796875
7 0.35546875 0.078125 0.02578125 0.06640625
3 0.209375 0.2421875 0.02890625 0.0734375
2 0.1265625 0.12890625 0.0328125 0.046875
3 0.440625 0.046875 0.05546875 0.05625
3 0.78671875 0.14609375 0.04453125 0.08046875
7 0.83125 0.134375 0.015625 0.075
7 0.86875 0.09921875 0.0265625 0.0390625
7 0.128125 0.3046875 0.03359375 0.05390625
7 0.1328125 0.4328125 0.03046875 0.0546875
5 0.290625 0.2203125 0.025 0.06875
7 0.32578125 0.5390625 0.02265625 0.046875
2 0.36953125 0.2578125 0.03828125 0.05234375
4 0.484375 0.11171875 0.0453125 0.04453125
4 0.51171875 0.171875 0.04765625 0.03046875
1 0.62734375 0.11171875 0.0375 0.03125
2 0.70546875 0.13125 0.03125 0.07109375
7 0.640625 0.2640625 0.01640625 0.0546875
2 0.03046875 0.2796875 0.03046875 0.06484375
2 0.18125 0.50859375 0.034375 0.08515625
2 0.40390625 0.365625 0.04453125 0.053125
2 0.51015625 0.34609375 0.07578125 0.04375
4 0.51953125 0.24140625 0.04765625 0.05078125
4 0.784375 0.74140625 0.0421875 0.0625
4 0.63671875 0.859375 0.0328125 0.04609375
2 0.23515625 0.8921875 0.078125 0.0921875
3 0.42890625 0.84453125 0.04921875 0.078125
3 0.603125 0.96484375 0.04921875 0.05390625
7 0.2515625 0.79921875 0.021875 0.046875
2 0.13515625 0.61875 0.03359375 0.05234375
2 0.40546875 0.65625 0.0390625 0.05625
2 0.43203125 0.62109375 0.05078125 0.05
4 0.6609375 0.53203125 0.03359375 0.07578125
7 0.759375 0.62890625 0.025 0.04765625
4 0.6234375 0.62109375 0.04609375 0.06875
7 0.590625 0.78203125 0.05625 0.04140625
4 0.68203125 0.94375 0.04765625 0.084375
2 0.8234375 0.90859375 0.04140625 0.04921875
3 0.975 0.9359375 0.04921875 0.0578125
4 0.7828125 0.96640625 0.0328125 0.046875
2 0.33515625 0.7546875 0.05546875 0.06875
7 0.13125 0.72734375 0.0203125 0.05390625
7 0.27578125 0.725 0.025 0.028125
4 0.44609375 0.52734375 0.02109375 0.04609375
4 0.590625 0.534375 0.02890625 0.05
4 0.82265625 0.36640625 0.05 0.0265625
4 0.4734375 0.39375 0.03046875 0.0515625
2 0.56015625 0.11328125 0.05859375 0.0734375
7 0.05078125 0.503125 0.028125 0.05703125
4 0.1859375 0.8109375 0.03046875 0.0609375
4 0.296875 0.84921875 0.03046875 0.0265625
4 0.51796875 0.5625 0.04765625 0.0390625
2 0.86640625 0.05 0.04140625 0.06796875
2 0.22734375 0.3265625 0.04296875 0.08984375
2 0.83203125 0.0453125 0.0328125 0.0390625
2 0.97734375 0.2171875 0.0421875 0.0890625
5 0.86484375 0.51875 0.04921875 0.03515625