7 0.70520215315603 0.08465774030007454 0.037303681824942106 0.07287521034569899
3 0.8287166131184115 0.27832047525637976 0.042309516805914174 0.08082410266556703
2 0.9331096358558245 0.17341767808023134 0.04278967787060921 0.0543070667721897
3 0.6221959935742094 0.04860892854244977 0.06584517589344294 0.045614028371529926
3 0.245971733194086 0.08693902500631764 0.05987901878308026 0.09069920783841652
7 0.20217265365032153 0.06767454796757122 0.028247016805913995 0.0804149257059629
7 0.1686717455513757 0.0260266055685609 0.03453150889724856 0.043142246239076296
7 0.9029725138029836 0.35635219853420247 0.043044345855386724 0.06055706677218975
7 0.8756858191264602 0.488528201041485 0.039983012851581276 0.06202863855894432
5 0.7480223700384936 0.243121109658689 0.03743101581733086 0.07600021034569907
7 0.6565591343357686 0.568191654327555 0.03185217787060921 0.05398881802583091
2 0.6601576141069946 0.2687228517411302 0.049294345855386903 0.06073892319868044
4 0.5653756492016973 0.09936143481065593 0.05366351087441483 0.05306281551854848
4 0.5262375533463104 0.1576680283050229 0.05465300790866543 0.039045779625171126
1 0.41688906965793276 0.07705086262818987 0.04371550790866543 0.03872753087881238
2 0.3328814841826692 0.08477478292387644 0.045370849809719616 0.0793525308788124
7 0.37767803654039644 0.23312736638911358 0.025793178859192523 0.05849446159934022
2 0.8125690538034209 0.5594340829365116 0.050695019771663394 0.09511392319868044
2 0.6057327578714844 0.37586175032920444 0.055608012851581276 0.062483279625171216
2 0.49850784828966377 0.33910824491892805 0.08660334486680377 0.057142561757624756
4 0.5069026215213683 0.22906565518548475 0.0586693458553869 0.061011707838416564
4 0.14722660220681544 0.7058959619950516 0.054427514828747636 0.0718128155185486
4 0.2797141555531258 0.852107035431159 0.042726010874414924 0.05274456677218993
2 0.6902749707624343 0.9478131662704001 0.09651685574121878 0.10437366745919974
3 0.4979866530816679 0.8701907603583343 0.06450285178688589 0.08927310015828453
3 0.2977545483290324 0.9660475149771877 0.06029551285158128 0.0626196719450391
7 0.6904115750207781 0.8507601134196128 0.03022601087441501 0.052380853919208194
2 0.8420098615983556 0.6815280432822106 0.042980678859192524 0.058994566772189574
2 0.5551001106097724 0.6778728797169487 0.04948534684397003 0.06542642319868044
2 0.5333179525108266 0.6365659181176084 0.0617943458553869 0.061102636051661816
4 0.31090839471589193 0.5088571406040083 0.04712435079830275 0.08408549498543501
7 0.19171804292900602 0.5929927967139299 0.0334146778706093 0.05403428213245363
4 0.3342729574537424 0.6073090124699053 0.05936968281352524 0.07819920783841657
7 0.3413320878723594 0.7795931894295094 0.06609984387822046 0.051864028371529966
4 0.21777788825292022 0.9324333814328083 0.0646938527754691 0.09396060015828453
2 0.07859998311972394 0.8736313797834558 0.05235567885919248 0.05926735141192552
4 0.1111140527776567 0.939498072182466 0.0427896778706093 0.054307066772189924
2 0.6107360038799706 0.7905607478219219 0.07037084980971961 0.0800799565847754
7 0.8272059208761651 0.7952950265891634 0.030480678859192523 0.05863085391920819
7 0.6772841753247892 0.7698139903000746 0.03102450692008212 0.03367631802583091
4 0.5342358067691704 0.5372562399043631 0.030098676882026255 0.04925585391920819
4 0.3839320592406284 0.5211502036152744 0.038229511862998146 0.0572956744523216
4 0.17117868574209366 0.31002953252816506 0.05765067391627663 0.03601170783841656
4 0.52831075342286 0.39472775910469304 0.03979201186299797 0.057341138558944314
2 0.48678773418266924 0.08925299742621054 0.07537668479069151 0.08802884890464333
7 0.9488421348300602 0.5743496922659963 0.038484179847775836 0.06354567445232177
4 0.755208904070251 0.8729821058977653 0.041800180836358794 0.06832410266556721
4 0.6338458986330435 0.8952626196878188 0.03564833992388792 0.03225021034569906
4 0.4542153843357686 0.5623040525199177 0.0565975098858317 0.04846624373179385
2 0.7955274283277198 0.36339415723054885 0.05869852076024671 0.10002874373179385
2 0.04702755581776831 0.1319917975718598 0.03669618676785789 0.0962672462390763
5 0.10165807011504331 0.46131323620994646 0.058032675893442943 0.045386707838416564