7 0.7509896573913537 0.48565875922982293 0.06955008700597229 0.03517497867599957
7 0.9041198830744095 0.21519971387655112 0.06962282218833345 0.03829997867599957
4 0.7513384155594789 0.3028917125636866 0.06958645459715278 0.036737478675999566
4 0.8670205797877777 0.16486390654841454 0.05537848423243048 0.030323846674090583
3 0.5970080593674647 0.6249132579169584 0.09284211664125 0.02919769867918127
4 0.1111270703853815 0.5274699246499098 0.09774782218833336 0.03862724267981754
4 0.26764786768808974 0.6146870192950472 0.08070579255305557 0.04467724801081765
4 0.03475228723472204 0.4698488759945912 0.06950457446944408 0.06655224801081765
7 0.3584969521286109 0.3019955679503659 0.05076371941479172 0.033394302673454224
7 0.2566441646095484 0.28209269529759257 0.07271145459715278 0.036773841343090474
3 0.8610374578281942 0.45547981588164177 0.07282055737069441 0.0414613413430903
3 0.33037325854937477 0.23515351328772938 0.06544446846486114 0.06012043467536321
3 0.4541639830950688 0.7554467372692757 0.07925239532659738 0.04934656667727211