7 0.5742767955723233 0.2518939285885036 0.04259656615858276 0.07080339600572697
7 0.37400058138208914 0.0334969296427511 0.044140885440423536 0.0669938592855022
4 0.4035012081401099 0.1991972846117298 0.04258747579950324 0.06924089600572696
4 0.3153022922526736 0.05179612062382015 0.03627384328594587 0.058230670671545234
3 0.6528961783804682 0.43456043057768595 0.03958974082661797 0.09107953333863605
4 0.3981207573266704 0.8554654659452752 0.04899201190385662 0.0958761213399086
4 0.5331820794371815 0.735933121260367 0.050472698672140125 0.08183180267345413
4 0.3180560074248663 0.9212364639560929 0.07396474082661779 0.09147952267663584
7 0.2717138351927182 0.5616438352960017 0.03779998184962743 0.05199885200509069
7 0.21963318472518 0.6513063193030014 0.04260565651766246 0.07236589600572696
3 0.5827301658874363 0.14164677192077638 0.048873837235821685 0.07556362133990877
3 0.2005791785768599 0.5695023359723195 0.06446247579950323 0.0694954346753633
3 0.7253428292407899 0.60401840790105 0.05673178903121965 0.08346702800763595