7 0.7879259616677879 0.48072015476914653 0.07030585594746519 0.030087475799503237
7 0.9710328321452323 0.7398628297317692 0.05793433570953539 0.034756795081344015
4 0.8102114767057934 0.6673661818965095 0.0673446302577247 0.03319429508134384
4 0.944269973426433 0.7947503176315208 0.05607958163720568 0.02688066256778665
3 0.6156681021022781 0.35512123283158603 0.09481453301668682 0.020857921544777103
4 0.13676957541716936 0.5071716296848869 0.09695024310259504 0.03180451190385671
4 0.284408136023476 0.4015932744950844 0.08017217887824382 0.0395170179539809
4 0.06364633593261894 0.5732420572797883 0.07029921189493057 0.059765885440423536
7 0.4131217927391669 0.710313768641352 0.050075243102594945 0.03153180113146803
7 0.31233389868663214 0.740596687161067 0.07195024310259504 0.03165906615858276
3 0.9030529946844748 0.5003690585563344 0.07219590456798457 0.03634656615858276
3 0.3926289082975706 0.7815484192070861 0.06536605042954129 0.05505111436318479
3 0.45640156546754673 0.23882458802138856 0.08033595318850324 0.042642017953980905