7 0.51953125 0.24765625 0.02734375 0.06484375
7 0.2734375 0.07734375 0.03125 0.06328125
4 0.340625 0.2328125 0.02890625 0.0640625
4 0.2203125 0.10859375 0.025 0.05234375
3 0.63828125 0.40859375 0.01875 0.0890625
4 0.48671875 0.87265625 0.02890625 0.09140625
4 0.590625 0.72734375 0.03515625 0.075
4 0.4234375 0.95390625 0.05546875 0.0796875
7 0.2953125 0.6140625 0.02890625 0.04609375
7 0.26484375 0.7125 0.02890625 0.0671875
3 0.50234375 0.13828125 0.03359375 0.06796875
3 0.22734375 0.63671875 0.0515625 0.05859375
3 0.7484375 0.5578125 0.03984375 0.07421875