7 0.7360219058474939 0.4528228997140589 0.0676784237011061 0.031254308105551944
7 0.9073575689985885 0.6993232564146499 0.06617047077900687 0.0343065334984459
4 0.7484286282513539 0.6364701536430004 0.06614319724005639 0.03274403349844608
4 0.8735904951353266 0.755539023163873 0.05358865016215582 0.029036836641598996
3 0.5725242418856205 0.33866200806727986 0.09251478246740401 0.023043701819245577
4 0.09090427476006162 0.5164361751452251 0.09426819724005644 0.03405397642635144
4 0.24275887540868474 0.4031998128630628 0.0787795649348082 0.04113873035529281
4 0.024805536527889145 0.5868985324649888 0.04961107305577829 0.060577935070022446
7 0.3538604220828436 0.7016843546336764 0.047393197240056396 0.03187073821317572
7 0.2525337013038368 0.7376283167920044 0.06926819724005648 0.03288958271265763
3 0.848208260149565 0.4655518780024373 0.06935001785690745 0.037577082712657625
3 0.3291956128300783 0.7730884737402643 0.06030230032431154 0.05589043507002245
3 0.41982771022899523 0.23180419417075973 0.07727161201270878 0.04419095574818703