7 0.4765625 0.26230405251991773 0.0296875 0.06648881802583091
7 0.721875 0.09366066725967867 0.0328125 0.0650172462390763
4 0.65703125 0.24880515683483742 0.0296875 0.0649263180258309
4 0.77578125 0.12647917893816119 0.0265625 0.053897889812585566
3 0.3609375 0.4230022086298394 0.0203125 0.09121603338609496
4 0.5203125 0.8932645475053528 0.0296875 0.0914888180258309
4 0.4140625 0.7448604882550105 0.0375 0.07609113855894449
4 0.5859375 0.9666977270054928 0.0578125 0.06660454598901425
7 0.709375 0.6339219544066973 0.0296875 0.04773881802583091
7 0.74140625 0.7332914685924622 0.0296875 0.06961381802583091
3 0.49296875 0.15184392563945587 0.0359375 0.06979567445232168
3 0.778125 0.6577973750980952 0.0546875 0.06252874373179385
3 0.2515625 0.5729447211662517 0.0421875 0.07622753087881229