7 0.6885072558724947 0.21107191461089006 0.01300010517284953 0.01726022287263689
3 0.6154334687254762 0.19814466773414802 0.017914925705962936 0.02509999394987581
3 0.6415580480340782 0.26705829419758115 0.017596676959604096 0.01416249394987581
3 0.27143576464798336 0.2852209242752516 0.0193864974927175 0.02198408430895542
7 0.36166830806320804 0.352944755460949 0.00987510517284953 0.017242042154477666
7 0.33924773878373593 0.37156749043383436 0.009829641066226812 0.015679542154477664
7 0.22280072169497708 0.5334175297596417 0.016079641066226814 0.01571590359079611
7 0.22729800508107192 0.5131277556573407 0.016079641066226814 0.015715903590796287
7 0.2495594499873647 0.4999737706844554 0.012909176959604095 0.014135222872636887
3 0.25883985860456876 0.6375510387366321 0.017960389812585565 0.02666249394987581
3 0.17673205225722036 0.6128504997054124 0.017823997492717503 0.021974993949875808
3 0.5805139332943173 0.5120571768093344 0.01474446159934022 0.023519313231716587
3 0.8272465292959665 0.5720962939029935 0.01943196159934004 0.023546584308955332
7 0.874141912840346 0.4911053691367627 0.014653533386094608 0.020394313231716588
5 0.7275383828194636 0.695755986819597 0.01474446159934022 0.023519313231716587
7 0.7022572379923131 0.6784184958947834 0.014517141066226813 0.015706813231716587
3 0.3522870155724202 0.9170481620768072 0.01474446159934022 0.02351931323171641
7 0.19278764660951714 0.8129777647325269 0.012954641066226813 0.015697722872636887
7 0.2437794967678017 0.752326611043535 0.012909176959604095 0.014135222872636887
5 0.6378574203621936 0.55536681527482 0.016216033386094786 0.020403403590796287
5 0.8352994070343585 0.7518610619551703 0.01157399749271768 0.021938632513557366
5 0.7933870401830264 0.8227230077986402 0.016216033386094963 0.020403403590795934
5 0.726617077330045 0.8348366675377562 0.014653533386094963 0.02039431323171641
3 0.6270743477175091 0.3888696616840238 0.02076714106622681 0.015743174668035032
7 0.4301167796916781 0.4174163216195318 0.013091033386094963 0.020385222872636888
5 0.42203384356087403 0.5072282553627532 0.017642141066226812 0.01572499394987581
3 0.4588338469260863 0.6926299450579029 0.013272889812585476 0.026635222872636886
1 0.6321626644896987 0.3482673875817229 0.024528638558944493 0.037636355386194253
3 0.7295160714575502 0.627787236819597 0.016216033386094963 0.020403403590796287
2 0.6910743824237522 0.8479133844584649 0.038909387305303154 0.048655668617910666
5 0.7269413377548862 0.7699838271786767 0.01143760517284953 0.017251132513557366
2 0.49308917498104704 0.750651523316734 0.04515938730530315 0.048692030054229465
1 0.31225070044958314 0.8160169272021178 0.011392141066226814 0.015688632513557364
3 0.3530612200456244 0.6756055506404889 0.020858069279472247 0.01886817466803503
1 0.5710085526529317 0.462774794295777 0.009829641066226812 0.015679542154477845
1 0.3082010126029193 0.5792345446885605 0.014835389812585564 0.026644313231716586
1 0.2853568944979461 0.6392680748409857 0.008176212852981469 0.012545451795397965
1 0.26797917788404096 0.6188510357115701 0.008176212852981379 0.012545451795398144
1 0.815462965493278 0.9502167487234537 0.014698997492717325 0.02195681323171641
2 0.27350278602639133 0.9392498941228264 0.016170569279472247 0.018840903590795932
7 0.2860913657307048 0.8557152314568439 0.011346676959604096 0.014126132513557366
2 0.23794102223633776 0.8187101351458359 0.014653533386094786 0.02039431323171641
7 0.21642870124100594 0.5107203731437835 0.013045569279472157 0.018822722872636886
7 0.6049072133817068 0.7747435291704665 0.012909176959604095 0.014135222872636887
1 0.4766711824363875 0.3481441468533009 0.011346676959604096 0.014126132513557366
3 0.507543097717509 0.3881742492144331 0.01961381802583091 0.02979658430895542
2 0.6151857646479834 0.28722080327276744 0.017960389812585652 0.02666249394987581
1 0.6610592396416657 0.5367486254814745 0.009784176959604096 0.014117042154477667
1 0.8147799700456245 0.6782917517485159 0.017596676959604096 0.01416249394987581
2 0.7389652792959668 0.5715826886149952 0.009784176959604096 0.014117042154477667
2 0.3390287784380369 0.4059470356133742 0.00987510517284953 0.017242042154477666
7 0.24184388987909258 0.44288797852997774 0.011528533386094875 0.020376132513557365