3 0.15179467437338717 0.3566574379774101 0.02276633794672147 0.022129538669636163
5 0.17281282851800028 0.4157597179742284 0.020758168973360736 0.01117385733609062
5 0.20600733049516667 0.4060029099697742 0.01151050296574958 0.014189769334818081
5 0.1484640859323741 0.3809034599777283 0.020821835969555114 0.012736357336090798
7 0.1360702207996153 0.5317574353119101 0.017696835969555114 0.012699994668999893
5 0.2730449332706357 0.3130790659611836 0.023883168973360736 0.011210220003181703
7 0.34856619809938333 0.2419211339513204 0.02069450197716627 0.009611357336090798
4 0.189590446122217 0.25314153930618305 0.030260502965749492 0.014407945337363426
3 0.21598716695901335 0.39105007196850144 0.016452670950527094 0.020494313335454352
3 0.3070631531188489 0.4555841919557748 0.030387836958138337 0.017532945337363513
3 0.24410555528629568 0.5250341732972744 0.027326503954332716 0.019059082670272433
7 0.16470455676917045 0.518930171308092 0.020758168973360736 0.011173857336090798
4 0.21330920003936865 0.6292495059675469 0.024265170950527094 0.020585220003181703
4 0.18810627019159298 0.6920131353039559 0.020821835969555114 0.012736357336090798
7 0.22273593817637058 0.6853631459659562 0.02094916996194396 0.015861357336090797
5 0.28672945399370137 0.6096540739576838 0.02401050296574958 0.014335220003181704
5 0.2870875982524827 0.7158495299570474 0.024137836958138335 0.017460220003181703
7 0.26805375536284537 0.7613620246260473 0.021140170950527094 0.020548857336090798
5 0.33651057258650124 0.44196658728518406 0.022448002965749492 0.014317038669636161
7 0.4958032954376449 0.17383311059836676 0.01756950197716627 0.009574994668999892
5 0.4942461126241199 0.2503774292648213 0.01938666996194378 0.015843176002545346
3 0.5241882806088973 0.2437819839274579 0.02713550296574958 0.014371582670272609
4 0.5324610370346881 0.2132314179265034 0.028952670950527094 0.02063976400381797
4 0.5210407173767553 0.14855129992841237 0.033449169961943956 0.01600680800445433
4 0.5496551487074057 0.07872005792491255 0.027262836958138338 0.017496582670272563
5 0.6287086373386991 0.1316808785805494 0.020821835969555023 0.012736357336090798
5 0.6173772065023403 0.19896837591504937 0.02401050296574958 0.014335220003181659
7 0.6610462934604786 0.18128088924254962 0.022384335969555025 0.01275453866963625
7 0.7010545281374394 0.2534371525700499 0.017760502965749582 0.014262494668999893
7 0.652258883878658 0.147805317910595 0.013073002965749581 0.014207950668363533
7 0.794581693650759 0.2578150225573232 0.022384335969555025 0.01275453866963625
7 0.6691466590503479 0.423259303906777 0.017696835969555024 0.012699994668999893
7 0.6748873230807928 0.4356865785725953 0.010139003954332714 0.01885908800127254
3 0.7223101042211628 0.28754852323364094 0.022639003954332538 0.01900453866963625
5 0.5972743176435854 0.462358713916322 0.016325336958138335 0.01736931333545435
5 0.6719122203053237 0.5278649879058225 0.013200336958138336 0.01733295066836362
4 0.5971695468833387 0.5607507605824584 0.030387836958138337 0.017532945337363513
4 0.6915124544879929 0.6026013585694135 0.025700336958138337 0.017478401336727067
7 0.7246141145641051 0.6334513692314138 0.024137836958138335 0.017460220003181703
5 0.8206216343357685 0.5386286705522325 0.017696835969555024 0.012699994668999893
5 0.8845912924347143 0.5784900545433238 0.016261669961944135 0.01580681333545435
7 0.7256407622829275 0.7232405752307774 0.02407416996194378 0.015897720003181702
7 0.7006235162372603 0.7047905672342772 0.02094916996194396 0.015861357336090797
3 0.7898916046782734 0.6795445718889597 0.02869800296574958 0.014389764003817973
7 0.6400984876055293 0.44624281791059506 0.023946835969555026 0.012772720003181703
7 0.6491233191264602 0.45472747990932233 0.017633168973360824 0.011137494668999891
7 0.8758980192401908 0.29357016187941465 0.02225700197716627 0.009629538669636162
7 0.8949491081754954 0.26679857654364203 0.020821835969555023 0.012736357336090798
4 0.9317554525108267 0.6091764332034151 0.01951400395433254 0.018968176002545432
7 0.5717663457810248 0.7242501865850037 0.024137836958138335 0.017460220003181703
5 0.37748710517256495 0.6820006939449571 0.02713550296574958 0.014371582670272609
5 0.46869042532478933 0.7434098139322304 0.014762836958138337 0.017351132001908985
5 0.3404725834237351 0.7855075019494114 0.021012836958138336 0.0174238573360908
4 0.2988262528913874 0.7727171479551384 0.024074169961943958 0.015897720003181702
7 0.5069093028148377 0.5336893685948669 0.02401050296574958 0.014335220003181704
7 0.456842977225406 0.4975706026018666 0.022575336958138337 0.017442038669636162
5 0.4900785829666246 0.39098424793127584 0.01938666996194378 0.015843176002545256
5 0.5510214001530993 0.4668013132559127 0.02094916996194378 0.015861357336090797
4 0.4644087153995889 0.15858082793604839 0.027390170950527093 0.020621582670272566
4 0.516508431787761 0.3172740279280942 0.02094916996194396 0.015861357336090797
0 0.24013959136958155 0.35406769263209253 0.03402217292769345 0.03006930800445442
6 0.50249637543852 0.5844978905951852 0.07834517589344295 0.04464088534372692
4 0.5872242025108265 0.6131854172501857 0.029207338935304604 0.026889764003817974
4 0.3972358724727705 0.5997785399427299 0.027262836958138248 0.01749658267027243
4 0.11790515262455732 0.4601278833147736 0.024010502965749535 0.014335220003181704
4 0.1321122326626134 0.4755801606460919 0.024201503954332716 0.019022720003181705
4 0.19325000391715164 0.3741352919716831 0.022639003954332715 0.01900453866963625
1 0.5683654090503479 0.4244319999204582 0.014508168973360824 0.011101132001908987
1 0.5841615054000264 0.3625587085853219 0.019195668973360825 0.011155676002545346
1 0.5451600138029834 0.3231876732575035 0.014380834980972068 0.007976132001908987
1 0.5191639050960152 0.4437456212603671 0.016007001977166268 0.009556813335454351
1 0.44108403156029946 0.635188781269912 0.014380834980972068 0.007976132001908987
1 0.5094175374917984 0.6062819839274579 0.011383168973360825 0.011064769334818082
1 0.37411139026726764 0.5157126226130024 0.014444501977166357 0.009538632001908987
1 0.3044382188224489 0.539168851289002 0.014444501977166357 0.009538632001908987
4 0.292523150647391 0.4674665739576838 0.019323002965749493 0.014280676002545433
1 0.2890904500393686 0.6283677112905929 0.011383168973360735 0.011064769334818082
1 0.9145811758562619 0.34075369720723303 0.011192167984777512 0.006377269334818081
1 0.8728818127006696 0.4825781178787783 0.011192167984777512 0.006377269334818081
1 0.6014338715213684 0.20696268925050382 0.014444501977166268 0.009538632001908987
4 0.2223777939175892 0.5791676899665925 0.013200336958138336 0.01733295066836362
7 0.22609836011548082 0.6603358739656379 0.016261669961943958 0.01580681333545435
1 0.7174448961987666 0.4836059105665501 0.014380834980972068 0.007976132001908987
1 0.49169950239709587 0.772815503262276 0.014508168973360824 0.011101132001908987
1 0.5524579302677052 0.7190087032543218 0.012818334980971891 0.007957950668363623
1 0.3189941728533313 0.7568648812858203 0.011383168973360735 0.011064769334818082
1 0.2903134159332491 0.7899955546228656 0.008194501977166358 0.009465906667727175
1 0.14991786209264718 0.6518517593093647 0.011383168973360735 0.011064769334818082
1 0.23843782851800027 0.4149961019653198 0.012882001977166357 0.009520450668363623
7 0.22426258197804136 0.3987625746340015 0.0176968359695552 0.012699994668999893
1 0.25541176429727497 0.3242165606301835 0.01438083498097198 0.007976132001908987
7 0.47859330182625454 0.538704132598685 0.02582767095052709 0.020603401336727244
3 0.10351238878439287 0.5258892433163644 0.016452670950527094 0.020494313335454352
3 0.3403611313700191 0.5582728399506841 0.02713550296574958 0.014371582670272432
3 0.10878884330956687 0.7413506113144555 0.016325336958138335 0.01736931333545453
3 0.5927208329294436 0.784914966581822 0.016389003954332536 0.01893181333545435
7 0.7791941155898693 0.2330059265595504 0.00838550296574958 0.014153406667727176
7 0.6395241901535369 0.6711428205760951 0.014380834980972068 0.007976132001909164