7 0.8024958771693586 0.3753711834469293 0.022384422249740864 0.011319329545304768
7 0.5737180597581817 0.3989116436726293 0.01918664764263518 0.0097022824674041
7 0.44742954156121667 0.42379068709708195 0.01940497146395277 0.014389782467404189
7 0.40097838068401515 0.517645827112968 0.016134422249741043 0.011210235389503432
4 0.4248182950758733 0.5594514975676633 0.013009422249741043 0.011155688311602675
4 0.4456231007002258 0.586454328330784 0.019477746071058632 0.01595228246740401
7 0.3854795434232435 0.2184543506519184 0.01606164764263518 0.00964773538950343
5 0.29832629983338427 0.2442140556026126 0.01762414764263518 0.00967500892845372
7 0.2865690084770554 0.2100163336057898 0.017551373035529318 0.008112508928453721
7 0.2141376602535197 0.6022231988649096 0.016134422249741043 0.011210235389503432
7 0.07046247311658256 0.35452781290621327 0.017696922249741 0.01123750892845372
7 0.10707217700274274 0.6369312098219582 0.009811647642635136 0.009538641233702095
4 0.561650399295265 0.34126278490633133 0.012863873035529317 0.008030688311602674
1 0.6048931310982999 0.3631826493546722 0.012863873035529317 0.008030688311602674
1 0.37203358932768626 0.48374811404459905 0.011228598428423452 0.006440914772652384