2 0.43962723284100147 0.823780850121637 0.040954639784752264 0.040852258976990186
4 0.512161744004144 0.17197291042648727 0.015008569892376044 0.020394313231716588
4 0.614368329407398 0.6103218172387374 0.008613020678164496 0.017232951795397966
2 0.23652150351916584 0.8077796419815272 0.016789393713693722 0.02509090359079593
2 0.2963440372224997 0.34505692818407646 0.02958049214211709 0.031413626463433174
2 0.2608089516143578 0.30308759680198727 0.02318494292790545 0.028252265027114642
2 0.26733508747016865 0.24681487090428825 0.023112168320799587 0.02668976502711464
2 0.6633753335412272 0.228890010057145 0.034704639784752266 0.04081589754067192
2 0.6148222094722406 0.3322695401113743 0.026164393713693813 0.025145445745273953
2 0.6096274412752756 0.3096496515476927 0.030706344499482084 0.0220477168225127
2 0.616269085403254 0.43535817867505583 0.026237168320799496 0.026707945745273777
2 0.5926860361890423 0.4386195340612501 0.01827911910658777 0.02353749394987581
2 0.5696830297789015 0.4629655490883646 0.023257717535011223 0.02981476502711473
2 0.5547493885464073 0.4482127026791609 0.026164393713693813 0.025145445745273776
2 0.5502609416895604 0.4607354285768599 0.013737168320799497 0.026635222872636886
2 0.5016243885464072 0.4485217748878679 0.021695217535011226 0.02980567466803503
2 0.49017746629666625 0.4595229074014252 0.019987168320799498 0.02667158430895533
2 0.4732724485139858 0.5877115399149825 0.01359161910658777 0.023510222872636887
2 0.31722784801864784 0.7854410336684665 0.029653266749222952 0.032976126463433175
1 0.4546766139393014 0.4503569856602564 0.01693494292790554 0.028215903590796287