3 0.3249379500827255 0.22543022941374047 0.02998750892845372 0.017360216822512698
3 0.1637399825534249 0.688821084603543 0.028425008928453722 0.017351126463433175
4 0.6128729577966585 0.6463684015476927 0.022065914772652385 0.011064765027114731
3 0.7581287309285718 0.46975992887144746 0.02373750892845372 0.017323855386194253
1 0.40884752557084053 0.3858632144848217 0.030151150162155815 0.026735216822512696
1 0.9483626241941641 0.8490832936274156 0.03319432954530477 0.0220658975406721
2 0.9764753563339612 0.4020901189593807 0.017651150162155814 0.02666249394987581
2 0.7644447349857616 0.28692924815328824 0.03163182954530477 0.0220568071815924
1 0.3068755170461286 0.0966421540817755 0.025300008928453722 0.017332945745273866
1 0.6667906647759476 0.4663854648776051 0.011101141233702094 0.009438632513557366
1 0.6363782362035776 0.32907636241827715 0.012636367694751627 0.007885222872636887
2 0.8608740811734531 0.6699230344540335 0.023901150162155816 0.026698855386194254
5 0.7866395146137919 0.49224800722847456 0.015815914772652383 0.011028403590796288
5 0.3582026432655922 0.37834615115490927 0.011101141233702006 0.009438632513557366
5 0.17720996753589122 0.4989182472695255 0.012663641233702005 0.009447722872636889
5 0.1652730292242885 0.5114864249626226 0.012663641233702005 0.009447722872636889
5 0.1881650584452817 0.5426000695764284 0.015815914772652383 0.011028403590796109
5 0.12939403044210449 0.553097208041914 0.017487508928453722 0.01728749394987581
5 0.15437425974252791 0.3303182381943392 0.015815914772652383 0.011028403590796109
5 0.22038722321793408 0.5314762172152963 0.012663641233702005 0.009447722872636889
5 0.5516569939175107 0.7521825851927182 0.012663641233702094 0.009447722872636889
5 0.5718934017903041 0.6669172508837627 0.014226141233702094 0.009456813231716588
5 0.3688480426169691 0.4845234282822723 0.014198867694751715 0.007894313231716587
5 0.2961935669666983 0.350584765518094 0.015815914772652383 0.011028403590796109
5 0.4626231363657333 0.3035274374556545 0.018940914772652383 0.011046584308955332
5 0.2875413157488823 0.30923305767257164 0.015815914772652383 0.011028403590796109
5 0.0035345085247119345 0.586668753025062 0.007069017049423869 0.01416249394987581
5 0.693289340508944 0.8279133173369331 0.015788641233702095 0.009465903590795932
5 0.4245468433483177 0.6052808349963265 0.015788641233702095 0.009465903590796288
5 0.39150469805742594 0.7976410518188393 0.014171594155801336 0.006331813231716587
5 0.47477826298893877 0.27845925976255737 0.018913641233702094 0.00948408430895542
5 0.780845256496117 0.3766684590238727 0.015815914772652383 0.011028403590796109
5 0.1413424257329963 0.3608597110669761 0.012690914772652384 0.011010222872636888
5 0.7905263993546722 0.5828411909716958 0.022065914772652205 0.011064765027114731
5 0.12266674351047353 0.5804773194782324 0.01110114123370205 0.009438632513557366
5 0.14154915706530993 0.5280290303488169 0.012636367694751715 0.007885222872636887
5 0.21356270455024767 0.6986864431129952 0.015761367694751716 0.007903403590796287
5 0.6492586968396099 0.7547394377502421 0.015815914772652383 0.011028403590796288
5 0.24757919440397796 0.6742722503927834 0.017378414772652385 0.011037493949875809
5 0.660776038556484 0.18441784739116246 0.015815914772652383 0.0110284035907962
5 0.3889832646137919 0.4945615036142373 0.018913641233702004 0.009484084308955332
5 0.7062450823912692 0.7122246848233759 0.015788641233702095 0.00946590359079611
5 0.5977230649381035 0.4402274858566481 0.017323867694751627 0.00791249394987581