5 0.6255234108098262 0.20089542203933491 0.011373911094166722 0.019131945916315996
5 0.6018677052627429 0.20945196650437206 0.012754573138263937 0.011374009618646852
5 0.5744155056995832 0.17956356986241667 0.009847778685347208 0.02063988221398514
5 0.5715080580362846 0.20370047430892035 0.008067073138263936 0.011210318511654282
5 0.5106608238038539 0.23128727176918243 0.014608013867708358 0.023928573320977708
5 0.48851306686999985 0.24224212993655042 0.008285278685347208 0.020585318511654283
5 0.44321875066559 0.23987853256895564 0.020639808320624908 0.014771828130301135
5 0.48342487015663166 0.2928869706807233 0.008248911094166544 0.019022818511654282
5 0.45802482665364563 0.3092014514434296 0.008176175911805573 0.015897818511654192
5 0.5431817298640276 0.27855414136929585 0.014426175911805571 0.016116073320977708
5 0.3973815334349999 0.1264683077966991 0.008248911094166634 0.019022818511654282
5 0.3534659196435415 0.23283486968493144 0.008248911094166722 0.019022818511654195
5 0.25751829321864567 0.18960817014041836 0.011373911094166722 0.019131945916315996
3 0.244581882124479 0.20792166052177152 0.009884146276527783 0.02220238221398514
5 0.22363360248920125 0.20093505054030497 0.012900043502986059 0.017624009618646852
5 0.20104943446118034 0.23063990870767298 0.014389808320624997 0.014553573320977708
5 0.19708797986402754 0.26646828130301126 0.012900043502986102 0.017624009618646852
5 0.19723279701836782 0.29383931315417666 0.011446646276527783 0.022256945916315996
3 0.2668900271667358 0.3580407116102306 0.01497168977951393 0.03955357332097771
5 0.19670350731510383 0.41735865870767297 0.014389808320624997 0.01455357332097762
5 0.13852667819291628 0.46458583357259664 0.008248911094166677 0.019022818511654195
5 0.1963028106017357 0.46816719055883843 0.014426175911805571 0.01611607332097762
5 0.2060590170987496 0.48570935462398895 0.017587543502986146 0.01778770072563951
5 0.2524800754193746 0.4732564838427492 0.012972778685347209 0.02074900961864685
5 0.317943380890208 0.3817163137871489 0.014389808320625086 0.014553573320977708
5 0.3468314470946178 0.38350699228026974 0.009884146276527783 0.02220238221398514
5 0.4343307938842358 0.42018359146196305 0.011373911094166722 0.019131945916316083
5 0.46885061103857606 0.4487550247644073 0.014462543502986059 0.01767857332097762
5 0.490271669359201 0.4354291347458739 0.014462543502986059 0.01767857332097762
5 0.4429777888502427 0.4853820055271136 0.009847778685347208 0.02063988221398514
5 0.41706859907072874 0.5235714862898199 0.011373911094166722 0.019131945916316083
5 0.3865082768823954 0.5600347759455337 0.014462543502986059 0.01767857332097762
3 0.6050907034597911 0.7764311353788461 0.014680749050069507 0.02705357332097762
3 0.721168338718402 0.8618006949048256 0.011592116641249994 0.028506945916316084
3 0.41019577754798553 0.7852629544386545 0.011446646276527871 0.022256945916316086
3 0.20656359090260362 0.699181577582147 0.011519381458888844 0.025381945916316085
3 0.28961574629718706 0.5238120445498552 0.013118249050069508 0.026999009618646853
1 0.6104945568020136 0.3762947261230189 0.016170513867708357 0.023983137023308565
1 0.284224303952222 0.2851488486335392 0.008103440729444421 0.012772818511654283
1 0.5846125896683326 0.8836161528020412 0.023983013867708357 0.024255955534962938
5 0.698866725779965 0.3754713253047123 0.011192073138263935 0.011319445916315996
5 0.751157230813958 0.3124008956304651 0.008176175911805573 0.015897818511654283
5 0.6194903099361456 0.25854423093234236 0.015843205547083274 0.009920637023308565
5 0.6473405933711456 0.372108223127794 0.006686411094166722 0.018968254809323425
5 0.6062616516917705 0.35659978501602635 0.009665940729444423 0.012827382213985139
5 0.6003025924212151 0.3438815302067029 0.009738675911805572 0.01595238221398514
5 0.6845308156357288 0.4203200338348999 0.008176175911805573 0.015897818511654192
5 0.7347295309664579 0.48071438601181826 0.008212543502986235 0.017460318511654194
5 0.7616914212590621 0.4980755008026082 0.015952308320625087 0.014608137023308565
5 0.6895800319163885 0.5057218204953888 0.006613675911805572 0.015843254809323425
5 0.6820221050546523 0.49451150198373456 0.012754573138263937 0.011374009618646852
5 0.622175632790069 0.4455085175928312 0.008176175911805573 0.015897818511654192
5 0.6158535508180899 0.41479423093234224 0.008321646276527872 0.022147818511654194
5 0.6108569262930552 0.4279117898253498 0.006686411094166722 0.018968254809323425
5 0.5824961901607636 0.403464861332229 0.015843205547083274 0.009920637023308565
5 0.5822416170224998 0.41440236133222896 0.014317073138263936 0.01142857332097762
5 0.5710131762930553 0.4265204154159129 0.008248911094166722 0.019022818511654195
5 0.5914704934473954 0.4546007753973795 0.011373911094166722 0.019131945916316083
5 0.613381207828194 0.48742319908117687 0.008248911094166722 0.019022818511654195
5 0.6046958856398608 0.5246503805695226 0.012754573138263937 0.011374009618646852
5 0.5800602147620483 0.47453132948106347 0.012754573138263937 0.011374009618646852
5 0.5588761989944787 0.44407993764843157 0.014462543502986236 0.01767857332097762
5 0.6029327106779856 0.5668105987183572 0.014389808320624909 0.01455357332097762
5 0.6750986514074301 0.5568205290255765 0.0143534407294446 0.01299107332097762
5 0.6871076889264927 0.5783507886442234 0.011228440729444423 0.012881945916316084
5 0.782638394473576 0.5723041744864056 0.012754573138263937 0.011374009618646852
5 0.8153781592912148 0.5765750122353536 0.008248911094166544 0.019022818511654195
3 0.7836365435998953 0.6301985200399018 0.008358013867708357 0.023710318511654192
5 0.6520040306821174 0.6756424508952754 0.011373911094166545 0.019131945916316083
5 0.6613439695117009 0.6102902694069298 0.009811411094166722 0.01907738221398514
5 0.6114712560808329 0.6030754809323423 0.009811411094166722 0.01907738221398514
5 0.6394306422893744 0.711951973127794 0.011373911094166722 0.019131945916316083
5 0.7376135691511105 0.7263269863746379 0.008248911094166544 0.019022818511654195
5 0.7847431422893745 0.7170263974445636 0.012827308320625086 0.014499009618646853
5 0.6780190571832632 0.8008706293883963 0.014244337955902787 0.00830357332097762
5 0.6736569058727423 0.8875075338348999 0.011192073138263935 0.011319445916316085
5 0.6520358258006242 0.9094271738534335 0.011155705547083273 0.009756945916316085
5 0.6381915313477077 0.8995611005324557 0.008139808320624909 0.014335318511654194
5 0.6282177725139924 0.8577729046161398 0.008176175911805573 0.01589781851165455
5 0.7140987614960757 0.9639807537978331 0.008321646276527872 0.022147818511654548
5 0.668877180474027 0.9584921564302384 0.008248911094166722 0.01902281851165455
3 0.6563037920812839 0.9921726641499685 0.017660278685347208 0.015654671700063006
5 0.624927158722534 0.9655581227649744 0.009738675911805572 0.015952382213985317
5 0.618877833684409 0.9231250861044854 0.008176175911805573 0.015897818511654192
5 0.5445129601093048 0.9604043420949353 0.008285278685347208 0.020585318511654193
5 0.545058473977013 0.9369668420949353 0.014389808320624909 0.01455357332097762
5 0.5297237614960756 0.9575422369227921 0.012754573138263937 0.011374009618646852
5 0.5240556429549645 0.9323239821134688 0.015879573138263936 0.011483137023308387
5 0.5223119582094438 0.9064608865599724 0.011228440729444423 0.012881945916316084
5 0.5437700373316312 0.8579514646902735 0.008248911094166722 0.019022818511654195
5 0.5805797063095827 0.8553274616950486 0.015843205547083274 0.009920637023308388
5 0.49740222397701306 0.9353026491738442 0.008212543502986235 0.017460318511654194
5 0.5021981735401728 0.9643998721320021 0.014317073138263936 0.01142857332097762
5 0.4827578425181242 0.9598115758528664 0.009884146276527872 0.022202382213985315
3 0.6268053153513884 0.6161211179556509 0.01319098423243048 0.030124009618646853