5 0.44609375 0.3125 0.01328125 0.0171875
5 0.45390625 0.47578125 0.00703125 0.02265625
5 0.471875 0.5609375 0.01171875 0.01328125
3 0.7921875 0.52890625 0.0125 0.02109375
5 0.659375 0.5671875 0.0109375 0.0140625
5 0.68125 0.6 0.0078125 0.01484375
5 0.80703125 0.58046875 0.01171875 0.0140625
5 0.27890625 0.28359375 0.01328125 0.01171875
3 0.521875 0.0890625 0.01484375 0.01640625
1 0.48203125 0.30234375 0.01640625 0.0203125
1 0.74296875 0.2875 0.01484375 0.01953125
2 0.73203125 0.18515625 0.0140625 0.01796875
1 0.6359375 0.6453125 0.009375 0.00859375
2 0.69765625 0.66484375 0.00625 0.0046875
2 0.72578125 0.68515625 0.00703125 0.0078125
1 0.55859375 0.4375 0.00859375 0.0078125
1 0.37421875 0.5078125 0.00546875 0.01171875
2 0.8296875 0.74375 0.01875 0.0265625
1 0.67421875 0.82265625 0.0078125 0.00703125
1 0.61953125 0.809375 0.0046875 0.0078125
1 0.7015625 0.8578125 0.00390625 0.0078125
1 0.4984375 0.725 0.00859375 0.00859375
2 0.77109375 0.55 0.0046875 0.0046875
2 0.78125 0.61171875 0.00625 0.00625
1 0.465625 0.35234375 0.00625 0.00703125
1 0.375 0.35703125 0.00625 0.00546875
2 0.4421875 0.15859375 0.0078125 0.00859375
2 0.81875 0.36171875 0.00546875 0.00625
2 0.51328125 0.09453125 0.01328125 0.01875
1 0.71015625 0.72578125 0.01875 0.01875