7 0.3877416166056846 0.45836519918191004 0.023564769334818082 0.011483013867708359
7 0.47893713924254966 0.6800785046527434 0.023564769334818082 0.011483013867708359
4 0.3192172412476403 0.6388508265567363 0.020548857336090798 0.020785278685347207
4 0.2825086765993213 0.5028035705728128 0.020457950668363624 0.012972778685347209
4 0.28182578190645885 0.6958086881639932 0.02205681333545444 0.016134146276527872
4 0.5024468172342773 0.7415797023160421 0.020494313335454352 0.01609777868534721
4 0.5070621392425496 0.6807331212939935 0.022165901336727245 0.025509146276527873
7 0.5762944919239581 0.5737213615103477 0.01733295066836362 0.012900043502986059
4 0.49719952729154737 0.3194683129733685 0.014226132001908986 0.014389808320624997
4 0.37675811592936687 0.5292225598392364 0.014226132001908986 0.014389808320625086
4 0.4083711952578216 0.5659055954584378 0.022129538669636163 0.02238414627652787
3 0.8425302086250929 0.32594305062427154 0.020530676002545434 0.01922277868534721