4 0.6468750696207517 0.4485377224071552 0.03507533695813834 0.017787517856907444
4 0.6947514955141947 0.40398315300812015 0.030706171939110228 0.025518197240056394
5 0.5370013680241461 0.6159627759778775 0.021012836958138336 0.0175420560063543
4 0.37302502863173104 0.25267934618769156 0.028889003954332713 0.019240923701106104
4 0.3973671595446395 0.4216651254086847 0.02094916996194387 0.01597955600635448
5 0.43415094064782844 0.6685031692401745 0.022320668973360824 0.011319329545304768
5 0.33156308741524887 0.3697265243530245 0.011574169961943959 0.015815914772652383
3 0.36285426080005284 0.7322032049539895 0.021012836958138336 0.01754205600635448
7 0.16698995695945085 0.5958777414785834 0.011701503954332716 0.018940914772652383
4 0.1859004189361797 0.3808567134754061 0.01776050296574949 0.014362508928453721
4 0.21834550441144324 0.37014135592692415 0.014699169961943958 0.015870461850553054
4 0.6394008092406284 0.4978519297934813 0.027199169961943957 0.016088650162155816
5 0.7988766269213947 0.569234231742646 0.017760502965749582 0.014362508928453721
6 0.4645042158938805 0.15349577800647252 0.05465300790866543 0.03842730032431154
0 0.29794806866934953 0.06428109375205955 0.05433467292769336 0.03061480032431154