4 0.51796875 0.6641816173226787 0.015625 0.008358137023308565
4 0.5421875 0.6517461047088069 0.0203125 0.011646828130301046
4 0.4796875 0.6198760566155727 0.0140625 0.01142857332097762
4 0.52265625 0.49637655842967127 0.015625 0.009920637023308565
4 0.5171875 0.4508730854715132 0.015625 0.013045637023308387
4 0.50546875 0.44577635770403184 0.0171875 0.011537700725639333
4 0.49765625 0.48847228919237756 0.0140625 0.01611607332097762
4 0.484375 0.48253974772256536 0.0140625 0.009866073320977619
4 0.45390625 0.4978820055271136 0.0171875 0.01622520072563951
4 0.47265625 0.5016617699550838 0.0203125 0.011646828130301046
4 0.46328125 0.5224281377410988 0.0171875 0.00997520072563951
7 0.43984375 0.560672182206136 0.0203125 0.011646828130301046
4 0.4390625 0.4200199003549705 0.01875 0.011592264427970279
3 0.58203125 0.4226687291182438 0.0203125 0.014771828130301045
5 0.39140625 0.5441369574338794 0.0203125 0.011646828130301046
4 0.3546875 0.38426096042910424 0.0125 0.011374009618646852
4 0.58046875 0.452301665415913 0.015625 0.013045637023308566
4 0.57421875 0.5598959106065895 0.0140625 0.01299107332097762
4 0.2921875 0.4914534123358701 0.0140625 0.01455357332097762
3 0.5875 0.35098470207640176 0.0234375 0.014880955534962848
3 0.4609375 0.3317212921876025 0.0140625 0.02080357332097762
1 0.25390625 0.44871035162876405 0.009375 0.00813988221398514
1 0.31953125 0.41350202712665995 0.0078125 0.009647818511654194
1 0.378125 0.3913294159640671 0.0140625 0.00986607332097771
1 0.415625 0.36373269482000764 0.0140625 0.008303573320977708
2 0.3734375 0.4130407248570746 0.0140625 0.01299107332097762
1 0.49140625 0.36716028438305415 0.0125 0.008249009618646852
1 0.59375 0.6613592068857252 0.0109375 0.011319445916316085
4 0.60546875 0.4398934346532067 0.0125 0.011374009618646852
4 0.6015625 0.4741320253973795 0.0140625 0.01455357332097762
2 0.5203125 0.600200962876175 0.009375 0.011264882213984962