5 0.479145651161801 0.8090139046230874 0.01827911910658777 0.02373750892845372
3 0.5842954158441094 0.9687900994275118 0.010539393713693812 0.025163641233702093
4 0.4869516890034732 0.91001334293469 0.016571069892376222 0.020585235389503253
4 0.3414552142297516 0.6596161022701809 0.010175520678164407 0.017351141233702093
7 0.38456951344396334 0.6572411245913152 0.01024829528527027 0.018913641233702094
2 0.4523479423087329 0.22604171752930063 0.016716619106587772 0.023710235389503433
2 0.5246400876795656 0.8058985872526472 0.010029971463952592 0.014226141233702094
1 0.4051045295740138 0.871054208600847 0.009957196856846906 0.012663641233702094
1 0.5258710254356753 0.30942300770734243 0.008321922249740866 0.011073867694751716
1 0.7471851375129499 0.5603617650109431 0.010029971463952769 0.014226141233702094
2 0.6569732063718687 0.6338480835991993 0.011519696856846905 0.012690914772652384
7 0.514132888960692 0.611807668015768 0.010175520678164319 0.017351141233702093