3 0.7482052694784652 0.2783818173009151 0.017705697240056394 0.03018760517284953
3 0.2817387439109201 0.19893863902116277 0.017651150162155814 0.02706260517284953
3 0.6422096030776645 0.9677518573509275 0.017432961850553142 0.014562605172849175
4 0.3814128303527884 0.6251625067304246 0.011319329545304768 0.02219324874635866
3 0.5701634590045888 0.7361357959890142 0.017596603084255057 0.02393760517284953
1 0.6046928230491877 0.3857349792168244 0.027080697240056396 0.030460389812585566
1 0.22891471630818935 0.9789958635526268 0.020830697240056484 0.030278533386094608
2 0.6627306087597074 0.9343255919115213 0.02686250892845372 0.017960389812585475
2 0.7471799265371846 0.7122256198873399 0.022393197240056395 0.030323997492717504
1 0.8694666148520828 0.239679366984346 0.016034103084255236 0.023892141066226814
1 0.5607963672844193 0.6473006165221276 0.007976141233702095 0.009602320533113407
1 0.6888571375769588 0.5951123277257564 0.009593188311602673 0.012772784639735945
2 0.3903140921206159 0.8664323644105565 0.02694432954530477 0.022647889812585476
5 0.5511640430141204 0.7671728473217977 0.00964773538950343 0.015897784639735946
5 0.6053825698027768 0.3356895151102018 0.009538641233702095 0.009647784639736123
5 0.46588191882984215 0.18029262443968638 0.011155688311602675 0.012818248746358752
5 0.4524370275961401 0.17130406934597917 0.011155688311602675 0.012818248746358752
5 0.42554329098882065 0.1978809412118761 0.011182961850553142 0.014380748746358751
5 0.40816883035608365 0.14288956433141425 0.017487508928453722 0.017687605172849487
5 0.6252608729697575 0.13110130351086158 0.00964773538950343 0.015897784639736078
5 0.4409052382288772 0.22713653219896063 0.011155688311602675 0.012818248746358752
5 0.27046564772322845 0.5830552262473236 0.011155688311602675 0.01281824874635884
5 0.35574462864850503 0.5876086824363875 0.009620461850553052 0.014335284639736124
5 0.5050240596565072 0.3628406999873647 0.009620461850553142 0.014335284639736124
5 0.6245768547058128 0.2710359817241069 0.009647735389503254 0.015897784639736123
5 0.6921070482924214 0.4230554712992657 0.01123750892845372 0.01750574874635884
5 0.662626279624735 0.25664086111185125 0.011210235389503253 0.01594324874635884
5 0.35760399431795714 0.022423951636717364 0.014444329545304769 0.022284176959604128
5 0.21677936038456047 0.73156693408574 0.008085235389503431 0.015852320533113407
5 0.3960814821397972 0.43557716950426373 0.009620461850553052 0.014335284639736124
5 0.20614227475347105 0.4356323084589195 0.008057961850553052 0.014289820533113406
5 0.7164758027566484 0.43094452764661406 0.009702282467404188 0.019022784639735946
5 0.6625146002382907 0.742828413698276 0.011182961850553142 0.01438074874635884
5 0.5938608685055307 0.12341683564331518 0.011128414772652384 0.011255748746358752
5 0.4654992784036237 0.7852983731860451 0.0112920560063543 0.020630748746358663
5 0.38078417004765813 0.14134143619731115 0.009565914772652385 0.01121028463973608
5 0.43410008482031054 0.15073315657214 0.009593188311602673 0.012772784639736079
5 0.2794728603878558 0.24824831723440816 0.008085235389503431 0.015852320533113407
5 0.2806958100602489 0.6765551736608989 0.011182961850553142 0.014380748746358663
5 0.3057723076279122 0.2771856594751339 0.01123750892845372 0.01750574874635875
5 0.8319077081938098 0.5956398619697811 0.011210235389503253 0.015943248746358663
5 0.4975797524323367 0.3841617705204781 0.009702282467404011 0.019022784639736123
5 0.32922481330665976 0.7251685184089072 0.00964773538950343 0.015897784639735946
5 0.577537808031654 0.5764652792959668 0.008112508928453721 0.017414820533113405