3 0.28716904511401603 0.5511532391154088 0.028780097241038048 0.013482146641955416
3 0.27195348088966476 0.5595113761387174 0.02721759724103805 0.013427582939624472
3 0.22085132632168047 0.5252926327621393 0.01808825870642732 0.01778770072563951
3 0.3121501922187685 0.8187400431990927 0.028780097241038048 0.01348214664195524
3 0.3418166807988078 0.7276958917478139 0.01652575870642723 0.017733137023308566
3 0.439034760288307 0.4769741507334887 0.02738137155129756 0.01655258293962447
3 0.46926449287545247 0.44148059483570606 0.02565509724103805 0.013373019237293704
3 0.4233422405006032 0.5957067925661207 0.03075203301668683 0.021349210344286364
3 0.4938738257558536 0.7169071807705555 0.02738137155129756 0.01655258293962447
3 0.6325711555840371 0.6901487294119439 0.021295145861557074 0.019459328130301046
7 0.5484064382620396 0.4880257234214942 0.01668953301668665 0.020858137023308566
3 0.5686647065794054 0.5460192726958548 0.02721759724103805 0.013427582939624472
3 0.899199812865555 0.789630341122691 0.02713571008590847 0.011865082939624471
3 0.9277464574839165 0.5577429348620887 0.02721759724103805 0.013427582939624472
3 0.9218815598133372 0.4906372804155851 0.018088258706427142 0.01778770072563951
3 0.9991832869734157 0.654424472703704 0.001633426053168563 0.00830357332097762
5 0.5819503578680292 0.7099180815888622 0.020967597241038048 0.013209328130301045
3 0.21141104929788757 0.4497023557202972 0.021295145861557074 0.019459328130301046
3 0.8079230376507841 0.7654240040067153 0.014963258706427496 0.01767857332097762
3 0.8507545895506634 0.6418302473832933 0.016607645861557073 0.019295637023308564
3 0.8813085487320607 0.6274577233366762 0.02557321008590847 0.011810519237293704
3 0.851357697872978 0.5189284607228044 0.02121325870642714 0.017896828130301044
3 0.7632844877870697 0.5110465280533324 0.021295145861557074 0.019459328130301046
3 0.5662556795556123 0.4701834589935238 0.018088258706427142 0.01778770072563951
3 0.9847434079588862 0.5252280460246816 0.013564533016686652 0.02074900961864685
3 0.3710184226582074 0.5083084854872117 0.01981453301668683 0.020967264427970277
3 0.35589138964152056 0.4884870588081894 0.014963258706427318 0.01767857332097762
3 0.3146998236081471 0.4492261513664609 0.01808825870642732 0.01778770072563951
3 0.4781392831282284 0.6556249403892024 0.01956887155129756 0.01627976442797028
3 0.5181191519659925 0.5970931885751039 0.020967597241038048 0.013209328130301045
3 0.591987099161602 0.6923486356725462 0.02409259724103805 0.013318455534962937
3 0.6059300904551748 0.674642780500403 0.021131371551297563 0.016334328130301046
3 0.624598203300045 0.6724255160724327 0.02269387155129756 0.01638889183263199
3 0.5215097455889859 0.5124453700634495 0.02409259724103805 0.013318455534962937
3 0.6769098965389256 0.44596965427686774 0.013400758706427141 0.017624009618646852
3 0.684155830505552 0.40501727206288257 0.024256371551297562 0.016443455534962938
3 0.706891724896771 0.5998932624442357 0.01956887155129756 0.01627976442797028
3 0.8557043611473898 0.5719988970204735 0.018088258706427496 0.01778770072563951
3 0.906488933173657 0.5553545448435553 0.013400758706427141 0.017624009618646852
3 0.8891443029159323 0.5230876818668639 0.019814533016686654 0.020967264427970277
7 0.8344811363621603 0.6001338207042709 0.014471935775648603 0.00830357332097762
3 0.9814081252808837 0.7304066193456593 0.022693871551297207 0.01638889183263199
3 0.5679742305509805 0.32376232677953876 0.014881371551297562 0.016116073320977708
3 0.8234263704196436 0.38919632070427096 0.015045145861557075 0.019241073320977707
3 0.8821462731786056 0.3746229000156984 0.021049484396167627 0.014771828130301045
3 0.8594048139972086 0.3887226055506613 0.01940509724103805 0.013154764427970278
3 0.9452061951594445 0.4428619793271259 0.016607645861557073 0.019295637023308564
3 0.992664953074932 0.48330344085253857 0.014670093850136113 0.014880955534962936
3 0.5755963800305821 0.4393327630772079 0.021458920171816588 0.022584328130301045
3 0.6858610091566532 0.87065219574668 0.019323210085908295 0.011592264427970279
3 0.949841706240721 0.3072965015596445 0.018088258706427496 0.01778770072563942