5 0.33516586123992675 0.13010096266462726 0.009465903590796198 0.01578864123370205
5 0.37781696955298727 0.20905207711296808 0.012590903590796199 0.015843188311602675
5 0.4382817708808471 0.12673840909390482 0.015688632513557364 0.011210235389503432
5 0.42105790944452864 0.12078841802235854 0.015679542154477664 0.00964773538950343
5 0.4241197978118185 0.244185007713933 0.009465903590796288 0.015788641233702095
5 0.4695277465821544 0.2598003250843732 0.012563632513557365 0.011155688311602675
5 0.40125394867214015 0.0742543372592378 0.007921584308955332 0.018886367694751716
7 0.35444712636523723 0.086791293427748 0.006340903590796199 0.01573409415580136
5 0.31530281313352065 0.0734106319015065 0.012563632513557365 0.011155688311602718
5 0.37288350897699046 0.03255776096034392 0.012563632513557365 0.011155688311602718
5 0.5685732588787946 0.09399231859155141 0.01259999394987581 0.01740568831160272
5 0.5163567739059092 0.1167809821463878 0.006359084308955332 0.018859094155801337
5 0.5198317527304746 0.17688268506848712 0.012572722872636888 0.012718188311602718
5 0.5349795088787946 0.09457869967898373 0.012572722872636888 0.012718188311602718
5 0.574960135145836 0.25170936120522525 0.00947499394987581 0.017351141233702093
5 0.6091351472460844 0.2167343433483177 0.012618174668035031 0.020530688311602673
5 0.5277806081166687 0.20018381737373545 0.0063227228726368875 0.012609094155801337
7 0.5118106953524905 0.275470189532714 0.012554542154477665 0.009593188311602673
5 0.356519207354543 0.30865265665827285 0.012581813231716588 0.014280688311602674
5 0.40196806274073726 0.331299224028713 0.00946590359079611 0.015788641233702005
5 0.41923737597245375 0.3450617151002592 0.015688632513557364 0.011210235389503432
3 0.36759760792027707 0.33268049188562043 0.012627265027114642 0.022093188311602674
5 0.3033669362773041 0.3048924569825844 0.011055674668035032 0.020503414772652384
5 0.3305521258742579 0.41146005682042863 0.007921584308955332 0.018886367694751625
5 0.3658174601832133 0.429596402194046 0.012563632513557365 0.011155688311602675
5 0.37992541197861146 0.43716344034349286 0.012563632513557365 0.011155688311602675
5 0.44312939392643463 0.42277761201600406 0.00947499394987581 0.017351141233702093
5 0.43570271330647137 0.3549315929412806 0.01258181323171641 0.014280688311602674
5 0.47666860177195697 0.41281623092857184 0.00946590359079611 0.015788641233702095
5 0.5211907614128773 0.4104764350684871 0.012581813231716588 0.014280688311602674
5 0.5742612192583996 0.4001741347441755 0.011082945745273775 0.025190914772652385
5 0.3442878938282388 0.48935323173935075 0.009456813231716588 0.014226141233702094
3 0.362561170857406 0.5413833360414217 0.009520445745273864 0.025163641233702093
4 0.4154361859827166 0.49748728571711026 0.009465903590796288 0.015788641233702095
3 0.468333927005726 0.4574974853927987 0.009520445745273776 0.025163641233702093
5 0.24810324023744262 0.4754055543847967 0.00946590359079611 0.015788641233702095
5 0.20626571906200794 0.5362981899364557 0.007921584308955332 0.018886367694751625
5 0.30230544778837737 0.6596345040604851 0.007930674668035032 0.020448867694751627
5 0.29411115270703336 0.5941458717552368 0.009502265027114643 0.022038641233702094
7 0.704688020880847 0.12208827070287183 0.009465903590796288 0.015788641233702005
2 0.4854537701934761 0.5798673632338202 0.015743174668035032 0.02058523538950343
2 0.5481037611182897 0.6045576716758065 0.014153403590796287 0.01587046185055314
2 0.19441061367581364 0.5130652414785833 0.012572722872636976 0.012718188311602674
2 0.24697201141287736 0.41526294115427176 0.012627265027114642 0.022093188311602674
2 0.2632328156676035 0.38997656899529326 0.012581813231716588 0.014280688311602674
2 0.3009004664297293 0.2838396172910099 0.018859084308955422 0.0190772824674041
2 0.22855328863843627 0.3382328368522007 0.012618174668035031 0.020530688311602673
2 0.24956977058625954 0.3245833940763711 0.009502265027114643 0.022038641233702007
2 0.19076694232742833 0.2896686517870089 0.012627265027114642 0.022093188311602674
2 0.35897099990180414 0.05858447281089698 0.00946590359079611 0.01578864123370205
7 0.4212937378997516 0.02702478125288338 0.0063227228726368875 0.01260909415580136
2 0.5480441529034252 0.46001278490633135 0.012609084308955331 0.018968188311602675
2 0.5181430294650541 0.42381223214638786 0.012572722872636888 0.012718188311602674
2 0.34643620110802703 0.4557185714309252 0.012645445745273865 0.025218188311602673
2 0.31473674921443306 0.5133089289794072 0.0063227228726368875 0.012609094155801515
3 0.2312515626425414 0.3991294265437752 0.012581813231716588 0.014280688311602762
3 0.28827826746300156 0.3973526923720878 0.0157159035907962 0.015897735389503433
3 0.3922436047970191 0.40569525203189016 0.012627265027114642 0.022093188311602674
3 0.4843452672666098 0.5236310000032953 0.01726931323171641 0.014362508928453721
3 0.44191791451269424 0.7517384090939048 0.006395445745273953 0.025109094155801336
7 0.4595775923039872 0.6982997633959759 0.0063227228726368875 0.012609094155801515
7 0.2861663216195318 0.4372373526805132 0.009438632513557366 0.011101141233702094
3 0.46255506303532484 0.13569066924017453 0.018804542154477667 0.0097022824674041