5 0.7573701631030436 0.6324900726980444 0.01281824874635884 0.011446835969555025
5 0.7158993801126601 0.762674979808407 0.01750574874635884 0.011637836958138336
5 0.5725525453937819 0.7170375331547174 0.014608069279472247 0.01932300296574958
5 0.5243938417120003 0.778281439276497 0.011392141066226814 0.016070668973360826
5 0.4653969264308787 0.8156740099230128 0.012954641066226813 0.016134335969555026
5 0.4412296522159839 0.8700922544858052 0.008267141066226813 0.015943334980971714
5 0.5545396459477777 0.9293319447137044 0.012772784639735945 0.009884335969555024
5 0.5937840023742684 0.937173619618564 0.011392141066226814 0.016070668973360826
5 0.38560281169111776 0.5674009945999735 0.00831260517284953 0.01750583498097207
5 0.3354162582467632 0.7198601497331699 0.01268185642649069 0.006759335969555025
5 0.2830126722742436 0.688852888858755 0.008403533386094874 0.020630834980972068
5 0.3710355095004044 0.7103869906456408 0.008267141066226813 0.015943334980972067
5 0.20908211262818988 0.4275532915204933 0.009829641066226812 0.016007001977166268
5 0.20048000244077543 0.453733789543327 0.014335284639736124 0.00994800296574958
5 0.5166602465682807 0.6734029382879136 0.006659176959604096 0.014317167984777512