3 0.88984375 0.2641552195677814 0.0265625 0.014526150162155815
3 0.86796875 0.3465682991130862 0.0171875 0.017487508928453722
3 0.8296875 0.41833025081736946 0.0265625 0.017651150162155814
3 0.81015625 0.4702336700542487 0.025 0.020748876623205348
3 0.76875 0.39986266883643273 0.0171875 0.020612508928453722
3 0.76328125 0.2944893762227589 0.028125 0.014553423701106105
3 0.74453125 0.491691658690163 0.0265625 0.017651150162155814
3 0.6859375 0.33412066640080074 0.021875 0.01913182954530477
3 0.6625 0.4267172694850558 0.0265625 0.020776150162155817
3 0.63125 0.5296064902640627 0.0265625 0.012963650162155815
3 0.6125 0.5596212727314667 0.0296875 0.014580697240056395
3 0.59765625 0.5348803713514949 0.01875 0.019077282467404012
3 0.59609375 0.3302201448904453 0.015625 0.02058523538950343
3 0.5328125 0.3258559732179341 0.025 0.014498876623205436
3 0.5015625 0.5685889439969409 0.0265625 0.019213650162155815
5 0.48359375 0.6306213396948698 0.0234375 0.011346603084255235
3 0.46953125 0.24414805154542285 0.025 0.019186376623205437
3 0.45 0.2671452207823021 0.015625 0.02214773538950343
3 0.609375 0.1479570698093674 0.0234375 0.016034103084255104
3 0.5359375 0.1570514261400334 0.021875 0.02225682954530477
3 0.4890625 0.17115088230854358 0.0265625 0.014526150162155771
4 0.58828125 0.588950262585197 0.0171875 0.00967500892845372
4 0.5453125 0.44126278490633125 0.0140625 0.017432961850553142
4 0.58359375 0.365594583202048 0.0078125 0.011073867694751716
4 0.609375 0.30264456980936744 0.015625 0.006522735389503431
2 0.65625 0.2572951136408572 0.0109375 0.011128414772652384
4 0.78671875 0.5354865231385039 0.0171875 0.02373750892845372
4 0.89296875 0.6141006724898807 0.0171875 0.00967500892845372
4 0.33125 0.26296800974252793 0.021875 0.01913182954530477
3 0.87578125 0.6417444314183344 0.0171875 0.014362508928453721
3 0.62421875 0.44847922118933925 0.0234375 0.012909103084255236
3 0.65234375 0.22455079748823303 0.0234375 0.012909103084255058
3 0.58828125 0.503794012585197 0.0203125 0.0144170560063543
3 0.5046875 0.24040939691904017 0.021875 0.016006829545304767
3 0.490625 0.3250298587695933 0.0265625 0.020776150162155817
3 0.55 0.17789971428948032 0.0265625 0.02077615016215577
3 0.68203125 0.0880951002481766 0.0265625 0.01140115016215577
7 0.79765625 0.5509206083658513 0.0140625 0.00805796185055314
3 0.4734375 0.501111117698047 0.0203125 0.01754205600635448
3 0.39765625 0.24305888433713846 0.0203125 0.01597955600635448
3 0.31796875 0.4092935848236058 0.0234375 0.01603410308425506
3 0.37734375 0.3965384403434929 0.015625 0.020585235389503343
3 0.43359375 0.26430659294128067 0.021875 0.016006829545304767
3 0.753125 0.17044790422593614 0.01875 0.0190772824674041
3 0.75078125 0.23142631453436166 0.021875 0.009756829545304768
3 0.6796875 0.2615735105566021 0.01875 0.0190772824674041
2 0.753125 0.6665416542259361 0.0140625 0.01587046185055314
3 0.571875 0.38220538474417554 0.0125 0.017405688311602673
7 0.80078125 0.24539731128795075 0.0140625 0.014307961850553053
3 0.60859375 0.31828320657884257 0.0234375 0.014471603084255057
3 0.53828125 0.5007605158316079 0.0265625 0.012963650162155815
3 0.540625 0.5335321055231823 0.0203125 0.0159795560063543
3 0.4765625 0.4518378206201463 0.0140625 0.02055796185055314
3 0.36015625 0.21324469927194664 0.0265625 0.011401150162155815
3 0.50078125 0.13344633076641604 0.0234375 0.014471603084255102
3 0.52578125 0.1126974541432106 0.025 0.014498876623205436
3 0.29609375 0.3198316643689106 0.0203125 0.015979556006354388
3 0.47421875 0.1425037309285718 0.0203125 0.01129205600635439
3 0.5765625 0.25634231412732456 0.0265625 0.017651150162155814
3 0.48671875 0.22509804261696909 0.0234375 0.011346603084255058