3 0.7157036879466337 0.8299374785148157 0.029751132513557366 0.012493355947465545
3 0.7659996454975685 0.6473606739014028 0.021938632513557366 0.012083920171816587
3 0.7332598683702054 0.633141043643678 0.025090903590796288 0.0169351944820761
5 0.7154411092950191 0.6064180913596859 0.021938632513557366 0.012083920171816587
7 0.5731076426688981 0.7583823038204434 0.014135222872636887 0.013236984396167805
3 0.4897320612868089 0.7165013410210015 0.02351931323171641 0.015290807326946165
3 0.5976223502198328 0.5744543611473896 0.014171584308955331 0.01948698439616763
3 0.4025229527773567 0.6619156603337355 0.028188632513557365 0.012411468792335612
7 0.6606273860295987 0.3565951537750148 0.01101931323171641 0.014635710085908294
5 0.2626382961614985 0.6616180099496226 0.018822722872636977 0.013482645861557074
5 0.22395759124284237 0.5939458310713789 0.021974993949875808 0.018333920171816585
7 0.3325336814055303 0.4683460447753317 0.021938632513557366 0.012083920171816587
7 0.3688893379231927 0.3983544493433161 0.020376132513557365 0.012002033016686741
7 0.378895596998379 0.42466796585165945 0.02195681323171659 0.015208920171816586
7 0.19942119955590293 0.5129481365893028 0.0156704517953981 0.008631371551297562
5 0.8248388351927183 0.6082439422187684 0.015688632513557364 0.011756371551297561
3 0.5487631902843249 0.37574022218323755 0.01416249394987581 0.017924484396167804
2 0.43237407924078985 0.6353465162812008 0.02196590359079629 0.016771420171816587
2 0.4421894407753042 0.6944725327895441 0.009429542154477666 0.009866322930778538
2 0.4789263714934634 0.6932718809350933 0.012545451795398144 0.00846759724103805
4 0.5755019105246831 0.6154954409755731 0.018813632513557367 0.011920145861557074
4 0.5847001694034777 0.5120395703287868 0.01570681323171641 0.014881371551297562
4 0.608228572994274 0.497642877655733 0.012563632513557365 0.01159259724103805
2 0.7177990157144857 0.46978122851481563 0.020403403590796287 0.01668953301668665
2 0.7217582452264221 0.8638587771353347 0.02195681323171641 0.015208920171816232
4 0.6931019801011116 0.8193751147654342 0.009429542154477666 0.009866322930778538
2 0.6274951608192707 0.8128108542499847 0.012536361436318444 0.0069050972410380496
4 0.5983394468254284 0.7198487483025193 0.015706813231716587 0.014881371551297562
4 0.561866136520578 0.6757369001569702 0.012536361436318444 0.0069050972410380496
4 0.5789172811343838 0.7000751588633974 0.012554542154477665 0.010030097241038049
7 0.2985257991865605 0.672095164517607 0.012572722872636888 0.01315509724103805
7 0.3507518953993727 0.5607349406368888 0.015688632513557364 0.011756371551297561
3 0.40516720550783125 0.4760600474888653 0.025063632513557366 0.0122476944820761
3 0.5375332361512357 0.8284148428300238 0.01415340359079611 0.01636198439616763
3 0.5253791906771083 0.6339688020114209 0.011037493949875809 0.017760710085908116
3 0.6834366094914108 0.7344678482570908 0.012572722872636888 0.01315509724103805
3 0.5282627752806514 0.8099547698992454 0.015715903590796287 0.016443871551297562
3 0.40614844340758277 0.44172599106643007 0.021938632513557366 0.012083920171816587
3 0.40151444380036627 0.7009372167561706 0.023501132513557364 0.012165807326946165
3 0.2873211753554061 0.44878381727656896 0.02510908430895542 0.020060194482076098
3 0.33638382660851124 0.8811735933958508 0.021938632513557366 0.012083920171816587
7 0.17737296185254303 0.6759051599950512 0.020357951795398056 0.008877033016686653
3 0.39025125351604145 0.35336617593756775 0.02041249394987581 0.01825203301668683