3 0.58359375 0.29069204282057465 0.009375 0.02688988221398514
3 0.59375 0.2754217068857252 0.0109375 0.025381945916315995
3 0.5625 0.22042418283910808 0.0171875 0.01935020072563933
3 0.8546875 0.33922134517497815 0.0078125 0.028397818511654283
3 0.759375 0.3616742093327959 0.015625 0.016170637023308565
3 0.496875 0.43844500734121217 0.0140625 0.02549107332097762
3 0.459375 0.46604172848527164 0.0109375 0.025381945916316085
3 0.61875 0.43332597612301893 0.0171875 0.028725200725639333
3 0.73828125 0.5148438493513293 0.0140625 0.02549107332097762
3 0.70078125 0.6541593204953889 0.0171875 0.02091270072563951
7 0.50078125 0.5503001665970393 0.01875 0.014717264427970278
3 0.5578125 0.5757292417321155 0.0109375 0.025381945916316085
3 0.78359375 0.9336136967189242 0.0078125 0.028397818511654193
3 0.54453125 0.9416717002623033 0.0125 0.025436509618646852
3 0.4765625 0.9299231792109109 0.01875 0.017842264427970277
5 0.725 0.6042238078815171 0.0109375 0.019131945916316083
3 0.48515625 0.20366077957373072 0.0171875 0.020912700725639423
3 0.76484375 0.8384276822909538 0.015625 0.014608137023308387
3 0.6359375 0.8714261768486583 0.0171875 0.014662700725639511
3 0.61953125 0.9013220079741842 0.0109375 0.023819445916316084
3 0.51015625 0.8615650488110245 0.0171875 0.02247520072563951
3 0.50859375 0.7708854851086936 0.0171875 0.022475200725639334
3 0.48046875 0.5667783384667382 0.0171875 0.01778770072563951
3 0.50703125 0.9954080195961887 0.01875 0.009183960807622427
3 0.53359375 0.3717585043459873 0.0203125 0.017896828130301135
3 0.5140625 0.35467020806685157 0.015625 0.014608137023308565
3 0.478125 0.3096652429132419 0.0171875 0.01778770072563942
3 0.67578125 0.4931300512580952 0.0140625 0.01767857332097762
3 0.6140625 0.5284747850160263 0.0125 0.02074900961864685
3 0.70625 0.6129440434535468 0.0109375 0.022256945916316086
3 0.68671875 0.6255432471744111 0.0140625 0.01924107332097762
3 0.6828125 0.6433755879185841 0.0140625 0.02080357332097762
3 0.5265625 0.5246379676854984 0.0109375 0.022256945916316086
3 0.4484375 0.6765972825689556 0.0171875 0.01310020072563951
3 0.40625 0.6805928126060226 0.0140625 0.02236607332097762
3 0.60390625 0.7210888709508758 0.015625 0.019295637023308564
3 0.56484375 0.8697247783926045 0.0171875 0.017787700725639156
3 0.54375 0.9197694184111377 0.015625 0.013045637023308387
3 0.5125 0.8991468943645208 0.0203125 0.017896828130301044
7 0.59453125 0.8504489887368907 0.00625 0.012718254809323426
3 0.71796875 0.9999268832058524 0.0125 0.00014623358829517484
3 0.33203125 0.5553447867453067 0.0140625 0.01455357332097762
3 0.3796875 0.821852729666398 0.01875 0.013154764427970278
3 0.36015625 0.8789831833872622 0.0140625 0.02080357332097762
3 0.37734375 0.8569271341129017 0.0109375 0.019131945916316083
3 0.4265625 0.9492708907363238 0.0171875 0.014662700725639155
3 0.4640625 0.9970424414658876 0.0140625 0.005915117068224873
3 0.44921875 0.5742808144201211 0.0203125 0.021021828130301047
3 0.88125 0.7237426781146027 0.009375 0.017514882213985138
3 0.2875 0.9420709712288776 0.0171875 0.017787700725639156