3 0.7238183738640988 0.31950406750016397 0.018570217535011223 0.03028770072563942
3 0.2664297129868973 0.21041174346139604 0.018424668320799586 0.02716270072563942
3 0.5754640713446275 0.9954601106568479 0.018133569892376043 0.009079778686304251
4 0.33796849524699824 0.6401662200477511 0.011956344499481996 0.022256945916316086
3 0.518484287017612 0.763065550625123 0.018206344499482087 0.02247520072563951
1 0.5745203870986652 0.41680067503455975 0.027945217535011224 0.03061508293962447
1 0.1654169832552862 0.9839744678747575 0.021840766749222994 0.032051064250484984
2 0.5974503873080621 0.9661483998068163 0.025800520678164317 0.018060519237293703
2 0.6959200823028822 0.7504812489885097 0.023257717535011223 0.030451391832631992
1 0.8481120525239806 0.28863106813313616 0.016716619106587772 0.023983137023308565
1 0.5148199396226458 0.6737302321134686 0.00824914764263518 0.009647818511654194
1 0.6451281778358215 0.6313294557045989 0.009957196856846906 0.012827382213985139
2 0.33215718114559034 0.8825446930059091 0.027581344499481998 0.02280258293962447
5 0.4983515694826005 0.7920982861971526 0.010102746071058632 0.01595238221398514
5 0.5791929245260526 0.36688252058805604 0.00981164764263518 0.00970238221398514
5 0.44978802254019123 0.2050769466341062 0.011519696856846905 0.012881945916315996
5 0.4370161947899323 0.19367565516429391 0.011519696856846905 0.012881945916315996
5 0.40921652646913265 0.21931057222466938 0.011592471463952592 0.014444445916315996
5 0.39457613771783767 0.16402287149902994 0.017988020678164497 0.01778770072563942
5 0.6120911234498141 0.1645759761230189 0.010102746071058632 0.01595238221398514
5 0.4218963089341214 0.24948914554564708 0.011519696856846905 0.012881945916315996
5 0.23144882154951524 0.5918427927357566 0.011519696856846905 0.012881945916316084
5 0.31549633581753883 0.6018204826616229 0.010029971463952769 0.014389882213985138
5 0.47728366811591183 0.38758191178771584 0.010029971463952592 0.014389882213985138
5 0.6017079334173927 0.3035020668671918 0.010102746071058632 0.01595238221398514
5 0.6593469973139129 0.4604539605139223 0.011738020678164318 0.017569445916316085
5 0.6413526302742396 0.2923661594254632 0.011665246071058632 0.016006945916315997
5 0.35259630707209455 0.040483678577938845 0.015008569892376223 0.02080357332097771
5 0.16839439578511753 0.7359722494518458 0.008540246071058587 0.015897818511654192
5 0.3646701980997012 0.4532937026245559 0.00846747146395277 0.014335318511654194
5 0.17586240922457164 0.44122274464252237 0.008467471463952724 0.014335318511654194
5 0.6839831242783836 0.469139479751216 0.010248295285270359 0.01907738221398514
5 0.6094538893749768 0.775632527211478 0.010029971463952592 0.014389882213985138
5 0.5819862464853433 0.15569948392756722 0.011446922249740865 0.011319445916315996
5 0.41086868610798905 0.8054762507177902 0.011883569892376045 0.020694445916316084
5 0.3681591869320494 0.1599702885594054 0.009884422249741042 0.011264882213985139
5 0.41999351468230833 0.17273567258748906 0.009957196856846906 0.012827382213985139
5 0.2601946755595099 0.2602753342055689 0.008540246071058633 0.015897818511654283
5 0.23489484512316375 0.685865611247411 0.01159247146395268 0.014444445916316084
5 0.28619209532805157 0.2901364489963589 0.011665246071058632 0.016006945916315997
5 0.7871701286216097 0.6394197526167067 0.011665246071058632 0.016006945916316084
5 0.4684887109199828 0.4084028432760616 0.010248295285270359 0.01907738221398514
5 0.28103994499932927 0.7367758360196675 0.008540246071058633 0.015897818511654192
5 0.5359907723353035 0.6056077146902735 0.008540246071058633 0.015897818511654192