5 0.6870702914671066 0.4353951056668565 0.018795451795398144 0.008576503954332714
5 0.6854532493126289 0.4260837726630509 0.01726931323171641 0.014762836958138337
5 0.6375106530016209 0.3788068660469799 0.018840903590796286 0.016389003954332716
5 0.5890913337197803 0.383905542929006 0.018795451795398144 0.008576503954332714
5 0.5722219962875668 0.4392933798871443 0.020376132513557365 0.011765170950527093
5 0.5740572070599554 0.4861047128909499 0.021929542154477667 0.01026633794672147
5 0.5808606772021179 0.31234887790997795 0.021938632513557366 0.01182883794672147
5 0.4848760115110732 0.33501439817593304 0.023501132513557364 0.01189250494291585
5 0.44221126765939334 0.2547021570731816 0.014144313231716587 0.014635502965749492
5 0.5723679629136879 0.5987002133852415 0.018795451795397967 0.008576503954332714
4 0.6582645562978297 0.58816727859455 0.017242042154477843 0.010075336958138337
3 0.3633282644379395 0.3962304238790956 0.01729658430895542 0.019450336958138338
5 0.3031992855151783 0.40336910323257963 0.014144313231716587 0.014635502965749581
5 0.368029920857406 0.5327900063886096 0.018795451795398144 0.008576503954332714
3 0.31944295081343943 0.643389266768733 0.026644313231716586 0.015144838935304605
5 0.31739463748352703 0.6942660172630245 0.017251132513557366 0.011637836958138336
3 0.3770650741536146 0.7426279214076377 0.023510222872636887 0.01345500494291585
5 0.3906048785065366 0.6522111684418881 0.017260222872636975 0.013200336958138336
5 0.3211856953524904 0.2713550992782469 0.011037493949875809 0.017633168973360737
5 0.19841231244614965 0.5248541254757011 0.011037493949875809 0.017633168973360824
5 0.2121884661351417 0.47506237250995154 0.01726931323171659 0.014762836958138337
3 0.2269185866466465 0.45492628604610486 0.023501132513557364 0.01189250494291585
5 0.7322333214231401 0.5421743462753164 0.011019313231716588 0.014508168973360824
5 0.4483542668738264 0.7733248230807928 0.01726022287263689 0.013200336958138336
5 0.4608946526088376 0.6454399036131404 0.011028403590796288 0.016070668973360826
5 0.33586633976990443 0.37703209631249746 0.018822722872636977 0.013264003954332715
5 0.1196378726528041 0.5507255587835178 0.02037613251355732 0.011765170950527093
7 0.5167270169720222 0.7056797252482396 0.020376132513557365 0.011765170950527093
6 0.6554895351223948 0.6484508625869388 0.03457498789975162 0.035775673916276673
2 0.670323153001621 0.3774698591268976 0.022029536104353476 0.02745383794672147
2 0.6441964693565956 0.3191453645641051 0.020367042154477665 0.010202670950527093
2 0.590590201206223 0.37290437593281156 0.017232951795397966 0.008512836958138337
2 0.5940560896717086 0.4313707919404228 0.014126132513557366 0.01151050296574958
2 0.5410356288011242 0.4515042198110321 0.023573855386194255 0.02439250494291585
2 0.7086458304983264 0.5173481012182323 0.020467036104353475 0.027390170950527093
2 0.6813242855151783 0.3879616901535369 0.014126132513557366 0.011510502965749491
2 0.40766355083688055 0.22641533098945824 0.029832945745273953 0.026209672927693363
6 0.4287850927949665 0.36465016003893114 0.037809072208706954 0.05465300790866543
2 0.5166800025340829 0.294646724753948 0.015688632513557364 0.011574169961943959
2 0.500859559813871 0.26168964471589196 0.017251132513557366 0.011637836958138336
2 0.4604936350476401 0.30787623661694613 0.015688632513557364 0.011574169961943959
2 0.36847430669061304 0.34053883939241525 0.018795451795398144 0.008576503954332714
2 0.42070494808296494 0.4532815785180002 0.017278403590796288 0.016325336958138335
2 0.41472765885535345 0.5004112465027778 0.01728749394987581 0.017887836958138337
2 0.22185838192438215 0.391054787034688 0.025145445745273866 0.026018671939110227
2 0.3074373336215844 0.4602411857420936 0.015679542154477664 0.01001166996194378
2 0.3212998457218328 0.4252931827763442 0.01415340359079611 0.01619800296574958
2 0.3774640081914235 0.5425642544114433 0.01416249394987581 0.017760502965749582
2 0.3498162520431035 0.6257415103429423 0.014126132513557366 0.01151050296574958
5 0.6722396561248789 0.303936858632606 0.014144313231716587 0.014635502965749581
5 0.627449851771957 0.39562695152224336 0.014144313231716587 0.014635502965749492
5 0.5706140444921688 0.43154454688333865 0.014126132513557366 0.01151050296574958
5 0.6521776618804156 0.4821401130812303 0.014144313231716587 0.014635502965749581
5 0.7227396258742579 0.38783701475438553 0.011019313231716588 0.014508168973360736
5 0.5094407160369459 0.5278093932330172 0.009456813231716588 0.014444501977166268
5 0.4166936380727022 0.30106516251038906 0.015697722872636887 0.013136669961943959
5 0.40651466217500315 0.2975727479856526 0.011019313231716588 0.014508168973360736
5 0.4266089935570923 0.2592450770351255 0.012572722872636888 0.013009335969555114
2 0.323920330792914 0.33844709878395535 0.02194772287263689 0.013391337946721472
7 0.2794759600850175 0.4895121916735928 0.007867042154477666 0.009693334980972069
2 0.501173698082965 0.4500027282139891 0.02668976502711473 0.022957338935304605
5 0.507182282686508 0.27393497673111433 0.011019313231716588 0.014508168973360824
5 0.5572095537637468 0.2765851328528938 0.018795451795398144 0.008576503954332714