5 0.5541431088881413 0.3533672551999243 0.01825203301668683 0.021213258706427318
5 0.5132271025565632 0.5212198185197644 0.012329581637205678 0.027135710085908295
5 0.4774733090244269 0.6055195754171694 0.014881371551297562 0.016361984396167806
3 0.15196205393604428 0.5085538856847917 0.016853307326946253 0.024256371551297562
5 0.2816628420411137 0.5748892938708206 0.014963258706427318 0.017924484396167627
5 0.2519410425160835 0.6038840750784851 0.010275758706427319 0.017678822930778538
5 0.12664447139432736 0.5581477719354103 0.014963258706427274 0.017924484396167804
5 0.7341581575086604 0.35653427803984583 0.016361984396167806 0.014881371551297562
3 0.5208646986659475 0.10642033412359664 0.018170145861557074 0.019650758706427275
1 0.5198057304394389 0.3358997942095049 0.021540807326946167 0.024502033016686832
1 0.25231833729141534 0.26782706637205783 0.019896420171816497 0.022857645861557075
2 0.2836679138402385 0.16292820443169873 0.01981453301668683 0.021295145861556987
1 0.29048124208654225 0.6607415846894236 0.011510710085908293 0.011510710085908293
2 0.2226795884230691 0.6689391870188441 0.008221935775648781 0.008221935775648781
2 0.1890072732942067 0.6836258067611194 0.008303822930778536 0.00978443577564878
1 0.4130090965636695 0.4603465162812007 0.011428822930778538 0.009948210085908116
1 0.5897995686353654 0.5698863698538169 0.00846759724103805 0.012909435775648782
2 0.06940410221787902 0.723578020126388 0.02343085594746528 0.030833920171816586
1 0.21548016282418567 0.836208574173974 0.011428822930778538 0.00994821008590847
1 0.2744014614447047 0.8330293424913396 0.006659435775648781 0.008140048620519025
1 0.17938553256646084 0.8672195567611194 0.005096935775648781 0.008058161465389091
1 0.4163266898479786 0.7707451057203227 0.011510710085908293 0.011510710085908293
2 0.17022405303153315 0.5337962251239137 0.004933161465389269 0.004933161465389269
2 0.1473763732487782 0.5960538856847917 0.008221935775648781 0.008221935775648604
1 0.5263556235874625 0.3902973671402834 0.008303822930778536 0.00978443577564878
1 0.6191229777259054 0.4139605964480685 0.008221935775648781 0.008221935775648781
2 0.5890990422889409 0.19460308683713007 0.011510710085908293 0.01151071008590825
2 0.15821313319840086 0.3294838613745322 0.008221935775648781 0.008221935775648781
2 0.5290899564678636 0.11390196347681025 0.018252033016686653 0.021213258706427273
1 0.19687068295057367 0.7279080732694627 0.0230214201718165 0.023021420171816586