5 0.8381347624930319 0.33776434588224163 0.017251132513557366 0.011838258706427318
5 0.763625121002484 0.3838747060135784 0.01726931323171659 0.014963258706427318
5 0.850820593973317 0.44080413670084456 0.01259999394987581 0.01784259724103805
5 0.8548359282822723 0.42225885458866885 0.011037493949875809 0.017760710085908293
5 0.7320842295119363 0.43223696291098335 0.015679542154477664 0.010193871551297562
5 0.7208785639190876 0.4777575028250752 0.012581813231716588 0.01471759724103805
5 0.8987222836684665 0.40111419493230194 0.018804542154477844 0.010357645861557074
7 0.8825796540817755 0.3549418798034395 0.015670451795398322 0.008631371551297562
5 0.8929631630587661 0.3164116463117829 0.01258181323171641 0.01471759724103805
5 0.9379711360295989 0.3711301238105458 0.01258181323171641 0.01471759724103805
5 0.8938388200674077 0.5688782270444775 0.01883181323171641 0.015045145861557075
5 0.8667859615579555 0.5174452018297069 0.01879545179539832 0.008795145861557075
5 0.8073564194034777 0.5237084899347764 0.01414431323171641 0.014799484396167628
5 0.8893467627876195 0.5350388155790883 0.01414431323171641 0.014799484396167805
5 0.7366848502198329 0.5817423179539375 0.018813632513557367 0.011920145861557074
5 0.7755700882177803 0.6142582468321812 0.02195681323171659 0.015208920171816586
5 0.7846410820694603 0.532677376185395 0.012545451795397965 0.00846759724103805
7 0.7089052838648583 0.520893349161602 0.011019313231716588 0.014635710085908294
5 0.6636887535160414 0.36769642808527425 0.015706813231716587 0.014881371551297562
5 0.6446614975641131 0.41437003222371727 0.017251132513557366 0.011838258706427318
5 0.6320569584346976 0.4316836849826792 0.01259999394987581 0.01784259724103805
3 0.6401739854638647 0.37974937075832804 0.023519313231716587 0.015290807326946255
5 0.6632165757247485 0.3145304845077094 0.020385222872636888 0.013564533016686831
5 0.5598779522863774 0.3458446822691458 0.018804542154477667 0.010357645861556986
5 0.5448160336684665 0.38256675429541315 0.012581813231716588 0.01471759724103805
5 0.5376984252572102 0.39704201209732926 0.012581813231716588 0.01471759724103805
5 0.5568751512531052 0.45900310153645113 0.017251132513557366 0.01183825870642714
5 0.6241399193052819 0.4492429992070305 0.015706813231716587 0.014881371551297562
5 0.569970048891973 0.49173039235505406 0.017251132513557366 0.011838258706427318
5 0.5759655188377437 0.535807940975573 0.015706813231716587 0.014881371551297562
5 0.5905047418085765 0.5889296189493057 0.02507272287263689 0.013810194482076099
5 0.48318818725926277 0.36370721166778797 0.015688632513557364 0.011756371551297561
3 0.4330518318730685 0.3845243227036359 0.02507272287263689 0.01381019448207601
4 0.48199332592114014 0.4347600180902231 0.017251132513557366 0.011838258706427318
3 0.5254615247896719 0.4854903584338562 0.026635222872636886 0.013892081637205678
5 0.48922053952219907 0.2671188167107421 0.017251132513557366 0.011838258706427318
5 0.4261438226014905 0.22864613692798716 0.018804542154477667 0.010357645861557074
5 0.31145408782499684 0.3304808746035152 0.020367042154477665 0.01043953301668683
5 0.375607491415793 0.31821324796383504 0.023501132513557364 0.012165807326946342
7 0.8766326184684013 0.7055184119156153 0.015688632513557364 0.011756371551297561
2 0.4057621031466991 0.5081322410664301 0.02041249394987581 0.018252033016686653
2 0.3858536032448949 0.5719524016273082 0.01727840359079611 0.016525758706427317
2 0.4473193858332071 0.2156891135222388 0.01414431323171641 0.014799484396167805
2 0.5486364461380573 0.26319927860567266 0.02351931323171641 0.015290807326946343
2 0.5758983829063408 0.2786948038204433 0.015706813231716587 0.014881371551297562
2 0.6835518016224474 0.3116887675243962 0.020430674668035033 0.02137703301668683
2 0.623786437062871 0.24134861205190075 0.02195681323171641 0.015208920171816498
2 0.6400790575743758 0.26173967718076313 0.023501132513557364 0.012165807326946254
2 0.6693443767580207 0.20153583955066354 0.02351931323171641 0.015290807326946343
2 0.9122580637226958 0.35806023575090484 0.017251132513557366 0.01183825870642723
7 0.9478501300776703 0.4193186403188891 0.012545451795398321 0.00846759724103805
2 0.5289041664766115 0.5653825763216804 0.020394313231716588 0.015127033016686654
2 0.5619121091968233 0.5335084565794054 0.014144313231716587 0.014799484396167628
2 0.5167910276183424 0.36390528550307766 0.026653403590796286 0.017017081637205854
2 0.4567847685431561 0.3349713800305822 0.012545451795398144 0.00846759724103805
3 0.5643614400879331 0.24683065015697014 0.01570681323171641 0.014881371551297562
3 0.5695029371610669 0.3033672551999243 0.01728749394987581 0.01808825870642732
3 0.5704609282822724 0.407355392355054 0.023519313231716587 0.015290807326946343
3 0.4612626694034777 0.5055704850735363 0.014171584308955331 0.01948698439616763
3 0.23169788925105256 0.4724393232694627 0.025054542154477666 0.0106851944820761
7 0.28630812119887583 0.4885866236990041 0.012545451795398056 0.00846759724103805
7 0.5304268016224475 0.3036638263216805 0.012563632513557365 0.01159259724103805
3 0.8436484434075829 0.4646543945027606 0.011055674668035208 0.020885710085908116