3 0.1913770054743885 0.42717760280989037 0.024137836958138335 0.018005955534962936
3 0.21231424657713993 0.3857812764936878 0.02126750494291585 0.024146828130301133
3 0.2429594101132932 0.37202880054030496 0.022575336958138337 0.01795139183263199
4 0.21392582612090444 0.3678943720471841 0.020758168973360736 0.011646828130301134
7 0.17679985231835854 0.490639902084251 0.013136669961943914 0.01606150961864685
3 0.27339762110143884 0.5829489423729368 0.02713550296574958 0.014990082939624472
3 0.29417303612046697 0.5758730523544034 0.027262836958138338 0.018115082939624473
3 0.28291188395302014 0.6441319790334258 0.01964133794672147 0.022529764427970278
3 0.2706692105310351 0.6117187831171098 0.025764003954332714 0.019623019237293704
3 0.1411753701128557 0.5736508095259796 0.014953837946721471 0.02236607332097762
5 0.18354589532172666 0.69449158838192 0.020821835969555114 0.013209328130301045
5 0.21337531676654536 0.7181572668750411 0.014571835969555202 0.01299107332097762
5 0.2718974239906387 0.8333209646054556 0.022384335969555115 0.013263891832632168
5 0.30150666954201444 0.8132912068009073 0.020821835969555114 0.013209328130301401
5 0.49835644771663484 0.953569010336437 0.017824169961943782 0.01622520072563951
4 0.48377268288788733 0.8828472825689555 0.016007001977166268 0.009920637023308388
4 0.5637904467280517 0.951173185834333 0.0176968359695552 0.01310020072563951
3 0.6189607663859844 0.8883482928205748 0.027071835969555025 0.013427582939624472
5 0.5175428464240406 0.8692039340202345 0.017760502965749582 0.014662700725639155
3 0.49643055589213037 0.6765526425504221 0.02713550296574958 0.014990082939624472
4 0.40623268433358106 0.49241076632688685 0.01756950197716627 0.00997520072563951
5 0.48253785775556607 0.5270610740387679 0.02244800296574958 0.01482639183263199
5 0.698064698668037 0.5704738012580952 0.02094916996194396 0.016334328130301046
7 0.7606548819758538 0.6514534719466676 0.020758168973360823 0.011646828130301046
3 0.5473683844101307 0.2609574136018144 0.025573002965749582 0.014935519237293703
5 0.4874323103035737 0.30255214735974556 0.01626166996194378 0.016170637023308565
5 0.7379297174139363 0.26605168528617884 0.020821835969555023 0.013209328130301134
3 0.7132745687065306 0.3502257886442234 0.022639003954332538 0.01951389183263199
3 0.7715035627750316 0.32417420933279595 0.02719916996194378 0.016552582939624562
3 0.8925044708739772 0.2878324599657681 0.022639003954332538 0.01951389183263199
4 0.8465725469577008 0.2519023944493387 0.017633168973360824 0.011537700725639422
7 0.8491430845238614 0.42986370334234614 0.01951400395433254 0.01940476442797028
5 0.894682372090022 0.6093255140494522 0.020885502965749224 0.014771828130301045
3 0.9884019026989194 0.6984549906358072 0.023196194602161314 0.014935519237293703
3 0.7947566038384144 0.9139906774816303 0.022702670950527092 0.021076391832632168
3 0.809816576652377 0.7857937556119315 0.024201503954332893 0.019568455534962937
5 0.3628275356261753 0.5759301052569612 0.022320668973360734 0.011701391832631991
5 0.20113393783080316 0.8963814705959052 0.02069450197716636 0.010084328130301402
1 0.31857488095008957 0.23658486306150944 0.03389483893530461 0.027708337748947987
1 0.42688874113993247 0.36752981741534596 0.02595500494291585 0.024310519237293705
1 0.5048506205699662 0.19394103919237757 0.02582767095052709 0.021185519237293705
1 0.531868059809282 0.301763462876175 0.026018671939110404 0.025873019237293703
1 0.6295282628887623 0.4775844076113646 0.04020850593149898 0.029489092558271323
1 0.18821751338305387 0.4645139117028979 0.02582767095052709 0.021185519237293705
1 0.1957501235728968 0.5919395072563941 0.022639003954332715 0.01951389183263199
1 0.2970619086675995 0.7616468612474109 0.02276633794672147 0.022638891832631992
1 0.5736522890862165 0.5996751732204613 0.027390170950527093 0.021240082939624472
1 0.561491823192336 0.760739158792491 0.029016337946721472 0.022857146641955418
1 0.8488764180591396 0.8253845344678723 0.02908000494291585 0.02441964664195524
1 0.9164207678316781 0.5110070651379113 0.02595500494291585 0.024310519237293705
1 0.9946101168813698 0.7574852502544541 0.010779766237260447 0.021349210344286364
1 0.7609719224705829 0.44862857230948733 0.02908000494291585 0.024419646641955416
1 0.806958243117099 0.39016379708174387 0.03271434091247087 0.03702877404661713
1 0.6492160914067626 0.06089790461613974 0.028889003954332713 0.019732146641955394
1 0.7863645588206989 0.30596984635610447 0.028889003954332537 0.01973214664195542
3 0.2591149452079959 0.53876243275429 0.030451503954332715 0.019786710344286362