5 0.17925369026508003 0.5005690498862693 0.016261669961943913 0.01626166996194378
2 0.7542616660447923 0.36210484429815004 0.05647017589344294 0.045978344866803765
2 0.7448826433445603 0.6504643487467743 0.046713173916276676 0.03622134288963732
2 0.6474956487817678 0.680256619507021 0.02401050296574958 0.015017504942915849
4 0.6825763029263809 0.6193536115983556 0.017633168973360824 0.011637836958138336
4 0.6518993058921303 0.6346894515222434 0.014571835969555025 0.013073002965749581
4 0.418428936805039 0.47438991597043023 0.017633168973360824 0.011637836958138336
4 0.3822486976794538 0.5275122573771928 0.0176968359695552 0.013200336958138336
2 0.40263413494160327 0.6245000039171517 0.022320668973360824 0.01182883794672147
4 0.3227291176413978 0.5455884367306768 0.0176968359695552 0.013200336958138336
4 0.3367160217860109 0.4855449332706357 0.016261669961943958 0.01626166996194378
2 0.2053413463868595 0.44942304395477023 0.04878500988583179 0.0487850098858317
2 0.25826075794584646 0.42300778258606375 0.016389003954332716 0.019386669961943957
2 0.20855257661519602 0.35538654247189544 0.017887836958138337 0.017887836958138337
2 0.2880092663488034 0.46170552665456466 0.019514003954332716 0.019514003954332716
2 0.2578097717860109 0.4887601165784525 0.02439250494291585 0.02439250494291585
2 0.4688467253597827 0.6554515735750843 0.025700336958138337 0.018206171939110404
2 0.4165547134967847 0.601238917453305 0.032523339923887916 0.032523339923887916
2 0.5930615222803024 0.47744729589475554 0.03603034190105418 0.04202567391627667
2 0.49340903216613424 0.528460650647391 0.03207767095052709 0.021585839923887917
2 0.27712616307904275 0.36746077813743944 0.014571835969555113 0.013073002965749581
2 0.18999487209002203 0.5721257149052973 0.024137836958138294 0.01814250494291585
2 0.3763568419382352 0.4213259243733871 0.017696835969555114 0.013200336958138336
2 0.26833077771750996 0.5165031146012862 0.017760502965749582 0.014762836958138337
2 0.36349208600673616 0.3936784268448451 0.022575336958138337 0.018078837946721472