3 0.4710583712126132 0.21778888676617986 0.019241322930778536 0.009702282467404011
7 0.506253406265465 0.5757610738599667 0.017433161465389268 0.004987508928453721
1 0.6457718504088568 0.7783793335991993 0.02606453301668683 0.020748876623205348
1 0.6779989314802356 0.5513901396055537 0.021295145861557074 0.0191045560063543
1 0.7179876028952477 0.2807464029982343 0.01965075870642714 0.0175147824674041
1 0.3757282660581175 0.8729752187471167 0.01940509724103805 0.012827282467404189
1 0.26046835199073637 0.29700127962473505 0.019732645861557076 0.019077282467404012
1 0.9645450203535306 0.3358777824608135 0.02269387155129756 0.016006829545304767
2 0.8212796992317744 0.2942788433384319 0.02253009724103805 0.012881829545304768
1 0.381501310494765 0.7628189687471166 0.01118316146538927 0.004878414772652384
1 0.36652476368326825 0.7203314598186629 0.009620661465389268 0.004851141233702094
1 0.4054135232942067 0.6795661379839959 0.012827548620519024 0.006468188311602674
1 0.4621924677762827 0.6555343486167329 0.012827548620519024 0.006468188311602674
1 0.5740583819552054 0.5800724728043064 0.006577548620519025 0.006359094155801337
1 0.628742559928938 0.5661696598980932 0.009702548620519025 0.0064136412337020944
1 0.5545127645877794 0.6993718977232286 0.009702548620519025 0.0064136412337020944
1 0.5453125842391976 0.5615855255642499 0.006577548620519025 0.006359094155801515
1 0.24801818238474677 0.5196438928552599 0.009866322930778538 0.009538641233702095
1 0.2751848699694178 0.4638166327089901 0.006577548620519025 0.006359094155801337
1 0.3371935470386393 0.4742825742670037 0.009702548620519025 0.0064136412337020944
1 0.08685827510322901 0.625523925729701 0.009866322930778493 0.009538641233702095
1 0.08932153380965627 0.6083636992686513 0.009866322930778515 0.009538641233702095
1 0.3034747235420339 0.2821126651763942 0.009702548620519025 0.0064136412337020944
1 0.30962954828183475 0.22435471225429487 0.006577548620519025 0.006359094155801337
3 0.5831799129357274 0.18221167126217885 0.017760710085908116 0.01123750892845372