5 0.1374561108471433 0.3913798547771381 0.02041249394987581 0.017778533386094787
5 0.1587725746445939 0.42904733933773187 0.020394313231716588 0.014653533386094963
3 0.17296233967170854 0.4505131623781278 0.025045451795398056 0.008539925705962936
3 0.17701403541698246 0.47539950211157106 0.023519313231716587 0.01474446159934022
7 0.18855045735454298 0.3094107892585896 0.012590903590796199 0.01598871285298147
5 0.30612832191411943 0.23879074920857715 0.017251132513557366 0.01143760517284953
7 0.30320785499341085 0.2740379274218226 0.01726931323171659 0.014562605172849529
5 0.27631862294739173 0.35295854928771947 0.018804542154477667 0.009920569279472158
3 0.22035042407885985 0.40303275712613595 0.02353749394987581 0.01786946159934022
5 0.27690495110802704 0.4537397992877194 0.014144313231716587 0.014471676959604097
5 0.3059611920328408 0.47867996331519985 0.020367042154477665 0.009966033386094785
7 0.29862541500367357 0.4265408017950019 0.015688632513557364 0.011392141066226814
3 0.33988167407885983 0.3995547529695009 0.021938632513557366 0.011573997492717503
7 0.36691232757146014 0.4792506131569153 0.018795451795398144 0.008358069279472247
7 0.385048728333586 0.3732362938774431 0.017232951795398143 0.00831260517284953
3 0.42778619505790283 0.4665400129986307 0.02353749394987581 0.01786946159934022
5 0.37628628580976586 0.21018236441055654 0.014135222872636887 0.012909176959604095
5 0.4151942497054124 0.1824832617449895 0.018813632513557367 0.011483069279472157
7 0.48201411104353503 0.25164478721352557 0.018795451795398144 0.008358069279472158
5 0.5746692436552883 0.19503342286947603 0.015688632513557364 0.011392141066226814
7 0.6031674692583996 0.3926753010035791 0.018795451795397967 0.008358069279472158
5 0.5980936289975158 0.3264054433234471 0.014153403590796287 0.016034176959604095
5 0.6335998578220812 0.3855387509244368 0.01726931323171659 0.014562605172849529
5 0.6293714209556018 0.46458139324430486 0.01726931323171641 0.014562605172849529
3 0.7401998366466465 0.44260344167409454 0.025063632513557366 0.011664925705962937
7 0.7932339330558504 0.4254326620489234 0.020385222872636888 0.013091033386094963
5 0.7943560715213359 0.48400367999561206 0.018795451795398144 0.008358069279472247
5 0.763269177103922 0.37864023007475434 0.020376132513557365 0.011528533386094785
7 0.8428112313586482 0.35132156063699754 0.018822722872636886 0.013045569279472247
5 0.664113017855785 0.12366923673867185 0.009429542154477843 0.009647784639736123
5 0.6946953973442802 0.14231393665952957 0.017232951795398143 0.008312605172849485
5 0.6848982165279252 0.204328203352577 0.017251132513557366 0.01143760517284953
4 0.7140499062230748 0.2456746173800574 0.020357951795397965 0.008403533386094786
5 0.6273079094445286 0.10989389324430487 0.014144313231716587 0.01447167695960414
3 0.1920703670936592 0.2428908789920329 0.026626132513557367 0.011710389812585565
5 0.23979687831014482 0.7908139019532865 0.021920451795398144 0.00844899749271768
5 0.28755766743956046 0.8073959967012947 0.017232951795398143 0.00831260517284953
5 0.5921304961893711 0.5102037818032492 0.017278403590796288 0.01612510517284953
5 0.6030179992144331 0.5012917830568904 0.01726931323171659 0.014562605172849529
5 0.6692702339909268 0.6071947905787378 0.021920451795397967 0.008448997492717502
5 0.5134707276462149 0.8234826832943174 0.012572722872636888 0.012863712852981735
1 0.43574764422102225 0.22329847835889466 0.020430674668035033 0.020903533386094787
1 0.4804930385402404 0.39311923337345955 0.0361283975406721 0.0338581744523216
1 0.3734259479847691 0.5243812567304247 0.02822499394987581 0.01800585391920819
1 0.3039583304983264 0.5373419094751338 0.02353749394987581 0.01786946159934022
1 0.4219861678323439 0.5440656194251214 0.029787493949875808 0.01805131802583091
1 0.14908551989888846 0.778607070137402 0.03605567466803503 0.021358174452321778
1 0.27550309503446174 0.8843222095542762 0.029787493949875808 0.01805131802583091
1 0.8200458970496927 0.3332307901830264 0.02666249394987581 0.017960389812585565
1 0.4602709212501894 0.2749375347062431 0.009429542154477843 0.009647784639736123
1 0.5088129603796051 0.29149689740094 0.012545451795398144 0.008176212852981469
1 0.4690055718159235 0.2989062321198183 0.009411361436318443 0.006522784639736124
1 0.5035987404338343 0.3354060217741194 0.006295451795398144 0.00799435642649069
1 0.5515867885402403 0.3910506165221276 0.012563632513557365 0.01130121285298138
1 0.48147882161953176 0.4282527513201483 0.010973861436318445 0.006568248746358663
1 0.5709180506404887 0.356107315189344 0.010992042154477844 0.00969324874635884
1 0.3013378454272452 0.6241515876883792 0.010992042154477666 0.009693248746358662
1 0.172745212815492 0.6818086264847505 0.010992042154477666 0.009693248746358662
1 0.6266827581914235 0.5396723214575502 0.011001132513557365 0.011255748746358662
1 0.6041401376799188 0.5598628010035791 0.009420451795397966 0.008085284639735946
1 0.6068515263417961 0.4886781227903338 0.010973861436318445 0.006568248746358663
1 0.6121419725780493 0.1892547843105317 0.009411361436318443 0.006522784639736079
1 0.6217351411959602 0.22648199967079558 0.012545451795397965 0.008176212852981469
1 0.5300970870394299 0.18929789990822243 0.009411361436318443 0.006522784639736124
1 0.41374083401436784 0.20127872585161216 0.009429542154477666 0.009647784639736123
1 0.32081857757146015 0.48059180430228443 0.009429542154477666 0.009647784639736123
1 0.17834525214129932 0.5699080200582597 0.0094204517953981 0.008085284639736123
1 0.20921449882164964 0.7721692020324287 0.012554542154477665 0.00973871285298138
1 0.22564801989888847 0.7763793289128906 0.009420451795398143 0.008085284639736123
1 0.37229173662320536 0.8666596849436701 0.009402271077238922 0.004960284639736301
1 0.43082185410964796 0.8540172809453193 0.009429542154477843 0.009647784639736302
1 0.4792729896482674 0.8549516436400163 0.009429542154477666 0.009647784639735946
1 0.47871445344571806 0.8932556256933276 0.009402271077238922 0.004960284639735945
1 0.6128071314334027 0.7065104804704656 0.009420451795397966 0.008085284639735946
1 0.6858764718906782 0.6410924174591998 0.009411361436318443 0.006522784639735946
1 0.8273680385402404 0.3830262017032243 0.012554542154477844 0.00973871285298138
1 0.8417123396717084 0.43105452474362027 0.009429542154477843 0.009647784639736123
1 0.8799526830558502 0.4229094041313646 0.012545451795398321 0.008176212852981379
1 0.923448153001621 0.37788640914592947 0.009411361436318443 0.006522784639736124
1 0.9666214360809124 0.41179239621380576 0.009411361436318799 0.006522784639736124
1 0.7393135266363837 0.29025969167409454 0.007867042154477843 0.009602320533113407
1 0.7452867915653025 0.3768193173009151 0.009429542154477843 0.009647784639736123
1 0.5461918031745716 0.6725052050019297 0.010973861436318445 0.006568248746358663
1 0.8041294846782978 0.1492876991959419 0.010973861436318445 0.006568248746358751
1 0.8350027556573408 0.21793239911679957 0.006277271077238566 0.00486935642649069
3 0.24039125506816558 0.6243621878466639 0.025063632513557366 0.011664925705962937
3 0.9621071737842722 0.576014020586985 0.021920451795397967 0.00844899749271768