3 0.12764976277049522 0.7710671737898611 0.025127269334818125 0.0122476944820761
3 0.14148444875872304 0.6851263517635938 0.015824994668999892 0.018006371551297563
3 0.17340606341499623 0.6102834820213185 0.026726132001908987 0.015454581637205677
3 0.1883947167409057 0.5564148535726161 0.023673857336090797 0.021540807326946167
3 0.23842253608367797 0.6285255489592033 0.017442038669636162 0.02277575870642732
3 0.25452988876508637 0.737897226932936 0.028270450668363534 0.013973968792335612
3 0.2537106340706331 0.5332916140880657 0.028288632001908988 0.015536468792335612
3 0.3297656987587231 0.6949937539567289 0.020512494668999893 0.01825203301668683
3 0.34503561541213273 0.5981973190855913 0.02676249466899989 0.01857958163720568
3 0.36643735339749706 0.4915721828349726 0.025109088001272716 0.0106851944820761
3 0.38325213605981545 0.4604416915413999 0.028270450668363534 0.013973968792335612
3 0.4007305373965425 0.48634245024782724 0.017405676002545434 0.01965075870642714
3 0.4226980860916322 0.6967410396869491 0.014298857336090797 0.021049484396167807
3 0.48833217675840485 0.7009615502023987 0.02512726933481808 0.0122476944820761
3 0.4971146413908155 0.4492319538658718 0.02674431333545435 0.017017081637205677
5 0.5088601160486796 0.3850433011069098 0.025090906667727352 0.009122694482076098
3 0.5619065841024498 0.783675552915932 0.023637494668999892 0.018415807326946164
3 0.5803747734324954 0.7604394487774891 0.014317038669636161 0.022611984396167805
3 0.42803211811740366 0.8867485639972086 0.023601132001909164 0.015290807326946165
3 0.5028503047819493 0.8750541474434368 0.020548857336090798 0.021377033016686652
3 0.5495162194461767 0.8595420120973293 0.02512726933481808 0.0122476944820761
4 0.4047453280553611 0.42877561171321654 0.015715906667727354 0.008631371551297562
4 0.4643032360757238 0.5818054364530173 0.012699994668999893 0.01784259724103805
4 0.43163673408654146 0.6597323626177276 0.007921588001272717 0.00978443577564878
4 0.41289637209576835 0.7266775231786058 0.01567954400063627 0.005506371551297562
2 0.3681656747692226 0.774302795679843 0.011064769334818082 0.011510710085908293
4 0.2055543973981334 0.48782530585660827 0.017460220003181703 0.02433825870642714
4 0.0883027153882702 0.4090684627994417 0.01727840666772722 0.00871325870642714
4 0.7029764794318591 0.7621800904551748 0.020512494668999893 0.018252033016686653
3 0.10280102005090677 0.3801588907731744 0.017351132001908985 0.014963258706427318
3 0.3814634640754056 0.5751216672311404 0.023564769334818082 0.012165807326946165
3 0.37636907344044956 0.8083059814554916 0.02200226933481808 0.012083920171816587
3 0.4143754140674515 0.51828849106643 0.020457950668363624 0.013564533016686652
3 0.5268230594366317 0.7880830919255127 0.023601132001908987 0.015290807326946343
3 0.5328361547580867 0.7009515841235967 0.02676249466899989 0.01857958163720568
3 0.4854264474458585 0.8538408887370095 0.028324994668999893 0.01866146879233561
3 0.35849232479308507 0.9494698920163698 0.02825226933481808 0.012411468792335612
7 0.19289076539622438 0.4731077086155702 0.01259090666772722 0.00846759724103805
3 0.5314901887332697 0.5181800277011614 0.020512494668999893 0.018252033016686653
3 0.6376423807685863 0.7837408299397252 0.022038632001908986 0.015208920171816586
3 0.7012037994111783 0.6098363404551748 0.02361931333545435 0.016853307326946166
3 0.6404753847469509 0.6246114914051144 0.014317038669636161 0.022611984396167805
3 0.5967901140992682 0.7620805139063516 0.022038632001908986 0.015208920171816586
3 0.2778775767822674 0.8656061471047526 0.017387494668999894 0.018088258706427496
3 0.2740162327736769 0.8021611227944929 0.021984088001272717 0.010521420171816587
3 0.34390147143535893 0.7691272947753317 0.017387494668999894 0.018088258706427142
2 0.22661978071290698 0.35229391960598966 0.014262494668999893 0.017924484396167804
3 0.4423651487507689 0.6423368227036359 0.01111931333545435 0.016198210085908115
7 0.2207639634388588 0.7884394595200813 0.015788632001908987 0.014881371551297562
3 0.41036171809354116 0.710148442445911 0.025163632001908985 0.015372694482076099
3 0.46513848273390596 0.5193873236081471 0.02668976933481808 0.012329581637205678
3 0.4592970153962243 0.48706946856519295 0.020494313335454352 0.016689533016686832
3 0.5328623320734966 0.5690022212787265 0.014298857336090797 0.021049484396167627
3 0.6785855541056315 0.8132136459730986 0.028234088001272716 0.01084896879233561
3 0.5413770027848127 0.8981541327441157 0.023582950668363623 0.01372830732694652
3 0.5174400634547671 0.9211036318396044 0.02512726933481808 0.0122476944820761
3 0.7327361574235868 0.7028393899802049 0.020476132001908988 0.015127033016686654
3 0.5678213241167673 0.8893899643813213 0.01885908800127254 0.010357645861557074
3 0.45091454010181353 0.7731740649017198 0.026726132001908987 0.015454581637205677
3 0.5457366914385406 0.8031282377870698 0.021984088001272717 0.010521420171816587