3 0.25628305836358833 0.6798685823914703 0.022384335969555202 0.013263891832631991
3 0.28977864927605934 0.7169246382892529 0.01801517095052709 0.02091270072563951
3 0.3244719842570313 0.7259375397405318 0.020821835969555114 0.013209328130301045
4 0.29591590273610047 0.733521861247411 0.020630834980971978 0.008521828130301046
7 0.22264554600629866 0.6201835583448533 0.00994800296574958 0.014389882213985138
3 0.28853318977078846 0.5140451749497418 0.025382001977166356 0.010248019237293704
3 0.31131677376317723 0.5179613486335393 0.025509335969555114 0.013373019237293704
3 0.27976834342111 0.4521081701404183 0.016389003954332716 0.019295637023308564
3 0.27723093383928943 0.4855655108845912 0.022448002965749492 0.01482639183263199
3 0.16259011368706505 0.5439732332097771 0.01182883794672147 0.022256945916316086
5 0.16683992049341656 0.4185193654237621 0.019132001977166357 0.010029764427970277
5 0.1883183310638203 0.39040428910755953 0.012882001977166357 0.009811509618646852
5 0.21144547186256055 0.26873018574951496 0.02063083498097189 0.008521828130301135
5 0.2463934748283101 0.2839930872007938 0.019132001977166357 0.010029764427970277
5 0.3962940212545382 0.1144767392850448 0.016134335969555113 0.013045637023308566
4 0.4038783695813831 0.18573418039203737 0.014317167984777512 0.006741073320977708
4 0.46150518577927463 0.10661216478294075 0.016007001977166268 0.009920637023308565
3 0.5354175296574952 0.15912209509016012 0.02531833498097207 0.008685519237293705
5 0.4408836210642578 0.1940476773968125 0.016070668973360826 0.011483137023308564
3 0.4784021615961679 0.3872718877410987 0.02538200197716627 0.010248019237293704
4 0.44651678612046697 0.581193013331662 0.015879667984777513 0.006795637023308565
5 0.510199942736538 0.5358284388295578 0.02069450197716627 0.010084328130301046
5 0.7098869249420409 0.45854672013256914 0.019259335969555202 0.013154764427970278
7 0.7468510726608633 0.37012162639317137 0.019068334980972067 0.008467264427970278
3 0.6569462446371546 0.7866965127835078 0.023819501977166268 0.010193455534962936
5 0.5854559052075584 0.7553348961786192 0.014571835969555202 0.01299107332097762
5 0.8419459857399062 0.751029375212045 0.019132001977166625 0.010029764427970277
3 0.7919513029263809 0.6728299641421194 0.02094916996194378 0.016334328130301046
3 0.8581493058921303 0.6891841396400153 0.025445668973360824 0.011810519237293704
3 0.9868154753597829 0.7069396132311454 0.019386669961944138 0.01627976442797028
4 0.9518794012532258 0.7494073662263704 0.015943334980971714 0.008358137023308565
7 0.9002492811775511 0.573633550709941 0.016261669961944135 0.016170637023308565
5 0.8912059091247102 0.3899852370076101 0.019195668973360825 0.011592264427970279
3 0.956503303877783 0.2885070717613332 0.023819501977166268 0.010193455534962847
3 0.6994681007983028 0.10712062938839625 0.019450336958138338 0.017842264427970277
3 0.752839793003368 0.22990585416065282 0.02094916996194378 0.016334328130301133
5 0.37871252079742773 0.5062723696849314 0.020567167984777514 0.006959328130301046
5 0.12200362847863162 0.21801836841898706 0.019004667984777603 0.006904764427970278
1 0.43862200897161063 0.8469444989036916 0.029016337946721472 0.02285714664195524
1 0.5052617278312407 0.7018254610620764 0.022639003954332715 0.01951389183263199
1 0.6357516769563882 0.8600695253973797 0.02251166996194396 0.016388891832632167
1 0.6289194037246836 0.7498314298438833 0.022702670950527092 0.02107639183263199
1 0.6704026136870651 0.5617064364673052 0.03682883794672147 0.023129965153609787
1 0.2407562174511173 0.6434400090704926 0.02251166996194396 0.016388891832631813
1 0.209881607755566 0.5175397079820335 0.019450336958138338 0.017842264427970277
1 0.25783765220462784 0.33510171941477895 0.019577670950527093 0.020967264427970277
1 0.578509590949652 0.4508383691367772 0.02407416996194378 0.016443455534962938
1 0.5174872248283101 0.2934598895551973 0.025700336958138337 0.018060519237293703
1 0.17283000494291587 0.029439507256394142 0.025573002965749537 0.014935519237293693
1 0.7791184501137307 0.1855755008026082 0.025764003954332714 0.019623019237293704
1 0.941056011900179 0.4837823662263704 0.024201503954332536 0.019568455534962937
1 0.9524259575281047 0.22673375805900237 0.028698002965749224 0.015044646641955418
1 0.9787656230414242 0.22219259099862693 0.020821835969555023 0.013209328130301045
1 0.8087793641813565 0.568879074123586 0.025764003954332537 0.019623019237293704
1 0.8708456240671885 0.6178547766633239 0.026273339923887917 0.0321230192372937
1 0.8179831982109265 0.9670710374630971 0.025573002965749582 0.014935519237293703
1 0.8775041423559771 0.7046826540679856 0.025573002965749225 0.014935519237293703
3 0.288848866158523 0.5600843612474109 0.028634335969555114 0.013482146641955416