5 0.3215560146823084 0.1654678779435072 0.019768844499481998 0.022311411094166678
5 0.3621981313076969 0.182837869109792 0.016571069892376132 0.020676175911805574
3 0.3859074590579559 0.1943390667730906 0.012101893713693723 0.025254573138263937
3 0.41087107175440296 0.1957021982319795 0.01827911910658777 0.023837543502986103
7 0.24449905500517993 0.22467791736243078 0.01784247146395277 0.014462543502986059
5 0.18540653722249964 0.3515664192622919 0.013446069892376133 0.020603440729444422
7 0.22014541025802892 0.34455400626826405 0.016425520678164496 0.01755117591180557
5 0.29767325082856955 0.30881783444052113 0.011883569892376222 0.020567073138263937
3 0.3419540978092509 0.24806282560680587 0.019914393713693725 0.025436411094166722
5 0.3990366976854164 0.298663544071667 0.01471747146395277 0.014389808320625086
5 0.4290495293646169 0.32595339589527816 0.011956344499482085 0.022129573138263935
7 0.37436202936461677 0.32468053020395865 0.013300520678164496 0.017478440729444423
3 0.3520118403656528 0.36795775151861143 0.01515411910658786 0.023764808320624997
7 0.43551354508038254 0.3886716014423615 0.010321069892376222 0.02053070554708327
7 0.32937055293826534 0.41748497283326425 0.010248295285270359 0.018968205547083273
3 0.42951394809970117 0.45031761626000033 0.0215496683207995 0.02703527868534721
5 0.16241849338497144 0.4253305743725349 0.014790246071058588 0.015952308320624907
5 0.13932344168956035 0.46780836189159736 0.013446069892376133 0.020603440729444422
7 0.2162818939230907 0.5282568590418057 0.010321069892376133 0.02053070554708327
5 0.16865556906831586 0.6272567502843405 0.013300520678164406 0.017478440729444423
7 0.3723798825505512 0.635908970933403 0.010393844499481997 0.022093205547083272
5 0.3050468333363395 0.6374701645126392 0.016352746071058542 0.015988675911805573
5 0.368617027711987 0.6663231695466323 0.016425520678164496 0.01755117591180557
5 0.4481782491759397 0.6540972329012504 0.01649829528527036 0.019113675911805572
3 0.438178202857212 0.7680506301277088 0.015299668320799497 0.02688980832062491
7 0.4254748416085071 0.8225017407850352 0.015081344499482086 0.022202308320625263
5 0.4851045527333776 0.8184149592498962 0.010321069892376222 0.02053070554708327
5 0.37500396071509495 0.7978641102760767 0.01515411910658786 0.023764808320625087
7 0.3554855192349316 0.8810941843642712 0.015008569892376223 0.020639808320625265
5 0.10700313151709388 0.7251480832062501 0.013009422249740998 0.0112284407294446
5 0.12913068858918844 0.7538185970739585 0.010321069892376133 0.02053070554708327
5 0.18934259657090582 0.7372318155388197 0.013446069892376133 0.020603440729444422
4 0.23587084016076504 0.7625597770698266 0.01202911910658786 0.023692073138263936
5 0.0883644474805286 0.6887378045209029 0.014717471463952725 0.014389808320624909
3 0.1767293581483331 0.23561411094166682 0.01537244292790545 0.028452308320624998
5 0.737940839951368 0.22599564237989647 0.012029119106587771 0.023692073138263936
5 0.7584502390417451 0.2726167224520145 0.010248295285270359 0.01896820554708336
5 0.49084093817490365 0.6112927902719448 0.018133569892376043 0.020712543502986236
5 0.48322749131805676 0.6236291361116324 0.018133569892376043 0.020712543502986236
5 0.5971594046764578 0.6794635216545839 0.012029119106587771 0.023692073138263936
5 0.8003144456185017 0.49883503675656315 0.014717471463952591 0.014389808320624909
1 0.1831269456185018 0.48446983824024326 0.022893844499481997 0.02238414627652787
1 0.3601603265119139 0.5120532436348266 0.039319365177646406 0.03993532218833344
1 0.48086243238393545 0.38894501158659767 0.021695217535011226 0.030160278685347208
1 0.4880799270072519 0.31794218056454904 0.021476893713693813 0.025472778685347208
1 0.5068041941707597 0.43647462822784766 0.02176799214211709 0.03172277868534721
1 0.7155628798599548 0.135533643329827 0.02518409057054054 0.03804551386770836
1 0.8368128335412273 0.25254191821545213 0.021767992142117266 0.03172277868534721
1 0.33533783912730775 0.8602907218833338 0.02162244292790545 0.028597778685347207
1 0.23779517494033736 0.502948387727153 0.011446922249741042 0.011192073138263935
1 0.26061193672716165 0.5504052691860419 0.010102746071058544 0.015843205547083274
1 0.2632853265119139 0.5097984529816322 0.008321922249741043 0.011119337955902786
1 0.3040173343697968 0.5420303779435072 0.009738873035529316 0.008030705547083272
1 0.3662240818885974 0.58336519918191 0.011592471463952769 0.014317073138263936
1 0.39553490033323147 0.5081840144363892 0.00846747146395268 0.014244337955902787
1 0.3322835754784566 0.6068202297671184 0.011519696856846905 0.012754573138263937
1 0.5746723984712047 0.3058798980794797 0.011519696856846905 0.012754573138263937
1 0.6200662892894142 0.17085158785899357 0.011519696856846905 0.012754573138263937
1 0.5237604460327866 0.6433428772779172 0.013082196856846907 0.012790940729444422
1 0.5421123397464802 0.6187429207809032 0.011446922249740865 0.011192073138263935
1 0.47050916749673927 0.6280256953821879 0.00846747146395277 0.014244337955902787
1 0.16769022849777523 0.6647749340799307 0.008321922249740998 0.011119337955902786
1 0.20571676737290473 0.6711346900638544 0.00846747146395277 0.014244337955902787
1 0.15815687076372692 0.583997059554896 0.008321922249740998 0.011119337955902786
1 0.159036628207325 0.4643567067813543 0.011446922249740999 0.011192073138263935
1 0.43222803329355824 0.34166931487322955 0.011446922249741042 0.011192073138263935
1 0.5066202193970382 0.1885456212939935 0.009884422249740865 0.011155705547083361
1 0.7150320328792734 0.19730694471659782 0.008467471463952592 0.014244337955902787
1 0.7212991495046619 0.21387684887691033 0.008321922249740866 0.011119337955902786
1 0.8282853959900052 0.3516697492375007 0.00675942224974122 0.011082970364722212
1 0.8215045490093239 0.4132975802595493 0.01144692224974122 0.011192073138263935
1 0.8286963107961484 0.4603907858066327 0.01144692224974122 0.011192073138263935
1 0.8664146346174657 0.45657610799496595 0.00668664764263518 0.0095204703647223
1 0.6918041246926683 0.6120597757386464 0.009884422249741042 0.011155705547083273
1 0.6325147078196108 0.6927999762517366 0.008321922249740866 0.011119337955902786
1 0.3860827018237548 0.8622539185967018 0.01159247146395268 0.014317073138263936
1 0.43650007878822555 0.8712483653100698 0.011446922249740865 0.011192073138263935
1 0.4322641890034732 0.9118188139232991 0.00846747146395277 0.014244337955902608
1 0.3917269261831916 0.9593653079393754 0.008321922249741043 0.011119337955902609
1 0.4313138110055451 0.9969159400638544 0.008321922249740866 0.0061681198722912
1 0.2833986575719418 0.7832184223964239 0.011374147642635179 0.009629573138263936
1 0.3719346186968123 0.7798044412981253 0.011446922249741042 0.011192073138263935
1 0.6510014962804556 0.5477602331855909 0.008467471463952592 0.014244337955902787
1 0.1482188287882255 0.8645385447372572 0.008467471463952724 0.014244337955902608
1 0.22063748428874347 0.8881228215227435 0.008176373035529316 0.007994337955902608
3 0.5689168581483331 0.24474237632798662 0.015299668320799497 0.026889808320624996
3 0.597321954719239 0.9782283299752088 0.012029119106587771 0.023692073138263936