7 0.7322810217741194 0.49721730835994277 0.01594324874635884 0.011028403590796288
4 0.5254078622989855 0.19769052791292996 0.014289820533113406 0.007894313231716587
4 0.5143710738983257 0.1743212056060271 0.012818248746358663 0.011010222872636932
4 0.5281751611244865 0.15627518755385034 0.015897784639736123 0.009465903590796198
4 0.13179293995823488 0.4101011869646752 0.02072167695960414 0.01418067466803503
4 0.20686583313603274 0.5682313286516146 0.015852320533113407 0.007903403590796287
4 0.43118988321517504 0.5364626573032293 0.019204641066226814 0.015734084308955332
4 0.5453971357224574 0.5576695159108774 0.017505748746358664 0.011037493949875809
4 0.5010717888628783 0.33608995258096497 0.017505748746358664 0.011037493949875809
4 0.5115941002247916 0.403985979708328 0.017460284639736125 0.00947499394987581
4 0.5119972655059132 0.4438206393492484 0.01438074874635884 0.01101931323171641
4 0.4296908823572451 0.3732177687395478 0.017505748746358664 0.011037493949875809
4 0.5592192579840658 0.37793201893593953 0.01750574874635884 0.011037493949875809
2 0.3975506691085523 0.5382206000234412 0.027017141066226814 0.015779536104353654
2 0.29150290907942245 0.4513523799794745 0.017642141066226812 0.01572499394987581
1 0.40522207977082036 0.38195241930528184 0.008130748746358663 0.010982951795398144
1 0.6959056010827214 0.5661672962596944 0.012818248746358663 0.011010222872636888
4 0.4896054399582349 0.40801949473544263 0.015852320533113407 0.007903403590796287
4 0.6648244003039337 0.3726309196980654 0.014380748746358663 0.011019313231716588
4 0.6840588189502677 0.5974809287732517 0.014380748746358663 0.011019313231716588