5 0.40461599646559676 0.8299596534363305 0.01658000494291585 0.024256371551297562
4 0.38797764171296134 0.9308670561952926 0.014890170950527092 0.021049484396167627
4 0.30493828452604904 0.6438816333099425 0.008449169961943958 0.01603443577564878
7 0.34683928304317424 0.6531238364984457 0.008576503954332714 0.01915943577564878
2 0.517617287034688 0.2471272212787264 0.015017504942915849 0.024174484396167806
2 0.44964199498272206 0.8393656309350934 0.009884335969555024 0.012991322930778182
1 0.3168958205721538 0.8692058599041943 0.011383168973360735 0.011510710085908472
1 0.5698244327763442 0.34929390886339745 0.008194501977166268 0.00978443577564878
1 0.7262867025108266 0.6597002216174106 0.009884335969555024 0.012991322930778537
2 0.6210606916364118 0.705858169378847 0.011383168973360825 0.011510710085908293
7 0.4857572030051182 0.6447458497274289 0.008449169961943781 0.01603443577564878