5 0.5234375 0.31328125 0.00625 0.01796875
5 0.5328125 0.31328125 0.0109375 0.0140625
5 0.5859375 0.353125 0.01328125 0.01640625
5 0.58828125 0.40078125 0.00703125 0.01875
5 0.53828125 0.4234375 0.009375 0.01875
5 0.4921875 0.428125 0.00703125 0.02265625
5 0.65859375 0.39921875 0.00703125 0.01953125
5 0.65234375 0.49453125 0.00703125 0.021875
5 0.73671875 0.5265625 0.01171875 0.01328125
5 0.38359375 0.44453125 0.00625 0.01875
4 0.38046875 0.359375 0.0078125 0.01484375
3 0.6125 0.61953125 0.01640625 0.015625
5 0.61484375 0.678125 0.0125 0.0125
5 0.48046875 0.63203125 0.00703125 0.01796875
3 0.38046875 0.69296875 0.0109375 0.0234375
5 0.33203125 0.7015625 0.009375 0.0140625
3 0.27578125 0.64921875 0.01015625 0.021875
5 0.3609375 0.625 0.0109375 0.015625
5 0.73984375 0.6453125 0.0140625 0.009375
5 0.5140625 0.79375 0.0140625 0.01015625
5 0.56015625 0.775 0.01171875 0.0140625
3 0.578125 0.75859375 0.0078125 0.02109375
5 0.4125 0.2828125 0.01328125 0.009375
5 0.23515625 0.584375 0.0109375 0.01484375
5 0.35625 0.55625 0.0140625 0.00859375
5 0.6359375 0.64296875 0.0109375 0.01640625
5 0.5015625 0.87265625 0.009375 0.0171875
7 0.2890625 0.51015625 0.009375 0.01875
6 0.32265625 0.36953125 0.03125 0.0296875
2 0.58203125 0.32265625 0.0234375 0.01953125
2 0.6421875 0.3390625 0.0078125 0.01796875
2 0.59921875 0.3984375 0.00703125 0.01640625
2 0.54140625 0.40234375 0.009375 0.01328125
2 0.53125 0.4546875 0.0203125 0.0203125
2 0.440625 0.30234375 0.0234375 0.0171875
2 0.5703125 0.31328125 0.009375 0.0125
2 0.76953125 0.55546875 0.0203125 0.02578125
6 0.63203125 0.553125 0.04921875 0.03046875
2 0.6859375 0.45859375 0.00859375 0.01328125
2 0.72109375 0.4703125 0.009375 0.01484375
2 0.6828125 0.515625 0.01015625 0.01328125
2 0.665625 0.60703125 0.00625 0.0171875
2 0.5484375 0.571875 0.01328125 0.01484375
2 0.50390625 0.58359375 0.01484375 0.015625
2 0.63984375 0.75546875 0.0203125 0.0203125
2 0.559375 0.68125 0.00703125 0.01328125
2 0.59140625 0.6640625 0.0140625 0.01171875
2 0.46875 0.62421875 0.015625 0.01328125
2 0.3921875 0.6609375 0.009375 0.0125
5 0.653125 0.3109375 0.0125 0.01171875
5 0.571875 0.365625 0.01171875 0.01171875
5 0.5453125 0.425 0.01015625 0.01171875
5 0.484375 0.35234375 0.0109375 0.01171875
5 0.5640625 0.27265625 0.0125 0.01015625
5 0.46328125 0.49609375 0.01171875 0.0078125
5 0.696875 0.55703125 0.01015625 0.01328125
5 0.70078125 0.565625 0.0125 0.009375
5 0.73515625 0.54140625 0.0109375 0.0109375
2 0.67421875 0.65 0.009375 0.0203125
7 0.5359375 0.7125 0.0078125 0.00625
2 0.5390625 0.49296875 0.0171875 0.025
5 0.7078125 0.46640625 0.01328125 0.00859375
5 0.69765625 0.41796875 0.00546875 0.0171875