3 0.7638691040758347 0.4456945452676454 0.026835318511654195 0.008740082939624472
3 0.7775769400106842 0.43602936858862307 0.025327382213985138 0.010248019237293704
3 0.8340278366526395 0.46609138002136846 0.017733137023308386 0.01622520072563951
3 0.7022768065307547 0.17902291123956168 0.028343254809323426 0.007232146641955417
3 0.6844841605217715 0.27281755125809515 0.014608137023308565 0.01611607332097762
3 0.6226389580668515 0.5351786528020412 0.025436509618646852 0.013373019237293704
3 0.5981945187739576 0.5725596017135821 0.02376488221398514 0.010193455534962936
3 0.6222892392850448 0.4134400620578683 0.028670637023308566 0.01660714664195524
3 0.5347396208660578 0.29723965398316754 0.025436509618646852 0.013373019237293704
3 0.3995486545313217 0.33621533002921766 0.019295637023308564 0.01627976442797028
7 0.5125372717691825 0.5328944117877159 0.013154764427970278 0.019186509618646853
3 0.48481901033643704 0.4765253606992568 0.025327382213985138 0.010248019237293704
3 0.12063991533109493 0.2593700547166562 0.026780754809323425 0.0071775829396245605
3 0.12421881623421957 0.4959251136096636 0.025381945916315995 0.011810519237293704
3 0.13981902358328097 0.5627951550794759 0.016170637023308565 0.016170637023308565
3 0.029756998903691656 0.40523313702330854 0.018968254809323425 0.006904764427970278
5 0.44783982159169716 0.31137158665263964 0.01907738221398514 0.010029764427970277
3 0.8546429262156862 0.5425001125981733 0.019295637023308387 0.01627976442797028
3 0.21485370680090718 0.27592512685650755 0.013045637023308566 0.01606150961864685
3 0.18969499409436824 0.4045759165122213 0.013100200725639421 0.017624009618646852
3 0.16063497667117307 0.42150795616793496 0.02376488221398514 0.010193455534962936
3 0.20494302657850585 0.5283953624285372 0.020858137023308566 0.016334328130301046
3 0.29467764917384415 0.5284077753125616 0.019295637023308564 0.01627976442797028
3 0.4968403498994835 0.5526339929132419 0.016170637023308565 0.016170637023308565
3 0.07170394064365641 0.5338864158792491 0.010029764427970277 0.01907738221398514
3 0.6860640518062493 0.4968180464487717 0.01627976442797028 0.019295637023308564
3 0.7039063162342196 0.5161682471744111 0.013045637023308566 0.01606150961864685
3 0.751173185834333 0.5513716263931714 0.016170637023308565 0.016170637023308565
3 0.5594965734057957 0.358187077666965 0.017624009618646852 0.013100200725639421
3 0.5273314033501955 0.42026792621568615 0.019131945916316083 0.011592264427970279
3 0.43992811787083286 0.33060273628981995 0.02220238221398514 0.010138891832631992
3 0.42889141414996856 0.34972475852233853 0.019186509618646853 0.013154764427970278
3 0.41108635525696113 0.35378477594553365 0.02074900961864685 0.013209328130301134
3 0.536555125127227 0.5056424310250096 0.02220238221398514 0.010138891832631992
3 0.39036466060658953 0.5871503474524129 0.011537700725639333 0.017569445916316085
3 0.3894668487183572 0.6284747518989166 0.022311509618646853 0.013263891832631991
3 0.3389782314804965 0.43397821823365257 0.019186509618646853 0.013154764427970278
3 0.19371286069925672 0.47494298021455217 0.016170637023308565 0.016170637023308565
3 0.14609381623421958 0.4966890054422956 0.011483137023308564 0.016006945916316084
3 0.16747030842967128 0.5278670835725967 0.01627976442797028 0.019295637023308564
7 0.21137158665263964 0.44434774464252247 0.012718254809323426 0.006686509618646852
3 0.04653278193598344 0.3270089333024443 0.02074900961864685 0.013209328130301134
3 0.5160591197697494 0.7007813162342196 0.01299107332097762 0.014499009618646853
3 0.2515501864673052 0.6564310823914704 0.011537700725639422 0.017569445916316085
3 0.19609136015110257 0.6771230391075596 0.02074900961864685 0.013209328130301045
3 0.21655762757429775 0.6598908990890261 0.01907738221398514 0.010029764427970277
3 0.1236508757601992 0.613730172502671 0.013100200725639421 0.017624009618646852
3 0.06541922430892037 0.5773635973675948 0.022311509618646853 0.013263891832631991
3 0.4917089057972661 0.5844469881039185 0.01940476442797028 0.01940476442797028
3 0.3215898017214313 0.1594866497219983 0.017460318511654284 0.008412700725639422
3 0.1370189497141491 0.7507490228654907 0.016170637023308565 0.016170637023308388