3 0.45806594398472794 0.10180792819291629 0.011228401336727246 0.025254573138263892
5 0.46719549598186455 0.12268347264583294 0.008030676002545433 0.018931837955902787
5 0.504286415977092 0.15696690045749956 0.011137494668999891 0.017442073138263892
4 0.5024148333068194 0.18356576804868013 0.012736357336090798 0.020603440729444422
4 0.3309943666454555 0.14850370307854138 0.0221113573360908 0.020821646276527783
4 0.3499079986473645 0.1340047919843747 0.01749658267027261 0.026962543502986148
5 0.6225177006285927 0.26590352973218695 0.014262494668999893 0.017514808320625085
5 0.38775125461491144 0.3721217346136802 0.011228401336727067 0.025254573138263937
5 0.38471606659773044 0.4987206022048608 0.011155676002545346 0.019004573138263935
5 0.44112969859963946 0.48334886892236073 0.015824994668999892 0.01755117591180557
5 0.4668013132559127 0.5592931198722912 0.008067038669636161 0.022056837955902787
5 0.5059456292568671 0.5513526800927774 0.012699994668999893 0.017478440729444423
5 0.576394489258458 0.5379973884896523 0.011192038669636162 0.022129573138263935
5 0.6525302752625942 0.5057648103173953 0.014298857336090797 0.020639808320624908
3 0.5287933306015484 0.4672497838162496 0.020548857336090798 0.020785278685347207
3 0.32711155724859486 0.6164360854873608 0.017460220003181703 0.023837543502986235
5 0.25251099924414044 0.6509760460684373 0.012699994668999893 0.0174784407294446
3 0.3046269352323683 0.7364582979682984 0.020512494668999893 0.017660278685347208
5 0.39092806190327717 0.7032080804533678 0.014298857336090797 0.020639808320624908
5 0.47382292524668584 0.6270800319163884 0.014353401336727245 0.02532730832062491
3 0.3385912132002334 0.9723224095755552 0.008012494668999892 0.01736933795590261
3 0.3537713178708241 0.9430706674593401 0.015715906667727174 0.008176175911805573
4 0.3677520018698696 0.9497746091387149 0.011137494668999891 0.017442073138263937
3 0.39963944322886846 0.7600211249062844 0.020512494668999893 0.017660278685347208
3 0.3155457065563687 0.8049355410344441 0.01437158267027252 0.02688980832062491
3 0.5653564445815039 0.614015027832326 0.017387494668999894 0.017587543502986237
5 0.5234683892425496 0.6563850189986107 0.015843176002545433 0.019113675911805572
5 0.5222695159134585 0.6251713865897912 0.015861357336090797 0.020676175911805574
3 0.763440503262276 0.5055264613435757 0.015897720003181702 0.023801175911805573
3 0.710279140595185 0.5098879594437147 0.020512494668999893 0.017660278685347208
5 0.7326723086012302 0.4648475631671869 0.011192038669636162 0.022129573138263935
5 0.7128865199315941 0.48717715805694384 0.012772720003181703 0.02372844072944442
3 0.6260052326145933 0.3689194269586453 0.014389764003817973 0.028452308320625085
3 0.8208513718969138 0.7400638090831243 0.012772720003181703 0.02372844072944442
4 0.7585240945655956 0.7266747627303466 0.01280908267027243 0.02685344072944442
4 0.636630365889596 0.7982432510468398 0.014353401336727245 0.02532730832062491
4 0.6269377398950049 0.7586358903895134 0.017387494668999894 0.01758754350298606
4 0.5128286918762329 0.8995356069545135 0.014335220003181704 0.023764808320625264
4 0.590462795870506 0.9399047273954857 0.015897720003181702 0.023801175911805573
4 0.3404633432129601 0.878554225779965 0.01587953866963616 0.02223867591180557
4 0.2793173052196416 0.8307719956315971 0.017405676002545344 0.01915004350298588
3 0.19048371391632204 0.6118057497156595 0.014371582670272564 0.02688980832062491
4 0.17709447059995762 0.48715124183187486 0.011228401336727112 0.025254573138263937
4 0.16262343793763923 0.45546548394809017 0.017351132001908985 0.014462543502986236
3 0.1381416059436844 0.411516115406979 0.014371582670272564 0.026889808320625087
4 0.11647569127945703 0.3940565116835068 0.00799431333545444 0.015806837955902785
4 0.18050182861236613 0.395690440445104 0.01437158267027252 0.026889808320624996
3 0.0914104145846856 0.6016150917556249 0.014353401336727111 0.02532730832062491
5 0.20214901460059392 0.4818818603729859 0.01119203866963625 0.022129573138263935
4 0.8015234006206384 0.320315006746423 0.011192038669636162 0.022129573138263935
0 0.6602267859643652 0.2470619575438536 0.052253390674726855 0.06057513050895835
0 0.6108727706476828 0.1255876542572217 0.04912839067472703 0.06050239532659725
0 0.47636031596118367 0.2747726495075691 0.04273294000636341 0.04785692496187508
0 0.34600010662000213 0.33560365957555527 0.042842028007636035 0.05723192496187508
4 0.6581364799490933 0.3595801413394439 0.012736357336090798 0.020603440729444422
4 0.6260057799570473 0.3017501107542356 0.017405676002545434 0.019150043502986058
4 0.5768506646244564 0.2974269398764231 0.014335220003181704 0.023764808320625087
2 0.4869876386060028 0.43541920877812457 0.020621582670272608 0.02703527868534721
2 0.5837813699475024 0.3730263519205203 0.017387494668999894 0.01758754350298606
1 0.39618137261300246 0.3859842128621872 0.011155676002545255 0.019004573138263935
0 0.9616069252864566 0.32283732865041587 0.03964430267345449 0.05090918977951393
0 0.9219535319462298 0.3745277684299298 0.03648294000636341 0.04771145459715278
0 0.9092893526018667 0.456050525363784 0.03964430267345449 0.05090918977951393
0 0.9028746259150495 0.6045971281373256 0.03650112133990859 0.04927395459715278
0 0.8100422359166402 0.5950422498125688 0.04127952800763594 0.057195557370694414
0 0.9084700979074134 0.6607016577726034 0.03831816000954511 0.07118532218833344
4 0.8493769085773678 0.6378648762374646 0.015806813335454705 0.015988675911805573
4 0.6099871445735496 0.6715541176880897 0.011228401336727246 0.025254573138263937
4 0.6199252185710045 0.6900677283454162 0.014353401336727245 0.025327308320625085
4 0.5685621658975502 0.7412496750587843 0.012790901336727245 0.025290940729444423
4 0.30311207793604844 0.46391115074184003 0.023710220003181702 0.023983013867708357
7 0.34532684993636653 0.46058547577996495 0.008048857336090797 0.020494337955902785
4 0.38264558394336623 0.40816833738722186 0.01733295066836362 0.012900043502986236
4 0.33840249856782273 0.7200513947579164 0.011192038669636162 0.022129573138263935
0 0.5063167045671865 0.7208293787060065 0.04603975334181776 0.06355466014423605
4 0.5943070532304593 0.743774609804305 0.014335220003181704 0.023764808320624907
0 0.59466958521646 0.8468632422131245 0.0380090773392725 0.044622822188333446
4 0.6348673238781419 0.8826364348424299 0.017460220003181703 0.02383754350298588
4 0.623892913868597 0.9531853241851035 0.008030676002545433 0.018931837955902607
4 0.620567919199597 0.9704455593674648 0.014262494668999893 0.017514808320625262
4 0.6619741691995971 0.9694818182011801 0.014226132001909165 0.014389808320625263
4 0.6660713232018243 0.9529846492232286 0.014262494668999893 0.01751480832062491
4 0.5068872272040513 0.9402878935236455 0.008030676002545433 0.018931837955902607
2 0.4080861005331425 0.9738290517680206 0.015897720003181702 0.023801175911805573
0 0.37111445389086867 0.7950507415475344 0.04444089067472694 0.06039329255305557
4 0.4587053605585959 0.7852016564414231 0.014262494668999893 0.01751480832062491
4 0.4408462459023227 0.7090755675355899 0.01424431333545435 0.015952308320624907
4 0.386540553906777 0.6775359332269094 0.008030676002545256 0.018931837955902787
2 0.5676076458864143 0.8232809250587841 0.0174238573360908 0.020712543502985882
4 0.6199632232654577 0.48543477973218696 0.011192038669636162 0.022129573138263935
0 0.7111587459023226 0.7027839742613535 0.04313292934436319 0.08223192496187508
0 0.9096315138845054 0.8293789225902423 0.03964430267345413 0.05090918977951375
1 0.5091775278883233 0.8105822097280552 0.01424431333545435 0.015952308320624907
1 0.2443695932129601 0.8807908326375692 0.011155676002545346 0.019004573138263935
1 0.5449513958864143 0.8238082551309024 0.020548857336090798 0.020785278685347207
1 0.39336107654364205 0.8968489776798261 0.017532945337363427 0.03008754350298588
1 0.28386154392109453 0.5744856280404165 0.017351132001908985 0.014462543502986059
4 0.7485667445496873 0.8440622844818396 0.011192038669636162 0.022129573138263935
4 0.7352127692155055 0.8506214090068743 0.011082950668363623 0.012754573138263937
0 0.19806621053473333 0.9670017427818053 0.03295795066836358 0.013263719414791809
0 0.646221899864779 0.9807829941129855 0.031340906667727174 0.008539851823611144
0 0.3893270098663698 0.9750467128621871 0.02207499466899989 0.017696646276527873
2 0.4290525811983244 0.984275589287083 0.018822725334181813 0.006686411094166544
2 0.1568326832034151 0.95312173394809 0.019131808004454333 0.03324891109416654
2 0.172514963916322 0.6122239770142359 0.020585220003181703 0.02391027868534721
3 0.8485711232893202 0.30438022901100625 0.015861357336090974 0.020676175911805574
3 0.6877790739576838 0.2956260909026036 0.011246582670272431 0.026817073138263935
3 0.13586729722314145 0.8083365640202083 0.008067038669636251 0.02205683795590261
3 0.5970304218650971 0.979584823235173 0.007957950668363623 0.012681837955902608