5 0.8198013563681528 0.601040415809847 0.020403403590795934 0.016216033386094963
4 0.732121111829102 0.23177960194065123 0.017278403590796288 0.01612510517284953
4 0.5822331786750559 0.6196697100164946 0.017242042154477843 0.00987510517284953
4 0.5997711783804682 0.4246610868969564 0.018804542154477844 0.009920569279472246
4 0.5975506691088901 0.2692832651102018 0.020403403590796287 0.016216033386094786
4 0.6044591992613153 0.2901724266303997 0.01726022287263689 0.01300010517284953
2 0.8359616457921561 0.7771028106369975 0.05031816256778647 0.056142351411925875
4 0.9142053413410383 0.6201648373591748 0.014135222872636887 0.012909176959604095
4 0.9416172690341353 0.607650465493278 0.014126132513557366 0.011346676959604096
4 0.94198088339732 0.545150465493278 0.015679542154477845 0.009829641066226812
4 0.879885404376363 0.47743777975818513 0.015670451795398322 0.008267141066226813
4 0.8088371061717613 0.47169389660951716 0.017242042154477843 0.00987510517284953
4 0.7658910820694602 0.46903790954164093 0.020403403590796287 0.016216033386094963
4 0.7221325125912277 0.3375211365803873 0.01726022287263689 0.01300010517284953
4 0.732970018641352 0.35439038783402854 0.020403403590796287 0.016216033386094786
4 0.7495358708060923 0.19221699676780174 0.017251132513557366 0.011437605172849485
4 0.6820165726996864 0.251203203352577 0.020376132513557365 0.011528533386094785
1 0.6415592234618122 0.35783128807145537 0.020394313231716588 0.014653533386094875
4 0.6889336723303441 0.4048821328194636 0.017278403590796288 0.01612510517284953
4 0.6802490187395478 0.42075718540588836 0.01414431323171641 0.014471676959604097
4 0.6450109555078313 0.43584262780489863 0.014117042154477667 0.009784176959604096
4 0.7826467900131784 0.5427565543687913 0.017242042154477843 0.00987510517284953
4 0.6755246364223823 0.561495845672445 0.020403403590796287 0.016216033386094963
4 0.6865984918085765 0.5377400969260864 0.017251132513557366 0.01143760517284953
4 0.6289097534178456 0.24962398297774815 0.014135222872636887 0.012909176959604095
4 0.5514382175098838 0.4081017242022595 0.01726022287263689 0.01300010517284953
4 0.5464603469001832 0.3238858485754389 0.01726022287263689 0.01300010517284953
1 0.5164268923743105 0.5184769345479585 0.011001132513557365 0.011255748746358662