5 0.5856087878779268 0.3697015051663614 0.014799484396167628 0.014144313231716587
5 0.5521002470593239 0.35622935762568947 0.019077548620519025 0.00635908430895542
5 0.5424817441186478 0.7091907311622563 0.01603443577564878 0.00790340359079611
5 0.2886640253263123 0.679597638170898 0.01315509724103805 0.012572722872636888
0 0.6554420895506635 0.6739213725546083 0.048506099050060314 0.06120112041330898
6 0.8069227023955339 0.6732406373853312 0.050320904567984215 0.036219301131468026
2 0.8187399496820003 0.6006752909761273 0.013482645861557074 0.018822722872636886
6 0.580601462572299 0.5125975322937245 0.07638543758467105 0.05667724687674216
2 0.36429370985876564 0.4387049934588966 0.04456222749876275 0.04555793969514958
7 0.6349304364530173 0.4613668304001305 0.01915943577564878 0.007921584308955332
2 0.31527743498267924 0.636015809813871 0.01808825870642732 0.01728749394987581
7 0.2630222161903437 0.6075953731437835 0.019241322930778536 0.009484084308955332
2 0.45937267299689155 0.7477578065924172 0.019896420171816587 0.02198408430895533
2 0.4864674395052351 0.7580685926967707 0.030915807326946165 0.023610216822512697
7 0.7619753725673503 0.6948474717924824 0.019077548620519025 0.006359084308955332
2 0.5796287827895441 0.449329917832344 0.01956887155129756 0.015734084308955332
2 0.4459155240831169 0.43136973731057643 0.02236632293077854 0.009502265027114732
2 0.2293997314554917 0.36841015329620863 0.03757524310259504 0.03145907825883114
2 0.14334047998515365 0.5444181413923519 0.028282130257724792 0.032967036104353475
7 0.41080129692303835 0.6107981620768073 0.013318871551297563 0.015697722872636887
7 0.6610558452048731 0.39357079722264326 0.01628009724103805 0.01259090359079611
6 0.531217858999683 0.33033447813719424 0.03247830732694616 0.023619307181592396
6 0.48417019787297805 0.5503060896717086 0.019650758706427317 0.01729658430895533
2 0.1508829850735363 0.464798819085449 0.020967597241038007 0.012618174668035031
2 0.17362776628120077 0.4368147196511831 0.019568871551297516 0.015734084308955332
1 0.4063937579134578 0.6459180506404888 0.009866322930778538 0.009429542154477843
1 0.4145691853213635 0.8615248699223296 0.024174484396167806 0.014198855386194253
2 0.5605024830373714 0.8444106136758137 0.019241322930778536 0.009484084308955332
2 0.4234871619156152 0.8826640717177276 0.019241322930778536 0.009484084308955332
2 0.6647462477366924 0.8067475080932276 0.01315509724103805 0.012572722872636888
2 0.7909845211424409 0.7863946223582164 0.019323210085908295 0.011046584308955332
2 0.373657664517607 0.30442544222923246 0.02253009724103805 0.012627265027114642