5 0.8090459610253268 0.5872122192273604 0.025764003954332537 0.019331881458888846
3 0.9938501008168933 0.5444395717165617 0.012299798366213466 0.013081881458888844
4 0.9079118839530201 0.6146267447785757 0.022575336958138337 0.017696646276527873
4 0.6174752263483659 0.6643962343293397 0.01756950197716627 0.009775043502986237
7 0.6306954679454089 0.6242069922131245 0.020758168973360823 0.011410278685347209
2 0.2419672544858053 0.41116931686999986 0.025700336958138337 0.017769381458888844
2 0.8221388686299809 0.5438979771111452 0.014508168973360824 0.011264808320624908
1 0.8416767303026986 0.6779456687905201 0.013009335969555025 0.012790940729444599
1 0.3474704965771399 0.3711781368741317 0.01125583498097198 0.008067073138263936
1 0.6671052228511437 0.2511318617041661 0.014508168973360824 0.011264808320624996
2 0.7043744125847512 0.35974314228937443 0.013009335969555025 0.012790940729444422
7 0.6336865222803025 0.4865069704616314 0.01756950197716627 0.009775043502986237