5 0.3393038750185905 0.21501632688750744 0.014826503954332715 0.019486984396167806
4 0.7153053009120335 0.278378300541083 0.014699169961943781 0.016361984396167806
4 0.3660095909496521 0.4495108355939347 0.008449169961943958 0.01603443577564878
4 0.5526673325466951 0.41953448778706975 0.008449169961943958 0.01603443577564878
4 0.7036249960828483 0.41263379183465576 0.013327670950527093 0.020967597241038048
4 0.6823402450942652 0.40684081524040405 0.011637836958138336 0.017760710085908293
2 0.1644948760071737 0.21053246551297516 0.05184634288963737 0.04793288896415202
4 0.302049272737413 0.12341200305221774 0.01151050296574958 0.014635710085908249
4 0.3103101003040112 0.09655957598299623 0.009884335969555203 0.012991322930778515
4 0.3701480153230392 0.0918997314554917 0.008321835969555113 0.012909435775648759
4 0.4480302761974541 0.14743375847928464 0.006886669961943958 0.015952548620519025
4 0.4672697075281045 0.2178248236081471 0.008449169961943781 0.01603443577564878
4 0.47673754942915875 0.2588592593837958 0.013264003954332715 0.01940509724103805
4 0.6138528888587549 0.2948896918800842 0.011637836958138336 0.017760710085908293
4 0.5955021368815887 0.2845729895960921 0.014762836958138337 0.017924484396167804
4 0.749570212965312 0.2583457615315024 0.01001166996194396 0.016116322930778536
4 0.7064369782883512 0.32858634045517465 0.008512836958138337 0.017596935775648782
1 0.610068655664669 0.3742086996820003 0.011765170950527093 0.020885710085908293
4 0.5552883137636148 0.33079953640758875 0.014635502965749581 0.014799484396167805
4 0.5401089827369756 0.3409181648562913 0.01151050296574958 0.014635710085908294
4 0.5321983236494464 0.37636434192551277 0.008321835969555024 0.012909435775648782
4 0.40301354794628397 0.2479793130926975 0.008449169961943958 0.01603443577564878
4 0.4049673201894054 0.35332523236000285 0.014890170950527092 0.021049484396167807
4 0.42555173421985026 0.3419307089542545 0.01001166996194396 0.016116322930778536
4 0.717099905664669 0.37981796980838833 0.01151050296574958 0.014635710085908294
4 0.5779830089344296 0.4668565451140161 0.011637836958138336 0.017760710085908116
4 0.6605726744477493 0.4657278143358929 0.011637836958138336 0.017760710085908293
1 0.4767361853221642 0.5075457428754524 0.011383168973360825 0.011510710085908293