5 0.44296875 0.2875 0.0109375 0.0171875
5 0.46875 0.33359375 0.01484375 0.01328125
5 0.48359375 0.315625 0.01171875 0.02109375
3 0.28359375 0.4609375 0.0109375 0.028125
3 0.36171875 0.5984375 0.01640625 0.02109375
4 0.39609375 0.48671875 0.01171875 0.02109375
5 0.6015625 0.79375 0.0078125 0.01640625
5 0.60234375 0.75703125 0.009375 0.0171875
4 0.6421875 0.3625 0.0078125 0.025
3 0.69765625 0.55234375 0.01484375 0.02109375
3 0.35234375 0.93828125 0.01015625 0.025
4 0.29375 0.859375 0.01484375 0.02890625
5 0.596875 0.5234375 0.01484375 0.0109375
5 0.6296875 0.50234375 0.0140625 0.01640625
5 0.6515625 0.43359375 0.01171875 0.01875
4 0.45078125 0.4828125 0.01484375 0.015625
4 0.77421875 0.7515625 0.009375 0.02421875
4 0.25390625 0.80546875 0.01328125 0.03046875
2 0.565625 0.2875 0.009375 0.01875
1 0.6546875 0.26484375 0.0078125 0.00859375
1 0.25390625 0.38671875 0.0078125 0.0140625
2 0.6421875 0.58359375 0.01171875 0.021875
2 0.6140625 0.63515625 0.009375 0.0171875
2 0.57265625 0.6546875 0.009375 0.01796875
2 0.5875 0.6359375 0.0140625 0.0203125
2 0.54296875 0.6078125 0.0140625 0.0265625
2 0.6953125 0.7296875 0.0203125 0.02578125
2 0.7953125 0.75546875 0.0171875 0.03203125
2 0.72265625 0.784375 0.01953125 0.021875
2 0.6234375 0.82578125 0.0203125 0.02890625
2 0.65390625 0.8890625 0.0203125 0.0375
2 0.50234375 0.79609375 0.01328125 0.0171875
2 0.41171875 0.9265625 0.01796875 0.028125
2 0.278125 0.68203125 0.021875 0.021875
2 0.28671875 0.66015625 0.01171875 0.02890625
2 0.43125 0.6203125 0.02734375 0.02578125
2 0.4796875 0.54375 0.0109375 0.01640625
2 0.5046875 0.5109375 0.00546875 0.01640625
2 0.45703125 0.459375 0.0125 0.01640625
2 0.63125 0.4703125 0.0140625 0.021875
2 0.56953125 0.55078125 0.01328125 0.01953125
2 0.5015625 0.7390625 0.01171875 0.01640625
2 0.7859375 0.603125 0.01640625 0.02109375