5 0.7228166027437755 0.09673701220720791 0.01386507892507769 0.023801212852981424
3 0.6729615449359722 0.18943898924595434 0.012575594710093441 0.02844324874635875
5 0.6965425290803695 0.11933943791317081 0.015245568401734032 0.02072167695960414
5 0.43853260800544724 0.10344897961253588 0.01644404735504672 0.014517141066226813
5 0.3164370711031571 0.043827590195661716 0.013774073663405861 0.022238712852981447
5 0.28679507373399304 0.04391015822149265 0.010558068401734034 0.02058528463973609
5 0.3788089975103384 0.13794365155757507 0.013501057878390376 0.017551212852981467
3 0.22635112642129868 0.10416334811322052 0.020206084186749608 0.025545569279472158
3 0.2221278160532468 0.2704104737400411 0.01579159997176518 0.030096676959604097
3 0.3415750370434644 0.20142112984996272 0.02113154735504663 0.014653533386094875
3 0.5865025872411085 0.4017547843105317 0.017172089448421347 0.027017141066226814
3 0.5637931293344833 0.3899367459098719 0.022967063140062294 0.0193864974927175
5 0.5385586399284141 0.4616442613492781 0.01074007892507769 0.023710284639735946
5 0.5055718346808598 0.4789825255350431 0.01386507892507769 0.02380121285298138
5 0.47987388466674236 0.46491166534762857 0.017824536831702886 0.01143760517284953
5 0.4951502741716335 0.49722406017477916 0.012120568401734033 0.02063074874635884
3 0.557824579419188 0.47902197796318324 0.021495568401734035 0.020903533386094787
5 0.36603889782092197 0.4643242951310843 0.010649073663405862 0.022147784639736122
5 0.5149629742563381 0.5855591344688162 0.0166260578783902 0.017642141066226812
5 0.5041395953453778 0.624090437055241 0.013865078925077868 0.02380121285298138
5 0.5002480268730566 0.5703887755350431 0.015154563140062116 0.019159176959604098
5 0.577652690055471 0.5938740881505977 0.014047089448421346 0.026926212852981378
3 0.48654954791974403 0.5645479524946472 0.01422909997176518 0.03005121285298138
3 0.5667228953312604 0.6074508548436451 0.014047089448421346 0.026926212852981378
5 0.31119104507714657 0.34815137734268026 0.01386507892507769 0.02380121285298147
5 0.34822060821720874 0.32835570289035865 0.01230257892507769 0.02375574874635884
5 0.6026567502117615 0.20474339199066366 0.012120568401734033 0.02063074874635875
5 0.7068822476515128 0.27658363658038726 0.010558068401734034 0.020585284639736124
5 0.6281679005223451 0.5300101649519172 0.01488154735504672 0.014471676959604097
5 0.7300034163073607 0.522367498021443 0.017824536831702886 0.01143760517284953
5 0.6213648927004245 0.6066408611118513 0.013865078925077868 0.02380121285298138
5 0.4299887347796819 0.5849119282797524 0.015609589448421345 0.026971676959604098
3 0.6683077821347284 0.5639388840731049 0.02324007892507769 0.024073997492717502
5 0.43783757408692897 0.4099801244396864 0.01488154735504672 0.014471676959604097
5 0.5073974581183867 0.21999397044133584 0.015245568401734032 0.020721676959604095
3 0.8132456397166526 0.231372773489979 0.016808068401734034 0.02076714106622681
3 0.8110761949642071 0.21505745170322435 0.020949536831702885 0.011528533386094785
5 0.39823456072098773 0.1927531720115462 0.015245568401734032 0.020721676959604095
5 0.5428233927710117 0.6830191561764286 0.012120568401734033 0.020630748746358663
5 0.43975857692952636 0.6314232154267709 0.015063557878390376 0.017596676959604096
5 0.4757716716396196 0.602298005081072 0.012120568401734033 0.020630748746358663
3 0.2925705767177648 0.41342703635559575 0.02314907366340586 0.02251149749271768
3 0.1647178634788806 0.33213523541852363 0.017172089448421433 0.027017141066226814
5 0.8333922687687874 0.34075613367739344 0.010467063140062294 0.019022784639736123
3 0.60055519489362 0.14709001636384303 0.014047089448421346 0.026926212852981468
3 0.6523004344408634 0.22279705852542647 0.010831084186749607 0.025272784639736125
3 0.7250098923474886 0.23316024551416045 0.02113154735504672 0.014653533386094786
3 0.8159996424180758 0.30460568501017693 0.016990078925077867 0.023892141066226814
3 0.7917074847796818 0.5743869875966017 0.013683068401734033 0.02067621285298138
3 0.7726613531672984 0.5398445030360078 0.01110409997176518 0.029960284639736122
3 0.19231005538872875 0.12621184435229682 0.010831084186749607 0.02527278463973608
3 0.22489504223454918 0.12916334811322053 0.01699007892507769 0.023892141066226814
3 0.21637761596854216 0.1816662224863999 0.01800654735504672 0.014562605172849486
3 0.23070615550166823 0.24364338526023904 0.015609589448421436 0.026971676959604098
3 0.4594003028990672 0.26740617953339363 0.02434755261671846 0.016306961599340218
3 0.45313562137138835 0.321403357746639 0.01699007892507769 0.023892141066226814
3 0.35004071345064575 0.29710570289035865 0.020949536831702885 0.011528533386094785
3 0.36694603434204137 0.12736986441055653 0.013956084186749606 0.025363712852981467
3 0.38490707906625204 0.11358850923770705 0.018188557878390375 0.01768760517284953
3 0.8502282421780795 0.05169363367739342 0.010558068401734034 0.0205852846397361
3 0.2981772926580722 0.5715888773426803 0.018188557878390375 0.01768760517284953
3 0.27781856100333646 0.49262880304864315 0.01699007892507769 0.023892141066226814
3 0.1968947846949772 0.5027827045397112 0.01386507892507769 0.02380121285298138