7 0.7959242339326358 0.2921875 0.017915542093374804 0.0125
3 0.8126104759695408 0.3640625 0.024438557878390554 0.0171875
3 0.7437848812594476 0.3359375 0.015063557878390199 0.0171875
3 0.7453668519673166 0.6984375 0.022967063140062118 0.01875
7 0.6744635467903493 0.6078125 0.017733531570031148 0.009375
7 0.6569876204537552 0.6296875 0.016171031570031146 0.009375
7 0.5047642387707846 0.7390625 0.01488154735504672 0.0140625
7 0.524022472985769 0.734375 0.01653505261671846 0.015625
7 0.535339404584035 0.7140625 0.014790542093374803 0.0125
3 0.40014535722898836 0.7 0.027563557878390377 0.0171875
3 0.42914188346676047 0.78203125 0.02122255261671846 0.015625
3 0.5070353101562904 0.3890625 0.02425654735504672 0.0140625
3 0.435807239335482 0.1453125 0.022876057878390376 0.0171875
7 0.5122108446395062 0.10234375 0.019478042093374802 0.0125
5 0.3201738050357929 0.2390625 0.02425654735504663 0.0140625
7 0.3372548892225425 0.2640625 0.01644404735504663 0.0140625
3 0.12249152311282596 0.60078125 0.02425654735504663 0.0140625
7 0.23250980717251862 0.759375 0.016353042093374803 0.0125
7 0.2898903966915273 0.71171875 0.014790542093374803 0.0125
5 0.46226186547443204 0.33125 0.02122255261671846 0.015625
5 0.2592979472421072 0.1328125 0.020949536831702975 0.0109375
5 0.19199632615306747 0.17109375 0.021222552616718505 0.015625
5 0.18253729714328512 0.23671875 0.02113154735504663 0.0140625
3 0.6257174207219864 0.34765625 0.016808068401734034 0.0203125
7 0.6072235679076239 0.53984375 0.021040542093374803 0.0125
5 0.5199965836926393 0.54453125 0.01497255261671846 0.015625
3 0.3363349442583354 0.503125 0.025728042093374804 0.0125
1 0.6652881549369709 0.34296875 0.03886507892507769 0.0234375
3 0.3857988050357929 0.2390625 0.02122255261671846 0.015625
2 0.1728206629000658 0.27109375 0.050621626280124364 0.0375
5 0.24669080240495694 0.23828125 0.017824536831702886 0.0109375
2 0.27803732587071883 0.46796875 0.04924113680346807 0.040625
1 0.22260491517796588 0.64296875 0.016262036831702888 0.0109375
3 0.3580572967903493 0.6078125 0.018370568401734032 0.0203125
1 0.5552375917263215 0.3984375 0.014608531570031147 0.009375
1 0.45527320200966875 0.65390625 0.02581904735504672 0.0140625
1 0.3979080230422388 0.675 0.011301521046687402 0.00625
1 0.41765908092062914 0.6921875 0.01295502630835923 0.0078125
1 0.06554024196631789 0.14609375 0.02113154735504663 0.0140625
2 0.1043400335655825 0.678125 0.01966005261671846 0.015625
7 0.18573424673387956 0.6671875 0.014699536831702931 0.0109375
2 0.22444740721487094 0.71484375 0.019478042093374802 0.0125
7 0.527048762448308 0.74609375 0.017915542093374804 0.0125
7 0.2489197022920175 0.35703125 0.014790542093374803 0.0125
1 0.6725531653191402 0.49453125 0.013046031570031147 0.009375
3 0.6324973127165391 0.4640625 0.030779563140062294 0.01875
2 0.725755218077033 0.36171875 0.027563557878390377 0.0171875
1 0.4789565418110261 0.309375 0.012955026308359407 0.0078125
1 0.332492523536349 0.15546875 0.015063557878390376 0.0171875
2 0.4408580313582696 0.23203125 0.014608531570031147 0.009375
2 0.6240841151920833 0.628125 0.017733531570031148 0.009375
7 0.5920899335232301 0.72265625 0.020949536831702885 0.0109375