5 0.8864707089655559 0.35057355997525813 0.015843205547083274 0.009829641066226812
5 0.8078742367009724 0.39512989053750136 0.0159159407294446 0.012954641066226813
5 0.8951937051658337 0.45700541640174885 0.011301175911805572 0.015943248746358663
5 0.9002078602760767 0.43763329077492824 0.009738675911805572 0.015897784639736123
5 0.7746084482319795 0.4417859301918024 0.015843205547083274 0.009829641066226812
5 0.7608557259673961 0.48822902117888695 0.0112284407294446 0.01281824874635884
5 0.9465918977951393 0.4179034639736086 0.018931837955902607 0.008358069279472247
7 0.9322014362641322 0.36986076906731585 0.0157704703647223 0.006704641066226813
5 0.9445553126890281 0.3304034639736087 0.0112284407294446 0.01281824874635884
5 0.9880702297671184 0.38866224485242107 0.0112284407294446 0.012818248746358752
5 0.9341860828250006 0.5893010908540706 0.0174784407294446 0.01300010517284953
5 0.9087308347248616 0.535471397201419 0.0188954703647223 0.006795569279472247
5 0.8471393712939935 0.5391443149898232 0.012790940729444599 0.01286371285298138
5 0.9318053120234377 0.5540993767474479 0.012790940729444599 0.01286371285298138
5 0.7727219059632644 0.5955330558186229 0.01740570554708327 0.00987510517284953
5 0.8102407429692366 0.6309764623242561 0.0206034407294446 0.013091033386094963
5 0.8231206430454865 0.5470333713371716 0.012645470364721944 0.006613712852981379
7 0.7470302685204518 0.5315471121659715 0.009665940729444423 0.012772784639736124
5 0.7066383918112156 0.3726662056603385 0.0159159407294446 0.012954641066226813
5 0.6850731695466322 0.41888197611430955 0.015843205547083274 0.009829641066226812
5 0.6714470806407989 0.43722279915470547 0.011301175911805572 0.015943248746358663
3 0.6819111487450698 0.3836575299543756 0.0221659407294446 0.013136497492717503
5 0.7077274599154864 0.3188281518202725 0.020603440729444422 0.013091033386094787
5 0.5998428779435072 0.34613714640999615 0.018931837955902787 0.008358069279472158
5 0.5827287663362503 0.3823330591838353 0.011228440729444423 0.01281824874635884
5 0.5760248246568753 0.39619097070403325 0.012790940729444599 0.01286371285298138
5 0.5931408958952782 0.46070811177026005 0.01740570554708327 0.00987510517284953
5 0.6616726903481948 0.453333532461658 0.014353440729444422 0.012909176959604095
5 0.6048784829012505 0.4954013605166188 0.015843205547083274 0.009829641066226812
5 0.6090763268410768 0.5415860387298641 0.01591594072944442 0.012954641066226813
5 0.6220315749412157 0.5950520195295343 0.025290940729444423 0.013227425705962758
5 0.5213003038553128 0.35946620902555076 0.015843205547083274 0.009829641066226812
3 0.4686662663362503 0.3790141794003796 0.025290940729444423 0.013227425705962937
4 0.5159965144363893 0.4334803705457487 0.015843205547083274 0.009829641066226812
3 0.5586028949453476 0.48624766937124975 0.025254573138263937 0.011664925705962937
5 0.531527329406528 0.26217367187853224 0.015843205547083274 0.009829641066226812
5 0.46806358824024324 0.21894885761362498 0.018931837955902787 0.008358069279472247
5 0.3454456654625697 0.3176554790838105 0.020494337955902785 0.008403533386094874
5 0.41237859232430585 0.3086729356685858 0.022093205547083272 0.010011497492717503
7 0.9108784822356604 0.728371951041485 0.015843205547083274 0.009829641066226812
2 0.4348751074262851 0.5037270228947466 0.020676175911805574 0.016216033386094786
2 0.41218379625586843 0.568647329242095 0.015952308320624907 0.014517141066226813
2 0.4904288975107988 0.20710808715965384 0.012827308320624908 0.014426212852981467
2 0.5931733442241669 0.2608445040901281 0.023764808320624907 0.01474446159934022
2 0.6193364539315628 0.27800091184940234 0.014389808320624909 0.014471676959604097
2 0.7287484747331252 0.31631691725967864 0.019186411094166543 0.019295569279472246
2 0.670789197947639 0.2412427094212622 0.022165940729444424 0.013136497492717503
2 0.6861420942241668 0.2635496184341776 0.023692073138263936 0.01161946159934022
2 0.7190805743725349 0.2028310787798766 0.022165940729444424 0.013136497492717503
2 0.9619980390376739 0.3754120870931469 0.017442073138263937 0.01143760517284953
7 0.9945806287512674 0.43884410127891177 0.010838742497465147 0.006613712852981379
2 0.5597309434823268 0.5682561873179385 0.0190409407294446 0.013045569279472247
2 0.5949229078631255 0.53727061177026 0.012827308320624908 0.014426212852981379
2 0.5549304214464934 0.3620061873179384 0.02532730832062491 0.014789925705962936
2 0.49560931962288224 0.3290512833195879 0.0126454703647223 0.006613712852981468
3 0.6091977345167711 0.24491562720966625 0.01591594072944442 0.012954641066226813
3 0.6121058353904516 0.3027735913162889 0.01755117591180557 0.01612510517284953
3 0.6091100815907294 0.4088644669431096 0.0221659407294446 0.01313649749271768
3 0.4926512398351045 0.5038466948397857 0.014498911094166544 0.019159176959604098
3 0.2581846676467712 0.45954981089969493 0.025181837955902786 0.008539925705962759
7 0.31327221114975734 0.47832855463148877 0.0126454703647223 0.006613712852981379
7 0.5714626515948613 0.30081027454409925 0.011155705547083273 0.00969324874635884
3 0.8863824028291323 0.4809513817620128 0.009811411094166545 0.019022784639736123