5 0.5871458088206989 0.3124416889260764 0.027199169961943957 0.017172089448421433
5 0.35188874113993246 0.3727821365211194 0.020758168973360736 0.012120568401734033
5 0.3245608730786052 0.601112262871831 0.02401050296574958 0.015427578925077868
5 0.25995986220419026 0.545909552404957 0.0255093359695552 0.013956084186749606
5 0.2952461047898165 0.5128919260542455 0.017887836958138337 0.0181885578783902
3 0.6550707964634093 0.25794317570130965 0.02876166996194378 0.01726309471009326
3 0.23706884885831742 0.4814452340032229 0.022702670950527092 0.021586573663405773
3 0.16460891703337543 0.40552049985882566 0.02101283695813829 0.018370568401734032
3 0.046152030188967866 0.5396918315559136 0.020694501977166345 0.010558068401734034
5 0.11658259391540157 0.4510458314853265 0.020885502965749536 0.015245568401734032
1 0.14459621148243723 0.22041745776545082 0.03858233893530465 0.02874662628012441