7 0.8281464653882702 0.4526472729010645 0.01731476933481808 0.011938557878390377
3 0.818036216064588 0.5231039860693615 0.023601132001909164 0.015427578925077689
3 0.7635754353914519 0.4723080545416828 0.012699994668999893 0.017915542093374627
3 0.6322645374363135 0.7949048494070677 0.020512494668999893 0.018370568401734032
7 0.5997872974219959 0.6876159941736308 0.015715906667727174 0.008722552616718459
7 0.5757321794239049 0.700267912617717 0.014153406667727353 0.008631547355046721
7 0.3935196634309046 0.7411827970021108 0.012663632001908986 0.014790542093374803
7 0.41307818543122277 0.7446641127730089 0.014226132001908986 0.01488154735504672
7 0.43164637209576834 0.7301311759130711 0.014189769334818081 0.01175654735504672
3 0.30990718475490503 0.6676095181335027 0.02674431333545444 0.017172089448421347
3 0.307763976766359 0.7518025076101591 0.020476132001908988 0.015245568401734032
3 0.5226322620544066 0.430949494244218 0.023564769334818082 0.012302578925077867
3 0.5439874520209991 0.18626632580013164 0.020494313335454352 0.016808068401734034
7 0.63210507001909 0.17734562308459112 0.01887726933481808 0.012029563140062205
5 0.40237266402768057 0.22720359698799336 0.023564769334818082 0.01230257892507769
7 0.4097402686982713 0.2565193706655167 0.015770450668363623 0.01341005261671846
3 0.0859504220639516 0.47578052097610024 0.023564769334818103 0.012302578925077867
7 0.13101002542167778 0.6579706656720761 0.015752269334818082 0.01184755261671846
7 0.20180378341817792 0.6363301550781453 0.012627269334818081 0.011665542093374804
5 0.5015379647119524 0.3625789258424839 0.020476132001908988 0.015245568401734032
5 0.3838215640117722 0.10901503910960302 0.018840906667727263 0.008904563140062206
5 0.3074226960136812 0.11861828128768241 0.018895450668363623 0.013592063140062205
5 0.2752647240213172 0.17295717079257358 0.02043976933481808 0.012120568401734033
3 0.6491947620544065 0.4383209204396377 0.012736357336090798 0.021040542093374803
7 0.5613236867440874 0.6026193678935063 0.018840906667727177 0.008904563140062294
5 0.47901971674090565 0.5744040916557344 0.012663632001908986 0.014790542093374626
3 0.32163338339431535 0.46764731548854943 0.021984088001272627 0.01064907366340595
1 0.6867947593889066 0.4490987967197621 0.036155676002545434 0.020843121018452492
3 0.46433686203054403 0.25189205482403143 0.020476132001908988 0.015245568401734032
2 0.25293573802513525 0.19976259449833175 0.04725680800445442 0.035542657850155465
5 0.3348942626909534 0.19829037073610384 0.01573408800127272 0.01028505261671846
2 0.27963624005408844 0.4144544260542455 0.044168170671545236 0.0384856473268119
1 0.16489358207349664 0.5506432840596927 0.012609088001272672 0.010103042093374804
3 0.304855510741542 0.5689445049793231 0.015824994668999892 0.01809755261671846
1 0.5643203227243611 0.457579883678522 0.012590906667727353 0.008540542093374803
1 0.37759412408495063 0.6473494970162282 0.02514545066836362 0.013956084186749606
1 0.3166566240849506 0.643800291811026 0.009447725334181811 0.0067960315700311465
1 0.3294202534213596 0.6671845839044008 0.011028406667727263 0.008449536831702886
1 0.19886476133831796 0.048276418232324834 0.02043976933481808 0.012120568401734033
2 0.041383356739314835 0.5372038683876166 0.01735113200190901 0.015063557878390376
7 0.12048051074154201 0.558205884102045 0.012609088001272672 0.010103042093374804
2 0.13988503874917804 0.6155479472421072 0.01887726933481808 0.012029563140062116
7 0.41165204543281353 0.756291857511337 0.01731476933481808 0.0119385578783902
7 0.2931982060391346 0.305162726040128 0.014189769334818081 0.011756547355046632
1 0.6392123294079965 0.5868571309770989 0.011028406667727175 0.008449536831702886
3 0.6121771147358149 0.5446850415286775 0.02986931333545435 0.01735409997176518
2 0.7372129300604519 0.48794846509326123 0.02674431333545435 0.017172089448421347
1 0.5255839920432708 0.3491457573983976 0.011028406667727354 0.008449536831702974
1 0.4452772320178173 0.15709549431480513 0.012699994668999893 0.017915542093374804
2 0.5175891313653622 0.2659237337208743 0.012590906667727353 0.008540542093374803
2 0.5443549100890868 0.6875103073842801 0.015715906667727174 0.008722552616718459
7 0.4811742047660409 0.7595603416557344 0.018840906667727177 0.008904563140062294