5 0.6579624668452826 0.5840370913946009 0.019132001977166267 0.010248295285270359
5 0.6560179648681161 0.593339316787495 0.016134335969555026 0.013227746071058633
5 0.6064835384803817 0.6372134412707664 0.017760502965749582 0.014863020678164317
5 0.559831372967062 0.6295614530575907 0.019132001977166267 0.010248295285270359
5 0.5471204673395742 0.576526344290085 0.020821835969555204 0.013446069892376223
5 0.5513423937273088 0.5305417562007438 0.02225700197716627 0.010393844499482085
5 0.5475913581383145 0.6994373054149555 0.019132001977166267 0.010248295285270359
5 0.4547008625869388 0.6739770789886042 0.02225700197716627 0.010393844499482085
5 0.4069862627772192 0.750028002686087 0.014635502965749581 0.014717471463952591
5 0.5566121669590134 0.42042189350429665 0.019132001977166267 0.010248295285270359
4 0.6413545814837498 0.43454435959156595 0.017633168973360824 0.011738020678164318
3 0.33993270844232565 0.6091439834556647 0.017887836958138337 0.017988020678164317
5 0.2823748764271032 0.6002013229927481 0.014635502965749492 0.01471747146395277
5 0.3539063196207517 0.47751299379474704 0.019132001977166357 0.010248295285270359
3 0.31379992585626193 0.36684516749223006 0.025573002965749582 0.015226893713693724
5 0.3150241862363853 0.3175900301886771 0.016070668973360736 0.011665246071058632
3 0.377090446122217 0.2735168525622526 0.023946835969555203 0.01359161910658786
5 0.3844625943353311 0.3615262748119936 0.017696835969555114 0.013300520678164496
5 0.2896541827391631 0.7289085198495948 0.011574169961943959 0.016134422249740866
5 0.18874423463977974 0.477647772745079 0.011574169961943914 0.016134422249741043
5 0.19770805775775363 0.5265946949948199 0.016198002965749535 0.014790246071058633
3 0.2101616368072265 0.5475257791552199 0.023883168973360736 0.012029119106587771
5 0.7098844055903069 0.48156921691132953 0.01151050296574958 0.014571922249741043
5 0.4486444525480076 0.24632295988201625 0.017696835969555024 0.013300520678164496
5 0.45295792635055354 0.37097835752465136 0.01157416996194378 0.016134422249741043
5 0.3125743709898957 0.6274380651348652 0.017696835969555114 0.013300520678164318
5 0.11398165657889 0.449118204300445 0.019259335969555112 0.01337329528527036
7 0.5108460222059403 0.3141868560769093 0.020821835969555204 0.013446069892376133
6 0.6421795938410394 0.3758778349844601 0.035839340912470874 0.037538541356328815
2 0.6377017049822845 0.6394501834128835 0.022957338935304605 0.027581344499482085
2 0.6095966096211892 0.6952806523956369 0.020758168973360823 0.011883569892376045
2 0.5601351204956041 0.6413165903611435 0.01756950197716627 0.010175520678164319
2 0.5671782993547966 0.5837224141824612 0.014508168973360824 0.011592471463952769
2 0.5179104698110322 0.5634248767550737 0.02439250494291585 0.024529119106587772
2 0.6854282336511967 0.5054775978047417 0.021394838935304604 0.027508569892376045
2 0.6490530404575481 0.6298033556626246 0.014508168973360824 0.011592471463952592
2 0.37224650684572014 0.7765883486333112 0.02908000494291585 0.02474744292790536
6 0.4012230355146322 0.6417424677398991 0.04129084486680377 0.0565068651776464
2 0.4836097711801761 0.7136774338271683 0.014508168973360824 0.011592471463952592
2 0.465085264260094 0.7456894131490038 0.017633168973360824 0.011738020678164318
2 0.42861852365163405 0.6993751852749103 0.014508168973360824 0.011592471463952592
2 0.3423918635755219 0.6640498072769823 0.017569501977166356 0.010175520678164319
2 0.3992241368072265 0.5563315066150286 0.017760502965749582 0.014863020678164317
2 0.39719606319496104 0.5100558200972639 0.017887836958138247 0.017988020678164317
2 0.20139679045754807 0.6089534307267964 0.02439250494291585 0.024529119106587772
2 0.2901038047920041 0.5449872841176185 0.01438083498097189 0.00846747146395277
2 0.30042188087572747 0.5799080936709125 0.014699169961943958 0.016279971463952592
2 0.3636951550960153 0.46779339143738213 0.014762836958138337 0.01784247146395277
2 0.3428189223962208 0.38463413502724136 0.014508168973360736 0.011592471463952769
5 0.6347730231573425 0.7113251834128835 0.014635502965749581 0.01471747146395277
5 0.5969639584423256 0.6211154063245783 0.014635502965749581 0.01471747146395277
5 0.5445220493547966 0.5826671823794263 0.014508168973360824 0.011592471463952769
5 0.6277457262368228 0.5380139619489308 0.014571835969555202 0.013154971463952591
5 0.690427456959451 0.6325131327509298 0.01151050296574958 0.014571922249741043
5 0.4904659021302658 0.48778702191650947 0.00994800296574958 0.01449914764263518
5 0.38458202216875936 0.7043687462759463 0.014508168973360736 0.011592471463952592
5 0.37586093817637056 0.7070934859368642 0.01151050296574958 0.014571922249741043
5 0.39308293026770513 0.7454667812221344 0.013009335969555114 0.013082196856846907
2 0.29779694657932754 0.6635382309744655 0.022384335969555115 0.013518844499482086
7 0.26390606072350314 0.5155887284932661 0.008194501977166358 0.009738873035529316
2 0.47878430281483775 0.5631680115774274 0.028952670950527094 0.02162244292790554
5 0.471844600229649 0.7334805115774273 0.01151050296574958 0.014571922249741043
5 0.5211588507239406 0.7334291617012617 0.01756950197716627 0.010175520678164319