4 0.4396711731124926 0.3259319599379574 0.0157821302577247 0.032976132001908985
4 0.40310623134395007 0.27873024327659357 0.024829581637205677 0.026835220003181705
5 0.5877634350982802 0.43507859858373105 0.015127033016686654 0.020476132001908988
4 0.2112341553609538 0.5878068933004561 0.018579581637205765 0.02676249466899989
4 0.37940430122251084 0.5671114906110934 0.015045145861557075 0.018913632001908987
5 0.6246692135924112 0.5353689525780041 0.010357645861557074 0.018859088001272718
5 0.32066006501732075 0.6302569279519568 0.013073210085908293 0.011082950668363623
3 0.6771933480340075 0.6058081745703681 0.01512703301668683 0.020476132001908988
7 0.5174078329960021 0.7942723325907307 0.016198210085908292 0.01111931333545435
4 0.3108645839005133 0.7724716999522749 0.014963258706427318 0.017351132001908985
4 0.3047307705806732 0.7405313566200021 0.014799484396167805 0.014226132001908986
4 0.4861367373368438 0.33319901993159406 0.015372694482076099 0.025163632001908985
5 0.5769332349619947 0.1798916592536855 0.014963258706427318 0.017351132001908985
6 0.12774330393604427 0.49742788864577375 0.035432888964152066 0.05038180800445424
0 0.018609564112809583 0.6579755846594548 0.027538501809022307 0.04872840133672707