3 0.8592339960128467 0.7058423537358742 0.02688980832062491 0.014217036104353476
3 0.8400131769586453 0.6254963235834492 0.017587543502986237 0.01728749394987581
3 0.8033684685617704 0.5554065373808997 0.02696254350298588 0.017342036104353475
3 0.7858004152751384 0.5047343716898551 0.025472778685347208 0.020457945745273775
3 0.7435570574676037 0.5745019710259253 0.017660278685347208 0.02041249394987581
3 0.7356334950629162 0.6800025372827039 0.02688980832062491 0.014217036104353653
3 0.7214112601648954 0.48558037159165934 0.026962543502986235 0.017342036104353652
3 0.6607432510468397 0.6421621696980654 0.02074891109416672 0.01886817466803503
3 0.6386520051309024 0.5508968202637994 0.026998911094166543 0.018904536104353477
3 0.6105289647620482 0.45029283226585193 0.025290940729444423 0.012645445745273775
3 0.5924517651988885 0.4214956665748074 0.028452308320624908 0.014226126463433176
3 0.5778073837399996 0.44657747980652385 0.019186411094166723 0.01885908430895533
3 0.5723710820688883 0.6465820249860638 0.01609777868534721 0.020403403590796287
3 0.5097437954997563 0.6524143893492484 0.025327308320625085 0.014207945745273776
3 0.48402166935920105 0.4150961965308408 0.026962543502986058 0.017342036104353475
5 0.46747125541524276 0.3542632356602564 0.023692073138263936 0.011073855386194254
3 0.4453163131671869 0.7355905037124332 0.025436411094166722 0.018895445745273777
3 0.42707545944371467 0.7138245880213885 0.01609777868534721 0.020403403590796287
3 0.579889375287534 0.8269825972929666 0.02223867591180557 0.015752265027114732
3 0.5082143970390272 0.818807003810629 0.02238414627652787 0.02200226502711473
3 0.46163033776847157 0.8065797145830175 0.02688980832062491 0.014217036104353297
4 0.5697052494313191 0.3919445219610016 0.015843205547083274 0.00946590359079611
4 0.5240810120647564 0.5398462116561513 0.012900043502986236 0.01726022287263689
4 0.5606529852792703 0.6130609978587007 0.008067073138263936 0.010982951795398144
4 0.5842164654276383 0.6746343021134267 0.0157704703647223 0.006340903590796287
2 0.6292919228745827 0.718116136520578 0.011192073138263935 0.011001132513557365
4 0.7638539865135413 0.44080822707604944 0.01773301386770836 0.02353749394987581
4 0.8711592998681594 0.3612883778381752 0.01740570554708327 0.00947499394987581
4 0.3089794228745827 0.7199796601318997 0.022311411094166723 0.01887726502711473
3 0.854608232713819 0.334044621788051 0.017514808320625262 0.01416249394987581
3 0.6032054676118398 0.5300121485226306 0.02372844072944442 0.012636355386194254
3 0.6238588872553813 0.7501746575978169 0.02372844072944442 0.012636355386194254
3 0.5677232157119787 0.4771007719610016 0.020639808320624908 0.01418067466803503
3 0.4788555117804161 0.7377388109922214 0.02223867591180557 0.015752265027114732
3 0.46750174411298556 0.6550035790443982 0.02703527868534721 0.02046703610435365
3 0.523512741928784 0.7991893953993726 0.02703527868534721 0.02046703610435365
3 0.6519994582094437 0.8835866004162245 0.028415940729444422 0.01266362646343282
7 0.7759364124253468 0.4251150493829523 0.014244337955902787 0.007894313231716587
3 0.45513229673402744 0.48166152781473415 0.020712543502986236 0.01730567466803503
3 0.37340494557600634 0.7375711602300956 0.020639808320624998 0.01418067466803503
3 0.29984342505878425 0.5755211330045367 0.023801175911805573 0.015761355386194255
3 0.35816441812493005 0.586898994539051 0.01609777868534721 0.02040340359079611
3 0.4106328418525341 0.7154825367917246 0.020676175911805574 0.015743174668035032
3 0.7234400067464228 0.8011508294371815 0.019186411094166543 0.018859084308955686
3 0.7216969752112841 0.7417940101553409 0.022093205547083272 0.009502265027114732
3 0.6520572756481243 0.7132968263139237 0.019186411094166543 0.01885908430895533
2 0.7340236289903469 0.31287412461672137 0.014426175911805571 0.015706813231716587
3 0.5485348449866662 0.5967274707313376 0.011337543502986236 0.017251132513557366
7 0.7720606511230896 0.725878118664793 0.014389808320624909 0.01414431323171641
3 0.5837807075438536 0.6597950972929666 0.023764808320625087 0.014198855386194253
3 0.5184135467340274 0.4812933682720096 0.02685344072944442 0.012654536104353475
3 0.5222840823532289 0.44924393755385034 0.020676175911805574 0.015743174668035032
3 0.45712990140743004 0.5300808470965749 0.014535278685347208 0.020394313231716588
3 0.3359770275479855 0.7682535336684666 0.026817073138263935 0.011092036104353475
3 0.47327569937572844 0.8432257417103806 0.02372844072944442 0.012636355386194254
3 0.4978211044859715 0.8626115459651068 0.025327308320625085 0.014207945745273776
3 0.2766949061570828 0.6639251028521115 0.020676175911805574 0.015743174668035032
3 0.44767628733163123 0.8355632326351945 0.02053070554708327 0.009493174668035209
3 0.5503311214878119 0.7209189496540989 0.026962543502986058 0.017342036104353652
3 0.4613043358686104 0.7534638049420972 0.023692073138263936 0.011073855386194254