7 0.7415649736249712 0.6631212112433328 0.020503414772652384 0.012120568401734033
3 0.8887338486233235 0.41416922980035864 0.02368296185055314 0.015427578925077689
7 0.6999968567409983 0.5406693585701445 0.018886367694751625 0.008904563140062294
3 0.6320162443212525 0.4111708453453778 0.020612508928453722 0.018370568401734032
4 0.574864443186162 0.6002480268730566 0.014253414772652384 0.01175654735504672
3 0.43483332711296807 0.3508535135777026 0.02368296185055314 0.015427578925077689
7 0.435521299516828 0.535001000423523 0.01899546185055314 0.015154563140062294
4 0.3959287398570256 0.433506389857827 0.017378414772652385 0.011938557878390377
4 0.30404697727512386 0.33193545555813797 0.015788641233702005 0.01028505261671846
4 0.5722576404262185 0.5707425373964004 0.015815914772652206 0.01184755261671846
4 0.6422525405883743 0.540130303252003 0.017432961850553142 0.015063557878390199
4 0.6797894967568844 0.4911166796027146 0.014417056006354479 0.02113154735504672
2 0.6980815750843732 0.42683437172432426 0.014253414772652384 0.01175654735504672
1 0.6163560625024715 0.32467190322376815 0.012636367694751627 0.008540542093374803
2 0.5933492106360323 0.390789726887174 0.019022735389503432 0.016717063140062115
2 0.6084384224865854 0.37586267690129144 0.017432961850553142 0.015063557878390376
4 0.4105173453769126 0.4919713372411085 0.017405688311602673 0.0135010578783902
4 0.5462054293864442 0.4536306321064936 0.01899546185055314 0.015154563140062294
1 0.3971248214309252 0.32027064248866294 0.007948867694751626 0.00826752630835923
4 0.6357082601495649 0.4679290795603622 0.014280688311602674 0.01331904735504672