3 0.40625 0.271875 0.00703125 0.02578125
3 0.396875 0.25859375 0.01015625 0.02421875
3 0.4234375 0.20546875 0.015625 0.01640625
3 0.15078125 0.32265625 0.00703125 0.02578125
3 0.2421875 0.34296875 0.015625 0.01328125
3 0.49765625 0.41171875 0.01171875 0.02421875
3 0.534375 0.43671875 0.00859375 0.02265625
3 0.3796875 0.40859375 0.01484375 0.0265625
3 0.27109375 0.48828125 0.01328125 0.02421875
3 0.31328125 0.6203125 0.015625 0.0171875
7 0.4984375 0.51796875 0.01796875 0.0109375
3 0.4453125 0.54296875 0.01015625 0.02421875
3 0.2484375 0.8875 0.00625 0.02578125
3 0.4765625 0.89140625 0.01015625 0.02421875
3 0.540625 0.87890625 0.01640625 0.015625
3 0.3921875 0.9796875 0.00703125 0.01875
5 0.2875 0.5734375 0.0078125 0.01875
3 0.496875 0.18828125 0.0140625 0.01875
3 0.2609375 0.796875 0.015625 0.0109375
3 0.3859375 0.82578125 0.01640625 0.01171875
3 0.40390625 0.85390625 0.0078125 0.02265625
3 0.5046875 0.81484375 0.0140625 0.01953125
3 0.50234375 0.728125 0.01484375 0.01875
3 0.51875 0.53359375 0.01484375 0.015625
3 0.51484375 0.94375 0.0171875 0.00859375
3 0.4578125 0.34921875 0.01875 0.01484375
3 0.47578125 0.33203125 0.015625 0.01328125
3 0.50859375 0.28828125 0.01484375 0.0140625
3 0.328125 0.4671875 0.01328125 0.01640625
3 0.38984375 0.5 0.01015625 0.01875
3 0.30546875 0.58125 0.009375 0.02109375
3 0.325 0.59296875 0.0125 0.01796875
3 0.32890625 0.61015625 0.01171875 0.01953125
3 0.471875 0.49453125 0.0078125 0.021875
3 0.55546875 0.6375 0.01640625 0.0109375
3 0.5953125 0.640625 0.01171875 0.02109375
3 0.409375 0.6828125 0.01328125 0.0171875
3 0.45390625 0.8234375 0.01484375 0.01484375
3 0.4765625 0.8703125 0.015625 0.01015625
3 0.50546875 0.85078125 0.0171875 0.01484375
7 0.42421875 0.80546875 0.00546875 0.0125
3 0.315625 0.9609375 0.0125 0.01953125
3 0.6609375 0.5203125 0.0140625 0.01328125
3 0.62734375 0.77421875 0.0171875 0.01015625
3 0.6484375 0.82890625 0.0109375 0.01953125
3 0.63203125 0.8078125 0.00859375 0.0171875
3 0.58984375 0.89609375 0.01640625 0.01171875
3 0.55703125 0.9515625 0.0109375 0.0203125
3 0.54921875 0.53984375 0.0171875 0.0171875
3 0.14453125 0.68984375 0.0078125 0.01640625
3 0.721875 0.8875 0.015625 0.01484375