5 0.7004812704203129 0.4530178564663487 0.018931837955902787 0.007921584308955332
5 0.6979193148732296 0.44365649200496815 0.01591594072944442 0.012590903590796287
5 0.651461235751042 0.39470136241827714 0.017514808320625085 0.01416249394987581
5 0.6038595371378128 0.39732236837020546 0.018931837955902787 0.007921584308955421
5 0.5871272852379518 0.45055190749962104 0.020567073138263937 0.011055674668035032
5 0.5889995629733684 0.4974223623200812 0.022056837955902787 0.007939765027114732
5 0.5959729955346877 0.3270462298065239 0.018931837955902787 0.007921584308955421
5 0.5010423552420835 0.3440069917103806 0.022093205547083272 0.009502265027114643
5 0.45852624050069474 0.26299334104645067 0.014389808320624909 0.014144313231716587
5 0.5861129119471881 0.6083916785768599 0.018931837955902787 0.007921584308955332
4 0.671923125378056 0.602422958827481 0.015843205547083274 0.00946590359079611
3 0.3819481695466323 0.39705069935951115 0.017587543502986146 0.01728749394987581
5 0.322682272320174 0.40208363300453664 0.014389808320625086 0.014144313231716587
5 0.3866564661837505 0.5321978590004315 0.018931837955902787 0.007921584308955332
3 0.3375851461796186 0.6395290908500589 0.025327308320625085 0.014207945745273776
5 0.33560572530180616 0.6887660215682182 0.015879573138263936 0.011028403590796109
3 0.3946001720151743 0.7392109282822723 0.023692073138263936 0.011073855386194254
5 0.4081704031134728 0.6508387746914761 0.017478440729444423 0.01259999394987581
5 0.339994446047778 0.2730592083365016 0.011301175911805572 0.015688632513557364
5 0.21906892268076433 0.5159830274219507 0.011301175911805572 0.015688632513557364
5 0.2328034611497573 0.46824041901069435 0.015952308320625087 0.014153403590796287
3 0.2463931824644101 0.44784610577897777 0.022093205547083362 0.009502265027114732
5 0.7443968842117712 0.5605894619507389 0.011264808320624908 0.014126132513557366
5 0.46571275902114645 0.7731768621236895 0.017478440729444423 0.01259999394987581
5 0.477647101726702 0.6480905037124332 0.011301175911805572 0.015688632513557364
5 0.35493107465687534 0.37767398546386466 0.01904094072944442 0.01260908430895542
5 0.14221613516170184 0.5375267501963917 0.02056707313826389 0.011055674668035032
7 0.5330080553739242 0.7102768863241863 0.020567073138263937 0.011055674668035032
6 0.6693988438429173 0.66182068472518 0.03361258700597229 0.034565897540672096
2 0.683492485751042 0.39451501005714495 0.022456881458888845 0.025127265027114643
2 0.6587093848773614 0.33683886544333924 0.018968205547083273 0.00948408430895542
2 0.605167463999549 0.3863757780111258 0.015806837955902785 0.007903403590796198
2 0.6088568148732295 0.44417464247250643 0.014317073138263936 0.011019313231716588
2 0.5569131083762157 0.4616666695016736 0.02242051386770836 0.023564765027114732
2 0.721921818957292 0.5349354769778536 0.020894381458888844 0.025118174668034853
2 0.6939396764804865 0.4069559227231275 0.014317073138263936 0.011019313231716588
2 0.4250227562682641 0.23349673858712264 0.028670513867708358 0.023601126463433174
6 0.4461918542921531 0.3708921994577071 0.037173998100139015 0.053334078258831144
2 0.53296384925816 0.30553484416970866 0.015879573138263936 0.0110284035907962
2 0.516556946047778 0.27203199776050485 0.017442073138263937 0.011037493949875809
2 0.4761508048052433 0.3152416422761147 0.015879573138263936 0.011028403590796109
2 0.3861622376509031 0.3431126331027325 0.017369337955902786 0.00791249394987581
2 0.4372545718070837 0.45689333197126436 0.01755117591180557 0.01572499394987581
2 0.4312961657469101 0.5030279885871226 0.017587543502986237 0.01728749394987581
2 0.24181347881718782 0.385364286497137 0.023946646276527782 0.022011355386194253
2 0.325554005602674 0.458324542645457 0.012681837955902785 0.007885222872636887
2 0.33959766859670176 0.42386318423420066 0.014426175911805571 0.015706813231716587
2 0.39470535552642405 0.5423086572050335 0.014462543502986147 0.01726931323171659
2 0.3684532864722227 0.6229410336684665 0.014317073138263936 0.011019313231716588
5 0.6857258265567363 0.3226172841594459 0.014389808320624909 0.014144313231716587
5 0.6408874116628476 0.4103899949318344 0.014389808320625086 0.014144313231716587
5 0.5846380648732296 0.44431554303824045 0.014317073138263936 0.01101931323171641
5 0.6655620629733685 0.49697693472518 0.014353440729444422 0.012581813231716588
5 0.7353641102760766 0.40749627820751755 0.011264808320624908 0.014126132513557366
5 0.5250104513661116 0.5345183622218854 0.009665940729444423 0.012554542154477665
5 0.43374509925815996 0.3061120819712643 0.014317073138263936 0.011019313231716588
5 0.4235161140757988 0.30304616930528183 0.011264808320624908 0.014126132513557366
5 0.44453647568305577 0.26620015427816723 0.012790940729444422 0.012572722872636888
2 0.3430843848773614 0.338675117977422 0.022129573138263935 0.011064765027114643
7 0.29882850465274347 0.4850461239293503 0.00803070554708336 0.009420451795398143
2 0.5177596893982643 0.45798767847866406 0.02703527868534721 0.020467036104353475
5 0.5230978867772225 0.2844956363241863 0.011264808320624908 0.014126132513557366
5 0.5724621071419447 0.2904592900131784 0.018931837955902787 0.007921584308955421