5 0.4030358193142625 0.8001626108087052 0.01455357332097762 0.014799484396167628
2 0.700446466419554 0.31744412256735033 0.03930060217691818 0.05352779172311406
2 0.42171877649368783 0.21861603968694912 0.031215283665263983 0.04530585594746528
2 0.3644816845683886 0.2990571342144537 0.011755955534962847 0.024010710085908292
4 0.4343031112474109 0.2886795561952925 0.009920637023308565 0.016116322930778536
4 0.4093675986335391 0.3115471681356516 0.01142857332097762 0.014635710085908294
4 0.4969866828391081 0.5875165258921392 0.009920637023308565 0.016116322930778536
4 0.43589541541591287 0.602250733264514 0.01153770072563951 0.017760710085908293
2 0.34818459509016014 0.5469656897323777 0.008521828130301135 0.02072193577564878
4 0.40094998574166574 0.6511076351189649 0.011537700725639333 0.017760710085908293
4 0.4620784586998237 0.6597699841690251 0.01455357332097762 0.014799484396167805
2 0.45901300080260815 0.7952980483933764 0.04209821996293321 0.044316566033373486
2 0.4997545626908405 0.7561027515818797 0.01767857332097762 0.01496325870642714
2 0.5513741155933982 0.8274321969684669 0.016170637023308565 0.016443871551297562
2 0.47099215643023823 0.714044726367109 0.01778770072563951 0.01808825870642732
2 0.43654523456053945 0.7325147653766896 0.021021828130301047 0.02137703301668683
2 0.3370809147829408 0.474640310379164 0.01488095553496276 0.024174484396167806
2 0.3745561221320021 0.5428890213695834 0.029107146641955416 0.02959896879233561
2 0.5435466803920374 0.42463474558898595 0.038536710344286365 0.03165279172311415
2 0.4658061155085802 0.49854255709980366 0.01822421034428636 0.03058825870642732
2 0.5583210308396751 0.7583922698992455 0.01142857332097762 0.014635710085908115
2 0.3378274815653145 0.7639927374483855 0.01482639183263199 0.022611984396167805
2 0.5349430398253497 0.6472124304601234 0.011537700725639333 0.017760710085908293
2 0.41320693828140376 0.7117961516273082 0.01310020072563951 0.01784259724103805
2 0.5583086179556508 0.6687122942095048 0.014771828130301045 0.021049484396167807