7 0.8400907338620485 0.3616429018422803 0.021040542093374626 0.012618174668035031
3 0.9325791546546223 0.6346349742473791 0.02434755261671846 0.015761355386194255
7 0.7700351100715859 0.4738070794371815 0.019296031570031145 0.009484084308955332
3 0.671854486281123 0.586134883495516 0.021404563140062293 0.01886817466803503
4 0.65726282331047 0.38927806421367517 0.014699536831702886 0.011019313231716588
3 0.46049205205202115 0.606902422330344 0.02434755261671846 0.015761355386194255
7 0.5023246943289226 0.42612914530117674 0.02122255261671846 0.015743174668035032
4 0.4388985021367258 0.51793537110068 0.017824536831702886 0.011037493949875809
4 0.323272773112826 0.5991040787498105 0.019387036831702887 0.011046584308955332
4 0.6480089206513993 0.4182479467272325 0.016262036831702888 0.011028403590796288
4 0.7123213206090468 0.46242012754358763 0.01800654735504672 0.01416249394987581
4 0.7390350100292336 0.5185337721573934 0.016808068401734034 0.02040340359079611
2 0.7436384810194512 0.5841542269778536 0.016353042093374803 0.012590903590796287
1 0.6375242598880592 0.6676121424725064 0.01451752630835923 0.007894313231716587
2 0.6288325283744978 0.5988894135497453 0.019751057878390377 0.01729658430895533
2 0.6408165888837241 0.616794531036188 0.01800654735504672 0.01416249394987581
4 0.466963317978211 0.46306606391908767 0.01956904735504672 0.014171584308955331
4 0.5957855389684287 0.5279638351927182 0.01966005261671846 0.015734084308955332
1 0.415717878346263 0.6298268379231927 0.009921031570031148 0.009429542154477666
4 0.6897630521226084 0.5313246636479411 0.014790542093374803 0.01258181323171641