5 0.7115282525737895 0.49406622179248244 0.02076714106622681 0.015743174668035032
5 0.6595565756141853 0.507828739942855 0.017733069279472248 0.01884999394987581
5 0.6730507742814018 0.5274418031745716 0.02393760517284953 0.017323855386194253
3 0.5806289082214926 0.2932708153730159 0.030233069279472245 0.018922716822512696
3 0.4246002170761235 0.33846461982413373 0.025591033386094964 0.020457945745273865
4 0.5259748489711503 0.3992208335233885 0.02393760517284953 0.017323855386194253
5 0.1681359537482884 0.5323181171918551 0.019068248746358752 0.011046584308955332
5 0.20382340116186368 0.5411209454506862 0.020721676959604095 0.01418067466803503
4 0.5851833982588698 0.673830468963812 0.026971676959604098 0.014217036104353653
3 0.38247593540588837 0.6851532674630015 0.025591033386094787 0.020457945745273952
3 0.0888649570469937 0.24899655708339646 0.02697167695960412 0.014217036104353476
4 0.18223452381918342 0.20890788826909393 0.03344899749271755 0.022065897540672008
5 0.4367890138565606 0.5909219993126289 0.014562605172849529 0.01726931323171641
5 0.45051889324430494 0.6292896077238853 0.020858069279472247 0.01886817466803503
5 0.5126862726320491 0.6679390172666098 0.02076714106622681 0.015743174668035032
4 0.5157671231860451 0.4546395865484506 0.019295569279472246 0.01885908430895533
4 0.16440188532674607 0.7143584575509347 0.02697167695960414 0.014217036104353653
4 0.24631139568508034 0.18193229781181847 0.03496603338609487 0.020512487899751575
2 0.6798570522572204 0.6157775953290493 0.020721676959604095 0.01418067466803503
1 0.6786689738065481 0.710317935688129 0.011210284639735946 0.009438632513557366
1 0.6622653531277856 0.280462264045156 0.015943248746358663 0.0110284035907962
2 0.3655672317241069 0.6217629331540462 0.02393760517284953 0.017323855386194253
2 0.32219531644298527 0.581660107920277 0.020721676959604095 0.01418067466803503
2 0.31338025758835436 0.5355072705862595 0.020721676959604095 0.014180674668034854
2 0.32843695625557084 0.5551294241770557 0.024028533386094786 0.020448855386194252
2 0.3670735589211379 0.5162850927949665 0.031886497492717505 0.0220568071815924
2 0.20718643039132342 0.6403760568870048 0.03202288981258557 0.02674430718159222
2 0.15445858399396256 0.733835165396457 0.03661946159934022 0.023646578258831142
2 0.14581702137840796 0.6548652828828997 0.02568196159934022 0.023582945745273774
2 0.13022677678868427 0.5461624485739442 0.03358538981258556 0.026753397540672096
2 0.05945963572245747 0.5613783824153614 0.044613818025830955 0.029942030054229286
2 0.19135815657214 0.4324362918598901 0.02081260517284944 0.01730567466803503
2 0.0847253748353978 0.3107016715447771 0.03197742570596289 0.025181807181592398
2 0.36275709811322054 0.2349623699223296 0.027335389812585563 0.026717036104353477
2 0.38187917115361636 0.24913849941082483 0.031795569279472156 0.018931807181592396
2 0.3836509566512823 0.40308111084714326 0.03376724623907634 0.033003397540672094
2 0.4473437321198183 0.46986915592848727 0.019159176959604098 0.014171584308955331
2 0.4737554679340533 0.5020594872123805 0.017460284639735944 0.00947499394987581
2 0.537301142386375 0.4664856015755653 0.019204641066226814 0.015734084308955332
2 0.4815188406578802 0.6380651649054776 0.025545569279472248 0.018895445745273777
2 0.4174312600956368 0.557991324644594 0.023983069279472247 0.018886355386194254
2 0.2480484257724699 0.4444868399662962 0.02076714106622681 0.015743174668035032
2 0.3091771762346883 0.760520906124879 0.025636497492717503 0.022020445745273776