3 0.46473561931301416 0.7704564099736173 0.028343188311602673 0.013482146641955416
3 0.5885395377391146 0.6615675380112512 0.022065914772652385 0.011701391832631991
3 0.67295544804754 0.6668577279371174 0.019022735389503255 0.01627976442797028
3 0.6836668514561067 0.7437476101511026 0.020476141233702096 0.010084328130301046
3 0.5812509634688156 0.7807714057972661 0.022093188311602674 0.013263891832631991
3 0.47733503083925566 0.7318577014434295 0.025163641233702093 0.010248019237293704
3 0.30168659983454893 0.4649454760382009 0.01592500892845372 0.017733137023308566
3 0.24969740584090339 0.4834300920101173 0.020476141233702096 0.010084328130301046
7 0.2230218575451867 0.5207564772193273 0.015679547077900667 0.003670637023308565
3 0.33711953936396766 0.43729419119181057 0.025163641233702093 0.010248019237293704
3 0.36765251907142815 0.4867684015360968 0.015897735389503433 0.016170637023308565
3 0.365936060467286 0.5226240559826005 0.01282728246740401 0.019186509618646853
3 0.3804916639585782 0.37244300670824 0.022011367694751715 0.00857639183263199
3 0.2535469289728166 0.6592386238612826 0.02214773538950343 0.01638889183263199
3 0.8390867828678505 0.8358408848306919 0.02198409415580116 0.007013891832631814
3 0.8758274833576131 0.4358061684959559 0.012827282467404189 0.019186509618646853
3 0.5966405896882792 0.4994494839275673 0.023601141233702095 0.010193455534962936
3 0.24484585916674448 0.7869816779449667 0.012772735389503432 0.01606150961864685
3 0.7660200608743232 0.3624827411839614 0.01595228246740419 0.019295637023308564