7 0.51171875 0.5234375 0.00625 0.015625
7 0.4078125 0.50234375 0.00859375 0.01015625
7 0.41796875 0.571875 0.00625 0.015625
7 0.4515625 0.45625 0.00859375 0.01328125
5 0.44765625 0.53671875 0.0171875 0.0125
5 0.259375 0.47265625 0.01171875 0.015625
5 0.25703125 0.54375 0.0078125 0.01953125
7 0.6859375 0.25 0.0109375 0.01328125
7 0.60546875 0.271875 0.00859375 0.01875
7 0.69609375 0.41015625 0.00546875 0.0171875
5 0.7109375 0.35859375 0.00546875 0.0203125
5 0.7265625 0.38359375 0.00546875 0.01875
5 0.70078125 0.3359375 0.01328125 0.00703125
7 0.7703125 0.30859375 0.0125 0.0140625
5 0.525 0.6671875 0.0140625 0.02109375
5 0.56015625 0.6859375 0.01015625 0.015625
5 0.5515625 0.71796875 0.00703125 0.0203125
5 0.6125 0.71015625 0.0125 0.015625
5 0.621875 0.66328125 0.00546875 0.0203125
5 0.6359375 0.72890625 0.00859375 0.01796875
5 0.4875 0.62265625 0.01171875 0.01953125
5 0.42734375 0.74609375 0.01484375 0.0125
5 0.334375 0.59453125 0.0078125 0.01640625
5 0.58828125 0.40859375 0.0078125 0.0203125
7 0.6125 0.3265625 0.00703125 0.01328125
7 0.6078125 0.371875 0.01015625 0.00703125
7 0.7 0.54375 0.009375 0.01875
5 0.6890625 0.525 0.0078125 0.01640625
5 0.61015625 0.59375 0.0125 0.01640625
7 0.4890625 0.8828125 0.0078125 0.01484375
5 0.409375 0.64609375 0.009375 0.0140625
5 0.48515625 0.709375 0.0140625 0.015625
5 0.46328125 0.1921875 0.0125 0.015625
2 0.5125 0.2890625 0.0265625 0.04140625
7 0.69296875 0.49296875 0.00859375 0.0140625
7 0.5765625 0.26171875 0.009375 0.01015625
7 0.60390625 0.2484375 0.009375 0.009375
2 0.6234375 0.225 0.01015625 0.015625
7 0.39375 0.36484375 0.00703125 0.0125
7 0.41171875 0.32578125 0.0078125 0.0078125
7 0.6421875 0.4078125 0.00546875 0.0109375
7 0.7671875 0.38359375 0.0046875 0.015625