5 0.24616504746176684 0.9474618490414825 0.01733295066836362 0.01259999394987581
5 0.10707472811899452 0.8771261022629364 0.018895450668363577 0.012609084308955687
5 0.13368268145285814 0.8811868883672898 0.01731476933481808 0.011037493949875455
4 0.41630844203531653 0.26256064997655887 0.020494313335454352 0.015743174668035032
4 0.3944874386934988 0.19993793012898403 0.018895450668363623 0.01260908430895542
5 0.11744422803945272 0.2912885962128121 0.02043976933481808 0.011055674668035032
2 0.20233794338795202 0.40349368042357164 0.0252363573360908 0.020457945745273952
2 0.25727089139081555 0.42490559299135827 0.014171588001272628 0.009456813231716588
4 0.49211970074790534 0.6012600564942213 0.01887726933481808 0.011046584308955332
4 0.5039828067313608 0.47946232454639803 0.01729658800127254 0.00947499394987581
2 0.6957163207351786 0.5087008935336513 0.01887726933481808 0.011046584308955332
2 0.7525481234086329 0.5590281464605175 0.015788632001908987 0.014153403590796287
4 0.7523737587125888 0.3426355319991369 0.017296588001272716 0.00947499394987581
7 0.20906175274504185 0.5785209515008105 0.014207950668363533 0.012581813231716588
4 0.3056742180935411 0.6907942134046672 0.01731476933481808 0.011037493949875809
4 0.4905406614417223 0.8012373305965224 0.025199994668999894 0.017332945745273776