7 0.22264439076155923 0.5264806875636134 0.017633168973360737 0.01153770072563951
4 0.43900824251126414 0.8422867699550839 0.015943334980972067 0.008358137023308388
4 0.44970832057215376 0.8676959977225653 0.014508168973360824 0.01142857332097762
4 0.4356630666178212 0.8859822062527531 0.017633168973360824 0.011537700725639154
4 0.8465819564651593 0.6319817640494522 0.021012836958138336 0.017896828130301044
4 0.7680789075674731 0.46572679227242053 0.01756950197716627 0.00997520072563951
4 0.5353645666550022 0.4935888643274538 0.019386669961943957 0.01627976442797028
4 0.4159115711036264 0.4682937092479779 0.017696835969555024 0.01310020072563951
4 0.4628025226630509 0.6999455025318888 0.017633168973360824 0.01153770072563951
4 0.452449954487993 0.6276067110620764 0.019195668973360825 0.011592264427970279
4 0.45098029638904713 0.5868725836574148 0.014571835969555202 0.01299107332097762
4 0.5362691975679107 0.663392932839108 0.019195668973360825 0.011592264427970279
4 0.40286644855649384 0.6540402362898199 0.017633168973360824 0.01153770072563951
2 0.5690538171492937 0.49241823392756723 0.02719916996194378 0.01655258293962447
2 0.6802685483662134 0.5854911660488851 0.017887836958138337 0.01778770072563951
1 0.5624642830431743 0.6541369839275673 0.00994800296574958 0.014389882213985138
1 0.25913498908840404 0.4565600571637269 0.014508168973360736 0.01142857332097762
4 0.4744841219784789 0.6244643528947085 0.01750583498097207 0.00841270072563951
4 0.29239186357552194 0.6580059952754945 0.016070668973360736 0.011483137023308387
4 0.27219074600848625 0.42415678493120834 0.014508168973360736 0.01142857332097762