7 0.47516588908766977 0.7229514249403374 0.011392141066226814 0.016134422249741043
4 0.18722693454795852 0.5101069383797915 0.008267141066226813 0.01598887303552914
4 0.16415314740093997 0.49869855748637926 0.011346676959604141 0.014571922249740864
4 0.14503943454795853 0.5120718527716497 0.011392141066226814 0.016134422249741043
4 0.42258439067051545 0.11685128226010093 0.016216033386094963 0.021040246071058588
4 0.5763111327529566 0.19629257154951518 0.00987510517284953 0.01762414764263518
4 0.5307699975592245 0.42076818672716165 0.017733069279472248 0.019550520678164495
4 0.5461101895625234 0.5370823914418914 0.01143760517284953 0.017696922249740864
4 0.3267440756141854 0.4880049983473702 0.01143760517284953 0.017696922249740864
4 0.3950621666012698 0.4996466656347124 0.01143760517284953 0.017696922249740864
4 0.4340337383880245 0.500952300457066 0.011346676959604096 0.014571922249741043
4 0.36780699630558333 0.4174356331697237 0.01143760517284953 0.017696922249741044
4 0.3655959754559007 0.5470503585626179 0.01143760517284953 0.017696922249741044
2 0.5348497437983009 0.3878101375129499 0.016397889812585477 0.027290246071058632
2 0.4537481594751339 0.2792399662966662 0.01612510517284953 0.017915246071058544
1 0.37866793995823483 0.39274384822353564 0.012727320533113406 0.008394696856846818
1 0.5456064212201234 0.6884629549241267 0.01130121285298138 0.013009422249741043
4 0.3995821820406761 0.4783709791169478 0.00987510517284953 0.01762414764263518
4 0.3539106662055585 0.6537006189017001 0.011346676959604096 0.014571922249741043
4 0.5779331879131708 0.6768148254784566 0.011346676959604096 0.014571922249741043