7 0.8074437045002435 0.6646866861075404 0.020567073138263937 0.011173857336090798
3 0.8870896112260074 0.39537415945253995 0.023801175911805573 0.015897720003181702
7 0.7321144365484726 0.5489975040976773 0.018931837955902787 0.008030676002545433
3 0.6302408523922921 0.43378048941754155 0.020712543502986236 0.0174238573360908
4 0.6238493012898616 0.6289657200827234 0.014317073138263936 0.011101132001908987
3 0.4186851033422226 0.4047635093889065 0.023801175911805573 0.015897720003181702
7 0.46821624391916716 0.5865407680617245 0.020639808320624908 0.014298857336090797
4 0.4019716884483337 0.49204533338636114 0.017442073138263937 0.011137494668999891
4 0.28282033852458366 0.4063067333704529 0.01896820554708336 0.009593176002545434
4 0.6130020670574311 0.599160041414678 0.015879573138263936 0.01111931333545435
4 0.6753195758911463 0.5584901354232686 0.01751480832062491 0.014262494668999893
4 0.6998279601998268 0.5041026274267685 0.014535278685347208 0.020476132001908988
2 0.7006442713702434 0.4385048994270866 0.015879573138263936 0.01111931333545435
1 0.5915946200597225 0.35054072807922365 0.012681837955902785 0.007957950668363623
2 0.5861453602760768 0.41842766207826915 0.019113675911805572 0.015843176002545433
2 0.5966828167730907 0.40136743141308723 0.017514808320625085 0.014262494668999893
4 0.43138773793524354 0.5478413473901792 0.0174784407294446 0.012699994668999893
4 0.5565319018792018 0.48837653540736026 0.01907730832062491 0.014280676002545433
1 0.37280890567892394 0.38001750071608864 0.009593205547083362 0.009484088001272716
4 0.6494824680836115 0.4886770747533141 0.014353440729444422 0.012663632001909165