5 0.6017333394745142 0.3800122912707149 0.01755117591180557 0.01572499394987581
5 0.5700469283803475 0.3610804840891226 0.020494337955902785 0.007930674668035032
5 0.5001046363959729 0.7121884661351416 0.017442073138263937 0.011037493949875809
5 0.24861356515757 0.6466715086824028 0.015952308320625087 0.014153403590796287
0 0.6207074239150353 0.691799218963812 0.05149107123840295 0.0643533914905479
6 0.7735421363959728 0.7137792789740749 0.05090918977951393 0.03935339149054791
2 0.7969055947928478 0.6436122247193486 0.014535278685347208 0.02039431323171641
6 0.5721939226807644 0.520446393730043 0.07798083605604163 0.0613829275949012
2 0.3659055954584378 0.4169163518701528 0.046476262917777865 0.050263620413308986
7 0.635256313923299 0.4778503484523073 0.018968205547083273 0.009484084308955332
2 0.2820611915824658 0.6070277465821544 0.019186411094166723 0.01885908430895533
7 0.2351491707809033 0.5716033309893057 0.020567073138263937 0.011055674668035032
2 0.4093166354460423 0.738219180128984 0.020858013867708358 0.023555674668035032
2 0.4354251937666673 0.7524316710537977 0.03183188145888884 0.025181807181592398
7 0.7231245623077783 0.7291088423039872 0.018931837955902787 0.007921584308955332
2 0.5824579690335421 0.4580145714231401 0.022275043502986237 0.01731476502711473
2 0.4495902644363893 0.4213089360809124 0.023692073138263936 0.011073855386194254
2 0.24197582655673636 0.3279260538619427 0.03826371941479163 0.03303066861791084
2 0.12470067363069486 0.4912840510332723 0.02892508700597225 0.03453862646343318
7 0.38409581705743107 0.5943419151018694 0.014462543502986059 0.01726931323171659
7 0.6736089926848962 0.4140196526088375 0.017514808320625085 0.01416249394987581
6 0.5537673117390975 0.3328645804983264 0.033394381458888844 0.02519089754067192
6 0.4680883041396532 0.5448373396717086 0.02074891109416672 0.01886817466803503
2 0.14630161027607674 0.41251415641946654 0.022202308320624996 0.01418976502711473
2 0.17462597881718783 0.38768232806243946 0.020712543502986146 0.01730567466803503
1 0.3731953378589936 0.6294299874087723 0.011192073138263935 0.011001132513557365
1 0.34465668303309094 0.8464220446885605 0.02540004350298606 0.017332945745273776
2 0.49547430062427156 0.8488617643397436 0.020567073138263937 0.011055674668035208
2 0.34985332930961877 0.8683243157657994 0.020567073138263937 0.011055674668035208
2 0.6058844705521536 0.8268509298343965 0.014389808320624909 0.01414431323171641
2 0.737824801574202 0.8237128151766242 0.0206034407294446 0.01261817466803521
2 0.39875185020809056 0.28431293012898406 0.02536367591180557 0.015770445745273864