5 0.8124926736608987 0.26875 0.017823997492717326 0.021875
5 0.7920437813410308 0.2734375 0.0241194615993404 0.0234375
5 0.6595064144896987 0.34453125 0.019341033386094962 0.0203125
5 0.6094609503830761 0.34609375 0.01474446159934022 0.0234375
5 0.6872031686463339 0.225 0.011528533386094964 0.0203125
5 0.7447870334526019 0.44765625 0.014562605172849529 0.0171875
5 0.6655110589211379 0.5140625 0.016306961599340218 0.0234375
5 0.6308692859598843 0.46953125 0.014789925705962936 0.025
5 0.8083290447353729 0.54609375 0.014562605172849529 0.0171875
5 0.8303738778048988 0.64765625 0.013091033386094608 0.0203125
5 0.6084677855641729 0.621875 0.011573997492717503 0.021875
5 0.7387115635399913 0.71015625 0.016216033386094963 0.0203125
5 0.6551632776466141 0.70859375 0.013091033386094963 0.0203125
5 0.6014292092250718 0.890625 0.013091033386094963 0.0203125
5 0.5932590080505727 0.84921875 0.014698997492717681 0.021875
5 0.5659570589876448 0.98203125 0.017733069279472248 0.01875
5 0.37395535939599156 0.33125 0.017733069279472248 0.01875
5 0.48874763361088647 0.38671875 0.013091033386094963 0.0203125
5 0.41725071832976485 0.346875 0.013091033386094963 0.0203125
5 0.4316170952102267 0.36328125 0.016034176959604095 0.0140625
5 0.40539660985820997 0.646875 0.016216033386094963 0.0203125
3 0.3787862972426554 0.56796875 0.02113085391920828 0.028125
5 0.5514435810909687 0.86328125 0.01598871285298138 0.0125
5 0.5231821887711007 0.86796875 0.016170569279472247 0.01875
5 0.5589772847727501 0.9265625 0.014426212852981379 0.0125
3 0.3394810709953318 0.3078125 0.019522889812585653 0.0265625
5 0.28240435688870913 0.309375 0.014608069279472159 0.01875
5 0.527697507192643 0.6859375 0.017778533386094964 0.0203125
7 0.3449759354058884 0.6828125 0.011573997492717503 0.021875
7 0.3684528878340285 0.73515625 0.013091033386094875 0.0203125
2 0.5053427855641729 0.621875 0.0307331744523216 0.0359375
3 0.5550820242814017 0.5234375 0.02094899749271768 0.021875
3 0.5060702112701359 0.596875 0.01474446159934022 0.0234375