5 0.8288121615229462 0.41829611196978106 0.025327282467404188 0.019477425705962937
3 0.9719155048679686 0.28750545005387174 0.007948867694751626 0.008039820533113407
4 0.9315826055165918 0.39498298093268414 0.02373750892845372 0.01786946159934022
4 0.6941622463432567 0.585578203352577 0.017351141233702093 0.00987510517284953
7 0.6863809740221224 0.542814041832379 0.020503414772652384 0.011528533386094785
2 0.23462755924946999 0.5450156686463339 0.025300008928453722 0.017914925705962936
2 0.8209899788933864 0.3731882004495831 0.014280688311602674 0.012909176959604095
1 0.9018871972367611 0.48495476306513774 0.012718188311602674 0.01286371285298138
1 0.31123887783772614 0.45602371331519986 0.012663641233702005 0.00973871285298138
1 0.5410182865245938 0.1859228473217977 0.014280688311602674 0.01290917695960414
2 0.6268387840889618 0.26628028556417294 0.012718188311602674 0.012863712852981468
7 0.6224394305976697 0.41726612404397495 0.018940914772652383 0.011483069279472246