3 0.2720805150109431 0.7786750863403822 0.028288641233702096 0.010029616641249994
3 0.22749689772322848 0.5956800951740974 0.022038641233702094 0.009884146276527872
3 0.26013211972005135 0.5862875645888892 0.025245461850553142 0.014644381458888845
5 0.2776644930968459 0.5617057918874655 0.022038641233702094 0.009884146276527872
7 0.4124776440697806 0.7241538533422226 0.014280688311602674 0.012827308320624908
3 0.4947037629823482 0.6924875856747921 0.023655688311602675 0.013045513867708358
3 0.39292130032101624 0.5433032436348266 0.0128272824674041 0.0190409407294446
3 0.5806315803527884 0.649193486985313 0.028288641233702096 0.010029616641249994
7 0.33677289163744384 0.3241161793302781 0.009593188311602673 0.012718205547083273
5 0.7167599951254408 0.6632949674180214 0.018940914772652383 0.011373911094166545
5 0.7555264403369023 0.6025035909931257 0.02055796185055314 0.014535278685347208
7 0.6532218262955987 0.4681448151575699 0.022038641233702094 0.009884146276527872
7 0.6191683802733581 0.3962873457427783 0.018913641233702094 0.009811411094166722
7 0.6086672568965635 0.4210327726045143 0.020530688311602673 0.012972778685347209
7 0.7815337869283356 0.5265775238387854 0.015734094155801338 0.006613675911805572
5 0.17129176217156933 0.5522015456871876 0.015788641233702005 0.009738675911805572
3 0.44507631533855 0.3547505431217365 0.012772735389503253 0.01591594072944442
2 0.5520020198822071 0.619632620344063 0.02055796185055314 0.014535278685347208
2 0.5420600040538945 0.6764092972057991 0.009538641233702095 0.009593205547083272
2 0.5060543202065186 0.6716665926086463 0.011073867694751627 0.008067073138263936
4 0.4139565491032003 0.585182272320174 0.018913641233702094 0.009811411094166722
4 0.40671501907142815 0.483492485751042 0.015843188311602675 0.012863675911805572
4 0.38378603368192477 0.4673401556789239 0.012690914772652384 0.0112284407294446
2 0.27845760551659177 0.4281847770698266 0.018968188311602675 0.012936411094166721
2 0.26640325932890024 0.81134211597566 0.022093188311602674 0.013009146276527873
4 0.29458676054671623 0.7706086664125003 0.009538641233702095 0.009593205547083272
2 0.35864926054671625 0.7720997376509031 0.012609094155801337 0.006540940729444422
4 0.38913955559602204 0.6845640232701045 0.015843188311602675 0.012863675911805572
4 0.4251628303527884 0.6455749116628475 0.012609094155801337 0.006540940729444422
4 0.40913840989809314 0.6670680519554517 0.012663641233702094 0.0096659407294446
7 0.6809452260507174 0.6694897628208686 0.011155688311602675 0.012754573138263937
7 0.633682668015768 0.5567163526766324 0.014198867694751626 0.008139808320625086
3 0.5829365998345489 0.46807077355444493 0.023601141233702095 0.009920513867708359
3 0.4449958636309713 0.7975374551658337 0.012772735389503253 0.015915940729444245
3 0.46199462864850505 0.6081664838511809 0.00964773538950343 0.015843205547083274
3 0.3064497865212986 0.6896677909375349 0.012718188311602674 0.012790940729444422
3 0.4548248311635673 0.7790238445085074 0.01587046185055314 0.014426175911805571
3 0.5823365819776415 0.43369577355444494 0.020476141233702096 0.009847778685347208
3 0.5812861452875966 0.6866934869853131 0.022011367694751628 0.008321646276527872
3 0.6974939776755703 0.4543375415062158 0.02373750892845372 0.017733013867708182
3 0.639918625805836 0.8692345364722227 0.022038641233702094 0.009884146276527872
7 0.7991867114402207 0.6878605159550006 0.018859094155801337 0.006686411094166722
3 0.5988461976437982 0.3505202508530213 0.017460235389503254 0.01602504350298606