5 0.6625053868072266 0.5606176516209149 0.019068334980972067 0.008467264427970278
5 0.6613421348300601 0.5699653697697494 0.014571835969555025 0.01299107332097762
5 0.6163360409518397 0.6184648679556508 0.017760502965749582 0.014662700725639511
5 0.5687116244499368 0.6160194250345599 0.019068334980972067 0.008467264427970278
5 0.5512813853243518 0.5637748787554241 0.019195668973360825 0.011592264427970279
5 0.5516288952101835 0.5168453150530932 0.02219333498097189 0.00857639183263199
5 0.5627216096211892 0.6862227976298981 0.019068334980972067 0.008467264427970278
5 0.46795027908884157 0.6696131617877159 0.02219333498097189 0.00857639183263199
5 0.42710776178863596 0.7503348829317753 0.014635502965749581 0.01455357332097762
5 0.5474918349437908 0.40717021469027354 0.019068334980972067 0.008467264427970278
4 0.6325207509514021 0.41326893646730517 0.016007001977166268 0.009920637023308565
3 0.3480489559708677 0.6169196930059091 0.017887836958138337 0.01778770072563951
5 0.2895188729670621 0.6133110541685021 0.014635502965749581 0.01455357332097762
5 0.350335650647391 0.4839980656012474 0.01906833498097198 0.008467264427970278
3 0.30066325589431797 0.37820936787083287 0.023946835969555113 0.013318455534962848
5 0.2979494327763441 0.3296081767638403 0.014508168973360824 0.011428573320977709
3 0.35558286064695344 0.2784201881965857 0.022320668973360734 0.011701391832631991
5 0.3707993423581647 0.36579370262455596 0.016134335969555113 0.013045637023308566
5 0.3085805962753164 0.7407192915546302 0.01151050296574958 0.014444445916316084
5 0.1861312292025723 0.500952408707673 0.011510502965749491 0.014444445916315907
5 0.19906496931674056 0.548345763879816 0.01619800296574949 0.014608137023308565
3 0.21389413186431067 0.5684226509031246 0.022257001977166357 0.010138891832631992
5 0.7052114930427367 0.45336071232802083 0.011446835969555025 0.012881945916315907
5 0.42501595155942445 0.24485620924797794 0.016134335969555026 0.013045637023308566
5 0.43954934235816473 0.36819450552711364 0.01151050296574958 0.014444445916315996
5 0.3221576180241462 0.6379216737686154 0.016134335969555113 0.013045637023308566
5 0.10873839965880779 0.48025547359113024 0.017633168973360737 0.01153770072563951
7 0.49290910570403756 0.3066865758528664 0.019195668973360825 0.011592264427970279
6 0.6286582633086918 0.35445693165798176 0.0325870069200823 0.03390377404661713
2 0.646868457948034 0.6179663601511025 0.021331171939110403 0.025709328130301044
2 0.6241684455907444 0.6758507820208014 0.019132001977166267 0.010029764427970277
2 0.5698284554765761 0.6270114887368907 0.015943334980972067 0.008358137023308565
2 0.5721841343357686 0.5691989887368907 0.012945668973360825 0.011374009618646852
2 0.521194637301518 0.5533358865599725 0.02276633794672147 0.022638891832631992
2 0.683035404107432 0.4791866023465543 0.01976867193911023 0.025654764427970277
2 0.657502210419492 0.6066022742162531 0.012945668973360825 0.011374009618646852
2 0.39461625536284534 0.7797123588851582 0.02745383794672147 0.02280258293962447
6 0.4119058675298547 0.6434028366526396 0.03647601087441501 0.05276290145127884
2 0.5000796881763705 0.7067237813878292 0.012945668973360825 0.011374009618646852
2 0.484616514260094 0.7406077080668515 0.016070668973360826 0.011483137023308387
2 0.44411618965924526 0.6977282381039185 0.012945668973360825 0.011374009618646852
2 0.35522744460216116 0.6711533252198942 0.01750583498097198 0.00841270072563951
2 0.4028757188224489 0.5578100770339928 0.017760502965749582 0.014662700725639511
2 0.39609647821398913 0.5129787266711731 0.017887836958138337 0.01778770072563951
2 0.20981678551463218 0.6300868372007937 0.02276633794672147 0.022638891832631992
2 0.292560301331963 0.5578695860196674 0.012818334980971891 0.008249009618646852
2 0.30606704441188076 0.5912004411918106 0.014699169961943958 0.01611607332097762
2 0.3593750696207517 0.4733606659640671 0.014762836958138337 0.01767857332097762
2 0.33134025292856845 0.39336314191745003 0.012945668973360736 0.011374009618646852
5 0.6510028596211892 0.6893056468115913 0.014635502965749581 0.01455357332097762
5 0.6052221274156864 0.6032118901881696 0.014635502965749581 0.01455357332097762
5 0.549432383841477 0.5707515650530932 0.012945668973360825 0.011374009618646852
5 0.6282868957044752 0.5171751864673052 0.013009335969555025 0.012936509618646851
5 0.6990357944118808 0.6049232123280208 0.011446835969555202 0.012881945916315907
5 0.4873727356283629 0.4809598895551973 0.009884335969555024 0.012827382213985139
5 0.40148302068588454 0.7071925181409854 0.012945668973360825 0.011374009618646852
5 0.3919488531953986 0.7107713859270002 0.011446835969555202 0.012881945916315907
5 0.41235951228292755 0.7474727777596322 0.011383168973360825 0.011319445916316085
2 0.31125461011548083 0.6750942915546302 0.020758168973360736 0.011646828130301046
7 0.2639233067691705 0.5310516256753812 0.006568334980971891 0.008030754809323425
2 0.48190930281483774 0.557440544001701 0.027326503954332716 0.01967758293962447
5 0.4898451837277463 0.7274901491738441 0.011446835969555025 0.012881945916316084
5 0.5393186017125238 0.7229589057972661 0.01750583498097207 0.00841270072563951