7 0.6923609361034799 0.15070137754358762 0.015081344499482086 0.02195681323171659
3 0.6481400552100677 0.17440249795689655 0.0246746683207995 0.026698855386194254
3 0.333456816996892 0.12934556977282008 0.012101893713693723 0.02506363251355732
5 0.47614104652361533 0.5083058410464506 0.01337329528527036 0.018822722872636886
5 0.7407985519002989 0.43565309446429623 0.022893844499482084 0.02200226502711473
3 0.4472605293601076 0.6264745789462023 0.015226893713693812 0.02508181323171659
7 0.23839279755707263 0.6050273467037914 0.019259422249741042 0.011046584308955332
3 0.1438914727022978 0.5055500423508695 0.016643844499481995 0.02196590359079629
7 0.4205119005336101 0.8407507023845733 0.013227746071058633 0.015697722872636887
5 0.5121878242310931 0.7956740308397963 0.008758569892376045 0.020357951795398142
7 0.6446899551245053 0.7714593051384889 0.013300520678164318 0.01726022287263689
7 0.6907108147205804 0.4843951214934634 0.007123295285270359 0.018786361436318445
7 0.7562693864749834 0.2980258294371816 0.010175520678164319 0.017242042154477666
7 0.3486196681114026 0.5723461360295987 0.010102746071058632 0.015679542154477845
7 0.3945529063245783 0.6189666059753695 0.01337329528527027 0.018822722872636886
7 0.6690499462331652 0.7072377238545956 0.014353598428423453 0.006331813231716587
7 0.7034442169113296 0.7242297811343839 0.009957196856846906 0.012554542154477665