7 0.2771602777596322 0.43152327813743946 0.016006945916315997 0.01157416996194378
4 0.43997282412358596 0.7699106630046806 0.014335318511654194 0.00838550296574958
4 0.447123125212045 0.7954372450199031 0.012881945916316084 0.011446835969555025
4 0.4304539803841882 0.8109813319780415 0.014444445916316084 0.011510502965749226
4 0.8644594142347867 0.6258715725493202 0.02085813702330839 0.016452670950527094
4 0.8122545295737307 0.4527497489370547 0.015952382213985317 0.01001166996194396
4 0.5835293288480913 0.4448576303814359 0.019295637023308564 0.016389003954332716
4 0.4725446996293311 0.4032205701150433 0.016006945916316084 0.011574169961943959
4 0.48377240942546323 0.6351244861226546 0.016006945916316084 0.01157416996194378
4 0.4836062291182438 0.5631539856283629 0.017514882213985138 0.010075336958138337
4 0.4893006684111379 0.5245862341454881 0.012881945916316084 0.011446835969555025
4 0.5603522675928312 0.6100979698110321 0.017569445916316085 0.011637836958138336
4 0.43264392984388317 0.5824424965027779 0.016006945916316084 0.01157416996194378
2 0.6165600836574148 0.44977062346135366 0.02705357332097762 0.015144838935304605
2 0.7110318246717401 0.556234187682079 0.017733137023308566 0.016325336958138335
1 0.586778358337004 0.6051093808757274 0.008194445916316084 0.011255834980972068
1 0.3226885433687288 0.3686439347535105 0.012881945916315996 0.011446835969555202
4 0.5063170428205745 0.5637933141835443 0.017460318511654194 0.008512836958138337
4 0.32498519726707836 0.5688349357420937 0.012881945916315996 0.011446835969555025
4 0.340429114875608 0.3389736807991778 0.012881945916315996 0.011446835969555114