3 0.8297697872135256 0.5050193675762478 0.019341033386094608 0.020858069279472247
3 0.8621550752184739 0.6818917561351923 0.020721676959604453 0.014653533386094963
3 0.7158627484171544 0.6307203980593488 0.025272784639736125 0.010102425705962936
5 0.7219165201247668 0.664518736539151 0.02081260517284953 0.017778533386094964
3 0.5908914921489482 0.5723503054229117 0.023892141066226814 0.016306961599340218
7 0.5790925226320491 0.6822565028364869 0.020585284639736124 0.009966033386094785
7 0.6117221323572452 0.39389869648913844 0.022147784639735945 0.010011497492717503
7 0.5509604771052534 0.4398273104374765 0.014289820533113406 0.008221676959604097
7 0.5631087876092369 0.3447875950772126 0.015852320533113407 0.008267141066226813
7 0.6400577325155298 0.333734086301724 0.019022784639736123 0.009920569279472158
3 0.5115462876092369 0.34328727955866417 0.02081260517284953 0.017778533386094874
7 0.35303379097444926 0.5239880471096414 0.02219324874635875 0.01157399749271768
3 0.39914557600989675 0.36347409593514246 0.023983069279472156 0.01943196159934022
7 0.3754125593168493 0.37294838433580224 0.01750574874635875 0.01143760517284953
5 0.3370510897999503 0.48208169193679196 0.027017141066226814 0.016397889812585477
3 0.30178587655125744 0.6460388918576496 0.026926212852981378 0.013272889812585476
5 0.2357433394042389 0.6316066673261858 0.023755748746358753 0.01161946159934022
5 0.2413678314201731 0.2501975429530063 0.019113712852981468 0.013045569279472157
3 0.2614888001456493 0.4454789507122806 0.02857964106622681 0.016443353919208193
7 0.1004998243605441 0.496310361836767 0.01759667695960414 0.014562605172849529
7 0.20621026675955445 0.46420020698048675 0.01750574874635875 0.01143760517284953
5 0.12980689113273383 0.4565037157559753 0.02380121285298147 0.013181961599340219
3 0.11181907224897306 0.3222734682632578 0.019341033386094875 0.020858069279472157
7 0.13240200837977723 0.2329525554894186 0.015897784639736123 0.009829641066226812
7 0.11413774168672979 0.2425859682632578 0.014380748746358751 0.011346676959604096
5 0.10651649214894818 0.5582564323698804 0.017551212852981467 0.01300010517284953
5 0.4833277300747543 0.7756451384924373 0.02067621285298138 0.013091033386094787
5 0.6130429399582349 0.42912314264907253 0.019159176959604098 0.014608069279472247
5 0.4462168043022844 0.33122153708051155 0.01300010517284953 0.01755121285298138
7 0.31145902256554214 0.20610421364440423 0.01750574874635875 0.01143760517284953
3 0.3280290939565854 0.36218672908381044 0.025272784639736125 0.010102425705962936
3 0.29075641448969886 0.3532830905248661 0.026971676959604098 0.014835389812585564
5 0.2575634812618885 0.3116578801791671 0.014471676959604097 0.014471676959604097
5 0.5942317893250966 0.6725321618494023 0.02067621285298138 0.013091033386094963
2 0.6428441002247915 0.42608071067490344 0.020721676959604095 0.014653533386094963
7 0.46345578008738963 0.2762074281467384 0.011346676959604096 0.01438074874635884
4 0.4390120580632081 0.3638521806540208 0.019068248746358662 0.011483069279472157
4 0.3640752763929729 0.7088404202291796 0.016216033386094876 0.02076714106622681
4 0.1843904057142102 0.2735608351145898 0.020858069279472157 0.019341033386094875
4 0.21684755304864317 0.31360081340697743 0.009784176959604096 0.014335284639736124
2 0.770702327263538 0.3852320533113406 0.03340353338609496 0.021267246239076342
3 0.7228307800873897 0.2837544698461034 0.014562605172849529 0.017596676959604096
3 0.6776306256933277 0.4935553671805364 0.01143760517284953 0.017505748746358664
2 0.6775540693459792 0.46931388512722505 0.019204641066226814 0.016170569279472247
2 0.6955168076674967 0.5237884364600085 0.03193196159934022 0.024346782132453625
3 0.6560223986545812 0.5374955837944416 0.014562605172849529 0.017596676959604096
4 0.7361705513992906 0.4702375391255756 0.017460284639735944 0.00987510517284953
2 0.4451052821989606 0.45003973324044555 0.01612510517284953 0.017642141066226812
3 0.05436662193240392 0.44257995658477534 0.02527278463973608 0.010102425705962936
3 0.5860187533652124 0.2023644143566848 0.017596676959604096 0.014562605172849529
3 0.3897658789920329 0.2021274189755383 0.017551212852981467 0.01300010517284953
7 0.053004013394342145 0.2744293501582845 0.017505748746358775 0.01143760517284953
7 0.08577104928771946 0.27694659639736086 0.014289820533113406 0.008221676959604097
7 0.049685133610886424 0.3884918501582845 0.014471676959604118 0.014471676959604097
3 0.12164636480626793 0.22638430674305984 0.011437605172849485 0.01750574874635875