5 0.6945188752785025 0.41611115868027715 0.014353401336727068 0.025245461850553142
5 0.6556814525780041 0.6647026172844193 0.009593176002545434 0.018913641233702094
5 0.4321888612349136 0.7326911379839959 0.011192038669636162 0.022065914772652385
5 0.49249001456082303 0.7884423060030591 0.011210220003181703 0.023628414772652383
5 0.5226775012333228 0.7459917532431156 0.01580681333545435 0.015897735389503433
3 0.7423120326225475 0.33802311484878733 0.014371582670272609 0.026807961850553053
3 0.5580059265595504 0.7989627946389735 0.018986357336090796 0.02063978246740401
3 0.6401366265515962 0.8590020422033415 0.015843176002545433 0.019022735389503255
3 0.517379284532188 0.9955975795436572 0.008012494668999892 0.008804840912685564
5 0.5988570985439601 0.9145429301906326 0.012718176002545434 0.018968188311602675
1 0.8247116212205962 0.8450328197994814 0.023855670671545325 0.03634660308425523