7 0.24682209802672608 0.20256652801975714 0.017460220003181703 0.02383754350298615
3 0.29539595802831686 0.2154126733463544 0.025327264003817972 0.028706881458888844
3 0.5760726986791813 0.10557077355444493 0.014371582670272432 0.026889808320624996
5 0.5516481473981333 0.4900542231176046 0.015843176002545433 0.019113675911805572
5 0.2836339440642698 0.47991093123013917 0.023710220003181702 0.023983013867708357
3 0.6129952747453601 0.5937981253780561 0.01749658267027243 0.026962543502986058
7 0.8028112054025878 0.528703721502084 0.020476132001909165 0.014535278685347208
3 0.8624123773869975 0.4152783075581257 0.020603401336727244 0.025472778685347208
7 0.7003969194382225 0.7887489090973964 0.015824994668999892 0.01755117591180557
5 0.6017321527689043 0.7669265008530213 0.01117385733609062 0.020567073138263937
7 0.47059124077017706 0.7732466231938545 0.015824994668999892 0.01755117591180557
7 0.3449532520687241 0.5141417672861808 0.009611357336090798 0.02053070554708327
7 0.22906352804740693 0.3544556831300002 0.012718176002545345 0.01904094072944442
7 0.6902657520687241 0.5221790049370839 0.012699994668999893 0.017478440729444423
7 0.6604333487428147 0.576157336909063 0.01586135733609062 0.020676175911805574
7 0.42933898476285925 0.7183948158231601 0.01417158800127254 0.009702308320624908
7 0.40148670476604087 0.74117769918191 0.012663632001908986 0.014353440729444422