2 0.5264764090131668 0.8298213937300428 0.04559634288963732 0.04556703005422946
4 0.4509682979091029 0.170632225210328 0.016452670950527094 0.020403403590796197
4 0.3471576180241462 0.6279493006404888 0.010139003954332714 0.018804542154477844
2 0.7326282499256379 0.7950747307694728 0.018269838935304605 0.02666249394987581
2 0.6719453482896638 0.3282048724564124 0.032587006920082116 0.032994307181592394
2 0.7081985246773984 0.28231111035616396 0.02458350593149916 0.028261355386194252
2 0.7018967865403963 0.22601111338122606 0.02458350593149916 0.028261355386194252
2 0.29722653258606374 0.2424112555591449 0.03928267589344294 0.04396816861791084
2 0.3477756778334283 0.3442919181269315 0.027644838935304693 0.026717036104353477
2 0.3518875162744413 0.3200913488450907 0.03383117193911023 0.02519089754067192
2 0.34585373908840406 0.448993053665551 0.02777217292769345 0.029842036104353476
2 0.3699769885941125 0.4514777042312851 0.01976867193911023 0.02510908430895533
2 0.39333623414548813 0.47271235479701906 0.026273339923887827 0.031395445745273955
2 0.40878482060933485 0.45795496320827545 0.029207338935304604 0.026726126463433177
2 0.41302665163597413 0.46891973428551437 0.016707338935304607 0.026653403590796286
2 0.4621326550960152 0.4527952854169824 0.026273339923887917 0.031395445745273774
2 0.47425065311884895 0.46224300828961945 0.02302100593149916 0.028252265027114733
2 0.49162254243471437 0.5920623184962739 0.015017504942915849 0.023519313231716587
2 0.6504205863894846 0.7797491917382532 0.03265067391627667 0.03455680718159222
1 0.510697489088404 0.4499520865484506 0.021585839923887917 0.03136817466803503