3 0.498677132755439 0.223760385264185 0.030488020678164317 0.017532945337363427
3 0.5939446292407823 0.35773484858373106 0.024092471463952592 0.014335220003181704
3 0.6768834077768295 0.37082464723904984 0.022748295285270358 0.01900453866963616
3 0.7037413143108049 0.2971144272358681 0.022457196856846905 0.01275453866963625
3 0.6127567493808275 0.23883030724859483 0.024165246071058633 0.015897720003181702
3 0.5022537429706867 0.26432175059677593 0.02721747146395259 0.014371582670272609
3 0.2738782241545491 0.49029554662636554 0.019696069892376135 0.020530676002545434
3 0.22760469168956038 0.46116257729950155 0.022457196856846905 0.012754538669636162
7 0.21007474338497145 0.4184210939688196 0.015916098428423453 0.006431813335454351
3 0.30192829549466726 0.5251063512890021 0.02721747146395277 0.014371582670272609
3 0.34213807258297246 0.48325465861713857 0.01962329528527027 0.018968176002545432
3 0.3484993885464072 0.4472626146165023 0.016571069892376132 0.020494313335454352
3 0.32897663896069196 0.5981893152848659 0.023946922249741043 0.011210220003181703
3 0.2700212857747576 0.28810633796150176 0.02587329528527036 0.01904090133672707
3 0.8735487001666158 0.23891902454650554 0.022311647642635178 0.009629538669636162
3 0.8219967388368573 0.6416445825509598 0.016571069892376045 0.020494313335454352
3 0.566881207405326 0.5196808652530491 0.02565497146395259 0.014353401336727245
3 0.2900513035574379 0.15981770595959277 0.016425520678164406 0.01736931333545444
3 0.6994646133201288 0.690700795233959 0.019768844499482085 0.022093176002545435