7 0.5886235454602888 0.2434978797169487 0.009920569279472246 0.019022784639736123
7 0.5919317165473982 0.4645007015037034 0.00831260517284953 0.017414820533113405
7 0.5814608809705899 0.5875290245440992 0.011392141066226814 0.015943248746358663
7 0.49709189264907244 0.6389347486798518 0.009829641066226812 0.015897784639736123
4 0.45516280542291165 0.6197611998543507 0.00973871285298138 0.012772784639735945
4 0.4281002002500621 0.6018008100417651 0.012954641066226813 0.01598871285298138
7 0.7832878054229117 0.6293086622451137 0.008267141066226813 0.015852320533113407
5 0.7686008312871591 0.7147460570722642 0.008267141066226813 0.015852320533113407
7 0.8024219018202725 0.7235360353646519 0.006704641066226813 0.01580685642649069
7 0.43848508544379416 0.8245707203083217 0.009829641066226812 0.0158977846397363
7 0.6893238229073819 0.9411517812080167 0.009829641066226812 0.0158977846397363
7 0.4165766446941365 0.930093294602359 0.009647784639735946 0.009647784639736302
4 0.6483181088672663 0.47082490934211985 0.006613712852981379 0.012681856426490867
1 0.6221815062016992 0.431034983636157 0.006613712852981379 0.01268185642649069
1 0.532952836301724 0.6641764410788621 0.00656824874635884 0.01111935642649069