5 0.42887564136739387 0.6703125 0.02088550296574958 0.0140625
1 0.17793256528367057 0.7046875 0.014762836958138292 0.0171875
1 0.4491417204168669 0.65 0.016325336958138335 0.0171875
1 0.4674433928502687 0.67734375 0.022384335969555025 0.0125
1 0.4643621552075584 0.7359375 0.021076503954332713 0.01875
1 0.30726860231835856 0.48515625 0.017951503954332714 0.01875
1 0.2324410627750316 0.29765625 0.012818334980971891 0.0078125
1 0.6288823226608633 0.34453125 0.02876166996194396 0.015625
1 0.43854784684397 0.0640625 0.04020850593149916 0.028125
1 0.3862783285923624 0.37265625 0.01125583498097198 0.0078125
1 0.3900744906456409 0.35078125 0.009757001977166358 0.009375
1 0.3888595005314726 0.39765625 0.00969333498097189 0.0078125
1 0.24007973821136402 0.734375 0.01438083498097189 0.0078125
1 0.04524481030357364 0.2859375 0.016007001977166348 0.009375
1 0.375608789543327 0.1875 0.01125583498097198 0.0078125
1 0.5715459610253267 0.60546875 0.012818334980972068 0.0078125
1 0.17496012110143888 0.57421875 0.009820668973360735 0.0109375
1 0.0873778439525826 0.840625 0.020885502965749536 0.0140625
1 0.2751232416714051 0.75078125 0.017633168973360737 0.0109375
1 0.5848829022418089 0.721875 0.017633168973360824 0.0109375
2 0.7146075529263809 0.64609375 0.014635502965749581 0.0140625
2 0.27286845011373073 0.15859375 0.04677684091247105 0.0359375
2 0.45220707612090444 0.3609375 0.027199169961943957 0.015625