5 0.6737428736990041 0.25454706411280964 0.013318871551297563 0.01628009724103805
5 0.8018512635676673 0.32225578527999427 0.013564533016686652 0.020967597241038048
5 0.7371004460639557 0.46196009441596286 0.02269387155129756 0.016771420171816587
5 0.7944050130018404 0.5239787375639865 0.01784259724103805 0.013400758706427318
5 0.8262149349826793 0.592817268771651 0.01956887155129756 0.016607645861557073
5 0.8782211702833582 0.628478129807499 0.017760710085908116 0.01183825870642714
5 0.9525450616223594 0.5219581348958815 0.011674484396167629 0.014635710085908294
5 0.9661228827441157 0.482076763344584 0.01776071008590847 0.01183825870642714
5 0.561654467999366 0.6270505851437088 0.019241322930778536 0.010357645861557074
5 0.711634535841762 0.7084975797166418 0.008549484396167806 0.014471935775648781
5 0.6734252069180895 0.7567203957500153 0.02236632293077854 0.010521420171816587
5 0.7072436069635181 0.6695579104493364 0.017678822930778538 0.010275758706427319
5 0.3966956105815627 0.7829741157855463 0.017760710085908293 0.011838258706427318
5 0.4232547885552954 0.7964667277259054 0.011756371551297561 0.016198210085908292
5 0.6863911171402834 0.5108380076903745 0.016116322930778536 0.010193871551297562