5 0.2694350124059968 0.18861819513363381 0.01337329528527027 0.019259335969555112
5 0.28862166004863193 0.1972291911793011 0.01962329528527036 0.019514003954332716
5 0.40339909759985393 0.2919594179475965 0.014863020678164496 0.01776050296574949
5 0.45241879445670075 0.3024857410655704 0.010393844499482085 0.02225700197716627
5 0.40166531554914997 0.17070650045711053 0.007123295285270359 0.019004667984777603
5 0.2993344898658056 0.3768211906850095 0.011665246071058632 0.016070668973360736
5 0.36327501943531015 0.45562001133152547 0.011883569892376222 0.020758168973360823
5 0.40535120347187537 0.4178998354380825 0.010466619106587772 0.023819501977166268
5 0.2163636321317572 0.46082345897379823 0.011665246071058632 0.016070668973360826
5 0.17300108395100283 0.5549528023577273 0.00868579528527027 0.019068334980972067
5 0.3968217276646965 0.5708802554000265 0.007196069892376223 0.020567167984777514
5 0.2510041135205074 0.6331786200384937 0.01181079528527027 0.019195668973360825
5 0.3330182468951189 0.6462741862363852 0.008685795285270359 0.019068334980972067
5 0.3472199497478218 0.8335513517497048 0.008685795285270359 0.019068334980972067
5 0.3642233591772812 0.7952873477953721 0.010321069892376133 0.02069450197716627
5 0.363414338084832 0.9291675992782469 0.014790246071058633 0.01619800296574958
5 0.6862330223307943 0.33131244213070327 0.014790246071058633 0.01619800296574949
5 0.5625065779551468 0.36374955182625457 0.007123295285270359 0.019004667984777603
5 0.6396127334556647 0.338691202016535 0.008685795285270359 0.01906833498097198
5 0.6237522930089587 0.3510784554765761 0.013009422249741043 0.011446835969555114
5 0.5898675603773542 0.6318947153624078 0.011810795285270358 0.019195668973360825
3 0.6327228403611436 0.5604852889746732 0.016789393713693812 0.025636669961943782
5 0.4027422036767632 0.8156343398867069 0.01449914764263518 0.009948002965749225
5 0.42825162592650423 0.8255531679475965 0.013227746071058633 0.016134335969555026
5 0.3805076387467858 0.8760280118258169 0.01293664764263518 0.009884335969555024
3 0.7246041635632887 0.3148770172258435 0.01515411910658777 0.02401050296574958
5 0.7799466350272414 0.3267111723590398 0.010175520678164495 0.017569501977166356
5 0.46147073262709526 0.6480847425484452 0.013227746071058633 0.016134335969555026
7 0.6413787105011888 0.6791079549822845 0.007196069892376045 0.020567167984777514
7 0.6075152868037057 0.7251035458947556 0.007123295285270359 0.019004667984777512
2 0.49787695946773153 0.5894618176435854 0.023330492142117264 0.03214133794672147
3 0.46870953618453315 0.48419865608459844 0.01649829528527036 0.019386669961943957
3 0.5022177030575907 0.565020233156905 0.010393844499482085 0.02225700197716627