5 0.7675528083259054 0.6983988834255435 0.017596676959604096 0.01496325870642714
4 0.8044340650563301 0.32558882519408605 0.014471676959604097 0.014799484396167805
4 0.5451262273679508 0.6372887222988386 0.015852320533113407 0.008631371551297562
4 0.6229604076927673 0.46185495307696167 0.015852320533113407 0.008631371551297562
4 0.6696044239901033 0.3170061205352447 0.020721676959604095 0.015127033016686742
4 0.6709994394295095 0.33805892695767986 0.017505748746358664 0.011838258706427318
2 0.726300985681221 0.8672208045018712 0.048284387305303156 0.05089411465389269
4 0.8472235879510766 0.747429525669056 0.014380748746359018 0.011674484396167806
4 0.8760616417911425 0.7435708632991554 0.0143352846397363 0.010111984396167627
4 0.8955186839527262 0.6862153867049038 0.012727320533113585 0.00846759724103805
4 0.8625948721951012 0.6034371862299339 0.014244356426490867 0.006986984396167628
4 0.7983588759560251 0.573941116012689 0.015806856426490868 0.007068871551297562
4 0.7611400207831756 0.5586779641582381 0.01755121285298138 0.013400758706427318
4 0.7618266794003796 0.4209323026928489 0.017505748746358664 0.01183825870642714
4 0.7671052127864744 0.44099914122745965 0.017596676959604096 0.01496325870642714
4 0.8333032111371217 0.2959079692466208 0.0174602846397363 0.010275758706427319
4 0.7536300830030187 0.32746890773580295 0.017414820533113405 0.008713258706427317
1 0.6825794486007094 0.41334885402690136 0.019068248746358662 0.011920145861557074
4 0.710915048758994 0.47289427238969556 0.014471676959604097 0.014799484396167805
4 0.6979747795586642 0.4853090632082984 0.01438074874635884 0.011674484396167806
4 0.6604747795586642 0.48727435493141247 0.012727320533113406 0.00846759724103805
4 0.7523166017411302 0.6319074242441464 0.015852320533113407 0.008631371551297562
4 0.6485323721951013 0.61465572648271 0.02076714106622681 0.01668953301668665
4 0.6659782849689405 0.5957452741987178 0.017460284639736125 0.010275758706427319
4 0.7061413175636126 0.30883177238969556 0.014380748746358663 0.011674484396167806
4 0.5844829294003796 0.4302264948000757 0.017460284639735944 0.010275758706427319
4 0.6072097240692456 0.3507913003179997 0.017505748746358664 0.011838258706427318
1 0.517520401424561 0.5221517232033497 0.011255748746358662 0.011510710085908116