7 0.22041746960192593 0.2227578893618623 0.02587329528527036 0.01904090133672707
3 0.2320848697257604 0.272085727363135 0.03255994292790545 0.02848862667090888
3 0.11575151012968524 0.5572954266788631 0.027290246071058587 0.01593408267027243
5 0.5134976513621796 0.5470879167329515 0.022675520678164317 0.017442038669636162
5 0.5068301586008899 0.2698168920671333 0.027799668320799498 0.02687158267027261
3 0.6196427975570726 0.6131316347469509 0.02743579528527036 0.019059082670272433
7 0.549796986141752 0.8067447274029058 0.016571069892376045 0.020494313335454352
3 0.43217714660466855 0.8631572647199068 0.025946069892376043 0.020603401336727244
7 0.8201757985905299 0.7107258921069042 0.019477746071058632 0.015843176002545433
5 0.7990028118250964 0.608191238104677 0.022457196856846905 0.012754538669636162
7 0.8067339210068868 0.472417370106586 0.021040246071058633 0.015861357336090797
7 0.5402826674922301 0.33423392807126945 0.020821922249741043 0.011173857336090798
7 0.3767209735308673 0.20896011338317955 0.019332196856846905 0.012718176002545257
7 0.5451565279123656 0.6903475680696787 0.017769696856846907 0.012699994668999893
7 0.6016226976809073 0.6621140274108601 0.022675520678164317 0.017442038669636162
7 0.7500451193114757 0.4288122734324954 0.010102746071058632 0.015734088001272538
7 0.7744800390800173 0.40020601543599527 0.014644696856846906 0.012663632001908986