5 0.10369290735691059 0.36744957594338973 0.02247520072563942 0.017823997492717503
5 0.11726433403593291 0.38192125290299384 0.022638891832631992 0.022511497492717504
5 0.23883674447288636 0.461316899379497 0.020912700725639423 0.017778533386094964
5 0.26314477450995327 0.5042545571387713 0.023928573320977708 0.01474446159934022
5 0.12499993376578042 0.49632473370266406 0.020694445916315994 0.011528533386094964
5 0.28851434065935483 0.3376353584715548 0.01767857332097771 0.014562605172849529
5 0.38111850291040683 0.37317570486891566 0.022420637023308564 0.016261497492717502
5 0.3582241507334886 0.42412443942950945 0.02549107332097771 0.014789925705962936
5 0.34214282686435676 0.23518395988348056 0.01767857332097771 0.014562605172849529
5 0.41809025717157616 0.16544577289474657 0.02074900961864685 0.013091033386094875
5 0.49855153957089565 0.36955426286561677 0.022256945916316086 0.011573997492717503
5 0.513355627952816 0.2143582975053528 0.02085813702330839 0.016216033386094786
5 0.5507167294967619 0.2866113822242312 0.02074900961864685 0.013091033386094875
5 0.7305059224178531 0.24413804037921683 0.02074900961864685 0.013091033386094875
5 0.6998362757758977 0.2713992223533859 0.02074900961864685 0.013091033386094787
5 0.8248561231434923 0.2296783867765777 0.019295637023308387 0.016170569279472156
5 0.35904008395111486 0.7142864381758682 0.01935020072563942 0.017733069279472248
5 0.3532762119887488 0.5882096714828208 0.020694445916315994 0.011528533386094785
5 0.3528099313187097 0.6687466176427549 0.02074900961864685 0.013091033386094963
5 0.3589880094490108 0.6485932420159342 0.014608137023308565 0.016034176959604095
5 0.6125172919331485 0.5324072670222518 0.02080357332097762 0.014653533386094963
3 0.5587449619887488 0.5941882015037033 0.028779764427970277 0.019568353919208192
5 0.7301041291339422 0.30043350448583955 0.01299107332097762 0.014426212852981379
5 0.7465550191524757 0.322027359658689 0.019295637023308564 0.016170569279472247
5 0.7806869716922137 0.262803123844454 0.01299107332097762 0.014426212852981467
3 0.3552503958393472 0.7556244920159342 0.02560020072563942 0.017914925705962936
5 0.3824924529182561 0.8041218279884538 0.017624009618646852 0.01300010517284953
5 0.5902653244172861 0.4081968772096662 0.019295637023308564 0.016170569279472247
7 0.6723089541842004 0.5669928671805364 0.022256945916316086 0.011573997492717503
7 0.7052231471052914 0.52024589931299 0.020694445916316084 0.011528533386094785
2 0.5462499403892024 0.45931309633085393 0.03691964664195542 0.029170674452321778
3 0.43972712187754814 0.4640340370805115 0.021021828130301047 0.020903533386094963
3 0.524746962621721 0.47041808089144765 0.02392857332097762 0.01474446159934022