3 0.65285497891206 0.8029013505729135 0.03034247146395259 0.014407945337363514
3 0.7344068476043631 0.6278280778962775 0.02409247146395277 0.014335220003181704
3 0.7047022309789746 0.6117763639004137 0.02743579528527036 0.01905908267027261
5 0.6919132866033271 0.5845962459023226 0.02409247146395277 0.014335220003181704
7 0.5262432830886704 0.7216069919239579 0.016352746071058633 0.01580681333545435
3 0.45193679590895197 0.6740603772676849 0.025800520678164317 0.017478401336727244
3 0.5821594509951853 0.543708711250822 0.016571069892376045 0.020494313335454352
3 0.3765772309789746 0.6155944439449571 0.030342471463952768 0.014407945337363514
7 0.6832083364367113 0.3356138532384135 0.011592471463952592 0.014189769334818081
5 0.23891456513937442 0.6039222419637289 0.02096747146395277 0.01429885733609062
5 0.21402803515558508 0.5347182559675469 0.022675520678164494 0.017442038669636162
7 0.3419604441707597 0.4200097712842295 0.02409247146395277 0.014335220003181704
7 0.39025670306209986 0.35542001261141165 0.020894696856846907 0.012736357336090798
7 0.3953059220448532 0.38112853727722984 0.024238020678164496 0.017460220003181703
7 0.20449467742153668 0.45440404730268324 0.01762414764263518 0.009574994668999892
5 0.7984715016571391 0.5935070745544597 0.017769696856846907 0.012699994668999893
3 0.5702716887940762 0.3462979092536855 0.016425520678164496 0.01736931333545444
2 0.4105177373891154 0.5909938859405027 0.022675520678164494 0.017442038669636162
2 0.4093511896226458 0.6495694546069573 0.011446922249740865 0.011064769334818082
2 0.445179527711987 0.6514950339354121 0.01449914764263518 0.009538632001908987
4 0.5530327231210918 0.5823081345878672 0.020894696856846907 0.012736357336090798
4 0.5811277979758666 0.4820354145846856 0.017915246071058634 0.015824994668999892
4 0.6066736075291606 0.4700257632479585 0.014644696856846906 0.012663632001908986
2 0.719229265510878 0.4507570478994592 0.021040246071058633 0.015861357336090797
2 0.652889212162837 0.835695669239368 0.02423802067816432 0.01746022000318135
4 0.6324162003760128 0.7890842985757769 0.011446922249740865 0.011064769334818082
2 0.5696079853222008 0.7796643925843674 0.014426373035529317 0.007976132001908987
4 0.5576045990521052 0.6853240465865946 0.017915246071058634 0.015824994668999892
4 0.530027562658175 0.640356991923958 0.014426373035529317 0.007976132001908987
4 0.5413631689444813 0.6652115412555946 0.014571922249740864 0.011101132001908987
7 0.27341584367542165 0.6175756619589564 0.01315497146395277 0.014207950668363622
7 0.3430991050479612 0.5129148866168205 0.017696922249741044 0.011137494668999891
3 0.41083672270680704 0.43326320194145723 0.02721747146395259 0.014371582670272609
3 0.4786191122866715 0.7885314099300033 0.01642552067816432 0.01736931333545435
3 0.5015965016571391 0.5969615279280942 0.013300520678164318 0.01733295066836362
3 0.6378357545526232 0.7062536172422315 0.01471747146395277 0.014226132001908986
3 0.4732787948754947 0.769072885264185 0.019550520678164318 0.017405676002545434
3 0.41868776406313585 0.39881547660727545 0.02409247146395277 0.014335220003181704
3 0.36779939040843407 0.6531762599459116 0.024019696856846906 0.012772720003181703
3 0.3015730386702417 0.39861657662318384 0.027581344499481998 0.02218408267027252
3 0.27236695823389556 0.8245069146244564 0.02409247146395277 0.014335220003181348
7 0.15421207940739806 0.611935283975183 0.02074914764263518 0.00961135733609062
3 0.419565367453958 0.31291433927436635 0.02118579528527036 0.018986357336090796