3 0.30778454996063137 0.6418799982707195 0.027008168973360735 0.011865082939624471
3 0.2957620524320893 0.6531622386520727 0.02713550296574958 0.014990082939624472
3 0.23549571448536782 0.6292138179635002 0.019450336958138338 0.017842264427970277
3 0.4005118553212892 0.9072445926430894 0.028570668973360823 0.01191964664195524
3 0.40747016805913966 0.8099702885594056 0.016325336958138335 0.017733137023308386
3 0.43923352672892674 0.536470790373504 0.02719916996194378 0.01655258293962447
3 0.4602026013297754 0.49585571405730133 0.027071835969555025 0.013427582939624472
3 0.45441946942828365 0.6602629544386545 0.030451503954332715 0.019786710344286362
3 0.5548107416714052 0.7690873721320022 0.027262836958138338 0.018115082939624473
3 0.6859851458160182 0.7143775686812903 0.021012836958138336 0.017896828130301044
7 0.5504111072612744 0.5270908450901601 0.014890170950527092 0.02080357332097762
3 0.5853882851318838 0.5813616828391082 0.027071835969555025 0.013427582939624472
3 0.974295570720878 0.7634525080590023 0.02850700197716627 0.010357146641955417
3 0.944210186805039 0.5228994299287012 0.02713550296574958 0.014990082939624472
3 0.9219730894667773 0.4558111336495655 0.017951503954332537 0.01935020072563951
5 0.6404471527361004 0.7455531576113646 0.022320668973360824 0.011701391832631991
3 0.20665844866803704 0.553313516875041 0.021012836958138336 0.017896828130301044
3 0.8780744867284893 0.7569718403656547 0.014762836958138337 0.01767857332097762
3 0.8890053750557716 0.6231697592401287 0.014826503954332538 0.01924107332097762
3 0.9162390371090501 0.602276905882084 0.025509335969555024 0.013373019237293704
3 0.8589438488583175 0.498077990002835 0.022575336958138337 0.01795139183263199
3 0.7688281848278725 0.5074132952676453 0.022575336958138337 0.01795139183263199
3 0.5635504358164558 0.5049256684111378 0.017887836958138337 0.01778770072563951
3 0.9931132604173044 0.4785790002544541 0.011765170950527093 0.020694445916316084
3 0.3802697036109529 0.5827803059826004 0.01801517095052709 0.02091270072563951
3 0.3600062831547174 0.5641295097034649 0.016325336958138335 0.017733137023308566
3 0.30960969372512115 0.5335045030800429 0.017887836958138337 0.01778770072563951
3 0.5235488128122127 0.7102654436388813 0.019386669961943957 0.01627976442797028
3 0.5481230484777566 0.6432515584296713 0.022384335969555025 0.013263891832631991
3 0.6466507317855733 0.7254861942718535 0.023883168973360826 0.011755955534962937
3 0.6551343938388519 0.7039385764858386 0.02088550296574958 0.014771828130301045
3 0.6728484758540743 0.6983160590626435 0.02401050296574958 0.014880955534962936
3 0.5297776136870651 0.5567957032575281 0.023883168973360826 0.011755955534962937
3 0.6662005919382352 0.4585814364673052 0.013264003954332715 0.019186509618646853
3 0.6637003330409866 0.4163666546161398 0.02401050296574958 0.014880955534962936
3 0.7362796230786053 0.6084747982628702 0.02094916996194378 0.016334328130301046
3 0.8767335267289267 0.5517486270261436 0.017887836958138337 0.01778770072563951
3 0.9216494372993305 0.5244520062449038 0.013200336958138336 0.017624009618646852
3 0.8970659313678315 0.495508550709941 0.01801517095052709 0.02091270072563951
7 0.8632586171471062 0.5848240218540004 0.012818334980971713 0.008249009618646852
3 0.5278464046760858 0.3562327080668516 0.016325336958138335 0.017733137023308566
3 0.7984454061589605 0.3727034785700896 0.013327670950527093 0.02074900961864685
3 0.8519550667293643 0.3457069581516696 0.02244800296574958 0.01482639183263199
3 0.8324702376798914 0.3653101300213685 0.020758168973360823 0.011646828130301134
3 0.9323084115961681 0.40312264326821234 0.014826503954332538 0.01924107332097762
3 0.9911933330223961 0.4333756276591158 0.01761333395520772 0.014880955534962936
3 0.5653065953982763 0.4714410458157996 0.021140170950527094 0.021021828130301047
3 0.7842674314050125 0.8863195452676453 0.01756950197716627 0.00997520072563951
3 0.9024869659310616 0.2647769058820841 0.017887836958138337 0.01778770072563942