3 0.10285706053746994 0.6124414335468297 0.025381945916315995 0.011082945745273775
5 0.1220435701561168 0.600050517855785 0.019022818511654282 0.007921584308955332
5 0.15247760382138076 0.5564686894987579 0.017569445916315995 0.011037493949875809
4 0.17836798122604247 0.5534936804235716 0.02074900961864685 0.012618174668035031
4 0.16285456471382118 0.729220388269094 0.02107639183263199 0.02199317466803503
4 0.14699395173712976 0.7134999394987579 0.02716270072563942 0.017342036104353652
5 0.24631442777533064 0.42026808996629617 0.01767857332097771 0.01416249394987581
5 0.37795626425833423 0.6335771319243821 0.025381945916315995 0.011082945745273775
5 0.5013218423886354 0.6139782251121322 0.019131945916316083 0.011046584308955332
5 0.4805480401190499 0.5599401649054776 0.016170637023308565 0.015715903590796287
5 0.5522246326773212 0.5212867310640604 0.022147818511654194 0.007939765027114732
5 0.539417097830931 0.4852674178323439 0.017624009618646852 0.01259999394987581
5 0.5191070870311577 0.4179481076256895 0.022256945916316086 0.011064765027114731
5 0.47859370363604636 0.347385622751 0.02080357332097762 0.01418067466803503
3 0.4545336663425852 0.4769594932625047 0.021021828130301047 0.020430674668035033
3 0.6251214409373566 0.6490804538385015 0.02403770072563951 0.017323855386194253
5 0.6680604198859643 0.7173128242518104 0.017624009618646852 0.01259999394987581
3 0.7461879090861911 0.6505662066671719 0.017896828130301044 0.02041249394987581
5 0.7028496260538993 0.5713917910743233 0.02080357332097762 0.01418067466803503
5 0.6184771152541261 0.5036997761454044 0.025436509618646852 0.012645445745273954
3 0.972299030500403 0.5753036280155573 0.015897818511654192 0.007903403590796287
3 0.9437474445655536 0.5649792063725844 0.008358137023308388 0.015670451795397965
4 0.9481720497376968 0.5501581822702833 0.017569445916316085 0.011037493949875809
3 0.7582464541842004 0.5513974536421098 0.017896828130301044 0.02041249394987581
3 0.8111234283234848 0.6259389113894362 0.02549107332097762 0.014207945745273776
3 0.5950247462869849 0.41448274004105096 0.017787700725639333 0.01728749394987581
5 0.6422891266868715 0.4483582911725191 0.019295637023308564 0.015734084308955332
5 0.6107663081752173 0.4559889839909267 0.020858137023308566 0.015743174668035032
3 0.4651710990968754 0.23947312880112417 0.023983137023308565 0.015761355386194255
3 0.47587049691995703 0.2911083516737611 0.017896828130301044 0.02041249394987581
5 0.4279240702409348 0.2767640505422929 0.022256945916316086 0.011064765027114731
5 0.45315968321762623 0.29253904146710663 0.02387400961864685 0.012636355386194254
3 0.34629706960796264 0.3989703277678519 0.02861607332097771 0.014226126463433176
3 0.6889483941948847 0.14153611943135028 0.022311509618646853 0.012627265027114642
4 0.683613564250485 0.20479918871319103 0.026999009618646853 0.012654536104353475
4 0.7681844824919868 0.31156279400118947 0.02392857332097762 0.014198855386194253
4 0.7300842817663474 0.3285321253832786 0.01778770072563951 0.01728749394987581
4 0.8817707781381504 0.41536957093216076 0.02392857332097762 0.014198855386194253
4 0.9127876543616857 0.3327206973955939 0.023983137023308388 0.015761355386194255
4 0.8811556753282599 0.5896201371889394 0.022420637023308387 0.015752265027114732
4 0.8412548724257022 0.6581519685710286 0.019350200725639154 0.01729658430895533
3 0.6359993988345721 0.7851088574292977 0.02705357332097762 0.014217036104353476
4 0.5144319336809623 0.8203463997801672 0.025381945916316085 0.011082945745273775
4 0.4855976055506613 0.8404952733167341 0.014662700725639511 0.01726931323171641
3 0.44544383150404415 0.8715180143397436 0.02705357332097762 0.014217036104353297
4 0.43050831226675046 0.896436201108027 0.015897818511654192 0.007903403590796287
4 0.42490564221115007 0.8331094993126289 0.02705357332097762 0.014217036104353297
3 0.6372493855877283 0.8835736285065365 0.02549107332097762 0.014207945745273776
5 0.5074378892159253 0.796863447984769 0.022256945916316086 0.011064765027114731
4 0.27858875835270247 0.23448058089110985 0.020694445916315994 0.011055674668035032
0 0.22248754737544402 0.3865288942210222 0.059613102176918176 0.05189884328594587
0 0.10825886706822467 0.45775393354682964 0.061066474772256504 0.048782933645025395
0 0.2709820671608919 0.5641908067888088 0.04834821996293304 0.042460210772388506
0 0.34663185318840856 0.6802794151018694 0.05772321996293304 0.04251475292686617
4 0.3340525299522489 0.36920555971567515 0.02074900961864685 0.012618174668035031
4 0.2802628418404812 0.41030728268650785 0.019295637023308564 0.015734084308955332
4 0.28166908521705925 0.45954421340466717 0.02236607332097762 0.01418976502711473
2 0.4278694734214941 0.5244702975172308 0.027271828130301046 0.020467036104353475
2 0.35500738149619493 0.4404356651018694 0.01778770072563942 0.01728749394987581
1 0.39008424202581565 0.6219265596174793 0.019131945916315996 0.011046584308955332
0 0.2629786604369535 0.07732661104353503 0.051309528855940555 0.037790891490547776
0 0.31821923194383267 0.10656011397040124 0.0481299651536097 0.03621021077238851
0 0.39955107749732893 0.10468906264254137 0.051364092558271325 0.03935339149054777
0 0.5464087193299608 0.08366401121648563 0.04969246515360979 0.036219301131468165
0 0.547849679041275 0.17666003229372448 0.056106156260602266 0.04094316256778665
0 0.6016418563532695 0.06835717378427225 0.07162202885594056 0.037909066158582805
4 0.5853968082600353 0.13077536055255568 0.016170637023308565 0.0157159035907962
4 0.646879912166234 0.36164863153159865 0.025381945916316085 0.011082945745273864
4 0.6637499536360464 0.3484628303019347 0.02549107332097762 0.014207945745273865
4 0.7193898292266094 0.3886383784083407 0.025436509618646852 0.012645445745273865
4 0.4771998069092728 0.7005742552645573 0.024255955534962938 0.023573855386194255
7 0.4692434631698751 0.6598947131100796 0.020585318511654193 0.007930674668035032
4 0.4139483279606651 0.6322237101832133 0.01310020072563951 0.01726022287263689
4 0.7261581512816428 0.619974736819597 0.022256945916315905 0.011064765027114731
0 0.7069419037287135 0.45420429107432325 0.06408234736759474 0.04567611436318479
4 0.7194815984639031 0.3636338332288009 0.02392857332097762 0.014198855386194253
0 0.8217534265942043 0.34391220656897603 0.045059528855940556 0.03775453005422928
4 0.8514880558129645 0.2979820830324092 0.02403770072563951 0.017323855386194253
4 0.9226363695152955 0.2968331943705318 0.01902281851165455 0.007921584308955421
4 0.9397965876641299 0.29771443832040756 0.01767857332097762 0.01416249394987581
4 0.9326214939247321 0.25703944134546963 0.01455357332097762 0.014144313231716587
4 0.916269807627063 0.2553814925751337 0.01767857332097762 0.01416249394987581
4 0.9224230599893157 0.4148246702682309 0.019022818511654195 0.007921584308955332
2 0.9684498334029608 0.5065172665792388 0.02872520072563951 0.017351126463433175
0 0.795736530500403 0.5742764174395605 0.060902783665263985 0.0440954336450254
4 0.7760540022774347 0.488988357232906 0.01767857332097762 0.01416249394987581
4 0.7030877282308176 0.5198202007152435 0.01611607332097762 0.014153403590796287
4 0.6783307756910796 0.5798446405085891 0.019022818511654195 0.007921584308955332
2 0.8011309025475871 0.37504857708048084 0.02091270072563951 0.01730567466803503
4 0.46244042478010583 0.3847992643397436 0.022256945916316086 0.011064765027114643
0 0.6646527439247322 0.2554804447633153 0.08272321996293322 0.042660198672140125
0 0.7667956303998865 0.03806166148763211 0.051364092558271325 0.039353391490547764
1 0.7951239500078493 0.4351821011827818 0.014553573320977797 0.014144313231716587
1 0.8950693531884084 0.6834701311388152 0.019131945916316083 0.011046584308955332
1 0.8034647288637897 0.3977230077986401 0.021021828130301047 0.020430674668035033
1 0.8932762186121707 0.5334292245229569 0.030287700725639154 0.017360216822512698
1 0.5882191524627691 0.6988759207592101 0.014662700725639511 0.01726931323171659
4 0.7996750738691318 0.19297187528508275 0.020694445916316084 0.011055674668035032
4 0.8086408461016503 0.20474516743956045 0.012881945916316084 0.011010222872636977
0 0.9588020480084161 0.26813147744982324 0.030833337748948253 0.032985216822512695
0 0.9710291963796521 0.5221604472973981 0.022584328130301045 0.020439765027114733
2 0.9770807889379235 0.48312521837463684 0.013209328130301401 0.020385222872636888
2 0.9675321410300238 0.7565627183746368 0.013209328130301401 0.020385222872636888
2 0.6385241981089326 0.8023145381474569 0.024146828130301046 0.020448855386194252
3 0.25743301016680104 0.1913800206844554 0.020858137023308566 0.015743174668035032
3 0.2674925125290537 0.3508459242752516 0.025381945916315995 0.011082945745273864
3 0.8353991981089326 0.8034599233914888 0.022147818511654548 0.007939765027114732
3 0.9531497595338289 0.31810875155212415 0.019022818511654195 0.007921584308955421