7 0.40476872691732674 0.453621084838541 0.02372844072944442 0.013318455534962937
7 0.44726992391503534 0.7033408318433162 0.023692073138263936 0.011755955534962937
4 0.2922538091736463 0.6167435890148922 0.020785278685347207 0.021021828130301047
4 0.28567388801149346 0.46819696161023056 0.020567073138263937 0.011646828130301046
4 0.2402743882958339 0.6641071731356432 0.023801175911805573 0.016443455534962938
4 0.45591953172257005 0.773117618503805 0.020676175911805574 0.016334328130301046
4 0.4756131294621186 0.7136979784852716 0.022456881458888845 0.02576389183263199
7 0.5718685739912852 0.6233854917321155 0.01751480832062491 0.014662700725639511
4 0.5505332089655559 0.3439608865599724 0.014389808320624909 0.014553573320977708
4 0.37669958472486154 0.5221156244942549 0.014389808320624997 0.01455357332097762
4 0.4011735610735074 0.5674653300292177 0.022347778685347208 0.02107639183263199
3 0.905040830640799 0.4492337514355804 0.022311411094166546 0.01951389183263199