5 0.6038660692416326 0.7162300797747637 0.011264808320624908 0.014444445916316084
5 0.7402750415062158 0.6645534739696484 0.011373911094166545 0.019131945916316083
5 0.6946508041396532 0.5183704439325814 0.020639808320624908 0.014771828130301045
5 0.7598569236306949 0.4644889865835201 0.01591594072944442 0.013045637023308566
5 0.7997902861878823 0.3997617984717524 0.017514808320625085 0.01466270072563942
5 0.8569663533422226 0.3703991914855107 0.015843205547083274 0.009920637023308565
5 0.9167251726807641 0.48559511635043445 0.0096659407294446 0.012827382213985139
5 0.9239207300514588 0.5260018615411111 0.015879573138263936 0.011483137023308564
5 0.5433571418112156 0.3336556819516819 0.018931837955902787 0.008467264427970278
5 0.7021859747331252 0.27103165246276917 0.0065409407294446 0.012718254809323426
5 0.6712619766329863 0.2189433628070554 0.022056837955902787 0.00857639183263199
5 0.6929025469214587 0.30888631652791976 0.015806837955902785 0.008358137023308565
5 0.40169305262104177 0.1595510377567972 0.015843205547083274 0.009920637023308565
5 0.4280191632783682 0.14846720481717263 0.009702308320624908 0.014389882213985138
5 0.6519353208571532 0.4635663820443492 0.014244337955902787 0.00830357332097762