5 0.30918346998347257 0.4298658037637468 0.019113675911805572 0.015734084308955332
7 0.3317488010055212 0.42609136397040126 0.009775043502986058 0.017242042154477843
7 0.4482816843642712 0.39864814090137257 0.011373911094166722 0.018813632513557367
3 0.5585100163362503 0.36882480639602544 0.019368249050069508 0.02667158430895533
3 0.5307116714464934 0.34913447511213214 0.019368249050069508 0.026671584308955422
5 0.626259254368403 0.29266682737506844 0.011483013867708359 0.023501132513557364
7 0.5705534618153474 0.24859866480728182 0.009775043502986058 0.017242042154477666
3 0.6837288750937156 0.412516239942855 0.02074891109416672 0.01886817466803503
5 0.6094757171336809 0.5112895623479539 0.020639808320624908 0.01418067466803503
5 0.5709769147969797 0.5352810533709633 0.013045513867708358 0.023510222872636887
5 0.5271359958190283 0.531120273316734 0.014608013867708358 0.02351931323171641
4 0.5040264573500352 0.578635622751 0.0174784407294446 0.01259999394987581
4 0.6116538533422226 0.40350433342519265 0.014462543502986236 0.01726931323171659
2 0.625752067723021 0.371559441836449 0.020712543502986236 0.01730567466803503
2 0.6527503256068059 0.3568747731203423 0.025654616641249996 0.028270445745273952
2 0.4038439661837504 0.5366521349494443 0.028852351823611143 0.031413626463433174
2 0.45349912727791714 0.5556884812604522 0.01606141109416672 0.018840903590796286
4 0.558112585674792 0.48599412567786615 0.025472778685347208 0.020457945745273775
7 0.6864194236306949 0.4945520351223949 0.014389808320625086 0.014144313231716587
3 0.7713957953059379 0.5880025741536146 0.014680749050069507 0.026644313231716586