3 0.5392031269585758 0.17873551136738103 0.019132001977166267 0.0097022824674041
7 0.4538798033091293 0.5291952073896214 0.015816000988583136 0.004960235389503432
1 0.28829992977341357 0.7225748348236058 0.024265170950527094 0.02072160308425506
1 0.2889378942216003 0.49616233928783265 0.021076503954332713 0.0191045560063543
1 0.28813803406893845 0.22839814082996024 0.019450336958138338 0.0175147824674041
1 0.5392164895455146 0.8298343612052254 0.019259335969555202 0.012827282467404189
1 0.7361961906850095 0.26819961161226236 0.019514003954332716 0.019077282467404012
1 0.038204359658370275 0.26945338352306425 0.022511669961943915 0.016006829545304767
2 0.1847583660841609 0.2364481944006827 0.022384335969555115 0.012881829545304768
1 0.5491100957810249 0.7211451538188991 0.009566000988583312 0.004851141233702094
1 0.5703285211801761 0.6793979845820198 0.009566000988583312 0.004851141233702094
1 0.537704363575522 0.6370292524389273 0.012754667984777512 0.006468188311602674
1 0.4864429525108266 0.6113804159937637 0.012754667984777512 0.006468188311602674
1 0.38591105330912934 0.5303816063339613 0.006504667984777513 0.006359094155801337
1 0.33426764026726763 0.5141077698887976 0.009629667984777513 0.0064136412337020944
1 0.3888848615983556 0.6489952386392096 0.009629667984777513 0.0064136412337020944
1 0.41708014026726764 0.5126622723244296 0.006504667984777513 0.006359094155801337
1 0.7155322277196975 0.4879354131543899 0.00975700197716627 0.009538641233702095
1 0.6975435730807928 0.4312587191607443 0.006504667984777513 0.006359094155801515
1 0.6347889050960152 0.4385996607187579 0.009629667984777513 0.0064136412337020944
1 0.8585089534994097 0.6002018137235827 0.009757001977166623 0.009538641233702095
1 0.859209290457548 0.5830143137235828 0.00975700197716627 0.009538641233702095
1 0.6947408611412451 0.2509672471639215 0.009629667984777513 0.0064136412337020944
1 0.6970647065023403 0.1939359971639215 0.006504667984777513 0.006359094155801337
3 0.4346721358558243 0.13840261201600415 0.017633168973360824 0.01123750892845372