4 0.34659827679665034 0.5127480589778255 0.033795145861557074 0.019895837748947896
4 0.2883387194697041 0.4873189838427493 0.031079581637205766 0.027599210344286362
5 0.5041794826986872 0.6328844881039185 0.021131371551297563 0.016334328130301046
4 0.517796088873295 0.2379911395551973 0.02918953301668683 0.021294646641955416
4 0.5569448773170487 0.404680131750649 0.021131371551297563 0.016334328130301046
5 0.6133464427845954 0.6476141654159129 0.020967597241038048 0.013209328130301045
5 0.5969280681810801 0.3343329154159129 0.013236984396167805 0.014499009618646853
3 0.6986598230423201 0.6833458234906138 0.021131371551297563 0.016334328130301046
7 0.8234573479184064 0.4904093337422328 0.013400758706427495 0.017624009618646852
4 0.7290511714150119 0.29605664381636654 0.01956887155129756 0.01627976442797028
4 0.6971018085701417 0.29650058791858397 0.016443871551297562 0.016170637023308565
4 0.36990297998515365 0.5556721689592921 0.02590075870642732 0.018060519237293703
5 0.2553192588179689 0.6756622320286507 0.01956887155129756 0.01627976442797028
6 0.4007037641334942 0.1761954892850448 0.05517217887824373 0.040917665879249124
0 0.5158673394391219 0.037509989918016996 0.05163774310259513 0.03299603847458739