5 0.8096001754536019 0.46059470430495414 0.018804542154477844 0.010248295285270359
5 0.8008246182720097 0.4922449646440363 0.018804542154477844 0.010248295285270359
3 0.6541496061717612 0.4647107777119869 0.028179542154477665 0.010684942927905538
5 0.42669326844496014 0.22615350765299508 0.014098861436318444 0.00690497146395277
4 0.45903761495235995 0.30509399090377204 0.011028403590796288 0.016134422249741043
5 0.42248651571448564 0.4122365568672068 0.012572722872636888 0.013082196856846907
4 0.4417632356602564 0.4550768742783836 0.018840903590796286 0.01649829528527036
5 0.45276839247250644 0.5771873147250897 0.015688632513557364 0.011665246071058632
5 0.4700286153451433 0.5638867940469252 0.01101931323171641 0.014571922249741043
5 0.4732030914392341 0.6894861075291606 0.018795451795398144 0.008685795285270359
5 0.5343496696980653 0.6507103978520321 0.012572722872636888 0.013082196856846907
5 0.4003968505144204 0.7186513767595829 0.017232951795398143 0.008613020678164496
5 0.44189854928475647 0.7003165996712777 0.018786361436318445 0.007123295285270359
3 0.33916391384433286 0.7722708364367113 0.01727840359079611 0.01642552067816432
3 0.3501564768796577 0.6280478014905233 0.020385222872636888 0.013446069892376044
5 0.28023940749962106 0.5633539088102869 0.011037493949875809 0.017696922249741044
5 0.28934624190677233 0.6090110111676518 0.021929542154477667 0.010393844499482085
5 0.27756385939321504 0.6204943207209457 0.018786361436318445 0.007123295285270359
5 0.8633427989901687 0.4862089803598021 0.018804542154477844 0.010248295285270359
7 0.8290763624182771 0.6033986344125781 0.018804542154477844 0.010248295285270359
7 0.7660956151487517 0.4204448933039181 0.014144313231716587 0.014717471463952591
4 0.758550238979906 0.6433922417323416 0.023492042154477845 0.010466619106587772
3 0.6420349046709507 0.667563949961728 0.018822722872636886 0.01337329528527036
4 0.5628650342576418 0.7165515676205738 0.01883181323171641 0.01493579528527036
4 0.6048985190341354 0.6068105405322685 0.01570681323171641 0.014790246071058633
5 0.3132882568356911 0.5212006420610639 0.018795451795398054 0.008685795285270359
5 0.26504165437636307 0.49064415488134544 0.015697722872636977 0.013227746071058633
2 0.2905143530485032 0.4082297611676517 0.042351126463433086 0.03008991439185813
5 0.15783366325515766 0.39175935277164964 0.021911361436318444 0.007268844499482086
5 0.16543708499632645 0.42733297973612033 0.02036704215447771 0.010321069892376045
5 0.1299490368899204 0.4860016583960022 0.015688632513557323 0.011665246071058632
7 0.07338541950167361 0.5425277942518131 0.0156704517953981 0.008540246071058633
5 0.09314392847866404 0.5025556116629898 0.0187954517953981 0.008685795285270359
7 0.08772465457275483 0.6285551854843072 0.018786361436318465 0.007123295285270359
7 0.09045876913233127 0.6955971362700957 0.015697722872636932 0.013227746071058633
5 0.25930876308220707 0.670549978702663 0.018804542154477667 0.010248295285270359
5 0.23461485275391564 0.21635478432701555 0.015661361436318445 0.0069777460710585435
5 0.5662632659108774 0.535192405709915 0.017242042154477666 0.010175520678164495
7 0.6285678231906656 0.5658751714256807 0.012554542154477665 0.009957196856846906
3 0.18227863047045387 0.6202460717544029 0.017260222872636975 0.013300520678164318
4 0.19236670277735674 0.6314917868082149 0.02036704215447771 0.010321069892376045
4 0.1785445764121195 0.7250791209686147 0.0157159035907962 0.016352746071058633
4 0.1559065071302787 0.7230093527716497 0.01099204215447771 0.009884422249741042
3 0.08140141081927074 0.7756848966091778 0.01260908430895542 0.019332196856846905
3 0.15057359163562584 0.8341651765929672 0.017260222872636975 0.013300520678164673
3 0.3608980132785988 0.7954707419372294 0.017242042154477666 0.010175520678164319
3 0.3085088114832007 0.8057211912752755 0.009456813231716588 0.01449914764263518
4 0.06273829011137425 0.6273758291980011 0.014135222872636933 0.01315497146395277
2 0.4346405611886131 0.6053679727068071 0.020367042154477665 0.010321069892376045
2 0.45237296185254305 0.6451560647250896 0.009447722872636889 0.01293664764263518
2 0.4444741034412867 0.6603636877606189 0.017242042154477666 0.010175520678164495
2 0.43420876913233125 0.6795867227068071 0.015670451795398145 0.008540246071058633
2 0.3340633233870574 0.7092442975615819 0.018822722872636886 0.01337329528527036
2 0.35849569682542837 0.6713975411514411 0.015670451795398055 0.008540246071058633
2 0.3659360129840112 0.6007575554194646 0.012590903590796199 0.016207196856846906
3 0.3081911697962612 0.7260700785788285 0.018795451795398054 0.008685795285270359
2 0.1271280430382405 0.5681420703066609 0.017278403590796198 0.01642552067816432
2 0.09981610929501913 0.5639468759310133 0.014126132513557321 0.011592471463952592
2 0.024034859295019147 0.5674764443756475 0.011010222872636944 0.013009422249741043
2 0.09725873585664813 0.6007747878416723 0.012545451795398099 0.008394696856846906