5 0.6233781879012703 0.6715276255796704 0.012772735389503253 0.015697722872636887
7 0.6222151083559655 0.6496480804001304 0.015734094155801515 0.006340903590796287
7 0.623280956165215 0.5316975111182897 0.015734094155801338 0.006340903590796287
3 0.6275808981302656 0.4200151225546083 0.022120461850553143 0.01418976502711473
3 0.6521814776755704 0.4420310231203423 0.02368296185055314 0.014198855386194253
5 0.6855240373353728 0.3383293061996337 0.021984094155801336 0.006377265027114642
7 0.7386314464259822 0.3823838332288009 0.015734094155801515 0.006340903590796199
3 0.5592655004037418 0.31025378229372447 0.015897735389503433 0.0157159035907962
5 0.481982025971287 0.4027634691602038 0.009702282467404188 0.018804542154477667
5 0.4678746615229462 0.44486461074894745 0.020448867694751627 0.007930674668035032
5 0.481083773535655 0.4855623336215844 0.022011367694751628 0.007939765027114732
4 0.4410451546230874 0.5189197342855143 0.009647735389503254 0.015679542154477845
4 0.5846570125786064 0.37758218285945855 0.015788641233702095 0.009465903590796198
2 0.610864956572252 0.35742421896381205 0.012800008928453722 0.01726022287263689
2 0.6189268725627204 0.3270054659387499 0.02379205600635448 0.020448855386194252
2 0.501920199265356 0.6052026679305398 0.025409103084255237 0.023582945745273774
2 0.4730315401747466 0.5612890414671067 0.015843188311602675 0.01259090359079611
4 0.5178882982924213 0.44593675223949525 0.016006829545304767 0.02196590359079629
7 0.4822081225627204 0.3262100595192834 0.011128414772652384 0.011001132513557365
3 0.3741268413131323 0.2654311199223296 0.025163641233702093 0.009520445745273864