5 0.8318916059436845 0.45869432157198214 0.020457950668363624 0.013564533016686831
5 0.8206904766072753 0.48077736148607386 0.01110113200190881 0.014635710085908294
5 0.8476796906031392 0.5126791367008445 0.023564769334818082 0.012165807326946165
5 0.8226705999363666 0.5121501922187685 0.012590906667727353 0.00846759724103805
5 0.7876047092616396 0.569723674805914 0.02361931333545435 0.016853307326946166
5 0.7725064205920035 0.5908207468321812 0.021984088001272717 0.010521420171816587
5 0.7704075712524128 0.6368326096770515 0.015861357336090797 0.021131371551297563
5 0.7217342612587763 0.5873781642904644 0.01885908800127254 0.010357645861557074
5 0.7011217692552764 0.6120948812737776 0.01729658800127254 0.010275758706427319
5 0.7427285612667303 0.529848947307151 0.017351132001908985 0.01496325870642714
5 0.879900202578004 0.699636904113699 0.01885908800127254 0.010357645861557074
5 0.7669911225732315 0.728897278944357 0.02043976933481808 0.012002033016686653
5 0.7994121765595503 0.8314391027796466 0.020457950668363624 0.013564533016686652
3 0.7789542258911869 0.8428745697629598 0.02512726933481808 0.0122476944820761
5 0.7841866185550961 0.863473674805914 0.01733295066836362 0.013400758706427495
5 0.7503383298854598 0.8835881009706241 0.01424431333545435 0.01636198439616763
5 0.7151820798854598 0.8817456399802047 0.01733295066836362 0.013400758706427495
5 0.6870843518857781 0.8779279211878693 0.023582950668363623 0.013728307326946165
3 0.6293905778962776 0.7975134028705038 0.03928067600254544 0.020797178878243727
5 0.5606582118873689 0.8595763116223594 0.014226132001908986 0.014799484396167628
5 0.5061156152132782 0.9114387047703829 0.018859088001272718 0.010357645861557074
5 0.5091502558880052 0.8521865355030777 0.017351132001908985 0.01496325870642714
5 0.49209911588959604 0.8395670267966505 0.017387494668999894 0.018088258706427496
5 0.5105951245624138 0.7951962290806425 0.022038632001908986 0.015208920171816586
5 0.6120490839035954 0.7426654505865115 0.01424431333545435 0.01636198439616763
5 0.6139570292409589 0.7130598377416412 0.023564769334818082 0.012165807326946165
5 0.5861325685869128 0.6185761753717408 0.022020450668363622 0.013646420171816586
5 0.5607876705920034 0.5797250373120999 0.017351132001908985 0.01496325870642714
5 0.5774302779280942 0.5602723524409623 0.017351132001908985 0.014963258706427318
5 0.5214615412555945 0.6003341084338562 0.023564769334818082 0.012165807326946165
5 0.4797825712524128 0.6216015988229178 0.022020450668363622 0.013646420171816586
5 0.4380581479153675 0.6467753392119793 0.017351132001908985 0.014963258706427318
3 0.24478250461491147 0.3943110012431954 0.02674431333545444 0.017017081637205854
3 0.17203644263209247 0.2638588613745322 0.029832950668363535 0.014055855947465279
3 0.21281324725495815 0.5888488952957301 0.025163632001908985 0.015372694482076099
3 0.27671047322568676 0.8079540993887445 0.026707950668363623 0.013892081637205678
3 0.46422011123491363 0.7497708644267499 0.02674431333545435 0.017017081637205677
1 0.6522313779440025 0.4469335487320606 0.023655676002545433 0.019978307326946165
1 0.7052990972310956 0.7905474298942966 0.014153406667727353 0.008549484396167628
1 0.13372682594686608 0.39865326322898303 0.025290901336727158 0.02631019448207601
5 0.6634239639560929 0.35840331524040403 0.011101132001908987 0.014635710085908294
5 0.7335097446292289 0.314391043643678 0.01729658800127254 0.010275758706427319
5 0.7725166059436844 0.45558260967705155 0.011137494668999891 0.017760710085908293
5 0.6604711392823205 0.4106242345077094 0.018840906667727354 0.008795145861557075
5 0.6708995619430481 0.4549474445936177 0.014189769334818081 0.011674484396167806
5 0.6833177459420936 0.46263379183465575 0.01731476933481808 0.01183825870642714
5 0.6156495352880476 0.36606200700894664 0.017296588001272716 0.010275758706427319
5 0.5608444039624563 0.3061237630018404 0.018859088001272718 0.010357645861557074
5 0.5455466679662744 0.2771798914505429 0.01424431333545435 0.016361984396167806
5 0.5298574859564111 0.3490582134768102 0.017296588001272716 0.010275758706427319
5 0.5399137386219112 0.35818422998515365 0.011101132001908987 0.014635710085908294
5 0.5829092132797753 0.4253208203287867 0.01731476933481808 0.01183825870642714
5 0.6140501252785026 0.4363335634313817 0.021984088001272717 0.010521420171816587
5 0.5991609219446389 0.4394618854576491 0.018840906667727354 0.008795145861557075
5 0.6206813859405027 0.47107705562946567 0.011137494668999891 0.017760710085908116
5 0.6089626359405027 0.4704629019659925 0.01111931333545435 0.016198210085908292
5 0.5963353666056846 0.4807453047249545 0.01885908800127254 0.010357645861557074
5 0.570054677275639 0.4551344730877487 0.020457950668363624 0.013564533016686831
5 0.5398768286123661 0.42853767356271855 0.018859088001272718 0.010357645861557074
5 0.49998762527850255 0.43035580110690985 0.011101132001908987 0.014635710085908294
5 0.5488427486075936 0.4641852464934971 0.012663632001908986 0.01471759724103805
5 0.5759046879376392 0.4898370217082677 0.01893181333545435 0.016607645861557073
5 0.4570279659452752 0.4273226543408416 0.014226132001908986 0.014799484396167628
5 0.4766233979551385 0.3556490502023987 0.012663632001908986 0.01471759724103805
5 0.45569327995704745 0.34048107360814706 0.014189769334818081 0.011674484396167806
5 0.47322677263686497 0.24446588873700942 0.011101132001908987 0.014635710085908294
5 0.4728364213080921 0.21083119515944454 0.01885908800127254 0.010357645861557074
3 0.4139244979710468 0.23510417684207888 0.02354658800127272 0.010603307326946254
5 0.35225919728677485 0.3616390213695834 0.022020450668363622 0.013646420171816586
5 0.42026430995386577 0.36207611261772765 0.02043976933481808 0.012002033016686831
5 0.42124500728041153 0.4121579997728574 0.02043976933481808 0.012002033016686653
5 0.31465919995227487 0.3682674796464694 0.022020450668363622 0.013646420171816498
5 0.31191655529918344 0.26806276175864496 0.018859088001272718 0.010357645861557074
5 0.32574324530554677 0.2218838025772479 0.014226132001908986 0.014799484396167805
5 0.228494980625411 0.31606649253676816 0.009574994668999892 0.017678822930778538
5 0.14025009329250188 0.30831486827193716 0.011064769334818082 0.011510710085908293
5 0.11580407662318382 0.32657686736742597 0.009520450668363534 0.012991322930778537
5 0.12343476328772937 0.34261130314307475 0.01571590666772722 0.008631371551297562
5 0.1646864719525931 0.3580625627540132 0.01729658800127267 0.010275758706427319
5 0.06660405529918338 0.255206478403274 0.021984088001272672 0.010521420171816587
5 0.06762111529282004 0.30216336555840373 0.018859088001272672 0.010357645861557074
3 0.030021117958320097 0.3087918238352897 0.020512494668999893 0.018252033016686743
5 0.05539328795354759 0.34529921189493057 0.017314769334818125 0.011838258706427318
5 0.09668135928550219 0.357625471505869 0.01729658800127267 0.010275758706427319
5 0.05053251794241174 0.42712574400710623 0.021984088001272672 0.010521420171816587
5 0.07472399594209359 0.4307387449116174 0.014226132001908986 0.014799484396167628
5 0.0511319546069573 0.442791687584671 0.012681813335454439 0.01628009724103805
5 0.07683138860600279 0.45117407564431194 0.011137494668999891 0.017760710085908116
5 0.10254900393859372 0.45799396370395284 0.014189769334818081 0.011674484396167629
5 0.15509274860759364 0.4435496834007996 0.018859088001272672 0.010357645861557074
5 0.1609978506126843 0.4063362884437537 0.011137494668999891 0.017760710085908293
5 0.07025412460218479 0.4789715270237929 0.018859088001272672 0.010357645861557074
5 0.040657531269912006 0.4696031710763277 0.011119313335454439 0.016198210085908115
5 0.04354617393382122 0.4900794453865872 0.023564769334818114 0.012165807326946165
3 0.41049841128263875 0.3951785396869491 0.032976132001908985 0.01578213025772488