7 0.8979161945936177 0.7059004136866325 0.022611984396167628 0.01482639183263199
3 0.8729261606724197 0.660577990002835 0.027790807326946165 0.02436508293962447
3 0.9021068911118586 0.3543478373704298 0.025573210085908116 0.011810519237293704
5 0.5343162827895441 0.46393608066218983 0.01940509724103805 0.013154764427970278
5 0.617768349161602 0.7319891654159129 0.021377033016686652 0.021021828130301047
3 0.4161494589542545 0.42627733483854113 0.025736984396167804 0.014935519237293703
7 0.4272153544771273 0.22079122667117307 0.011920145861557074 0.019131945916315996
3 0.5218074802122963 0.13597477176918243 0.02269387155129756 0.01638889183263199
7 0.2025063608087053 0.38216520317271013 0.01628009724103805 0.013045637023308566
5 0.25034739653892557 0.47663445498680873 0.02072193577564878 0.008521828130301046
7 0.28070436114738956 0.6094841605217715 0.01784259724103805 0.01310020072563951
7 0.5673688794647553 0.6779812224948218 0.019077548620519025 0.006904764427970278
7 0.7555925757558536 0.7578572393698628 0.017678822930778538 0.00997520072563951
7 0.4642383989137747 0.3320387507177902 0.016116322930778536 0.009920637023308565
7 0.4204374892574078 0.37417912149902993 0.01940509724103805 0.013154764427970278
7 0.34611799920703046 0.6375025223173366 0.006986984396167806 0.014280754809323426
7 0.33073201661988505 0.6712773215916972 0.012991322930778537 0.009811509618646852