2 0.8414705995425005 0.4724428250207781 0.03993532218833344 0.039091674904859805
4 0.18812739399541706 0.48968062943003376 0.020603440729444422 0.013327670950527093
4 0.6159952080156252 0.3267960384803817 0.017369337955902786 0.008512836958138337
2 0.838404070191563 0.6766674100017501 0.025327308320625262 0.015081171939110228
2 0.3747955118709381 0.6814821743733871 0.030342116641249993 0.029334672927693362
2 0.3358791354460423 0.7229494327763442 0.02703527868534721 0.021394838935304604
2 0.280392201650452 0.7244283611412451 0.025472778685347208 0.021331171939110403
2 0.2337093848773614 0.3314251190499104 0.039789851823611146 0.032841674904859806
2 0.3400873246568753 0.366190096806789 0.023983013867708357 0.02439250494291585
2 0.3183759788171878 0.37411268475351045 0.02256598423243057 0.03057883794672147
2 0.4421583177230211 0.35030115855605637 0.025545513867708182 0.024456171939110226
2 0.4481543977951392 0.37273457406937605 0.023801175911805573 0.01658000494291585
2 0.4728459264804865 0.39206023562836295 0.03019664627652787 0.02308467292769345
2 0.45996471998347255 0.4097889050960153 0.023983013867708357 0.02439250494291585
2 0.4725192713702434 0.41162331912646016 0.025254573138263937 0.011956171939110406
2 0.46430803428802125 0.46200532110362647 0.030160278685347208 0.021522172927693362
2 0.47471885742628517 0.4725289856283629 0.026962543502986235 0.018269838935304605
2 0.6044972764042364 0.47115087494422847 0.022129573138263935 0.01182883794672147
2 0.8108044406325352 0.5995929154389575 0.031904616641249814 0.029398339923887917
1 0.468524062023438 0.5087529871112377 0.028452308320624908 0.015208505931498983