3 0.7389307824508599 0.2507307367284892 0.01561835594746519 0.03026050296574958
3 0.5525019595200813 0.23377936418135664 0.013728307326946165 0.023946835969555203
3 0.5495750333553711 0.2671821131927735 0.017017081637205677 0.027199169961943957
5 0.5304498971047524 0.2890106922422464 0.013728307326946165 0.023946835969555203
7 0.7146788121881864 0.3978630633065042 0.014881371551297562 0.01619800296574958
3 0.7004735492978875 0.4838178093521715 0.016853307326946166 0.024074169961943958
3 0.534987990161919 0.405353275246052 0.021131371551297563 0.016452670950527094
3 0.6756173914505428 0.5747956364244781 0.01561835594746519 0.03026050296574958
7 0.3123760057657512 0.3822500617864484 0.014635710085908294 0.01151050296574958
5 0.7169527996365718 0.7090088103407547 0.015127033016686654 0.02088550296574958
5 0.6648447450231589 0.755999215473951 0.018333920171816585 0.022575336958138337
7 0.5155607179993661 0.6742969348278726 0.013728307326946165 0.023946835969555026
7 0.4395371285602442 0.6517096690105418 0.013564533016686652 0.020821835969555023
7 0.46063420058651144 0.6377572569572634 0.016771420171816587 0.02251166996194378
7 0.5974016174789677 0.7930097841433006 0.010275758706427319 0.017569501977166446
5 0.49926409486618883 0.18483518680503894 0.011838258706427318 0.017633168973360737
3 0.36379242084918506 0.48569073817418296 0.017924484396167804 0.014762836958138337
2 0.6416994148562912 0.5523648795043958 0.018333920171816585 0.022575336958138337
2 0.6944592446844747 0.5326863908731024 0.011510710085908293 0.011383168973360825
2 0.6825014772716201 0.49789755539783886 0.010030097241038049 0.012882001977166269
4 0.580174337402957 0.41966778463759213 0.013564533016686652 0.020821835969555204
4 0.48008912822155986 0.42884251338305396 0.014963258706427318 0.017760502965749582
4 0.4602745952048731 0.40776600942872127 0.013236984396167805 0.014571835969555025
2 0.40133228516439334 0.30947574806001465 0.016689533016686832 0.02094916996194396
2 0.7687444352098218 0.23947224315427987 0.016853307326946166 0.024074169961943958
4 0.7346903397778062 0.27394540224180886 0.011510710085908116 0.011383168973360735
2 0.7496845759829963 0.3369229047132668 0.008549484396167628 0.01438083498097189
4 0.6708911906368888 0.38048722091115844 0.014963258706427318 0.017760502965749582
4 0.640330587402957 0.4221189639910762 0.008549484396167628 0.014380834980972068
4 0.6587973043862702 0.40260230144350617 0.011674484396167806 0.014508168973360824
7 0.7158097014910226 0.6723218938388518 0.01471759724103805 0.013073002965749581
7 0.5972710634313817 0.6417656191242725 0.010193871551297562 0.016007001977166268
3 0.500979239596092 0.6043200158545119 0.0122476944820761 0.025445668973360824
3 0.7914427080497434 0.41970091262193227 0.017924484396167804 0.014762836958138337
3 0.61293592774659 0.4646592910633828 0.017760710085908293 0.011637836958138336
3 0.6595199214150119 0.29738821942828364 0.013236984396167628 0.014571835969555202
3 0.7756915552907813 0.4315324091618911 0.01652575870642714 0.01782416996194396
3 0.467753981794176 0.6099824254363325 0.013646420171816586 0.022384335969555025
3 0.7120495364075887 0.5708230608350462 0.012165807326946342 0.023883168973360826
3 0.5109451390756938 0.7201041833449978 0.0216226944820761 0.02582767095052709
3 0.8999965937345351 0.601868766880276 0.01372830732694652 0.023946835969555203
7 0.7568618266603648 0.7862544012532258 0.010357645861557074 0.019132001977166267
3 0.39130766847433585 0.6388303256266129 0.019732645861556986 0.01951400395433254