4 0.3824439235627185 0.5424722836684666 0.011838258706427318 0.017251132513557366
4 0.4037800130018404 0.5618853590004316 0.013564533016686831 0.020385222872636888
4 0.41181384102100155 0.4915046813073344 0.011674484396167629 0.014126132513557366
4 0.5481198332190855 0.49774507006740765 0.011756371551297561 0.015688632513557364
4 0.5908871873575284 0.47874054001317834 0.013400758706427318 0.01726022287263689
4 0.5925758401164904 0.46622690447455895 0.01183825870642714 0.017251132513557366
4 0.5475090015818797 0.47117802488786786 0.016443871551297562 0.01571590359079611
4 0.5482526300305821 0.4555439345287883 0.011674484396167629 0.014126132513557366
4 0.5219424355485062 0.4306893802740621 0.019732645861557076 0.01885908430895533
4 0.526091024987628 0.4502024495559029 0.013564533016686831 0.020385222872636888
4 0.5008863070998036 0.44644164530117686 0.011838258706427318 0.017251132513557366
7 0.45578184701389546 0.43576322053494587 0.013564533016686652 0.020385222872636888
4 0.593414643825392 0.3927621333973201 0.015127033016686654 0.020394313231716497
3 0.6430538749421995 0.5347041937021704 0.01668953301668665 0.020403403590796287
5 0.45299768373948385 0.3826382205349459 0.013564533016686831 0.020385222872636978
4 0.5971361080951718 0.29974338642238224 0.011674484396167629 0.014126132513557366
4 0.6145570607178483 0.5426848653451433 0.014963258706427318 0.01726931323171641
4 0.5064513116223595 0.5675399404807167 0.013318871551297563 0.015697722872636887
4 0.4681546149925769 0.26923425068737106 0.01636198439616763 0.014153403590796199
3 0.715713446968467 0.5194331968254284 0.0169351944820761 0.02509090359079611
3 0.6877821195151326 0.38908716667300325 0.021131371551297563 0.015743174668035032
1 0.49604391960598965 0.21983823868531852 0.00846759724103805 0.012545451795398056
1 0.5550780828804012 0.27263598575845227 0.011428822930778538 0.009438632513557366
1 0.598446302577248 0.3247433864223822 0.010111984396167806 0.014117042154477667
1 0.6382424649471483 0.3534269226249315 0.008631371551297562 0.015670451795398145
2 0.5751316333099424 0.32722349180857646 0.014799484396167628 0.014144313231716587
1 0.6648702419709412 0.4290763624182771 0.008549484396167628 0.014107951795397967
1 0.4136363698538169 0.6157507023845733 0.013073210085908293 0.011010222872636888
4 0.6359340937345351 0.5628791906771082 0.011674484396167629 0.014126132513557366
4 0.600324142355054 0.5693382689359395 0.014799484396167805 0.014144313231716587
2 0.44568755201142096 0.5264745789462022 0.011510710085908116 0.011001132513557365