5 0.3983168473010806 0.3480823589723934 0.02094916996194396 0.016571069892376132
1 0.14907819266217587 0.27933439722835035 0.016389003954332716 0.019477746071058632
1 0.4161436758562619 0.3716119042576637 0.019514003954332716 0.01962329528527036
1 0.43831976479156654 0.34603186145359277 0.02244800296574958 0.015081344499481997
1 0.4407391106469534 0.2866568614535928 0.022639003954332715 0.019768844499481998
1 0.25905939323301713 0.5192766546719485 0.019577670950527093 0.02118579528527036
1 0.16645410467827335 0.6981229385846792 0.014444501977166357 0.010029971463952769
1 0.570806023651634 0.7059976745215433 0.028889003954332537 0.020059942927905538
1 0.35366896730239317 0.9635789263835702 0.04346083992388783 0.03321491439185813
1 0.329938284526049 0.6431187231165826 0.01281833498097198 0.008394696856846906
1 0.33054577958313314 0.6666289977236884 0.009820668973360735 0.011374147642635179
1 0.33486320646515927 0.6183006596343472 0.01125583498097198 0.008321922249741043
1 0.21412753110318894 0.2580994061196905 0.017569501977166356 0.010175520678164407
1 0.30195391148462486 0.8304539032242065 0.01281833498097198 0.008394696856846906
1 0.536539747491361 0.43279346091547344 0.014444501977166268 0.010029971463952592
1 0.1335420814837498 0.41089261228216234 0.009820668973360735 0.011374147642635179
1 0.07374922330825429 0.1302376176588458 0.013009335969555136 0.013082196856846862
1 0.2514192840689385 0.24574710938667818 0.017696835969555114 0.013300520678164406
1 0.5608141887078432 0.31729689350429674 0.0176968359695552 0.013300520678164496
2 0.68534200342286 0.4115456612869771 0.01626166996194378 0.016352746071058633
2 0.19568932403219494 0.845072867244561 0.04853034190105419 0.042808238213175545
2 0.3948311140698135 0.6641440066150286 0.027262836958138338 0.018424668320799496