3 0.6186894109914725 0.7453225503179997 0.03018760517284953 0.01874335594746519
3 0.46984508254080026 0.6584477493226315 0.025409176959604096 0.015372694482076099
3 0.38594745566033845 0.6792759056996381 0.022420569279472245 0.019896420171816587
3 0.3913683930447839 0.7580183813893786 0.02380121285298138 0.013728307326946165
3 0.5029878546441241 0.7756418933751662 0.023892141066226814 0.016853307326946343
3 0.5980897544858396 0.7096273897571216 0.028534176959604095 0.015536468792335612
3 0.7208379665473982 0.4105613687262224 0.020948997492717503 0.02293953301668683
3 0.7782101973470683 0.4192912375639864 0.02223871285298138 0.013646420171816586
7 0.8127814256394558 0.4511244137286968 0.015806856426490868 0.007068871551297562
3 0.6795082728947466 0.388471684759596 0.026971676959604098 0.015454581637205856
3 0.6592017845732292 0.44352435493141246 0.019341033386094962 0.021295145861557074
3 0.6680599590255507 0.4790524191557637 0.016216033386094786 0.021131371551297563
3 0.6223118868430847 0.3320036787667021 0.023755748746358663 0.012165807326946254
3 0.8107595875553653 0.5967644623492158 0.025545569279472248 0.020060194482076098
3 0.2516730587216169 0.8780110560837509 0.022147784639736122 0.010521420171816587
3 0.13146322947952188 0.48448346336526865 0.016216033386094876 0.021131371551297563
3 0.42839806545204145 0.4978720974681806 0.025409176959604096 0.015372694482076099
3 0.8473001442984252 0.723169832091491 0.017687605172849175 0.018088258706427142
3 0.22809052540202907 0.3902211290145293 0.0193864974927175 0.022857645861556985