7 0.22316885835838313 0.5021518471291677 0.016262036831702888 0.01184755261671846
4 0.47212708702934697 0.22504112848743726 0.016171031570031146 0.01028505261671846
4 0.48677341595442475 0.202377173211648 0.014699536831702886 0.011756547355046632
4 0.47458422909448694 0.1828536284874373 0.016262036831702888 0.011847552616718503
4 0.8368288109327493 0.47753315181202477 0.02122255261671846 0.016808068401734034
4 0.7395380400272362 0.6270788545275653 0.017733531570031148 0.010376057878390377
4 0.5193389320923762 0.5719231047393268 0.0197510578783902 0.018279563140062294
4 0.4011958768448217 0.581503960113938 0.017915542093374804 0.0135010578783902
4 0.4765276187405524 0.36483167058081206 0.017915542093374627 0.013501057878390376
4 0.45689838722699105 0.4326716179640936 0.017824536831702886 0.0119385578783902
4 0.4507170056851949 0.4715066048099139 0.014699536831702886 0.01175654735504672
4 0.5429114819370844 0.4094609020943734 0.017915542093374804 0.0135010578783902
4 0.4124882345679203 0.401080712744774 0.017915542093374804 0.013501057878390376
2 0.5519694215690325 0.5769592152344357 0.027563557878390377 0.018734589448421345
2 0.6708096978068046 0.5015713493364806 0.018188557878390375 0.0181885578783902
1 0.5672744451053815 0.421854486281123 0.008540542093374803 0.01295502630835923
1 0.24954237158314987 0.5742389497317688 0.013137036831702887 0.011665542093374804
4 0.4777191214419755 0.4385876889966635 0.017733531570031148 0.010376057878390198
4 0.3076565213996233 0.38400035758192425 0.014699536831702886 0.011756547355046632
4 0.257833013718877 0.6068617339326356 0.014699536831702886 0.01175654735504672