3 0.28047426820409 0.22501599196372896 0.021495568401734035 0.020548857336090798
5 0.3439830313582696 0.22818589795513847 0.010558068401734034 0.020421588001272716
5 0.34672089448421434 0.2617705572883657 0.014699536831702886 0.011101132001908987
5 0.302493481372387 0.21381486262731997 0.012120568401734033 0.02043976933481808
7 0.4386438129988878 0.16219672394177542 0.011938557878390377 0.01731476933481808
5 0.28462968913783787 0.3500523546308198 0.01074007892507769 0.02354658800127272
7 0.2453312416839692 0.440414272636865 0.008904563140062206 0.018840906667727177
4 0.19822248130179984 0.28929721530872843 0.014229099971765136 0.029832950668363535
3 0.33655693920842505 0.2751790766231838 0.02113154735504663 0.014298857336090797
3 0.43035941809115047 0.34210239994432073 0.01726309471009326 0.02830681333545453
3 0.47277516026922994 0.2649944599379574 0.018734589448421345 0.02676249466899989
7 0.437247912970653 0.1919205866088663 0.010558068401734034 0.020421588001272674
4 0.5592517155873715 0.2061365332590943 0.02158657366340595 0.0221113573360908
4 0.6092293287839035 0.1649024585853219 0.012120568401734033 0.02043976933481808
7 0.6151376945406841 0.19923200525145832 0.015245568401734032 0.020476132001908988
5 0.5674807155167843 0.2803098299252307 0.013865078925077868 0.023582950668363623
5 0.668231873437527 0.2517752025780041 0.01689907366340595 0.022056813335454527
7 0.7031760208349259 0.22087919123968613 0.019751057878390377 0.017405676002545344
5 0.4298357733245874 0.3733796719446389 0.015336573663405772 0.022038632001908986
7 0.23646301785115412 0.5968733579726375 0.008722552616718459 0.015715906667727354
5 0.3086264441877482 0.5741438352960018 0.015154563140062116 0.018913632001908987
3 0.3127447967903493 0.6045853132956835 0.014047089448421434 0.026707950668363623
4 0.28782809677623183 0.6197290552991834 0.020297089448421436 0.026780676002545432
4 0.22261262045375516 0.6275239213080921 0.014411110495108837 0.03295795066836362
4 0.16826602567307472 0.6742812899825008 0.017172089448421433 0.026744313335454527
5 0.24672422561660498 0.7327835859723194 0.012120568401734033 0.02043976933481808
5 0.30602363090651175 0.703949513964047 0.01386507892507769 0.023582950668363623
7 0.3047565334949953 0.7493074672979108 0.012211573663405861 0.02200226933481808
7 0.3878343440042216 0.7663216972867749 0.013501057878390376 0.01733295066836362
7 0.27042703612583124 0.7504887066359105 0.014790542093374803 0.012663632001908986
7 0.42730563865784515 0.8534217079487749 0.01377407366340595 0.022020450668363622
7 0.5342473414439729 0.6895671985996394 0.0119385578783902 0.01731476933481808
7 0.5492275993364806 0.6917382259309577 0.01764252630835923 0.008012494668999892
3 0.4283151308359245 0.7767955732813661 0.016808068401734034 0.020494313335454352
5 0.5445863309912162 0.6120507259309578 0.01800654735504672 0.014262494668999893
5 0.6351805098880592 0.6641575712524128 0.016262036831702888 0.011119313335454527
4 0.6375704915427949 0.5843882552514582 0.01735409997176518 0.02986931333545435
4 0.7116065019955513 0.6609229359086861 0.017081084186749605 0.02518181333545435
7 0.7535510782897932 0.6831064712365045 0.016899073663405772 0.02205681333545435
5 0.6993024650226741 0.7986592932447769 0.011938557878390377 0.01731476933481808
5 0.7615441307653373 0.8471871525700501 0.01497255261671846 0.01578863200190881
7 0.8373422493647155 0.6586780885582777 0.015427578925077868 0.023601132001908987
7 0.8105144388554892 0.6410093305617776 0.015245568401734032 0.020476132001908988
3 0.8196534914016205 0.7308076272279139 0.014047089448421701 0.026707950668363623
7 0.5455719783180281 0.6558189072645032 0.01230257892507769 0.023564769334818082
7 0.5569190019955513 0.6627228879296851 0.010376057878390198 0.01729658800127254
7 0.4897671122788987 0.9191461579408209 0.010558068401734034 0.02042158800127254
7 0.47169194646564827 0.944373424610139 0.012120568401734033 0.02043976933481808
4 0.8082140044146258 0.8833877345640048 0.018188557878390556 0.017387494668999894
7 0.7812680126600695 0.5147013692314137 0.016990078925077867 0.02361931333545435
5 0.6697404365070019 0.3447894059118677 0.014047089448421346 0.026707950668363532
5 0.7612446680205633 0.4125212512333228 0.017915542093374804 0.012699994668999893
5 0.752037726040128 0.2812894325668682 0.015154563140062116 0.018913632001908987
4 0.7257713576525114 0.24641499323682262 0.015427578925077868 0.023601132001908987
7 0.5783782310900383 0.5076808519255488 0.013865078925077868 0.023582950668363623
7 0.525412854809914 0.4707717452657758 0.018461573663405773 0.02207499466899989
5 0.4390728073842801 0.5319734219446389 0.015154563140062294 0.018913632001908987
5 0.5317909284027327 0.5668564045990031 0.015245568401734032 0.020476132001908988
4 0.21156943366440456 0.5721460779758193 0.020206084186749608 0.025218176002545434
4 0.379120954711092 0.5764506752864567 0.015245568401734032 0.020476132001908988
0 0.311860047072698 0.3075194092934564 0.02994510523343692 0.031577264003817974
6 0.6241611679499762 0.4883854119191856 0.04343075256024882 0.07545453333863605
4 0.6838161599868812 0.5596149745783222 0.026638094710093263 0.028415901336727067
4 0.59945032331047 0.3862598379217309 0.017172089448421347 0.02674431333545444
4 0.36451606826055966 0.16462283728518404 0.01386507892507769 0.023582950668363533
4 0.38532909719975483 0.17298022994909326 0.01699007892507769 0.023619313335454438
4 0.31289963133003473 0.2582552059595927 0.018370568401734032 0.020512494668999893
1 0.499054023112826 0.595381393937003 0.011665542093374804 0.012627269334818081
1 0.446967878346263 0.6272586499443207 0.008813557878390199 0.017278406667727352
1 0.39468504152867745 0.6020682932845477 0.008540542093374803 0.012590906667727175
1 0.49839459947765496 0.5437916219366847 0.008631547355046721 0.014153406667727353
1 0.649707928543907 0.41694621658182207 0.008540542093374803 0.012590906667727175
1 0.6484254205808121 0.4888848512492311 0.011574536831702887 0.011064769334818082
1 0.5128225785721419 0.3888314019335031 0.008449536831702886 0.011028406667727175
1 0.5086363365352369 0.31695640193350305 0.01019404735504672 0.014171588001272717
4 0.4371708602127601 0.32482399327659356 0.013592063140062293 0.018895450668363623
1 0.5868754576242765 0.27773881325591265 0.011574536831702887 0.011064769334818082
1 0.5489446912039765 0.9419109485996394 0.0067960315700311465 0.009447725334181811
1 0.6664059360128918 0.8647115545830948 0.006887036831702886 0.011010225334181811
1 0.3073208203972854 0.6859534919637289 0.010103042093374804 0.012609088001272539
4 0.5159945392507774 0.2285297012651395 0.017824536831702886 0.011137494668999891
7 0.5930729787415511 0.20965188458786727 0.01488154735504672 0.014226132001908986
1 0.610195191415738 0.7183910852562307 0.008540542093374803 0.012590906667727353
1 0.79721996537561 0.42617467122855024 0.011665542093374625 0.012627269334818081
1 0.7693749574125149 0.4984223885662319 0.008358531570031146 0.009465906667727352
1 0.7177614365775892 0.2699615812380953 0.011574536831702887 0.011064769334818082
1 0.7382790629283007 0.2329792019016863 0.00826752630835923 0.007903406667727176
1 0.5562107445971538 0.14050244259232159 0.011574536831702887 0.011064769334818082
1 0.3671089891943076 0.2896773812858203 0.010103042093374804 0.012609088001272717
7 0.3469862049934406 0.27974839795513845 0.011938557878390377 0.01731476933481808
1 0.28896087336693976 0.33045746996341074 0.008540542093374803 0.012590906667727175
7 0.5720526363799451 0.47961039592618526 0.02167757892507769 0.02367385733609062
3 0.42207096302712266 0.13268194661045712 0.02113154735504672 0.014298857336090797
3 0.540007433876166 0.3455172065961396 0.014047089448421346 0.026707950668363532
3 0.6252267841302798 0.07715701058245841 0.01800654735504672 0.014262494668999893
3 0.846339275814249 0.5178530938892778 0.018006547355046365 0.014262494668999893
7 0.39789885971864997 0.8451643126193659 0.01295502630835923 0.007957950668363623
7 0.7568210204819901 0.5916002239020045 0.008540542093374803 0.012590906667727353