5 0.29460957406937605 0.42086144766563016 0.02094916996194396 0.016808068401734034
5 0.4608420691264602 0.4345613846667423 0.023819501977166268 0.01074007892507769
5 0.5473233971873499 0.4544650900131188 0.014635502965749581 0.01488154735504672
3 0.4714533279865277 0.7862303004799928 0.02401050296574958 0.015427578925077689
5 0.5284275226630509 0.6504146268448217 0.017760502965749582 0.015063557878390199
5 0.5594082672258434 0.6743302689805488 0.016007001977166268 0.01028505261671846
5 0.5229694070360006 0.8034941242139858 0.017760502965749582 0.015063557878390199
5 0.2861471111412451 0.2459902502823487 0.014699169961943958 0.01644404735504663
3 0.0539726452101835 0.4925522500705872 0.01788783695813829 0.0181885578783902
1 0.27986398315690497 0.45757249238984093 0.024137836958138335 0.01855257892507787
1 0.2298825933095668 0.7278163739316371 0.022575336958138337 0.018461573663405773
2 0.12520968076199673 0.714427979094487 0.021012836958138336 0.018370568401734032
1 0.6119721931192863 0.6276225979762138 0.011383168973360825 0.011574536831702887
2 0.6241419292791219 0.6923830479903311 0.004942167984777512 0.0065230157850155734
2 0.6415867558571369 0.7233222348502689 0.008067167984777513 0.006705026308359408
1 0.4081707138795331 0.5412887977785698 0.00975700197716627 0.009921031570031148
1 0.5047459194304713 0.35172649786327426 0.012818334980972068 0.008540542093374803
2 0.6870027321311408 0.8329100664767697 0.03057883794672147 0.02360409997176518
1 0.7893676812562884 0.6734069928839511 0.00975700197716627 0.009921031570031148
1 0.782380193613578 0.6153592744539822 0.008003500988583134 0.00514252630835923
1 0.8224375078343034 0.7034361271271704 0.007939833992388757 0.0035800263083592297
1 0.7127600547920041 0.48769627701423096 0.011383168973360825 0.011574536831702887
2 0.4956866654389575 0.765333971554915 0.004878500988583135 0.004960515785015574
2 0.5582994119789164 0.778054508457205 0.006504667984777513 0.006614021046687313
1 0.3327170691264601 0.44202381612383396 0.008067167984777513 0.00670502630835923
1 0.34978650540002637 0.3482815213996232 0.006504667984777513 0.006614021046687402
2 0.1367479945256115 0.41212973172532286 0.011383168973360735 0.011574536831702887
2 0.2966934085188753 0.8096586371564041 0.006504667984777601 0.006614021046687668
2 0.06057281368925267 0.48359447902389974 0.020885502965749536 0.015245568401734032
1 0.6843154253247893 0.7075838427851291 0.021140170950527094 0.021495568401734035