7 0.21442261094533918 0.3416054030976462 0.017251132513557366 0.011838258706427318
3 0.20780951746300155 0.41311191089956234 0.0235284035907962 0.016853307326946166
3 0.2716765747427898 0.38287553425988224 0.01259999394987581 0.01784259724103805
3 0.32609747179248244 0.7426500039567289 0.020421584308955333 0.01981453301668683
7 0.3817929598886257 0.6502854415413999 0.015670451795398145 0.008631371551297562
7 0.40222363455666077 0.6716624745580868 0.014107951795398144 0.008549484396167628
7 0.5699611012809777 0.7749556501569701 0.012581813231716588 0.01471759724103805
7 0.5496349657423583 0.7715473671402834 0.01414431323171641 0.014799484396167805
7 0.5354542910743232 0.7504978827441157 0.014126132513557366 0.011674484396167629
3 0.6673400953290493 0.7324173473525797 0.026653403590796286 0.017017081637205677
3 0.6506343843602691 0.8143290886461525 0.020403403590796287 0.01668953301668665
3 0.514831677103922 0.4276402368825586 0.023510222872636887 0.013728307326946344
3 0.5485516503693424 0.18260769787297804 0.02041249394987581 0.018252033016686743
7 0.46709257211051114 0.14241206580623095 0.018813632513557367 0.01192014586155703
5 0.677939689400562 0.27217588817118255 0.023510222872636887 0.013728307326946344
7 0.6632504755049157 0.2979604601974499 0.015697722872636887 0.013318871551297563
3 0.927568547320839 0.6242175022592482 0.023510222872636887 0.013728307326946165
7 0.8425946253832786 0.7853387087271119 0.015688632513557364 0.011756371551297561
7 0.7790679356881289 0.7398347789443569 0.012563632513557365 0.01159259724103805
5 0.5504146530998169 0.3685861414505429 0.02040340359079611 0.016689533016686832
5 0.721830069085449 0.1643534220923805 0.018804542154477667 0.01035764586155703
5 0.7938914214465812 0.20015148122834905 0.020394313231716588 0.01512703301668683
5 0.8130095809893056 0.26441537708990615 0.020385222872636888 0.013564533016686831
3 0.3912169151018694 0.39070240162730824 0.01418067466803503 0.021049484396167807
7 0.43840150819142354 0.580618072703636 0.018804542154477667 0.010357645861557074
5 0.5243253726528041 0.5827781162357722 0.012590903590796287 0.01628009724103805
3 0.7013327793668582 0.534259808342999 0.025063632513557366 0.0122476944820761
1 0.3521453247427898 0.3870927227490644 0.03605567466803503 0.022195904567984304
3 0.6123510508368806 0.274986627655733 0.020403403590796287 0.016689533016686832
2 0.8288300237095175 0.2988279986412036 0.04707498789975162 0.03683161465389251
5 0.7497737827847037 0.26891144730715116 0.017242042154477666 0.010275758706427319
2 0.754225975210328 0.4972002216174106 0.045530668617910844 0.03987472749876275
1 0.8348952339909268 0.670126466529028 0.014117042154477843 0.010111984396167806
3 0.6949105834251925 0.6385788161449153 0.015734084308955332 0.01956887155129756
1 0.46881974033563856 0.4392870658062309 0.012545451795397965 0.00846759724103805
1 0.6053849959929792 0.6885578047249545 0.02507272287263689 0.013810194482076099
1 0.6656321495837754 0.7073354601974499 0.009411361436318443 0.006741322930778537
1 0.6485537338927309 0.7251847014910227 0.010982951795398144 0.008385710085908294
1 0.91555734318775 0.17060117932846972 0.020385222872636888 0.013564533016686786
2 0.9569111345566608 0.7007324146291486 0.01726931323171641 0.01496325870642714
7 0.8748571586589616 0.6925270889848367 0.014117042154477843 0.010111984396167806
2 0.8439025953290493 0.7416705958822416 0.018813632513557367 0.011920145861557074
7 0.5481360982559156 0.7824029799851536 0.017251132513557366 0.011838258706427318
7 0.7660805597156751 0.38691781885844867 0.014126132513557366 0.011674484396167806
1 0.3663037943939729 0.5385700135676673 0.012554542154477665 0.010030097241038049
3 0.40126460167376105 0.5068187245580867 0.02977840359079629 0.01718085594746519
2 0.29446918012898404 0.40750039800926363 0.0266534035907962 0.017017081637205677
1 0.5307652284317819 0.347250052011421 0.010982951795398144 0.008385710085908294
1 0.6524624455488821 0.18883444368910654 0.01259999394987581 0.017842597241038004
2 0.5568686652982612 0.26973588364862683 0.012545451795397965 0.00846759724103805
2 0.43501340865896176 0.6694758548158115 0.015670451795397965 0.008631371551297562
7 0.4808486043060398 0.7616943323145743 0.018804542154477844 0.010357645861557074