5 0.588444874872773 0.47693150365674325 0.017896828130301044 0.020612508928453722
5 0.6195014127143882 0.5490013725693109 0.020858137023308566 0.01597955600635448
5 0.6539136182493511 0.5249774914818787 0.01767857332097762 0.014362508928453721
5 0.5034895215147284 0.45030654829901196 0.01778770072563951 0.017487508928453722
5 0.5343997264167191 0.5489252804421044 0.014444445916316084 0.011182961850553142
5 0.5661283868536725 0.624106512585197 0.014608137023308565 0.01587046185055314
5 0.5869319601746502 0.6096894565788427 0.014444445916315907 0.011182961850553142
5 0.4282414956540127 0.5257935178602027 0.016498019237293705 0.025272735389503254
5 0.4045286879421316 0.6011617106360324 0.014717264427970278 0.01899546185055314
5 0.4086284001005165 0.5284781870970819 0.013318455534962937 0.023655688311602675
5 0.4018253285936373 0.49970830479183376 0.013536710344286185 0.029905688311602674
4 0.6903496591710091 0.30884793101129737 0.01967758293962447 0.0268897824674041
3 0.5356820065386039 0.2662627849063314 0.019786710344286362 0.0300147824674041
3 0.6029612757758975 0.2401036595009419 0.01655258293962447 0.026835235389503432
4 0.4543476717848809 0.3371713486233235 0.013263891832631991 0.022093188311602674
4 0.4997048118034143 0.3574605292242885 0.013263891832631991 0.022093188311602674
4 0.5449627481010835 0.35823209659472866 0.017896828130301044 0.020612508928453722
5 0.2584399163425853 0.4694186071447401 0.013318455534962758 0.023655688311602675
5 0.31265370118897556 0.5043878965120031 0.014935519237293703 0.025245461850553142
5 0.26906988149619493 0.4333174659110381 0.01767857332097771 0.014362508928453721
5 0.2911284199707823 0.38296290990468373 0.010193455534962847 0.023601141233702095
4 0.27336796797919855 0.6456129143689106 0.01342758293962456 0.026780688311602675
5 0.3048907864908528 0.6372549435899038 0.016552582939624562 0.026835235389503432
5 0.3910564649839737 0.6068622857171102 0.01800595553496276 0.02373750892845372
5 0.5588565454765275 0.7429110596630977 0.01606150961864685 0.012772735389503253
5 0.5863887792344586 0.8041116124230412 0.017569445916316085 0.01123750892845372
5 0.3482117113557766 0.6934952609603439 0.017896828130301135 0.020612508928453722
5 0.34901280872337137 0.6481963977298191 0.014608137023308565 0.01587046185055314
4 0.3137176933844273 0.4739191465120031 0.010248019237293704 0.025163641233702093
5 0.510704276872206 0.6461548364484588 0.016443455534962938 0.023710235389503433
3 0.37763133812746613 0.8124401298729117 0.013482146641955416 0.028343188311602673
5 0.278100107997732 0.6666112069825844 0.013100200725639333 0.017405688311602673
5 0.6117732143510015 0.7255911461082614 0.01778770072563951 0.017487508928453722
4 0.4756869584453698 0.32977190584749394 0.014771828130301045 0.02055796185055305
7 0.5413292834956279 0.5964315259778775 0.008467264427970278 0.018886367694751625
4 0.3646378418404812 0.40197991680454254 0.011592264427970279 0.018940914772652383
4 0.241986537123825 0.5157714557647683 0.016225200725639422 0.01746023538950343
4 0.22257184901205732 0.5574913514626972 0.017787700725639333 0.017487508928453722
3 0.22839025155964449 0.9274765689952933 0.02080357332097771 0.0144170560063543