3 0.3825483587058439 0.15734570825956107 0.015761355386194255 0.02434755261671846
3 0.3417733677810303 0.18549309506302913 0.02199317466803503 0.021586573663405863
3 0.3298637202403583 0.21898813452556798 0.015752265027114642 0.02278505261671846
4 0.32534893706287105 0.18957365031058354 0.011055674668035032 0.02094953683170293
7 0.44516653337387896 0.1333929977926871 0.015688632513557364 0.01184755261671846
3 0.5392023588040399 0.2130434294615402 0.012654536104353653 0.027290542093374802
3 0.5328250937769251 0.23528245050822766 0.015779536104353654 0.02747255261671846
3 0.6001216780858807 0.2126192242563381 0.020421584308955333 0.019933068401734033
3 0.5681404250608184 0.20589108212061102 0.015761355386194255 0.02434755261671846
3 0.5266801537871879 0.08334822418575094 0.02194772287263689 0.013774073663405906
5 0.6468244821442151 0.10524706903701855 0.012618174668035031 0.021040542093374803
5 0.6716608556807818 0.13191598485026898 0.011019313231716588 0.014699536831702975
5 0.7878034852674729 0.17044859285571623 0.011064765027114731 0.022512036831702976
5 0.7680904280858806 0.20283615862661436 0.012618174668035031 0.021040542093374803
5 0.9131342416121848 0.37479591666029644 0.01416249394987581 0.018006547355046632
4 0.8428581030485031 0.37264115343552967 0.00789431323171641 0.01451752630835923
4 0.9127524465308408 0.4404209166602964 0.011037493949875809 0.017824536831702886
3 0.8530183773471958 0.5055978666038268 0.011092036104353298 0.027199536831702887
5 0.8301535699692119 0.40852544552890446 0.01259999394987581 0.017915542093374804
3 0.6387518651487516 0.41889234008370596 0.012654536104353475 0.027290542093374802
4 0.4547768409482549 0.36088096096098415 0.007903403590796287 0.01608002630835923
5 0.4895194796101322 0.42992709257336753 0.012627265027114731 0.022603042093374805
5 0.5398593263139235 0.6370801689381965 0.015743174668035032 0.02122255261671846
7 0.6215769589256768 0.6862086427004245 0.011055674668035032 0.020949536831702885
3 0.2272462177062755 0.5404829739034023 0.012645445745273865 0.025728042093374804
5 0.26824846760807963 0.4732730870999342 0.01415340359079611 0.01644404735504672
5 0.2394320794371816 0.7279906791791915 0.012618174668035031 0.021040542093374803
3 0.32165877215739336 0.6896191529414194 0.01886817466803503 0.021404563140062293
3 0.2978667481532883 0.7519217318664972 0.014207945745273865 0.02581904735504672
3 0.2643361097859985 0.8772703423616062 0.01886817466803503 0.021404563140062293
4 0.22707700430160832 0.8380482186417304 0.00947499394987581 0.017733531570031148
7 0.4045207482514841 0.8105316214419755 0.01572499394987581 0.01809755261671846
5 0.5840582573266705 0.8258472663497128 0.01418067466803503 0.02113154735504672
3 0.6741878327568313 0.9057252111727457 0.012636355386194254 0.024165542093374626
3 0.882487187848438 0.6756982640012257 0.02043067466803521 0.021495568401734035
3 0.7565332210259252 0.7127116875658095 0.01730567466803503 0.021313557878390198
5 0.5355546631569619 0.3030691899848839 0.009493174668035032 0.020858531570031147
5 0.8484142532214538 0.08881989028135003 0.009484084308955688 0.019296031570031104
1 0.19731431977282007 0.31574057913683923 0.025181807181592398 0.032706084186749605
1 0.330362648228043 0.40170962926389614 0.020448855386194252 0.024620568401734034
1 0.16027234114464656 0.5076774501552918 0.018886355386194254 0.024529563140062115
1 0.26720814237431056 0.51784983973077 0.022020445745273863 0.026274073663405773
1 0.44566441959986947 0.5847734872693434 0.02678066861791084 0.03904708944842152
1 0.41930801532170225 0.14817583461027262 0.018886355386194254 0.024529563140062206
1 0.5459068767580206 0.13455440841485283 0.01886817466803503 0.021404563140062206
1 0.717300087726801 0.20735632963094944 0.02200226502711473 0.02314907366340586
1 0.5640331453993725 0.5091525900131189 0.018895445745273777 0.026092063140062294
1 0.7251388170423455 0.4708727980609183 0.02046703610435365 0.027745568401734033
1 0.7969627783057135 0.7439393007623414 0.022038626463433176 0.029399073663405773
1 0.4869969049655383 0.8635208425733676 0.020448855386194252 0.024620568401734034
1 0.7335173809614333 0.9100795112292154 0.017360216822512698 0.0306885578783902
1 0.7349253448570797 0.9365510059675435 0.015752265027114732 0.02278505261671846
1 0.41988264871902226 0.7206045714560929 0.022038626463433176 0.029399073663405773
1 0.3648997120489348 0.7745710056146077 0.032976126463433175 0.030036110495108837
1 0.032782624518525524 0.6744238763507115 0.017342036104353496 0.027563557878390377
1 0.2790212993829523 0.7694200450065594 0.017342036104353475 0.027563557878390377
3 0.4947256509585175 0.20626207941918792 0.015797716822512697 0.03059755261671846