5 0.4006405534206724 0.6658670184018529 0.019259335969555025 0.01337329528527036
1 0.1394311393902276 0.6661772717116218 0.014699169961943915 0.016279971463952592
1 0.4225009659682426 0.6473910002048878 0.017887836958138337 0.017988020678164317
1 0.43936747239403323 0.6785874962759463 0.022320668973360824 0.011956344499482085
1 0.43081748475132287 0.7366718240262053 0.021012836958138336 0.018133569892376224
1 0.2917099279077903 0.461173056243525 0.017951503954332714 0.019550520678164318
1 0.23131230288919982 0.26107885690547883 0.012754667984777512 0.006832196856846906
1 0.6346866536875027 0.36252165632457833 0.02869800296574958 0.01537244292790536
1 0.46458642342198503 0.053608921006886724 0.040081171939110226 0.026819365177646447
1 0.3834424886684745 0.35861744458053524 0.01125583498097198 0.008321922249741043
1 0.3888011507217531 0.3370335430089587 0.008194501977166358 0.009738873035529316
1 0.3845248276037792 0.3851799445805352 0.009629667984777601 0.00668664764263518
1 0.2010198968046014 0.7041353440851973 0.016007001977166358 0.010102746071058632
1 0.04110379695770079 0.2241481294456701 0.014380834980971957 0.00846747146395277
1 0.3889563651327588 0.16861102874093506 0.011192167984777601 0.006759422249740998
1 0.5523821255500632 0.6199103172017798 0.012754667984777512 0.006832196856846906
1 0.14805011121560713 0.5332384931755744 0.008194501977166358 0.009738873035529139
1 0.23622256775512848 0.7260488854415261 0.016070668973360736 0.011665246071058632
1 0.5556901507589341 0.7393687925946739 0.016070668973360826 0.011665246071058632
2 0.6960167204168668 0.6811839191448599 0.013009335969555025 0.013082196856846907
2 0.2858658572240934 0.12638067927905433 0.04352450692008221 0.03477741439185813
2 0.45193782068369703 0.355569527293193 0.025573002965749582 0.015226893713693724