5 0.7968394915537158 0.696875 0.020676212852981556 0.0125
5 0.7922285479010642 0.67265625 0.011346676959604096 0.0140625
5 0.826057978621592 0.65390625 0.0205852846397363 0.009375
5 0.8031516760351674 0.6453125 0.01272732053311323 0.0078125
5 0.786421165610326 0.58046875 0.022329641066226813 0.015625
5 0.7802704540109857 0.55703125 0.020585284639735947 0.009375
5 0.7907162090255507 0.51328125 0.016216033386094786 0.0203125
5 0.7313555808914477 0.540625 0.019022784639736123 0.009375
5 0.721139494918928 0.51171875 0.017460284639735944 0.009375
5 0.7347139131030436 0.60234375 0.016034176959604095 0.0140625
5 0.9081166576927672 0.49375 0.0190227846397363 0.009375
5 0.8124344331613033 0.42734375 0.019022784639735946 0.009375
5 0.8725248355103012 0.34453125 0.020676212852981733 0.0125
3 0.8572037123907631 0.328125 0.023755748746359016 0.0109375
5 0.8676183751646022 0.31015625 0.01755121285298138 0.0125
5 0.84173182508546 0.2796875 0.014471676959604097 0.0140625
5 0.8086238083924127 0.26953125 0.017551212852981734 0.0125
5 0.7818794519659218 0.26328125 0.02223871285298138 0.0125
3 0.7076667136444043 0.3171875 0.03800010517284953 0.0171875
5 0.6615525801000248 0.2359375 0.014471676959604097 0.0140625
5 0.6268078555685609 0.16953125 0.019022784639735946 0.009375
5 0.612796831353666 0.225 0.016034176959604095 0.0140625
5 0.5934247057268454 0.23046875 0.01768760517284953 0.0171875
5 0.5971323789255258 0.27734375 0.020721676959604095 0.0140625
5 0.6753459586298394 0.3609375 0.014471676959604097 0.0140625
5 0.6683518125490476 0.3890625 0.02375574874635884 0.0109375
5 0.616673303773559 0.465625 0.02067621285298138 0.0125
5 0.5830939256394558 0.49296875 0.017596676959604096 0.0140625
5 0.593150887238796 0.51640625 0.017596676959604096 0.0140625
5 0.5532329294003796 0.46015625 0.02219324874635866 0.0109375
5 0.5202014690546806 0.42578125 0.02067621285298138 0.0125
5 0.49020408049573627 0.38828125 0.017596676959604096 0.0140625
3 0.24109429374442914 0.553125 0.026971676959604098 0.0140625
3 0.13835339014179 0.646875 0.02848871285298147 0.0125
3 0.26682040478977337 0.36328125 0.02380121285298147 0.0125
3 0.38661476458147637 0.184375 0.026926212852981468 0.0125
3 0.5416098046314888 0.30234375 0.026971676959604098 0.0140625
1 0.6281744080884787 0.64609375 0.02393760517284953 0.0171875
1 0.7742464598834806 0.35 0.014289820533113406 0.0078125
1 0.14062528081230538 0.51015625 0.02572742570596289 0.025
5 0.6134647018994148 0.73125 0.01130121285298138 0.0125
5 0.6653287302709447 0.7953125 0.017460284639735944 0.009375
5 0.7408706363808663 0.6796875 0.01143760517284953 0.0171875
5 0.6260950825408004 0.68203125 0.018977320533113406 0.0078125
5 0.6476829260351673 0.6453125 0.014335284639736124 0.009375
5 0.6616544978219219 0.6421875 0.017505748746358664 0.0109375
5 0.5721577403000746 0.7078125 0.017460284639736125 0.009375
5 0.5052119326990849 0.74296875 0.017460284639736125 0.009375
5 0.48241093019180237 0.76484375 0.014471676959604097 0.0140625
5 0.4897173133404705 0.69375 0.015852320533113407 0.0078125
5 0.500495688967291 0.68828125 0.011346676959604096 0.0140625
5 0.5585067657686106 0.64140625 0.015852320533113407 0.0078125
5 0.591341997821922 0.6421875 0.022147784639736122 0.009375
5 0.5786146772888086 0.634375 0.017414820533113405 0.0078125
5 0.6069071618494023 0.61328125 0.01143760517284953 0.0171875
5 0.5958560015828456 0.609375 0.011392141066226814 0.015625
5 0.5868758066765528 0.59609375 0.019022784639735946 0.009375
5 0.5552537336361569 0.61015625 0.02067621285298138 0.0125
5 0.5197026785424498 0.6234375 0.017460284639735944 0.009375
5 0.484873037476223 0.6078125 0.009784176959604096 0.0140625
5 0.5384155746232415 0.5953125 0.011346676959604096 0.0140625
5 0.5715774156103259 0.58046875 0.01755121285298138 0.0125
5 0.4446883066765528 0.59609375 0.014471676959604097 0.0140625
5 0.4413109055811962 0.66796875 0.012909176959604095 0.0140625
5 0.41888197611430955 0.67578125 0.014380748746358663 0.0109375
5 0.4075473225116705 0.76953125 0.011346676959604096 0.0140625
5 0.39830035464412405 0.80078125 0.019022784639736123 0.009375
3 0.35095634171200035 0.7578125 0.023710284639736123 0.009375
5 0.3297680003292044 0.6203125 0.02067621285298147 0.0125
5 0.39216871192854463 0.64375 0.02063074874635875 0.0109375
5 0.40801502078317553 0.59765625 0.02063074874635884 0.0109375
5 0.2971911810497322 0.6015625 0.02067621285298138 0.0125
5 0.26623434923384776 0.6921875 0.019022784639736123 0.009375
5 0.26605850448583956 0.73984375 0.014426212852981379 0.0125
5 0.20394128622258173 0.61875 0.008267141066226813 0.015625
5 0.12046955667655283 0.59609375 0.011255748746358752 0.0109375
5 0.10407166686396727 0.56953125 0.009738712852981423 0.0125
5 0.11547216811760849 0.55859375 0.014289820533113406 0.0078125
5 0.1576596681176085 0.55859375 0.01746028463973608 0.009375
5 0.039097536222581726 0.61875 0.02058528463973609 0.009375
5 0.051909773290458 0.57578125 0.019022784639736078 0.009375
3 0.0223897578510518 0.5546875 0.01304556927947217 0.01875
5 0.05376177830502292 0.53203125 0.017505748746358775 0.0109375
5 0.09523622446495694 0.534375 0.01746028463973608 0.009375
5 0.07340903708051154 0.45546875 0.02058528463973608 0.009375
5 0.09544316145369093 0.4609375 0.014471676959604118 0.0140625
5 0.07768736012090742 0.44140625 0.011346676959604141 0.0140625
5 0.10346861012090743 0.44140625 0.011437605172849485 0.0171875
5 0.12936352038746413 0.4453125 0.014380748746358751 0.0109375
5 0.1724375704666064 0.47578125 0.019022784639736123 0.009375
5 0.16805995902555076 0.51328125 0.009829641066226812 0.015625
5 0.1057979882550105 0.4140625 0.01746028463973608 0.009375
5 0.07608775620169915 0.41328125 0.011392141066226814 0.015625
5 0.08418140102884966 0.39609375 0.023755748746358774 0.0109375
3 0.39273100158284563 0.609375 0.030096676959604097 0.0140625