7 0.8012814508902091 0.3913411975919856 0.02055796185055314 0.01418067466803503
3 0.8614685231286179 0.661976405339312 0.02373750892845372 0.017323855386194253
7 0.7226127544609315 0.4939980440993853 0.020503414772652384 0.011055674668035032
3 0.6149968977232285 0.594142968963812 0.02220228246740419 0.01887726502711473
4 0.6210581627407622 0.4043537611182898 0.014280688311602674 0.012581813231716588
3 0.40804746834007954 0.5976259963857627 0.02373750892845372 0.017323855386194253
7 0.46834226582501726 0.4269004059284872 0.02058523538950343 0.015743174668035032
4 0.3979264001588605 0.5100759994108248 0.017405688311602763 0.01259999394987581
4 0.2772787094116258 0.5796794514026147 0.017378414772652385 0.011037493949875809
4 0.6090354496723931 0.4316247882456528 0.015843188311602675 0.012590903590796287
4 0.6668849058409034 0.4788315863520589 0.019022735389503255 0.015734084308955332
4 0.6873843664736403 0.5344139658405541 0.0159795560063543 0.02040340359079611
2 0.6845826948011291 0.597672489942855 0.014280688311602674 0.012581813231716588
1 0.57335091436232 0.6696742340891226 0.014226141233702094 0.009456813231716588
2 0.5721917889569306 0.6032679840891225 0.01905000892845372 0.01729658430895533
2 0.5810991846548594 0.6212867310640604 0.019022735389503432 0.015734084308955332
4 0.43063376014297444 0.4594901921310366 0.017432961850553142 0.01416249394987581
4 0.5475269797041653 0.5328191287029282 0.019022735389503255 0.015734084308955332
1 0.3630486140380085 0.6153311259724538 0.009538641233702095 0.009429542154477843
4 0.6383156209378672 0.5427213695295461 0.014307961850553141 0.014144313231716587