7 0.4671875 0.74453125 0.00859375 0.0140625
4 0.78984375 0.56875 0.00625 0.0140625
4 0.815625 0.56015625 0.009375 0.0109375
4 0.83125 0.57578125 0.0078125 0.0140625
4 0.63046875 0.16015625 0.01328125 0.01875
4 0.4640625 0.2203125 0.00703125 0.015625
4 0.4671875 0.44453125 0.0140625 0.01640625
4 0.43125 0.55546875 0.01015625 0.015625
4 0.65703125 0.53203125 0.009375 0.015625
4 0.5875 0.5359375 0.0078125 0.01640625
4 0.5484375 0.5328125 0.01015625 0.0125
4 0.62890625 0.45859375 0.009375 0.01640625
4 0.6078125 0.5859375 0.00859375 0.015625
2 0.46953125 0.41171875 0.01171875 0.02421875
2 0.56953125 0.31484375 0.0140625 0.015625
1 0.62265625 0.4328125 0.0109375 0.00703125
1 0.40390625 0.703125 0.009375 0.0109375
4 0.58671875 0.51484375 0.00703125 0.01640625
4 0.59921875 0.690625 0.009375 0.01328125
4 0.37421875 0.68828125 0.009375 0.01328125