5 0.27734375 0.18515625 0.0109375 0.01796875
5 0.29375 0.19375 0.0171875 0.01875
5 0.396875 0.2921875 0.01328125 0.01640625
5 0.4421875 0.30546875 0.01015625 0.0203125
5 0.4046875 0.1765625 0.00546875 0.01875
5 0.28984375 0.365625 0.0109375 0.0140625
5 0.34453125 0.44609375 0.0109375 0.01953125
5 0.38828125 0.41328125 0.0078125 0.02265625
5 0.2046875 0.43984375 0.0109375 0.015625
5 0.15625 0.5265625 0.0078125 0.0171875
5 0.36796875 0.55859375 0.00625 0.01953125
5 0.22421875 0.60625 0.0109375 0.01796875
5 0.30078125 0.62578125 0.0078125 0.01875
5 0.30078125 0.80546875 0.0078125 0.01796875
5 0.31953125 0.7703125 0.0078125 0.01953125
5 0.3078125 0.89765625 0.01328125 0.01484375
5 0.66328125 0.35078125 0.01328125 0.0140625
5 0.54296875 0.37265625 0.00703125 0.01796875
5 0.61875 0.3546875 0.0078125 0.01875
5 0.6015625 0.36484375 0.0125 0.0109375
5 0.5484375 0.63125 0.01015625 0.01796875
3 0.59453125 0.565625 0.01328125 0.02421875
5 0.3546875 0.79296875 0.01328125 0.00859375
5 0.37890625 0.80390625 0.0125 0.01484375
5 0.3296875 0.84921875 0.0125 0.0078125
3 0.7015625 0.3375 0.0125 0.02265625
5 0.753125 0.35234375 0.00859375 0.01640625
5 0.42421875 0.63671875 0.0125 0.01640625
7 0.59375 0.67890625 0.00625 0.01953125
7 0.55703125 0.72109375 0.00703125 0.01796875
2 0.46328125 0.58359375 0.01953125 0.0296875
3 0.44375 0.48125 0.01484375 0.0171875
3 0.46953125 0.5609375 0.00859375 0.021875