5 0.7185743006404888 0.4102015106269912 0.01414431323171641 0.014799484396167628
7 0.4572226684215191 0.19109854929788755 0.020385222872636888 0.013564533016686786
5 0.3993101744716433 0.17088122455808671 0.020367042154477755 0.010439533016686741
4 0.5107340086824028 0.2602889625722991 0.01572499394987581 0.018006371551297563
3 0.5988289063212706 0.23288433683713006 0.02194772287263689 0.013646420171816586
3 0.3690595930895541 0.20678442503305655 0.020403403590796197 0.01668953301668674
5 0.16974084913967835 0.1791563127540132 0.017278403590796198 0.016525758706427272
3 0.07360619252382006 0.16708900271353347 0.0188409035907962 0.01660764586155703
4 0.14985559601642037 0.2515292797373264 0.02979658430895542 0.020305855947465278
4 0.19334249648395857 0.3428436765033946 0.02353749394987581 0.018415807326946254
3 0.11862884279496652 0.38813184305716647 0.02353749394987581 0.018415807326946344
5 0.4530043636758137 0.5399897506773685 0.020385222872636888 0.013564533016686831
5 0.2979123426967707 0.462351672319523 0.02040340359079611 0.01668953301668665
5 0.2029634570599554 0.5198565558566083 0.020367042154477665 0.010439533016686653
7 0.5807475685944696 0.4810794973980082 0.018804542154477844 0.010357645861557074
5 0.7230168818261863 0.5025937285148157 0.023519313231716587 0.015290807326946165
7 0.37932142398066404 0.4939535543862702 0.023501132513557364 0.012165807326946165
7 0.3301122852205907 0.6272706654221182 0.020385222872636888 0.013564533016686652
5 0.09019074628756685 0.4670856806872662 0.01572499394987579 0.018006371551297563
4 0.20506683342519266 0.612907193011738 0.02665340359079611 0.017017081637205677
4 0.6046941287029283 0.5698078047249545 0.02200226502711473 0.023021420171816586
7 0.08457707142314008 0.5761331320667471 0.020403403590796176 0.01668953301668665
1 0.7856032402374427 0.5207129647200057 0.014117042154477843 0.010111984396167627
2 0.5598760115110732 0.38392121438132143 0.03605567466803503 0.022195904567984304
4 0.6003788125443454 0.49929058683713007 0.020403403590796287 0.01668953301668665
2 0.5955600232185382 0.610722731794176 0.07531816256778665 0.058618083446227945
2 0.18888680064048882 0.3824417650380053 0.06438066256778666 0.058044873360319826
2 0.05366743900777863 0.49875508254171697 0.051771578258831205 0.03863977611928178
1 0.13581686367581364 0.5233666581860289 0.011001132513557365 0.011510710085908293
1 0.07266742388246812 0.542706478403274 0.01411704215447771 0.010111984396167806
4 0.2535219932625047 0.48423663839832515 0.017251132513557366 0.011838258706427318
3 0.15684750204310344 0.6478686912027156 0.014189765027114642 0.022611984396167805
2 0.6660532886384363 0.37698954093014453 0.012563632513557365 0.01159259724103805
3 0.4171799722834617 0.4233035396869491 0.02976931323171641 0.01561835594746519