5 0.849525042594674 0.569798917908509 0.019259422249740865 0.011920145861557074
5 0.839225397433238 0.5996535142450359 0.01925942224974122 0.011920145861557074
3 0.6916932719165094 0.5443817588179689 0.028634422249740867 0.012411468792335612
5 0.4688014656729845 0.25993043645301733 0.015988873035529316 0.008631371551297562
4 0.4985489317602537 0.3464378245126582 0.013227746071058633 0.01628009724103805
5 0.4588208058292403 0.44722904059146024 0.01471747146395277 0.014799484396167628
4 0.476629044042416 0.4949229121427578 0.021113020678164496 0.018252033016686653
5 0.48319587530733166 0.6191826057203227 0.016207196856846906 0.013318871551297563
5 0.5006552030575907 0.6091868080043148 0.013154971463952591 0.01471759724103805
5 0.499591470840271 0.7369433158062308 0.01918664764263518 0.010357645861557074
5 0.5629797286981539 0.7090916327441157 0.014717471463952591 0.014799484396167628
5 0.42471990342909416 0.752503038782438 0.01762414764263518 0.010275758706427319
5 0.46788770657224726 0.742295879126071 0.01911387303552914 0.008795145861557075
3 0.36120536703516404 0.7943762782669884 0.021113020678164496 0.018252033016686653
3 0.37716635318142516 0.6518136420163698 0.022529971463952768 0.015208920171816586
5 0.3087930347367911 0.5726340750784851 0.013300520678164406 0.01784259724103805
5 0.3164450229499668 0.6197956801214393 0.023946922249741043 0.012165807326946342
5 0.3036731951997078 0.6300371393028363 0.020676373035529317 0.008877033016686653
5 0.9018345593438969 0.605272750450226 0.019332196856846905 0.013482645861557074
7 0.8641419683590715 0.7163021036841577 0.01925942224974122 0.011920145861557074
7 0.8066804170779452 0.5200136018751355 0.016425520678164673 0.018006371551297563
4 0.7914150978047417 0.7444437138154946 0.023946922249741043 0.012165807326946165
3 0.671466470840271 0.7459509028705036 0.02096747146395277 0.01512703301668683
4 0.5897284733214704 0.7814136900710619 0.021040246071058633 0.01668953301668665
4 0.635561050038272 0.6778250226127789 0.019477746071058632 0.016607645861557073
5 0.3437651941662505 0.5370584232240343 0.01918664764263518 0.010357645861557074
5 0.29592485359570997 0.49714275214770665 0.01784247146395277 0.01496325870642714
2 0.32498946132975826 0.4183936324054313 0.04520549214211718 0.033542840343633175
5 0.1905395326698765 0.3762769742194024 0.022238873035529315 0.008958920171816497
5 0.19701001054397 0.41480388568479165 0.022384422249741 0.012083920171816587
5 0.15811448448912208 0.4665401260738532 0.016207196856846816 0.013318871551297563
7 0.09950577191650951 0.5133465270237929 0.016134422249740998 0.011756371551297561
5 0.12037904404241599 0.47625264077317436 0.01918664764263518 0.010357645861557074
7 0.11068517452154339 0.602777519221877 0.01911387303552927 0.008795145861557075
7 0.11154350723420112 0.6714046884891822 0.01784247146395268 0.01496325870642714
5 0.2840542080199894 0.6773282191310198 0.019259422249741042 0.011920145861557074
5 0.27415889970954976 0.21387987279449297 0.015988873035529316 0.008631371551297562
5 0.599927456986532 0.5988025859326189 0.017696922249741044 0.011838258706427318
7 0.6619394594677315 0.6417989914051143 0.013009422249740865 0.01159259724103805
3 0.20699724834286096 0.6125010792623566 0.01940497146395277 0.015045145861557075
4 0.2169544451997078 0.6254924021931351 0.020821922249741043 0.012002033016686831
4 0.19937314701895342 0.7165334820213186 0.017988020678164452 0.01808825870642732
4 0.17649857319763584 0.7106586182719372 0.011374147642635179 0.009948210085908116
3 0.09963001219659984 0.7502733169378847 0.015008569892376134 0.021049484396167807
3 0.16685820760570463 0.8215994402982044 0.02096747146395268 0.015127033016686654
3 0.3819737853559636 0.8219623677061103 0.019259422249741042 0.011920145861557074
3 0.32824947187372827 0.823043510854134 0.011592471463952769 0.014635710085908471
4 0.08546685070022582 0.5967798247398008 0.017842471463952726 0.014963258706427318
2 0.4633756809316842 0.6454208791260709 0.020821922249741043 0.012002033016686653
2 0.4794030953235423 0.6883453635222387 0.011519696856846905 0.013073210085908293
2 0.471464316787495 0.7019574841690253 0.017769696856846907 0.013400758706427141
2 0.4605824747692123 0.719312080505552 0.01606164764263518 0.010193871551297562
2 0.3574403581438239 0.7302728346894235 0.02096747146395277 0.01512703301668683
2 0.38392792948394205 0.696590553481759 0.016134422249741043 0.011756371551297561
2 0.3939343221641785 0.6269740943003619 0.014863020678164496 0.017924484396167627
3 0.33075157960777657 0.7429023094746527 0.019259422249741042 0.011920145861557074
2 0.1525965386657325 0.5488613031430748 0.01955052067816441 0.018170145861557074
2 0.12567016563020322 0.539656721505869 0.014644696856846861 0.013236984396167805
2 0.048780179898226875 0.5286130009045111 0.013082196856846862 0.01315509724103805
2 0.1211303688971909 0.57604792288535 0.01293664764263518 0.010030097241038049