3 0.39144875207142377 0.7688021407363237 0.028852746071058543 0.016607146641955416
3 0.5281375769261987 0.6734127735832809 0.023946922249740866 0.011755955534962937
3 0.6097321792835635 0.6856523679556509 0.019550520678164495 0.017842264427970277
3 0.6085463608389294 0.7615154635091471 0.02238442224974104 0.011701391832631991
3 0.5032210060003652 0.7883557273041453 0.024092471463952592 0.014880955534962936
3 0.40956520533841145 0.7326563096107976 0.025509422249741044 0.011810519237293704
3 0.27755118776061893 0.4588591671451935 0.01806079528527027 0.01935020072563951
3 0.2229171916895604 0.472601719414779 0.020821922249741043 0.011646828130301046
7 0.1916650376367844 0.5051587590704927 0.01584332382131759 0.005233137023308387
3 0.3155071060814185 0.4335789141499686 0.025582196856846907 0.013373019237293704
3 0.33814193135047815 0.4852331833872623 0.016425520678164406 0.017733137023308566
3 0.3310357526905964 0.5201984604291042 0.013446069892376133 0.02074900961864685
3 0.3674912911514411 0.37592267077339053 0.022311647642635178 0.010138891832631992
3 0.20088587221146897 0.6432043960938012 0.024238020678164406 0.018005955534962936
3 0.7469303105912604 0.8649455422724206 0.020676373035529317 0.0085218281303014
3 0.841577300457066 0.4793379136866324 0.015008569892376044 0.02080357332097762
3 0.5604878122438903 0.5164732928205746 0.023946922249741043 0.011755955534962937
3 0.17326167825010624 0.7658780042611693 0.014863020678164451 0.01767857332097762
3 0.7452160308123588 0.3977208367374577 0.01806079528527036 0.01935020072563942