7 0.7938720100652243 0.5125887495800705 0.022038632001908986 0.014953837946721471
7 0.5760845260582246 0.4521765371090501 0.018895450668363623 0.013264003954332715
7 0.45088453138922474 0.42989567741349877 0.017351132001908985 0.014762836958138337
7 0.3782742820655424 0.49799707859236236 0.017332950668363534 0.013200336958138336
4 0.38583279073836035 0.5435960800752371 0.014207950668363533 0.013073002965749581
4 0.3971248267424965 0.5745104990485979 0.018931813335454527 0.016389003954332716
7 0.4625652766947715 0.22578118037924827 0.01731476933481808 0.011637836958138336
5 0.3742385733609078 0.21827774509426517 0.01731476933481808 0.011637836958138336
7 0.3746107433561353 0.18315332859236239 0.017296588001272716 0.010075336958138337
7 0.17848336740131504 0.5078164530794803 0.017332950668363534 0.013200336958138336
7 0.12847208736472582 0.2363751931936485 0.017332950668363534 0.013200336958138336
7 0.0690901860677696 0.5017972633458729 0.011064769334818125 0.011383168973360825
4 0.5840237480505885 0.3962767055881192 0.014171588001272717 0.00994800296574958
1 0.6164458967218156 0.43117562901010426 0.01417158800127254 0.00994800296574958
1 0.3621856580601336 0.4575166586304185 0.012609088001272717 0.009884335969555024