5 0.3831455291714995 0.33647812550574513 0.014963258706427318 0.01767857332097762
7 0.3889385057657512 0.35740818439875255 0.01603443577564878 0.008358137023308565
7 0.4091834859780475 0.47488586107777486 0.017596935775648782 0.00841270072563951
3 0.4275793611473896 0.586949351459128 0.02433825870642714 0.018005955534962936
3 0.3984717152858326 0.5691814981010834 0.025818871551297563 0.016498019237293705
5 0.3854538161449152 0.6792112625290537 0.02236632293077854 0.010138891832631992
7 0.3241954115769309 0.6453471832176263 0.01603443577564878 0.008358137023308565
3 0.5155098083429991 0.6817137252355927 0.01808825870642732 0.01778770072563951
5 0.5733455625268705 0.5755976452911931 0.012002033016686653 0.020694445916316084
5 0.5788242786056726 0.5307935767795388 0.022448210085908294 0.011701391832631991
5 0.5588083497274289 0.4923585593563436 0.024010710085908292 0.011755955534962937
4 0.5903549208491852 0.45212293975623014 0.01183825870642714 0.017569445916316085
4 0.477859322137809 0.6204141266868716 0.017760710085908293 0.01153770072563951
2 0.4549507666198851 0.6462598640729998 0.015045145861557075 0.01924107332097762
2 0.4534225661449153 0.6768377414776615 0.026146420171816585 0.022748019237293703
2 0.515289643825392 0.3788243382122841 0.0294351944820761 0.025982146641955417
2 0.550889629126071 0.4159324686121707 0.017924484396167627 0.014662700725639511
4 0.5299330772261917 0.5387623334029608 0.019978307326946165 0.02409226442797028
7 0.5882545895506636 0.6509969493748771 0.013236984396167805 0.014499009618646853
3 0.7053502363167318 0.6899552672535592 0.025573210085908293 0.011810519237293704