5 0.31979684718556917 0.47423419662978256 0.021040246071058633 0.01668953301668665
5 0.4905994987571457 0.4769508401164904 0.02387414764263518 0.010603307326946166
5 0.5817339210068868 0.49263779511401606 0.014717471463952591 0.014799484396167628
3 0.5934378242310931 0.8275893272261918 0.024092471463952592 0.01529080732694652
5 0.6141954722880131 0.6876161024409624 0.01784247146395259 0.014963258706427318
5 0.6510426548768363 0.7090307570089467 0.01606164764263518 0.010193871551297562
5 0.6478534964808341 0.8413519340781681 0.01784247146395277 0.01496325870642714
5 0.2672967777074778 0.3008066627085847 0.014790246071058633 0.016361984396167806
3 0.09941803473679109 0.5616611962910983 0.01955052067816441 0.018170145861557074
1 0.3161110750596626 0.5122288415868285 0.02431079528527027 0.019978307326946165
1 0.33584149399963475 0.7852535837849123 0.022675520678164408 0.018333920171816585
2 0.2279562193925289 0.7780408700809595 0.021113020678164406 0.01825203301668683
1 0.6916462301458959 0.6605014037750148 0.011446922249740865 0.011510710085908293
2 0.7210833271265773 0.7236122354122205 0.004978598428423453 0.006495661465389091
2 0.7450495200544827 0.752924599161602 0.008103598428423453 0.006659435775648781
1 0.4661153831652145 0.5871137341690251 0.00981164764263518 0.009866322930778538
1 0.5123781453663236 0.3923644781761314 0.012863873035529138 0.00846759724103805
2 0.8201287568199163 0.8589532711424408 0.030706344499482084 0.023430855947465544
1 0.8802742365560366 0.694546612390585 0.00981164764263518 0.009866322930778538
1 0.8588679633966729 0.636532716529028 0.008030823821317413 0.005096935775648781
1 0.9205011302697305 0.7215937912688288 0.007958049214211727 0.003534435775648781
1 0.7549723678637336 0.5141863257558537 0.011446922249741042 0.011510710085908293
2 0.6110962051245052 0.8051344730877487 0.00490582382131759 0.004933161465389091
2 0.6769395289458229 0.8132612336031982 0.006541098428423453 0.006577548620519025
1 0.36431098056018063 0.49293328697341565 0.008103598428423453 0.006659435775648781
1 0.3567831168302763 0.3982382626631561 0.006541098428423453 0.006577548620519025
2 0.16089488213175723 0.4760379568065479 0.011446922249740999 0.011510710085908116
2 0.4235641259265043 0.861550490161919 0.006541098428423453 0.006577548620519025
2 0.10366888709415593 0.5525318577564876 0.020967471463952725 0.015127033016686654
1 0.7847648374656595 0.7355224151949755 0.021258569892376046 0.021377033016686652