3 0.79375 0.5296875 0.009375 0.01796875
7 0.4546875 0.4734375 0.0046875 0.01640625
1 0.265625 0.3265625 0.01953125 0.02265625
1 0.4828125 0.3109375 0.01875 0.01953125
1 0.74140625 0.290625 0.01640625 0.01796875
1 0.1671875 0.57734375 0.0125 0.0171875
1 0.7109375 0.72578125 0.01875 0.01875
1 0.69765625 0.05234375 0.0140625 0.02109375
2 0.73203125 0.19140625 0.0125 0.02109375
1 0.271875 0.57890625 0.0046875 0.01015625
1 0.31171875 0.59609375 0.00390625 0.009375
1 0.3515625 0.56171875 0.00546875 0.01171875
1 0.3765625 0.509375 0.00546875 0.0109375
1 0.45234375 0.4078125 0.00546875 0.00703125
1 0.4671875 0.35625 0.00546875 0.00859375
1 0.33828125 0.41875 0.00546875 0.009375
1 0.46953125 0.43671875 0.00625 0.00625
1 0.4984375 0.72265625 0.009375 0.0078125
1 0.553125 0.70078125 0.00703125 0.00625
1 0.54453125 0.640625 0.00546875 0.009375
1 0.39296875 0.86875 0.00859375 0.009375
1 0.409375 0.86796875 0.00859375 0.00859375
1 0.7265625 0.68515625 0.00703125 0.00859375
1 0.78125 0.68359375 0.0046875 0.00703125
3 0.83046875 0.425 0.01015625 0.01640625