5 0.5751020425462576 0.6064889224799949 0.022702670950527092 0.020694329545304768
5 0.5228020549035473 0.6641280986167329 0.01964133794672147 0.02220228246740419
5 0.558913309846463 0.6881792532431156 0.016389003954332536 0.019022735389503432
5 0.5659406067669829 0.5157684650936687 0.019514003954332716 0.019077282467404012
5 0.4891181215957305 0.5846900146072013 0.013073002965749581 0.014280688311602674
5 0.4330073844473118 0.6446047568965636 0.017824169961943782 0.01592500892845372
5 0.4553917204168668 0.6574865864418683 0.013073002965749581 0.014280688311602674
5 0.46747393186212305 0.47501500567874755 0.027326503954332716 0.019213650162155815
5 0.3904803503411922 0.48225871550070576 0.021012836958138336 0.01754205600635448
5 0.4573667614058875 0.45688261444504547 0.02401050296574958 0.014471603084255236
5 0.4816345909496521 0.439350241068251 0.03032416996194378 0.016143197240056396
4 0.7675906314815621 0.6363924310014115 0.029016337946721472 0.022365923701106107
3 0.7445948473754427 0.47438730884243296 0.03214133794672165 0.022420470779006864
3 0.7959464417479548 0.5275901753193686 0.028889003954332537 0.019240923701106104
4 0.6481217539915137 0.4250810097359373 0.02244800296574958 0.014444329545304769
4 0.6486284313678314 0.47583498619698705 0.02244800296574958 0.014444329545304769
4 0.6652230237631772 0.5190628348170152 0.022702670950527092 0.020694329545304768
5 0.4514311433073793 0.2920525012145207 0.02401050296574958 0.014471603084255057
5 0.4408239071475437 0.3574456761334428 0.025700336958138337 0.017623876623205435
5 0.48792705882069887 0.2872246793798537 0.016389003954332716 0.019022735389503432
5 0.5410520588206988 0.2881519797041653 0.0255093359695552 0.012936376623205436
4 0.2970884945999736 0.3744541237805364 0.027199169961943957 0.016088650162155816
5 0.3177339170333754 0.4021387930174156 0.028889003954332713 0.019240923701106104
5 0.37912901486592865 0.47191155072805346 0.025764003954332714 0.019186376623205346
5 0.3237252263483659 0.6832933356310894 0.014762836958138337 0.017432961850553142
5 0.2789194037246836 0.7332563794625793 0.013200336958138336 0.017405688311602673
5 0.2843749303792483 0.4647927516215578 0.022702670950527092 0.020694329545304768
5 0.3250171764249156 0.4467655004037418 0.01782416996194396 0.01592500892845372
4 0.4684395711779885 0.34543659983454894 0.025509335969555024 0.012936376623205436
5 0.39138095855386873 0.6001592816533299 0.025700336958138337 0.01762387662320535
3 0.18827586319277348 0.5396233818982112 0.028761669961943914 0.016115923701106104
5 0.2805058310638203 0.38899786485208265 0.019386669961943957 0.01595228246740401
5 0.36066415224180887 0.7276569902574721 0.019514003954332716 0.01907728246740419
4 0.6636658409496521 0.44252760835596555 0.022575336958138337 0.017569329545304768
7 0.4487305435348407 0.6089672658250173 0.020758168973360823 0.0112920560063543
4 0.5536104086304185 0.36644062093786733 0.02088550296574958 0.014417056006354479
4 0.40230789380167076 0.29353713473758497 0.019450336958138338 0.01751478246740401
4 0.3569953938016709 0.29274620210802516 0.019514003954332716 0.019077282467404012
3 0.025893926919207184 0.4438863676947517 0.01651633794672148 0.02214773538950343