5 0.5911006812091386 0.3038401215366925 0.02040340359079611 0.016216033386094876
1 0.8391114552132436 0.23569656063699754 0.015734084308955686 0.019204641066226814
1 0.5722188710024841 0.3270419408161647 0.01729658430895533 0.01925010517284953
1 0.5528421571068376 0.30104774214894825 0.02195681323171641 0.014698997492717502
1 0.5516205455723233 0.24249945625557084 0.02199317466803503 0.020948997492717503
1 0.7236899465308408 0.4726091904204532 0.01886817466803503 0.020858069279472247
1 0.8093723955957642 0.6482109325028944 0.014117042154477843 0.009784176959604096
1 0.41173887149346344 0.6558752976383668 0.028234084308955333 0.019568353919208192
1 0.6180469170657867 0.9084223214575502 0.040806807181592394 0.032432066772189926
1 0.6511240792407899 0.5934505393250966 0.012554542154477665 0.00973871285298138
1 0.6486439738545956 0.6169562354850306 0.009429542154477666 0.009647784639736123
1 0.6465774798065239 0.5693681816449647 0.010982951795398144 0.008130748746358663
1 0.7751807654198981 0.2149043390085275 0.015679542154477845 0.009829641066226812
1 0.9914536425707023 0.6343206140813521 0.009438632513557366 0.011210284639736123
1 0.6727031216898551 0.7779475597790677 0.012554542154477844 0.00973871285298138
1 0.4523603680756178 0.3867699449727998 0.014117042154477843 0.009784176959604096
1 0.8492899102300957 0.36584706189063876 0.009438632513557366 0.011210284639736123
1 0.9157290182485684 0.08974155146579751 0.009447722872636889 0.012772784639736079
1 0.7393159882925351 0.20345001346084915 0.01726022287263689 0.01300010517284953
1 0.4327160094679698 0.2725172283588947 0.01726022287263689 0.01300010517284953
2 0.3079791090004315 0.3651941248353978 0.01571590359079611 0.016079641066226814
2 0.7765048325604396 0.7928929466886594 0.047111349336070064 0.04198892319868044
2 0.5861666997522945 0.6148685497499379 0.02667158430895533 0.019522889812585476