5 0.28323172228249005 0.5283351200205255 0.021012836958138336 0.01730567466803503
5 0.45124955182625454 0.5472856288011242 0.025445668973360824 0.011082945745273954
5 0.5412843028148377 0.5431208244482022 0.014635502965749581 0.014144313231716587
3 0.574344789506146 0.21120320393669742 0.024074169961943958 0.015761355386194255
5 0.5865516763505536 0.35271399306611306 0.017760502965749582 0.01416249394987581
5 0.6239707633086917 0.33574011650448404 0.017633168973360824 0.011037493949875809
5 0.6293187909890208 0.20449011650448404 0.017760502965749582 0.01416249394987581
5 0.21941993718778735 0.6944095719141193 0.014699169961943958 0.01570681323171641
3 0.07147316300468065 0.4130136052879984 0.01788783695813829 0.01728749394987581
1 0.28010406368925267 0.49002659894328665 0.024201503954332716 0.018886355386194254
1 0.3184303705327852 0.22065443022717993 0.022639003954332715 0.01887726502711464
2 0.21165378851756275 0.2137817406302261 0.021076503954332713 0.01886817466803503
1 0.6608367519399853 0.3898736254814745 0.011383168973360825 0.011001132513557365
2 0.6929435977953722 0.3306713423039872 0.006504667984777513 0.006286361436318444
2 0.7198071867306768 0.3042588332288009 0.00969333498097189 0.007867042154477666
1 0.4331773255522508 0.43465381859446967 0.009820668973360824 0.010992042154477844
1 0.46721545003936865 0.6348992582896195 0.01438083498097189 0.00789431323171641
2 0.8003170404947291 0.20782926082370218 0.03220500494291585 0.023619307181592396
1 0.8495636709133461 0.38003151375056843 0.009820668973360824 0.010992042154477666
1 0.8238978260465423 0.4345826583643742 0.008067167984777513 0.006295451795397966
1 0.8902987588600675 0.3583883179070987 0.008003500988583313 0.004732951795398055
1 0.7139405528148377 0.5441253091264999 0.011383168973360825 0.011001132513557365
2 0.5905454510651328 0.23552194788657319 0.004878500988583312 0.004714771077238921
2 0.6561704510651328 0.2359037429679171 0.008130834980972067 0.007857951795398143
1 0.3275228917501424 0.5153084000747548 0.009693334980971979 0.007867042154477666
1 0.3143597054765761 0.608222607920277 0.008130834980971979 0.007857951795397966
2 0.12552931022921154 0.5055374485739442 0.011383168973360735 0.011001132513557365
2 0.4093856343729497 0.1555430355151783 0.008130834980972067 0.0078579517953981
2 0.0749655775294171 0.4231925811856974 0.020949169961943914 0.015743174668035032
1 0.7579465152858582 0.32714234220579136 0.02276633794672147 0.022002265027114644