5 0.853636266709089 0.29271603039777705 0.015752269334818082 0.011301175911805572
5 0.7776101160486796 0.34059179236562437 0.014207950668363622 0.012827308320624998
5 0.8618583940563156 0.39489612623746456 0.012681813335454706 0.01591594072944451
5 0.8671271493873156 0.3775813396683326 0.011119313335454706 0.015879573138263936
5 0.7445708967218156 0.38902994557600634 0.015734088001272538 0.009738675911805572
5 0.7318259960614062 0.43543282010104106 0.011082950668363623 0.012754573138263937
5 0.9114038607176795 0.35466986331968675 0.01885908800127254 0.009811411094166722
7 0.8975862613780888 0.30888523784472144 0.015715906667727354 0.008176175911805573
5 0.9088504780394526 0.26954998091086735 0.011082950668363623 0.012754573138263937
5 0.951683415380316 0.32403680594899226 0.011082950668363623 0.012754573138263937
5 0.9008492634070422 0.5221483040491312 0.01578863200190881 0.014426175911805571
5 0.8752492794000425 0.47116768550802013 0.018840906667727354 0.008248911094166722
5 0.8159470047342243 0.47879965397288127 0.012645450668363622 0.012790940729444422
5 0.8981055240690423 0.48782785543590207 0.012645450668363622 0.012790940729444599
5 0.7447447140754055 0.5382850631671868 0.01731476933481808 0.011337543502986236
5 0.78106402207986 0.570261108570034 0.020476132001909165 0.014535278685347208
5 0.7933998427354968 0.48870198404499937 0.01257272533418181 0.006540940729444422
7 0.7190356420671333 0.47792944462607584 0.00950226933481808 0.011155705547083273
5 0.6789817120464525 0.32647670060999945 0.014207950668363622 0.012827308320624998
5 0.6584243113860431 0.373061413090937 0.014171588001272717 0.009702308320625085
5 0.6453430560550429 0.39055803761597174 0.012681813335454529 0.01591594072944442
3 0.6556896627148159 0.3395222144777078 0.022038632001909163 0.014571646276527784
5 0.67915388737268 0.27411476681440916 0.018895450668363623 0.012936411094166721
5 0.5756112640435889 0.3077832116279162 0.018859088001272718 0.009811411094166722
5 0.5596231847151341 0.344102571335312 0.011082950668363623 0.012754573138263937
5 0.5519834073838158 0.35912815929121483 0.011082950668363623 0.012754573138263937
5 0.569889070058861 0.42044686578822865 0.015752269334818082 0.011301175911805572
5 0.6361680507240428 0.407963743163055 0.014207950668363622 0.012827308320624908
5 0.5812083780633153 0.45300479264996485 0.015752269334818082 0.011301175911805572
5 0.5856237054025877 0.49666387367201337 0.014207950668363622 0.012827308320624908
5 0.5979515300763601 0.5487348667381593 0.023564769334818082 0.011483013867708359
5 0.4992487587125888 0.32675272359576346 0.014171588001272717 0.009702308320624997
3 0.4479226160486796 0.34826535410472187 0.023564769334818082 0.011483013867708359
4 0.4946163500556793 0.3987550101648954 0.015752269334818082 0.011301175911805572
3 0.5358140620623608 0.44702820279420086 0.02512726933481808 0.011519381458888844
5 0.5090681066995439 0.23040440045749958 0.014171588001272717 0.009702308320624997
5 0.4469039140276806 0.19355967030913157 0.01885908800127254 0.009811411094166677
5 0.3293266100413617 0.2971048572388539 0.020421588001272716 0.009847778685347208
5 0.39403400003977096 0.2838768522048608 0.02043976933481808 0.011410278685347209
7 0.8797566080919502 0.6570506341212493 0.01417158800127254 0.009702308320624908
2 0.41654644139876973 0.4724665735195135 0.020512494668999893 0.017660278685347208
2 0.39541687607413295 0.5370382197960414 0.01580681333545435 0.015988675911805573
2 0.46863346335931694 0.1805505240326038 0.012645450668363622 0.012790940729444422
2 0.5683976533656804 0.22511618199263844 0.022038632001908986 0.014571646276527872
2 0.5943607167011347 0.24014111673815922 0.014207950668363622 0.012827308320624998
2 0.7002021840388164 0.26971755433347167 0.02054885733609062 0.020785278685347207
2 0.6431522053628168 0.20227678761597173 0.020476132001909165 0.014535278685347208
2 0.6582323126989076 0.2222437954997564 0.02200226933481808 0.011446646276527783
2 0.690344831357408 0.1613238260849647 0.022038632001908986 0.014571646276527784
2 0.9265288740451798 0.31133743740788117 0.015752269334818082 0.011301175911805572
7 0.9600504460534521 0.37151121799308945 0.01257272533418181 0.006540940729444422
2 0.5383038100731785 0.5266793352030203 0.018913632001908987 0.014498911094166723
2 0.5723151834022696 0.4946292481970481 0.012645450668363622 0.012790940729444599
2 0.5320703493793615 0.3267702541809718 0.025163632001908985 0.014644381458888934
2 0.4739214947087708 0.29920960505465233 0.01257272533418181 0.006540940729444422
3 0.5838408400302258 0.20912750608083286 0.014207950668363622 0.012827308320624998
3 0.5876203680378619 0.2653047708984717 0.017387494668999894 0.01758754350298606
3 0.5841328360518612 0.3685388736720134 0.022038632001908986 0.014571646276527784
3 0.47276007873167886 0.4680323402370135 0.014262494668999893 0.017514808320625085
3 0.24425327072722453 0.4405295085493748 0.025090906667727175 0.008394381458888845
7 0.2983504247294516 0.4556810766536456 0.01257272533418181 0.006540940729444422
7 0.5477766180378619 0.26623214447357596 0.011046588001272539 0.009629573138263936
3 0.8543367953930427 0.4200779641933673 0.011155676002545079 0.019004573138263935