5 0.7411702884671667 0.5177878000769688 0.02076714106622681 0.016334328130301046
5 0.6875451832943174 0.5331201341977196 0.01768760517284953 0.01778770072563951
5 0.7034058640148452 0.5524430530721937 0.023892141066226814 0.016443455534962938
3 0.5953817300082473 0.31405762095087575 0.03175010517284953 0.01827877404661713
3 0.43751775422314215 0.3640700007177902 0.025591033386094964 0.021185519237293705
4 0.5444520643314142 0.42489342802978475 0.023892141066226814 0.016443455534962938
5 0.18363292161583478 0.5694841538983495 0.019068248746358752 0.011592264427970279
5 0.22170958313603273 0.5778522146054555 0.02067621285298147 0.013209328130301045
4 0.620734453352577 0.7059648679556509 0.028534176959604095 0.015044646641955418
3 0.41304397380654817 0.7213914273968125 0.025545569279472248 0.019623019237293704
3 0.0880238710744741 0.2806994176933476 0.02853417695960414 0.015044646641955418
4 0.18157529427315455 0.23704367613086813 0.03340353338609488 0.021458337748947988
5 0.46358719457708836 0.6238368703179036 0.014562605172849529 0.01767857332097762
5 0.47968355601814405 0.6619370710435429 0.020858069279472247 0.019459328130301046
5 0.5450441315658223 0.7001935283926044 0.022329641066226813 0.01638889183263199
4 0.5373238744396864 0.4817337050716267 0.019295569279472246 0.01940476442797028
4 0.19067722882111307 0.7574206635169964 0.026971676959604098 0.014990082939624472
4 0.24576582640560812 0.20800350607526777 0.03335806927947225 0.019895837748947987
2 0.7140501958307296 0.6435318445420058 0.02067621285298138 0.013209328130301045
1 0.7190666532734348 0.7398984130536602 0.011210284639735946 0.009756945916316085
1 0.6787170672344081 0.29898074717441114 0.017505748746358664 0.011537700725639422
2 0.3922290201247667 0.6573190037130151 0.025454641066226812 0.016498019237293705
2 0.34492812279033375 0.6165650289407585 0.02067621285298147 0.013209328130301045
2 0.33298806393570285 0.5700074874709463 0.02067621285298147 0.013209328130301045
2 0.3496299946562306 0.5893576881965857 0.025545569279472248 0.019623019237293704
2 0.38755354348173177 0.5492336852013608 0.030278533386094784 0.021349210344286183
2 0.22969191620555846 0.6797966605217715 0.03202288981258557 0.02765377404661713
2 0.18149244543501822 0.7774330631541767 0.038227425705962895 0.026309528855940557
2 0.1682088469260863 0.6964186761308682 0.02568196159934022 0.024310519237293705
2 0.1464140664429853 0.5853894068935744 0.03514788981258556 0.027762901451278844
2 0.07397076511020179 0.6024107265863551 0.044568353919208256 0.02965278366526398
2 0.20306253470624308 0.4661508227728236 0.02081260517284953 0.017896828130301044
2 0.08776780680956686 0.3432539813956785 0.03349446159934022 0.024583337748947987
2 0.3686206532069277 0.2592163204105708 0.027335389812585653 0.02749008293962456
2 0.388546708300635 0.27320689854087193 0.03331260517284953 0.018333337748947985
2 0.3995798335317441 0.4315650355641806 0.03220474623907634 0.03390377404661713
2 0.4687868231069029 0.4988914340202345 0.019204641066226814 0.01627976442797028
2 0.4959798089211379 0.5319048306621899 0.019022784639736123 0.010029764427970277
2 0.5604431256933277 0.49348966060658955 0.019204641066226814 0.01627976442797028
2 0.5122460034317193 0.671676658792491 0.027108069279472246 0.01967758293962447
2 0.44190842286947607 0.5894519466341063 0.02393760517284953 0.018005955534962936
2 0.262164750066507 0.47759924346139604 0.019204641066226814 0.01627976442797028
2 0.3411258582088574 0.8009945926430895 0.025591033386094787 0.021185519237293705