5 0.15546875 0.865625 0.0078125 0.015625
5 0.25546875 0.9796875 0.00703125 0.01640625
5 0.24453125 0.95546875 0.0078125 0.015625
4 0.75859375 0.5234375 0.01015625 0.01875
4 0.8234375 0.528125 0.0078125 0.01640625
5 0.80625 0.81484375 0.00703125 0.01875
2 0.67890625 0.76328125 0.01484375 0.02109375
2 0.6453125 0.71796875 0.00546875 0.0125
4 0.4203125 0.54140625 0.00625 0.01640625
4 0.53203125 0.49765625 0.00546875 0.015625
2 0.45703125 0.32421875 0.00546875 0.01640625
2 0.39609375 0.28359375 0.01015625 0.01328125
4 0.60078125 0.2265625 0.00625 0.01640625
7 0.51171875 0.80390625 0.01015625 0.0125
4 0.38203125 0.7421875 0.00703125 0.01484375
4 0.2328125 0.5953125 0.01328125 0.02109375