5 0.7073753124958809 0.5772270887604383 0.01899546185055314 0.014717264427970278
5 0.6669179078694982 0.5434622131698752 0.01595228246740419 0.019295637023308564
5 0.6878207430968459 0.5317881031884086 0.02373750892845372 0.018005955534962936
3 0.5031708279171564 0.7016169974681112 0.02998750892845372 0.01822421034428636
3 0.3848963404990581 0.59865074329176 0.02535455600635439 0.021185519237293705
4 0.5011525860348313 0.5859919974681113 0.02373750892845372 0.018005955534962936
5 0.2425280137964224 0.3245460990968753 0.017378414772652385 0.011537700725639422
5 0.279369494721699 0.3302951020921002 0.018968188311602675 0.013154764427970278
4 0.674787134737585 0.3672990172535592 0.026780688311602675 0.013427582939624472
3 0.5004262885531887 0.2756720563611187 0.02535455600635448 0.021185519237293705
3 0.04777244155471831 0.5424131892928941 0.026807961850553053 0.014990082939624472
4 0.1139389581938098 0.6159300456461635 0.03319432954530477 0.0230208377489479
5 0.5061735024323367 0.38100439710529155 0.014362508928453721 0.01767857332097771
5 0.5345888287312306 0.35186996861217074 0.01905000892845372 0.017842264427970277
5 0.6071496213449044 0.34386400645378595 0.02058523538950343 0.016334328130301133
4 0.5166451724799949 0.5330753285936373 0.019077282467404012 0.01940476442797028
4 0.3194063392845374 0.1608258502780017 0.026807961850553053 0.01499008293962456
4 0.15779409820969584 0.6652107938320649 0.03472955600635439 0.02151290145127884
2 0.73263263676618 0.4567409739696483 0.02055796185055314 0.014771828130301045
1 0.7733746392018119 0.3724552540067152 0.011101141233702094 0.009756945916315906
1 0.5696140340856666 0.7462003219702154 0.015815914772652383 0.011483137023308564
2 0.45749449472169895 0.32407484002638265 0.02373750892845372 0.01800595553496276
2 0.40074961688067756 0.3424726651614589 0.018968188311602675 0.013154764427970278
2 0.3724842950460105 0.38020084365457973 0.02055796185055305 0.014771828130301045
2 0.3941683802733581 0.36849945182194777 0.02379205600635448 0.021130955534962848
2 0.41299624675029384 0.41709071924514285 0.0316045560063543 0.02140377404661713
2 0.3239904736183806 0.24431047287333998 0.030123876623205436 0.026036710344286274
2 0.3206006465087078 0.13967753657567084 0.03481137662320544 0.026200401451278842
2 0.2764199983751469 0.20610363394326567 0.025409103084255057 0.024310519237293705
2 0.21546095332584114 0.2965674320364999 0.03171365016215581 0.02765377404661713
2 0.1592285442352316 0.2547544434692453 0.04270569724005644 0.031160719962933035
2 0.21921897321134348 0.4222941183341691 0.02058523538950343 0.016334328130301046
2 0.07181786769145641 0.48685267005560035 0.031686376623205434 0.02609127404661713
2 0.2844247820570717 0.6646973839432656 0.027026150162155815 0.02749008293962447
2 0.307807734979171 0.6607539284083028 0.0300147824674041 0.019786710344286362
2 0.37736448416839213 0.5254314981010835 0.031822744317957154 0.03390377404661713
2 0.4627701501588605 0.49196174447288643 0.017432961850553142 0.014662700725639511
2 0.49918889123040683 0.4734919974681112 0.017351141233702093 0.00997520072563951
2 0.5416315357105197 0.5314210593563435 0.019022735389503432 0.01627976442797028
2 0.5667155361175567 0.35622016271438817 0.025327282467404188 0.019623019237293704
2 0.4744968084386911 0.4024354530030741 0.02217500892845372 0.01795139183263199
2 0.2757007982924214 0.43361107505025825 0.019022735389503432 0.01627976442797028
2 0.46825294236879245 0.17907979855657039 0.0253545560063543 0.021185519237293705