3 0.4236123196514182 0.1471919630496184 0.02121325870642714 0.017660278685347208
3 0.5906935990500604 0.07461171428388938 0.01512703301668683 0.020639808320624998
3 0.5843251696059897 0.2359849721676741 0.009204581637205856 0.026744337955902787
5 0.6155375480546921 0.2211055077868755 0.018252033016686653 0.020712543502986146
3 0.5627887635676674 0.3759371717308338 0.016771420171816587 0.02223867591180557
7 0.6760323920163698 0.3629670058870144 0.008958920171816587 0.022056837955902787
7 0.3772573773170487 0.3942474945847573 0.009040807326946254 0.023619337955902785
7 0.44233682270363595 0.4449209482319795 0.0069050972410380496 0.0126454703647223
7 0.34299191994467393 0.4550934223964239 0.007068871551297562 0.0157704703647223
7 0.3093328929208809 0.37862118816399326 0.008795145861557075 0.018931837955902787
3 0.35823513964152054 0.5077281131258683 0.01825203301668683 0.020712543502986236
7 0.5846072891211221 0.6284809434823269 0.012083920171816587 0.022129573138263935
3 0.41080129692303835 0.617412890861285 0.018415807326946344 0.02383754350298606
7 0.42757271709485495 0.6396515667730907 0.01027575870642714 0.01740570554708327
5 0.5484584271807631 0.6533893712939935 0.015372694482076099 0.02532730832062491
3 0.7232946528705038 0.6543375415062158 0.012329581637205678 0.026817073138263935
5 0.7277608248513425 0.7246682253018062 0.0106851944820761 0.02521820554708327
5 0.3449283926937383 0.804711562689028 0.011920145861557074 0.019004573138263935
3 0.5342531642904644 0.7396717101998268 0.013973968792335612 0.028415940729444422
7 0.6335615247604854 0.8925804642838895 0.014881371551297562 0.015952308320625264
7 0.5697679404097462 0.7919979296146185 0.011756371551297561 0.015879573138263936
5 0.5840594917437987 0.8711405689572921 0.012165807326946165 0.023692073138263936
3 0.4555117678630804 0.9196481912981254 0.021295145861557074 0.01922277868534721
7 0.3602402114406454 0.9182110182361114 0.008549484396167806 0.014244337955902608
7 0.37512158299194287 0.9341633265567364 0.01159259724103805 0.012754573138263937
5 0.6933526045886689 0.8721238003399311 0.013318871551297563 0.0159159407294446
5 0.7978907818850329 0.43993150902114647 0.011920145861557074 0.019004573138263935
5 0.4118813608087054 0.3849095153863198 0.013482645861557074 0.01904094072944442
5 0.36422286804479453 0.5773139145126391 0.016361984396167806 0.014426175911805571
7 0.279234793643678 0.7423193590418057 0.011756371551297561 0.015879573138263936
3 0.43097435605900697 0.6896697505686809 0.009122694482076098 0.025181837955902786
3 0.43310342209238045 0.730294750568681 0.015454581637205677 0.02688980832062491
5 0.4018434560135784 0.7740440973582989 0.01315509724103805 0.012790940729444422
5 0.6620960447753317 0.3501578813619797 0.013482645861557074 0.01904094072944442
2 0.4009914484388049 0.3557850598392364 0.015045145861557075 0.019077308320624996
7 0.30538345657940524 0.5712626298433683 0.012991322930778537 0.0096659407294446
4 0.39933817446722963 0.5773509353142018 0.010357645861557074 0.018968205547083273
4 0.7660343515364512 0.5765223192416326 0.01948698439616763 0.014498911094166544
4 0.38508972523545526 0.8563656348773613 0.0183339201718165 0.02227504350298588
4 0.4156503284693871 0.8141606042921531 0.012991322930778537 0.0096659407294446
2 0.3212895810713789 0.23454453305375025 0.018825243102595035 0.03165004350298615
3 0.2352535837849124 0.30510964656086825 0.018006371551297563 0.01602504350298606
3 0.45762322874195827 0.30482327830409756 0.017760710085908293 0.011337543502986058
2 0.4337320273624773 0.310509580640799 0.015045145861557075 0.019077308320624996
2 0.48209428425988216 0.28042334355857673 0.022032130257724703 0.03328527868534721
3 0.5081964388278666 0.3169245412218754 0.01636198439616763 0.014426175911805571
4 0.41651687188998177 0.25002602232017396 0.008631371551297562 0.015806837955902785
2 0.483061399252459 0.551989219033542 0.016443871551297562 0.015988675911805573
3 0.5937454302329808 0.951736605526424 0.010767081637205678 0.026780705547083273
3 0.19512763003058217 0.46257600123427095 0.014881371551297517 0.015952308320624907
3 0.25244324230962556 0.6628857789696877 0.013318871551297563 0.01591594072944442
7 0.425684826999049 0.9907412880877434 0.011756371551297561 0.015879573138263936
7 0.41923675316375936 0.9570384353142017 0.0069050972410380496 0.012645470364721944
7 0.5407399389394081 0.9676694236306949 0.01315509724103805 0.012790940729444599
3 0.3570709458368131 0.9321825992581599 0.016198210085908292 0.011301175911805572