5 0.8311199377936221 0.4669939384902858 0.019132001977166267 0.010029764427970277
5 0.8237995277175099 0.4985440388531055 0.019132001977166625 0.010029764427970277
3 0.6756193542955249 0.471641776872206 0.028570668973360823 0.011919646641955417
5 0.43281113589300546 0.2344592685195035 0.014317167984777512 0.006741073320977708
4 0.46890248619701663 0.31378218077055553 0.011574169961943959 0.016006945916315997
5 0.439606258440138 0.42042405037066893 0.013009335969555202 0.012936509618646851
4 0.462482684333581 0.4634374403892024 0.019386669961943957 0.01627976442797028
5 0.48072996003674345 0.58484864891939 0.016070668973360826 0.011483137023308564
5 0.49737629056909116 0.5709671981937507 0.01151050296574958 0.014444445916316084
5 0.5087833172608369 0.6973114433844272 0.01906833498097189 0.008467264427970278
5 0.5666621428502687 0.6585192726958548 0.013009335969555025 0.012936509618646851
5 0.4372094061961416 0.7264111555428121 0.01750583498097207 0.00841270072563951
5 0.47794715273610044 0.7085589674310444 0.019004667984777512 0.006904764427970278
3 0.3799672505686537 0.7808283262313847 0.01782416996194396 0.01622520072563951
3 0.38114113691876966 0.6368327895708956 0.020821835969555114 0.013209328130301045
5 0.3065284560824108 0.572155219878115 0.011637836958138336 0.017569445916316085
5 0.31931229897204816 0.6170857739617991 0.022257001977166357 0.010138891832631992
5 0.30807105144350616 0.6292137517292805 0.019004667984777512 0.006904764427970278
5 0.8853272767289267 0.4917012726110367 0.019132001977166267 0.010029764427970277
7 0.8595698844473117 0.6083902648064884 0.019132001977166267 0.010029764427970277
7 0.7848696788963736 0.4263615040067153 0.014635502965749581 0.01455357332097762
4 0.7915984758540743 0.6490995995602115 0.023883168973360826 0.011755955534962937
3 0.6760517303026987 0.6742583453838603 0.019259335969555025 0.013154764427970278
4 0.5998367401885304 0.723861530500403 0.01932300296574958 0.014717264427970278
4 0.634442550454923 0.6131224379421316 0.01619800296574958 0.014608137023308565
5 0.3376856141813566 0.5303843821291672 0.01906833498097189 0.008467264427970278
5 0.28712985726127443 0.4992906387525891 0.016134335969555113 0.013045637023308566
2 0.30803792345916603 0.41719490136646087 0.04495967292769336 0.031215283665263983
5 0.1735846690105418 0.40076634791574894 0.022129667984777557 0.007013891832631991
5 0.18289334342111 0.4372122794040948 0.02069450197716636 0.010084328130301046
5 0.15087402228030247 0.49622518085537354 0.016070668973360736 0.011483137023308564
7 0.09841486714710618 0.5528224104369535 0.015943334980971956 0.008358137023308565
5 0.1147919422422464 0.5131324278601486 0.01906833498097198 0.008467264427970278
7 0.1183546354358949 0.6389682415624794 0.019004667984777558 0.006904764427970278
7 0.12499856627225374 0.7060193323066524 0.016134335969555113 0.013045637023308566
5 0.29292089532172666 0.6798139524549199 0.019132001977166357 0.010029764427970277
5 0.23920571593106152 0.22557288575736417 0.0158796679847776 0.006795637023308565
5 0.5924513686299809 0.542611530500403 0.01756950197716627 0.00997520072563951
7 0.6562883755500633 0.5732414824071689 0.012882001977166269 0.009811509618646852
3 0.21266305094921453 0.6301983875714627 0.017696835969555114 0.01310020072563951
4 0.22248371992257526 0.6408085053574777 0.02069450197716636 0.010084328130301046
4 0.21611565619614154 0.7341319194226281 0.016261669961943958 0.016170637023308565
4 0.19176957220375276 0.7318526568087564 0.011319501977166357 0.009756945916316085
3 0.12199558307816769 0.7859250871159758 0.013264003954332715 0.019186509618646853
3 0.19322859592974898 0.8444617842134182 0.017696835969555114 0.013100200725639156
3 0.4027972555115696 0.8035019343987525 0.01756950197716627 0.009975200725639155
3 0.3500542574887359 0.8147321002780018 0.00994800296574958 0.014389882213985317
4 0.09322730144350612 0.6367162607997733 0.014571835969555136 0.01299107332097762
2 0.4646884659682426 0.6135738496450296 0.02069450197716627 0.010084328130301046
2 0.4843125578692968 0.6535713670682247 0.009884335969555024 0.012827382213985139
2 0.4770730608350463 0.6679066855798789 0.01756950197716627 0.00997520072563951
2 0.4693069817855734 0.6885192859426986 0.01594333498097189 0.008358137023308565
2 0.3695762372227808 0.7178198947430389 0.019259335969555112 0.013154764427970278
2 0.39148572931411546 0.679501439208076 0.01594333498097189 0.008358137023308565
2 0.394902547983465 0.6097519343987525 0.013136669961943959 0.01606150961864685
3 0.34599415718472476 0.7342906321291671 0.01906833498097198 0.008467264427970278
2 0.15343528958050803 0.578283712706539 0.017824169961943914 0.01622520072563951
2 0.12590053859192485 0.5745510774973289 0.014508168973360736 0.01142857332097762
2 0.05090053859192485 0.57717013520921 0.011446835969555137 0.012881945916316084
2 0.12658362950439583 0.6105158593484944 0.01281833498097198 0.008249009618646852