7 0.4296845174630016 0.4048299632082754 0.009502265027114732 0.021929542154477843
7 0.6706140444921688 0.4585736285065366 0.009511355386194253 0.023492042154477664
4 0.6017408037637468 0.30270944788657317 0.020430674668035033 0.020430674668035033
4 0.4563601260706497 0.29014529449216875 0.011046584308955332 0.018813632513557367
4 0.6522402526322786 0.2545673845566608 0.01418976502711473 0.02195681323171659
4 0.737088472185266 0.47067871876742035 0.015734084308955332 0.018840903590796286
4 0.6770276709556018 0.486734989942855 0.02511817466803503 0.020457945745273775
7 0.5806753666026798 0.5760151376799187 0.012590903590796287 0.015697722872636887
4 0.3086049238824681 0.5408396652000652 0.012572722872636888 0.012572722872636888
4 0.49985611689726744 0.3810202793668583 0.012572722872636888 0.012572722872636888
4 0.5429703126425414 0.4062702642415477 0.020430674668035033 0.020430674668035033
3 0.37782866431630246 0.8912305506404887 0.01730567466803503 0.02041249394987581