5 0.6150972950771465 0.34671216964721163 0.013683068401734033 0.020530688311602673
1 0.6064936527296579 0.09243377273146673 0.01800654735504672 0.014362508928453721
1 0.5987519582595611 0.3727525182672399 0.01809755261671846 0.01592500892845372
1 0.6294104240586941 0.38236329748823306 0.012120568401734033 0.020503414772652384
1 0.6859257345679203 0.36342633685549597 0.018370568401734032 0.020612508928453722
1 0.41211577922154385 0.28079466355813165 0.019751057878390377 0.0175147824674041
1 0.21430761077745747 0.26005328977430003 0.008540542093374803 0.012636367694751715
1 0.3275315927145419 0.6342566286550957 0.015700594710093264 0.02837046185055314
1 0.019240221554915015 0.5272522467535892 0.028746626280124376 0.03796365016215582
1 0.31521141616618625 0.3901890288172514 0.008449536831702974 0.011073867694751627
1 0.29361713722699107 0.399150971593081 0.00826752630835923 0.007948867694751716
1 0.3404389293203659 0.385846402194046 0.008358531570031146 0.009511367694751627
1 0.645586973832815 0.14482238717980755 0.008631547355046721 0.014198867694751715
1 0.17160271323888424 0.08207434009861159 0.010194047355046632 0.01422614123370205
1 0.15507463687405526 0.03085275933549083 0.01157453683170293 0.011128414772652384
1 0.12938803725522596 0.43167491964391635 0.008449536831702931 0.011073867694751627
1 0.5754825162791257 0.5042752536567432 0.008540542093374803 0.012636367694751627
1 0.47728429486538504 0.12668781615591945 0.009921031570031148 0.00953864123370205
1 0.668812371230214 0.17485476055660212 0.01184755261671846 0.015815914772652383
1 0.6928898241575161 0.4850558750049429 0.01184755261671846 0.015815914772652383
2 0.6398040795603622 0.6327081708650276 0.01488154735504672 0.014307961850553141
2 0.08402160032470099 0.33959255965980234 0.03692314732681177 0.04435001785690744
2 0.3143776872834608 0.45810323173935075 0.015609589448421436 0.02680796185055314