3 0.5385942937873265 0.22415766355154113 0.0206034407294446 0.012854556006354479
7 0.5445605383720837 0.5811480032431156 0.015806837955902785 0.008085235389503431
1 0.6644957511373617 0.8019026083559655 0.02707164627652787 0.022338650162155815
1 0.7148730383720838 0.5841208189887027 0.023946646276527872 0.022284103084255234
1 0.7760053344405211 0.3251373311635673 0.022347778685347208 0.020694329545304768
1 0.3915862344198618 0.8533661022701811 0.020676175911805574 0.0159795560063543
1 0.3248961229095141 0.26962630194586934 0.022384146276527784 0.02225682954530477
1 0.9998402651019793 0.4158107443113666 0.0003194697960413606 0.018913641233702094
2 0.8758787010817711 0.3549942008869139 0.023801175911805573 0.01603410308425506
1 0.4070638044239937 0.7466484979681098 0.0095204703647223 0.0064136412337020944
1 0.39508982807534776 0.7019263331954575 0.0095204703647223 0.0064136412337020944
1 0.4372584910693756 0.6683013555165918 0.014244337955902787 0.00805796185055314
1 0.49390788136197966 0.6528905896882792 0.014244337955902787 0.00805796185055314
1 0.6112940966927088 0.5963696286485051 0.007994337955902786 0.007948867694751626
1 0.6650366925323963 0.5902793157422918 0.011119337955902786 0.008003414772652383
1 0.5819176808488895 0.709873021100023 0.011119337955902786 0.008003414772652383
1 0.5834230166205907 0.5732360917168741 0.007994337955902786 0.007948867694751626
1 0.2948131518792018 0.48698139731948664 0.011192073138263935 0.011128414772652384
1 0.32642552137024344 0.4359916416374439 0.007994337955902786 0.007948867694751626
1 0.3862369324644101 0.4557780361175568 0.011119337955902786 0.008003414772652383
1 0.12873551662059074 0.5652994918823252 0.011192073138263892 0.011128414772652384
1 0.13224172311760463 0.548180175729701 0.011192073138263892 0.011128414772652384
1 0.369227351158021 0.261809847805954 0.011119337955902786 0.008003414772652383
1 0.379636867875521 0.2057643993480816 0.007994337955902786 0.007948867694751716
3 0.6514391326931598 0.20738499512544079 0.01907730832062491 0.014389782467404012