3 0.8144944447165979 0.7002280735691213 0.030014808320625263 0.01492631802583091
3 0.8163621499793408 0.5117649671426305 0.0237284407294446 0.013181961599340219
3 0.7818962310013893 0.5088589274883295 0.026998911094166543 0.019522889812585653
5 0.7587308347248616 0.4876431570343584 0.0237284407294446 0.013181961599340219
7 0.6630222104841673 0.67492785985821 0.015952308320624907 0.014517141066226813
3 0.5735596669811811 0.6603318139357028 0.02536367591180557 0.016352425705962757
3 0.6400172023160421 0.4926609291376822 0.01609777868534721 0.02076714106622681
3 0.47835561654434083 0.634176142386375 0.030014808320625086 0.01492631802583091
7 0.6449001515948612 0.2658029124446347 0.011264808320624908 0.01438074874635884
5 0.3464159387326742 0.6755405914493029 0.020639808320624998 0.014653533386094786
5 0.293598756836945 0.6231346569678514 0.022275043502986147 0.017823997492717503
7 0.3643080342880213 0.47019386190327406 0.02372844072944442 0.013181961599340219
7 0.3805129561157642 0.3938897746771132 0.020603440729444422 0.013091033386094875
7 0.39744653618788234 0.4160686515575751 0.023801175911805573 0.016306961599340218
7 0.24977471523381994 0.5540496878466639 0.01740570554708327 0.00987510517284953
5 0.8620006518792017 0.45727604394395016 0.0174784407294446 0.01300010517284953
3 0.5445014145126391 0.318758079375109 0.016025043502986235 0.017642141066226812
2 0.4994487133339588 0.5999458948936576 0.022275043502986237 0.017823997492717503
2 0.5241408952296881 0.6531701832943172 0.011192073138263935 0.011255748746358662
2 0.5582795058870145 0.6420137229486184 0.014280705547083272 0.009784176959604096
4 0.6293531124602783 0.5383144099373522 0.0206034407294446 0.013091033386094963
4 0.6121454690335421 0.4371838189502678 0.01755117591180557 0.01612510517284953
4 0.6312039403481948 0.4163030176174843 0.014353440729444422 0.012909176959604095
2 0.7267697070656948 0.35723424300687806 0.020676175911805574 0.016216033386094786
2 0.8285030465402089 0.7310916286628285 0.023801175911805573 0.016306961599340218
4 0.7901665919430562 0.6962452672217728 0.011192073138263935 0.01125574874635884
2 0.7279757164680909 0.7113450814866801 0.014244337955902787 0.008221676959604097
4 0.6760664179311117 0.6307686828986059 0.01755117591180557 0.01612510517284953
4 0.6307714485163199 0.5992519099373522 0.014244337955902787 0.008221676959604097
4 0.653101043406077 0.6181466624446348 0.014317073138263936 0.011346676959604096
7 0.3831346887326742 0.6744721849436699 0.012827308320624998 0.014426212852981379
7 0.40379006800736156 0.5542589733443297 0.017442073138263937 0.01143760517284953
3 0.43434777735416696 0.4564292271052534 0.02688980832062491 0.014835389812585652
3 0.6468536562476048 0.7527944470843708 0.016025043502986235 0.017642141066226812
3 0.5863304642838895 0.5708374049227875 0.012900043502986236 0.01755121285298138
3 0.7602232123840282 0.6189386211409811 0.014389808320624909 0.014471676959604097
3 0.6331905465402089 0.7367746419906636 0.017587543502986237 0.01768760517284953
3 0.4265346241437851 0.42304006558505547 0.02372844072944442 0.013181961599340219
3 0.4870409387326742 0.6714488218532616 0.023692073138263936 0.01161946159934022
3 0.3173057477188893 0.46608903510195443 0.02703527868534721 0.021085389812585474
3 0.47036585106111184 0.8619063372926679 0.02372844072944442 0.013181961599340042
7 0.27072626092100754 0.7152683326738144 0.02053070554708327 0.009966033386094964
3 0.3903048769935767 0.3443527759307544 0.02074891109416672 0.019341033386094785