5 0.68671875 0.7053253948274352 0.0125 0.013009335969555025
7 0.39296875 0.8394497495428894 0.01875 0.010139003954332537
5 0.33359375 0.8409366536875027 0.01875 0.007014003954332537
4 0.4578125 0.7881856798849567 0.0125 0.014571835969555025
3 0.53671875 0.8406196131927736 0.01875 0.010139003954332537
3 0.3125 0.7978896492388783 0.01875 0.013264003954332892
5 0.11484375 0.7648357742202878 0.015625 0.013136669961943959
3 0.0203125 0.7492651709505271 0.0171875 0.011637836958138336
4 0.1109375 0.6904578567298018 0.028125 0.015208505931499161
4 0.1703125 0.6155334525851887 0.021875 0.013391337946721472
3 0.1078125 0.548924272737413 0.021875 0.013391337946721472
5 0.4578125 0.5022481798849567 0.01875 0.010139003954332714
5 0.2953125 0.5307830622807399 0.01875 0.013264003954332537
5 0.21484375 0.44859796197672885 0.01875 0.007014003954332715
7 0.56875 0.5973935366147585 0.0171875 0.006950336958138337
5 0.709375 0.6187485662722537 0.021875 0.01026633794672165
7 0.3796875 0.5240648300752372 0.021875 0.007141337946721471
7 0.35859375 0.38179907562661286 0.01875 0.010139003954332714
5 0.096875 0.4656661037640523 0.0125 0.016134335969555026
4 0.23515625 0.35880063292725595 0.025 0.011956171939110227
4 0.609375 0.5185801285158127 0.01875 0.019514003954332716
7 0.1125 0.3577090237259962 0.01875 0.013264003954332715
1 0.77265625 0.6189833296181266 0.0125 0.006759335969555025
2 0.5296875 0.6840831117098987 0.034375 0.015463173916276673
4 0.5921875 0.5850672915576743 0.01875 0.013264003954332715
2 0.609375 0.4763926285158127 0.0671875 0.04648768083635879
2 0.17421875 0.5758488700756746 0.0578125 0.04923067885919252
2 0.06796875 0.4230820143344561 0.0453125 0.031533842889637495
1 0.15234375 0.4249575321289532 0.009375 0.00975700197716627
1 0.0953125 0.38747743676785784 0.0109375 0.008258168973360736
4 0.25625 0.49716013737588016 0.015625 0.008449169961943781
3 0.1953125 0.31030212452429895 0.0109375 0.020758168973360736
2 0.63046875 0.721783382964437 0.0109375 0.009820668973360824
3 0.40078125 0.6046118345238615 0.028125 0.01052100593149916