5 0.5688344929692366 0.5884423856725463 0.020676175911805574 0.016334328130301046
5 0.5097692707046534 0.6374180882122842 0.014498911094166544 0.01924107332097762
5 0.5385125197547228 0.6629984415703287 0.014426175911805571 0.01611607332097762
5 0.574646775454306 0.502232067160892 0.015988675911805573 0.016170637023308565
5 0.4907452073500352 0.5591120389379236 0.0096659407294446 0.012827382213985139
5 0.42779191888104223 0.6090054007334886 0.014389808320624909 0.01455357332097762
5 0.44614252858843806 0.6247841681566838 0.011264808320625087 0.014444445916316084
5 0.48905346114975734 0.4528347570867581 0.023764808320624907 0.014880955534962936
5 0.4139989097629865 0.4531100647986392 0.017514808320625085 0.014662700725639511
5 0.4816039838511809 0.4351115437472469 0.023692073138263936 0.011755955534962937
5 0.5078573593261462 0.4209027108076224 0.02685344072944442 0.013427582939624472
4 0.7466516748649659 0.6361829373091595 0.026998911094166723 0.01967758293962447
3 0.7516450333380907 0.48119533694633976 0.028561411094166544 0.01973214664195542
3 0.7904360828250004 0.5353545580903992 0.026926175911805572 0.01655258293962447
4 0.6682318148732296 0.42468493131870966 0.020567073138263937 0.011646828130301046
4 0.6591665926086463 0.4719145953838602 0.020567073138263937 0.011646828130301046
4 0.6687604513661116 0.5145832450210406 0.020676175911805574 0.016334328130301046
5 0.5037666585287155 0.27874249265878787 0.022129573138263935 0.011701391832631991
5 0.48249237699357667 0.33890866634258526 0.02372844072944442 0.013318455534962758
5 0.5389410923243058 0.2782960593563436 0.014426175911805571 0.016116073320977708
5 0.5899223640757989 0.2851164890305908 0.022056837955902787 0.00857639183263199
4 0.3433935094023961 0.3422023358500314 0.02685344072944442 0.01342758293962456
5 0.35811062604364613 0.3698362625290537 0.026926175911805572 0.01655258293962447
5 0.4051324028291323 0.44169141516145893 0.023764808320625087 0.014880955534962936
5 0.31738174895316024 0.6355356735989794 0.011264808320625087 0.014444445916316084
5 0.26678299011944506 0.6787425257758976 0.011301175911805572 0.016006945916316084
5 0.31563349173496563 0.4260515461943177 0.020676175911805574 0.016334328130301046
5 0.3583294848011115 0.4128322943802192 0.015952308320624997 0.014608137023308565
4 0.5112531566288545 0.33164923784946443 0.022056837955902787 0.00857639183263199
5 0.39625032494121576 0.5639756429289403 0.022202308320625086 0.01482639183263199
3 0.21227340881305595 0.486738564250485 0.02685344072944442 0.013427582939624472
5 0.32644239874506975 0.3529587865756708 0.017478440729444423 0.013100200725639421
5 0.3457983428929867 0.6806745588081895 0.01602504350298606 0.017733137023308566
4 0.680368792171806 0.4422444535512282 0.020639808320624908 0.014771828130301045
7 0.4489577508530213 0.5777727589008567 0.018931837955902787 0.008467264427970278
4 0.5877435746568753 0.35947164828641787 0.019004573138263935 0.011592264427970279
4 0.4567825557551738 0.2756919037287135 0.015988675911805573 0.016170637023308565
4 0.4136683353904516 0.27094240554281207 0.01755117591180557 0.016225200725639422
3 0.07373562604364617 0.3797668563532695 0.014535278685347253 0.02080357332097771