7 0.6015625 0.43209222739548564 0.021875 0.009884146276527872
7 0.525 0.6651242393633329 0.021875 0.009884146276527872
4 0.684375 0.6098522450629161 0.0203125 0.020785278685347207
4 0.71171875 0.4670283122172563 0.01875 0.011373911094166545
4 0.7265625 0.663557820101041 0.021875 0.014571646276527872
4 0.50625 0.7296231504574996 0.01875 0.01606141109416672
4 0.49609375 0.6689220398001732 0.0203125 0.02391027868534721
7 0.41796875 0.566052919359201 0.015625 0.012863675911805572
4 0.4796875 0.2997726495075691 0.0125 0.012790940729444422
4 0.6171875 0.5028223014836801 0.0125 0.012790940729444599
4 0.58828125 0.5425576019205203 0.0203125 0.020785278685347207
3 0.12734375 0.3376610413187846 0.0203125 0.017660278685347208