7 0.7326255217116489 0.2488234928133639 0.020758168973360823 0.012120568401734033
3 0.8667936387843929 0.4756072587395538 0.02407416996194378 0.01699007892507769
7 0.6861259120160975 0.3762351322476679 0.019068334980972067 0.008904563140062206
3 0.6135903843357686 0.5113983584995574 0.021012836958138336 0.018370568401734032
4 0.5647575893924153 0.332643297919744 0.014508168973360824 0.011756547355046632
3 0.416816202016535 0.5969017609468666 0.024074169961943958 0.016990078925077867
7 0.4249828235750844 0.4156062583160308 0.01932300296574958 0.015154563140062294
4 0.38171830182625455 0.521006389857827 0.017633168973360737 0.011938557878390377
4 0.28670027908884155 0.6340971950347942 0.017569501977166356 0.010376057878390198
4 0.5612041664647217 0.3624673058122518 0.016070668973360826 0.01184755261671846
4 0.6289673280237087 0.38268182429869035 0.017760502965749582 0.015063557878390376
4 0.664557318137877 0.42737269801856603 0.014826503954332715 0.01956904735504672
2 0.6792618052862958 0.4873091401401757 0.014508168973360824 0.01175654735504672
1 0.5944636995450769 0.5982459111162759 0.012818334980972068 0.008540542093374803
2 0.5743541293928527 0.5370654874105177 0.01782416996194396 0.0166260578783902
2 0.5894061264271032 0.5502179347937992 0.017760502965749582 0.015063557878390376
4 0.39816831418354426 0.4615935925027804 0.0176968359695552 0.0135010578783902
4 0.5306478917501425 0.4811563926298373 0.017760502965749582 0.015063557878390376
1 0.3787286115983556 0.6326341345961553 0.009757001977166358 0.009921031570031148
4 0.6197886461987666 0.4549208453453778 0.014571835969555025 0.01331904735504672