5 0.9438594583884277 0.6238900581237671 0.01784259724103805 0.012699994668999893
5 0.8525417395960921 0.5947196314449039 0.018006371551297206 0.015824994668999892
5 0.9203223818396044 0.5174309727879944 0.014963258706427496 0.017351132001908985
5 0.9305981405460318 0.5347275607892671 0.013400758706427495 0.01733295066836362
5 0.8051820607178483 0.555129872772086 0.01784259724103805 0.012699994668999893
5 0.7771079703742153 0.5110798807685862 0.016443871551297562 0.01580681333545435
5 0.9834741570543752 0.5454928854630394 0.020967597241038048 0.012736357336090798
7 0.9829695460185273 0.5954565227959485 0.017678822930778538 0.009574994668999892
5 0.9184212878779267 0.3768696074554035 0.021213258706427495 0.0174238573360908
5 0.9098142497728574 0.43610824745381266 0.020803822930778537 0.009611357336090798
5 0.8477646291260712 0.44397474411199483 0.014799484396167628 0.014226132001908986
5 0.9265546924459113 0.41287983278958523 0.014799484396167628 0.014226132001908986
5 0.7573543130926975 0.40232249876667725 0.020967597241038048 0.012736357336090798
5 0.7832683599041942 0.3604622627704952 0.024338258706427317 0.017460220003181703
5 0.8209974112382465 0.4397594114417222 0.016198210085908472 0.01111931333545435
7 0.7500198479184066 0.4709452294318591 0.011674484396167629 0.014189769334818081
5 0.7578776927845954 0.6357798887650864 0.018006371551297563 0.015824994668999892
5 0.722895183173657 0.593991830760632 0.01784259724103805 0.012699994668999893
5 0.7033672551999243 0.5789299047580867 0.014963258706427318 0.017351132001908985
3 0.7309876441640764 0.6292208060948138 0.02433825870642714 0.017460220003181703
5 0.7763277996365717 0.6898679521005409 0.02433825870642714 0.017460220003181703
5 0.6611974445936177 0.6830628740849506 0.020967597241038048 0.012736357336090798
5 0.6329562579134578 0.6507225414146781 0.014799484396167805 0.014226132001908986
5 0.6213636606724198 0.63809527207986 0.014799484396167628 0.014226132001909165
5 0.6185828194242756 0.5701356127466327 0.020967597241038048 0.012736357336090798
5 0.6900893272261917 0.5639407040897232 0.018006371551297563 0.015824994668999892
5 0.6205647212787264 0.5334623160804963 0.01784259724103805 0.012699994668999893
5 0.6103365502023987 0.4872776594127691 0.019650758706427317 0.017405676002545434
5 0.6058261126177277 0.4310094780792236 0.02738137155129756 0.01593408267027243
5 0.5785077753263124 0.6844430134070421 0.017924484396167804 0.014262494668999893
3 0.5202858395506635 0.6759578040658607 0.02738137155129756 0.01593408267027243
4 0.5505222161903437 0.6122862027370877 0.017924484396167804 0.014262494668999893
3 0.5769751735627185 0.5509128980744511 0.028861984396167807 0.014389764003817973
5 0.6186181982116623 0.7793833434118146 0.01784259724103805 0.012699994668999893
5 0.5684001922187685 0.8342339280712693 0.020885710085908293 0.011173857336090975
5 0.4169361895052351 0.7598595420512249 0.02409259724103805 0.012772720003181703
5 0.4862217780398458 0.7559811113939972 0.02417448439616763 0.014335220003181704
7 0.8529080732694627 0.2441565574474493 0.01784259724103805 0.012699994668999893
2 0.4484783593383673 0.557225438056952 0.025982645861557074 0.019040901336727246
2 0.40630414744343674 0.49739590471831574 0.019732645861557076 0.018968176002545432
2 0.5945499344168523 0.8415651700747693 0.016443871551297562 0.01580681333545435
2 0.6797637381257541 0.7691640060868596 0.02746325870642714 0.01749658267027243
2 0.7012735679539375 0.7475526354232687 0.019650758706427317 0.017405676002545434
2 0.7980799689038772 0.6877787407701771 0.023021420171816586 0.022129538669636163
2 0.7627400124360135 0.7732526167647682 0.024338258706427317 0.017460220003181703
2 0.7708048179539375 0.7483617047660409 0.025736984396167804 0.014353401336727068
2 0.822067424805914 0.8028315761059497 0.024338258706427494 0.017460220003181703
2 0.5531857914959714 0.46943563140513306 0.021131371551297563 0.015861357336090797
2 0.5973828488229177 0.4933731180776328 0.01808825870642732 0.017387494668999894
2 0.6116102023955338 0.6754589120782691 0.027545145861557076 0.019059082670272433
2 0.5623814863167318 0.7193901780712695 0.014471935775648781 0.007976132001908987
3 0.7007313353667921 0.7819003634229504 0.019650758706427317 0.017405676002545434
3 0.6867640106269912 0.7239605940881323 0.021295145861557074 0.018986357336090796
3 0.6508088212332979 0.6189185580839961 0.02590075870642732 0.017478401336727067
3 0.5056767056748941 0.5461793973981334 0.01825203301668683 0.020512494668999893
3 0.2870296042499846 0.6349857167011348 0.025573210085908293 0.011228401336727067
7 0.3354737483025193 0.605880019374589 0.014471935775648781 0.007976132001908987
7 0.6474525271353346 0.7336532200827235 0.014635710085908115 0.011101132001908987
3 0.904291268090223 0.49460200011931266 0.013564533016686652 0.020457950668363624