5 0.6898041032781844 0.3941269119365739 0.012790901336727245 0.025218188311602673
5 0.6424092932447769 0.6409979577966586 0.009593176002545434 0.018913641233702094
5 0.4182263585694136 0.7089605738665572 0.011192038669636162 0.022065914772652385
5 0.47538433056177753 0.7642014529253947 0.009647720003181703 0.023601141233702095
5 0.5071161359007318 0.7222497321463879 0.01580681333545435 0.015897735389503433
3 0.7406949886219112 0.316691658690163 0.01280908267027261 0.026780688311602675
3 0.5408729705601867 0.7747747142894804 0.018986357336090796 0.020639782467404187
3 0.6198513985519144 0.8343212638030131 0.015843176002545433 0.019022735389503255
3 0.4932241691995971 0.9763468969190402 0.008030676002545433 0.018886367694751625
5 0.5778088018778238 0.889731512585197 0.012718176002545434 0.018968188311602675
1 0.8051258272199597 0.8209330994373977 0.022274989337999783 0.03475682954530477