5 0.63046875 0.42890625 0.0140625 0.0140625
5 0.6453125 0.4609375 0.00625 0.01953125
5 0.296875 0.50078125 0.0078125 0.015625
5 0.33359375 0.75078125 0.01171875 0.01328125
0 0.32890625 0.38671875 0.0578125 0.04296875
6 0.325 0.23671875 0.0328125 0.04609375
2 0.39609375 0.21875 0.01796875 0.01328125
6 0.490625 0.44609375 0.05234375 0.0703125
2 0.56953125 0.65390625 0.04453125 0.03984375
7 0.5390625 0.38828125 0.0078125 0.01875
2 0.37578125 0.7203125 0.0171875 0.0171875
7 0.4046875 0.76953125 0.01015625 0.01796875
2 0.26171875 0.58671875 0.021875 0.01953125
2 0.25078125 0.5609375 0.02109375 0.02890625
7 0.3046875 0.28359375 0.00625 0.01875
2 0.55234375 0.4421875 0.015625 0.01953125
2 0.5734375 0.57265625 0.00859375 0.02109375
2 0.6421875 0.78125 0.02890625 0.034375
2 0.4703125 0.88203125 0.03046875 0.025
7 0.3984375 0.6234375 0.01484375 0.0109375
7 0.60546875 0.35703125 0.0125 0.01484375
6 0.67109375 0.47890625 0.02109375 0.03046875
6 0.45546875 0.5453125 0.01640625 0.01875
2 0.55 0.8671875 0.0125 0.01953125
2 0.5765625 0.84296875 0.01640625 0.01953125
1 0.3640625 0.63046875 0.009375 0.01015625
1 0.15 0.64140625 0.01328125 0.02265625
2 0.16328125 0.4953125 0.01015625 0.01796875
2 0.1296875 0.634375 0.01015625 0.01875
2 0.196875 0.3890625 0.01171875 0.0125
2 0.21328125 0.2625 0.0109375 0.01953125
2 0.7015625 0.6328125 0.0125 0.02265625