3 0.75078125 0.315625 0.01484375 0.028125
3 0.30078125 0.1921875 0.01484375 0.025
3 0.58828125 0.98515625 0.015625 0.01796875
4 0.36171875 0.61953125 0.01015625 0.02109375
3 0.53671875 0.746875 0.015625 0.0203125
1 0.6015625 0.40703125 0.0234375 0.02734375
1 0.1828125 0.9546875 0.01953125 0.03046875
2 0.6109375 0.95078125 0.0234375 0.015625
2 0.7125 0.74140625 0.01953125 0.02890625
1 0.8734375 0.2890625 0.0140625 0.02265625
1 0.5359375 0.659375 0.0078125 0.01015625
1 0.665625 0.62109375 0.0078125 0.0125
2 0.35 0.85859375 0.025 0.0203125
5 0.5171875 0.775 0.0078125 0.015625
5 0.60625 0.3578125 0.00859375 0.01015625
5 0.4828125 0.1921875 0.00859375 0.0109375
5 0.4703125 0.18125 0.009375 0.01328125
5 0.4421875 0.20546875 0.009375 0.0140625
5 0.4296875 0.15 0.01484375 0.01484375
5 0.64375 0.159375 0.0078125 0.01484375
5 0.45390625 0.2359375 0.00859375 0.0125
5 0.2578125 0.56796875 0.01015625 0.0125
5 0.340625 0.58125 0.0078125 0.01328125
5 0.50546875 0.375 0.0078125 0.0140625
5 0.63046875 0.29609375 0.0078125 0.01484375
5 0.68359375 0.45234375 0.009375 0.0171875
5 0.66953125 0.2859375 0.01015625 0.0140625
5 0.390625 0.0265625 0.0125 0.01953125
5 0.19140625 0.70859375 0.00703125 0.01484375
5 0.39296875 0.4359375 0.00703125 0.0140625
5 0.20703125 0.4171875 0.00703125 0.01328125
5 0.7078125 0.4625 0.0078125 0.01875
5 0.62734375 0.7625 0.0078125 0.0140625
5 0.6140625 0.1484375 0.0109375 0.0109375
5 0.43046875 0.78515625 0.00859375 0.0203125
5 0.403125 0.1453125 0.009375 0.0109375
5 0.45390625 0.16015625 0.00703125 0.0125
5 0.29375 0.240625 0.00625 0.015625
5 0.259375 0.6609375 0.00859375 0.0140625
5 0.31875 0.27109375 0.00859375 0.01640625
5 0.80546875 0.634375 0.009375 0.015625
5 0.49609375 0.39453125 0.0078125 0.01796875
5 0.303125 0.71328125 0.00703125 0.01484375
5 0.55859375 0.59140625 0.00625 0.01640625