5 0.5625569535512283 0.6934063735728968 0.02080357332097762 0.014890170950527092
1 0.80919385137431 0.755091925967805 0.01622520072563951 0.017824169961943782
1 0.5445981272350257 0.6699861196185641 0.017842264427970277 0.019450336958138338
1 0.5241120124442358 0.6965340321661342 0.02236607332097762 0.014953837946721471
1 0.5236556554579941 0.7544101991623287 0.022529764427970278 0.01964133794672147
1 0.6960664019146149 0.5220327337627397 0.019459328130301046 0.021076503954332713
1 0.7828918232361597 0.34328033406675085 0.014389882213984961 0.009948002965749492
1 0.3853893406593548 0.3450776670333754 0.028725200725639423 0.018333505931498982
1 0.5923487019067657 0.08672529205196595 0.04166171034428636 0.031342841901054186
1 0.6236234614405947 0.4009443009492145 0.012772818511654193 0.008321835969555024
1 0.6220436032732266 0.3789738004549229 0.00970238221398514 0.00975700197716627
1 0.6188441922033009 0.42578513345872865 0.011210318511654193 0.008258168973360824
1 0.7466293639881818 0.7767958296181267 0.01595238221398514 0.01001166996194378
1 0.9688020413849943 0.3516379566138835 0.016006945916316084 0.01157416996194387
1 0.6465227920179665 0.21567530440925564 0.012772818511654193 0.008321835969555113
1 0.42455101126310935 0.6126763439154016 0.014389882213985138 0.00994800296574958
1 0.8215351386677711 0.6257227609487771 0.009756945916316085 0.011319501977166269
1 0.8917285544622022 0.9008447777546909 0.02080357332097762 0.014890170950527092
1 0.7093922588160386 0.7901434052075584 0.017624009618646852 0.013200336958138336
1 0.404107047290626 0.7276328404553605 0.017624009618646852 0.013200336958138336
2 0.2797097372164922 0.6380689802655175 0.014553573320977708 0.014635502965749581
2 0.7503571201482675 0.1995648261580855 0.04823909255827132 0.0409725098858317
2 0.5593526303150685 0.38189587060714725 0.02716270072563951 0.018269838935304605