3 0.8947810714309252 0.39095794493230196 0.02680796185055314 0.015454581637205766
5 0.8757856095803721 0.404037799070745 0.020476141233702096 0.010439533016686653
5 0.8491588798729115 0.4511241610111041 0.02053068831160303 0.013564533016686652
4 0.8225009224865854 0.4552008293738982 0.020585235389503253 0.016689533016686832
4 0.8194419265437751 0.2720607807533792 0.02231137662320535 0.026146420171816585
4 0.837932827923747 0.2878871766149363 0.028479556006354302 0.02178646879233561
5 0.766853120133679 0.5969479160994867 0.01746023538950343 0.01652575870642714
5 0.6064180008140742 0.38053726481086275 0.02680796185055314 0.015454581637205766
5 0.47851514326559225 0.40589471166778796 0.022120461850553143 0.015208920171816586
5 0.5072617061718054 0.46135681761525327 0.019077282467404012 0.019732645861557076
5 0.43691225000329525 0.5045878392119792 0.022038641233702094 0.010521420171816587
5 0.4534451850684871 0.5429885979184066 0.01899546185055314 0.015045145861557075
5 0.4827548096630977 0.6109916474434367 0.023655688311602675 0.013728307326946165
5 0.5323360239492827 0.6824029799851536 0.02058523538950343 0.016689533016686832
3 0.5433025718379623 0.5469158593383673 0.022284103084255057 0.024583920171816587
3 0.34690663311932246 0.3747564970593239 0.02532728246740401 0.02006019448207601
5 0.2949407585247119 0.3055660837849124 0.019022735389503432 0.016607645861557073
3 0.22093446834667013 0.3791020810713789 0.01913182954530477 0.022857645861557075
5 0.2742719281686282 0.45931188150092017 0.02214773538950343 0.016771420171816587
5 0.37006962338008986 0.5261076351189649 0.02686250892845372 0.01857958163720568
3 0.0006510162353496835 0.46743316146538927 0.001302032470699367 0.009866322930778538
3 0.024534980928571815 0.4759383802577248 0.009675008928453743 0.017678822930778538
4 0.021918495539068418 0.49144054952503013 0.020530688311602718 0.013564533016686831
3 0.21913441477594767 0.4822270810713789 0.01913182954530477 0.022857645861557075
3 0.1555588843371385 0.4061725141334942 0.02686250892845372 0.018579581637205855
3 0.4044388948904453 0.6178347896869492 0.020667056006354302 0.02137703301668683
5 0.3518457288999769 0.5845818764125376 0.0222022824674041 0.019896420171816587
5 0.3824917569031541 0.5760224259375677 0.02220228246740401 0.019896420171816587
3 0.5577433526838085 0.7947735051999243 0.025327282467404188 0.02006019448207592
3 0.5414558794691697 0.7423102464934971 0.01913182954530477 0.022857645861557075
5 0.5928411014659926 0.7551687726127788 0.023655688311602675 0.013728307326946165
5 0.5649615633165457 0.7396323038204433 0.025245461850553142 0.015372694482076099
3 0.6647315125851969 0.6236565010160529 0.02998750892845372 0.018743355947465366
3 0.3360438563372566 0.9074871099041942 0.02368296185055314 0.01529080732694652
4 0.33485923174264604 0.8409580291714995 0.02686250892845372 0.01857958163720568
4 0.23509678531336844 0.7325103640880657 0.0268897824674041 0.020142081637205676
4 0.2737598648586732 0.7126415993887446 0.0190772824674041 0.019732645861557076
4 0.10552410795881435 0.6295380930571666 0.023710235389503388 0.016853307326946166
4 0.08210815300812015 0.71667292288535 0.026889782467404078 0.020142081637205857
4 0.08679920170757863 0.44792292288534996 0.0253272824674041 0.020060194482076098
4 0.12092083157719494 0.37464255314307476 0.0222022824674041 0.019896420171816497
3 0.32122261485537795 0.2334387782669884 0.026889782467404012 0.020142081637205766
4 0.4431618445628384 0.19134753278954414 0.02837046185055314 0.015536468792335523
4 0.4709146976470936 0.16934305800431482 0.017487508928453722 0.018088258706427274
3 0.5098368758124265 0.13463054330499374 0.028425008928453722 0.018661468792335524
4 0.5228141627440575 0.10794189054603176 0.018913641233702094 0.01035764586155703
4 0.5357311741081432 0.1743038749421995 0.028425008928453722 0.018661468792335524
3 0.3081652816566252 0.13031710029325577 0.02686250892845372 0.018579581637205765
5 0.45367660470910814 0.21613949287545245 0.023655688311602675 0.013728307326946344
4 0.7532740409954113 0.7925093995911433 0.023655688311602675 0.013728307326946344
0 0.7944053758157218 0.6312343848918223 0.06509889448011297 0.06273237336031982
0 0.9052531469190402 0.5525914857509048 0.06655230032431163 0.056564260515449584
0 0.7256395592560606 0.4493425757558536 0.053970479707460585 0.051221663274411536
0 0.6331129143689106 0.3295446528705036 0.061782979707460585 0.05163109905006032
4 0.6806195653451406 0.6542038161449153 0.02214773538950343 0.016771420171816587
4 0.7314514082831259 0.6091679551090673 0.02220228246740401 0.019896420171816587
4 0.7253201850684871 0.5572369629109833 0.023710235389503252 0.016853307326946343
2 0.5660775986233235 0.49649977951018387 0.03012387662320535 0.02655585594746519
2 0.6498428981368563 0.5806501294647554 0.020639782467404187 0.019814533016686654
1 0.5944674257329963 0.39320436114738955 0.02055796185055314 0.01512703301668683
0 0.7871699797140511 0.9561524977366925 0.05386138555165907 0.04497166327441136
0 0.7259012431067318 0.9271367051090673 0.05229888555165925 0.04488977611928178
0 0.6413353283340794 0.9336522987320606 0.057013659090609535 0.04669793758467122
0 0.49072167370769665 0.9609473818396044 0.05229888555165907 0.04488977611928178
0 0.4791313831226178 0.8633763410210016 0.060193206168510115 0.04998671189493038
0 0.4348710941623919 0.9780375480546922 0.07576365909060953 0.0439249038906155
4 0.4454188563372565 0.9132192107632768 0.01907728246740419 0.019732645861557076
4 0.35571897687138204 0.6762747314554917 0.026807961850553053 0.015454581637205677
4 0.33905362825135377 0.6902586663266292 0.02686250892845372 0.018579581637205855
4 0.2771945564166868 0.6502644301214392 0.02686250892845372 0.018579581637205855
4 0.4957356452941871 0.3153073332190855 0.026998876623205346 0.026392081637205765
7 0.5082941465120031 0.3574096240376884 0.022038641233702094 0.010521420171816499
4 0.5688361801972232 0.38325947308774866 0.01595228246740419 0.01956887155129756
4 0.24542990787608882 0.409318525553455 0.025245461850553052 0.015372694482076099
0 0.28308209213050173 0.5817600915868285 0.06967730032431163 0.056728034825709095
4 0.27985590625453105 0.6769907044316987 0.02373750892845372 0.018415807326946344
0 0.17543145901447457 0.7012327086155702 0.049173885551659205 0.04472600180902227
4 0.14954506899858852 0.7507037641334942 0.02535455600635439 0.0216226944820761
4 0.07675245130383682 0.7547085114199608 0.02047614123370205 0.010439533016686653
4 0.057988814534361645 0.7545071155584038 0.017460235389503385 0.016525758706427317
4 0.06898481575217763 0.7965275192218769 0.014307961850553053 0.014799484396167628
4 0.08617231575217763 0.7974282779283042 0.017460235389503385 0.016525758706427317
4 0.06247353734196333 0.6319736962910983 0.020503414772652384 0.012002033016686653
2 0.009453271917392545 0.5390182343961678 0.01890654383478509 0.02178646879233561
0 0.17808272078230208 0.45974457146044045 0.06649775324641087 0.05343926051544958
4 0.2078190393705582 0.5481010645630355 0.01746023538950343 0.016525758706427317
4 0.2795946278443167 0.5127644301214392 0.01746023538950343 0.016525758706427317
4 0.2986815929412806 0.4496436324054313 0.020476141233702096 0.010439533016686653
2 0.1940138636408572 0.6670181608995623 0.0222022824674041 0.019896420171816587
4 0.5455178624230411 0.6439955772261916 0.02368296185055314 0.015290807326946165
0 0.3483274423753831 0.7861443764125375 0.08683752678536116 0.056066293532136414
0 0.26630232630548445 0.9973397467206396 0.0550147824674041 0.005320506558720695
1 0.19352866842939562 0.6052175237444326 0.015870461850553054 0.014881371551297562
1 0.06269527435302452 0.3504780348257091 0.020530688311602718 0.013564533016686831
1 0.18894057995563712 0.6440753058566082 0.023819329545304767 0.023103307326946165
1 0.08030769399694086 0.5062300678423959 0.03160455600635444 0.021950243102595125
1 0.3791248437520595 0.32092549016191896 0.017487508928453722 0.01808825870642732
4 0.2141512654278661 0.8573089682265087 0.023655688311602675 0.013728307326946165
4 0.20498081696999365 0.8450988952957301 0.014253414772652384 0.011674484396167629
0 0.04180470698587967 0.7857194940071062 0.03187729139585782 0.03757524310259495
0 0.004943049920569754 0.5208038229307785 0.009886099841139508 0.025982645861557074
2 0.002991901990527409 0.5629503793532137 0.005983803981054818 0.021049484396167807
2 0.31606751055330684 0.21518342322403425 0.02694432954530477 0.023267081637205766
3 0.7790865186742769 0.836870231228349 0.02376478246740419 0.019978307326946165
3 0.7514951270335379 0.6704296817033188 0.029932961850553143 0.01561835594746519
3 0.11106636485537791 0.22242495590203676 0.023628414772652383 0.012165807326946254
3 0.04192348377124089 0.7341160504295413 0.022065914772652385 0.012083920171816587