5 0.2958871961446872 0.3427631751590144 0.014389808320624997 0.014144313231716587
7 0.19802504549975639 0.6542279159856321 0.012972778685347209 0.020385222872636888
5 0.2029112608304855 0.7127853045493138 0.009847778685347208 0.020367042154477665
4 0.24034113848965227 0.5813353166495622 0.015988675911805573 0.015715903590796287
3 0.18100381250159678 0.5129398406536672 0.012972778685347209 0.020385222872636888
3 0.24713338630545073 0.7258074793155446 0.01609777868534721 0.020403403590796287
5 0.3005999591593742 0.9121898860295987 0.01602504350298606 0.017278403590796288
3 0.3260162268268047 0.9948433047457055 0.014207970364722211 0.00633181323171641
4 0.3734744147064576 0.9023921843323965 0.017842116641249996 0.02822499394987581
4 0.4407359563095826 0.8316978892510527 0.01773301386770836 0.02353749394987581
3 0.5114653771873952 0.8804984827333902 0.01773301386770836 0.02353749394987581
5 0.5196117176118398 0.5304984827333902 0.011410278685347209 0.020376132513557365
5 0.5087436867422911 0.6953831393492484 0.01609777868534721 0.020403403590796287
5 0.5986588655038882 0.7589138533430908 0.009847778685347208 0.020367042154477842
7 0.41548922169590236 0.4397103771508042 0.009775043502986237 0.017242042154477666
5 0.3787730845374303 0.3055671813073344 0.014608013867708358 0.023519313231716587
7 0.5060018528704509 0.6118166604264873 0.009884146276527872 0.021929542154477843
7 0.6475172056439925 0.6063064829297818 0.012972778685347209 0.020385222872636888
5 0.5951318623697561 0.8768871485226306 0.01755117591180557 0.01572499394987581
4 0.6831072538966313 0.7217087691323313 0.01624324905006951 0.02665340359079611
4 0.4870564035916316 0.38539506099222137 0.022347778685347208 0.020439765027114642
7 0.6974944493757285 0.8419212751824554 0.01609777868534721 0.020403403590796287
1 0.3708346043890623 0.24390297346181217 0.008139808320624997 0.014107951795398144
2 0.3345834073913537 0.4925177354638647 0.02114895459715278 0.03605567466803503
4 0.42388360315479134 0.4146649253554061 0.01609777868534721 0.020403403590796287
2 0.5278450577519441 0.3781274616561513 0.054797909194305564 0.07218407220870704
2 0.4784905294478465 0.8205422206331419 0.05457970364722229 0.06280907220870695
2 0.6383908998888186 0.8977263684684014 0.03550239532659738 0.04863748789975162
1 0.6278001984257979 0.8157678413410382 0.011192073138263935 0.011001132513557365
1 0.6704228030992007 0.863950811286809 0.008103440729444421 0.012545451795398321
4 0.54629758491868 0.7264104255517978 0.009738675911805572 0.015679542154477664
3 0.7347418358686104 0.751872992103164 0.02220230832062491 0.01418976502711473
2 0.286692727679826 0.40218362695441245 0.011192073138263935 0.011001132513557365
3 0.4264961908263537 0.6044677687395478 0.01475348423243048 0.02976931323171641