5 0.65 0.375 0.0109375 0.01875
1 0.64921875 0.125 0.015625 0.0125
1 0.6328125 0.3984375 0.015625 0.0140625
1 0.6625 0.41171875 0.009375 0.01953125
1 0.71875 0.3984375 0.0140625 0.01875
1 0.45390625 0.2890625 0.01640625 0.01484375
1 0.2625 0.2484375 0.00625 0.01171875
1 0.3609375 0.62734375 0.0125 0.02578125
1 0.0640625 0.49140625 0.02265625 0.03515625
1 0.35625 0.38671875 0.00703125 0.0109375
1 0.33515625 0.39375 0.0078125 0.0078125
1 0.38125 0.38515625 0.00625 0.009375
1 0.6859375 0.1796875 0.00703125 0.0140625
1 0.22578125 0.06953125 0.0078125 0.01328125
1 0.2109375 0.0140625 0.01015625 0.015625
1 0.17421875 0.40859375 0.00625 0.0109375
1 0.60703125 0.52578125 0.00625 0.0125
1 0.52265625 0.14453125 0.009375 0.0078125
1 0.76875 0.0125 0.01015625 0.01875
1 0.70703125 0.21171875 0.00859375 0.01484375
1 0.721875 0.51875 0.009375 0.015625
2 0.66640625 0.6578125 0.0125 0.01171875
2 0.13359375 0.31328125 0.03046875 0.03984375
2 0.35390625 0.45234375 0.0125 0.02421875