3 0.022397332590730765 0.5587021995631597 0.02054885733609078 0.020785278685347207
3 0.13857905263368334 0.2396774829981596 0.022038632001908986 0.014571646276527784
3 0.2939488999840917 0.11031402526687475 0.02512726933481808 0.011519381458888932
3 0.24670118264641 0.14343630300229146 0.01894999466899989 0.017623911094166677
3 0.23490861262731996 0.28429769234496505 0.02512726933481808 0.011519381458888932
5 0.23473643730109242 0.23197212614055535 0.018986357336090796 0.02074891109416672
3 0.2077199513049104 0.20448355898621512 0.023564769334818082 0.011483013867708359
3 0.29256219255255067 0.8335878711065622 0.020512494668999893 0.017660278685347208
3 0.35123940058086756 0.6236848878240622 0.025145450668363534 0.013081881458888844
3 0.39015863928232053 0.3665984332269094 0.02668976933481808 0.011555749050069508
3 0.31390631663750135 0.20747931278593726 0.023655676002545346 0.019295513867708357
3 0.3666960566518188 0.10081043227697886 0.025109088001272716 0.009956881458888933
3 0.41395176997136496 0.2012455369503816 0.028270450668363624 0.013154616641249995
3 0.35404951129854706 0.24794000541524275 0.02512726933481808 0.011519381458888932
3 0.35036998062541097 0.2956689905976039 0.015788632001908987 0.014426175911805571
3 0.43915866593732106 0.4513721703091315 0.020548857336090798 0.020785278685347207
3 0.6425922012651395 0.4872511996600689 0.026707950668363623 0.013118249050069508
3 0.7171109432686393 0.45974248907899246 0.023601132001909164 0.014608013867708358
3 0.7672178419000956 0.7178809909788535 0.02361931333545435 0.016170513867708357
3 0.9096069785964577 0.49587609156819373 0.025163632001908808 0.014644381458888845
3 0.9394212005888217 0.5514169235401728 0.014298857336090976 0.020639808320625085
3 0.7721235179026408 0.6990218882053119 0.02676249466899989 0.017805749050069507
3 0.5672596779917276 0.04771788060586758 0.029851132001909163 0.014753484232430591
3 0.9891592132797751 0.37140146200916585 0.012736357336090975 0.020603440729444422
3 0.5259212272438223 0.6469554676118399 0.020494313335454352 0.01609777868534721
3 0.4829172092616396 0.5167419439604857 0.029832950668363622 0.01319098423243048
3 0.4543836765993213 0.485383494397326 0.02825226933481808 0.011592116641250172
3 0.29166604793923 0.44074640767569423 0.02825226933481808 0.011592116641249994
3 0.8417575019494115 0.35296319937572845 0.026726132001909163 0.014680749050069507
3 0.8635592292727754 0.4258733693036104 0.029832950668363622 0.01319098423243048
5 0.1118501839195037 0.5902048130702777 0.025127269334818125 0.011519381458888844
5 0.08797742659932128 0.49391169452916656 0.018913632001908987 0.014498911094166723
5 0.08371718793763923 0.4573020473027082 0.018913632001908987 0.014498911094166544
5 0.09768932861236614 0.39761792277767355 0.015752269334818103 0.011301175911805572
5 0.07769500194941141 0.3707469514630207 0.020421588001272674 0.009847778685347208
5 0.09231203262254749 0.32276339314239577 0.015788632001909008 0.014426175911805571
5 0.17007395329409272 0.28502569737895816 0.02196590666772722 0.008321646276527784
5 0.22387056795036592 0.36031533168763874 0.018895450668363623 0.012936411094166721
5 0.2360063939370029 0.45844370716260396 0.018913632001908987 0.014498911094166723
5 0.2487876572645032 0.5011033326375692 0.023564769334818082 0.011483013867708359
5 0.26704730860123027 0.47568510533899283 0.014262494668999893 0.01751480832062491
5 0.1829075712524128 0.5916750876715623 0.022038632001908986 0.014571646276527872
5 0.16476555124127695 0.6741063811745485 0.022038632001908986 0.014571646276527872
5 0.17706500922982293 0.7581722566495137 0.02043976933481808 0.011410278685347209
5 0.3668109512651395 0.49367007950343716 0.018913632001908987 0.014498911094166723
5 0.3430536359007318 0.7230672919843747 0.018895450668363623 0.012936411094166721
5 0.3647019165738679 0.6749200795034372 0.021965906667727176 0.008321646276527872
5 0.3978518659293669 0.5109114776798261 0.014226132001908986 0.014389808320624909
5 0.40424786394018464 0.43109669111069415 0.01887726933481808 0.011373911094166545
5 0.33926775393859376 0.4443246961446873 0.014207950668363622 0.012827308320624908
5 0.3784040739576838 0.3028268739563539 0.023582950668363533 0.013045513867708358
5 0.41834782129218373 0.2933057503812496 0.02200226933481808 0.011446646276527783
5 0.44607283195418396 0.32702613373999967 0.01887726933481808 0.011373911094166722
5 0.4893501172820024 0.36663284118694406 0.02200226933481808 0.011446646276527783
5 0.5198285052912291 0.2979731069545134 0.01887726933481808 0.011373911094166722
5 0.7009870512810478 0.36873628258197855 0.017405676002545434 0.019150043502986148
5 0.7566001572645031 0.4892838655038883 0.015788632001908987 0.014426175911805571
5 0.6613871072565489 0.550077854770312 0.01268181333545435 0.01591594072944442
5 0.7401831745703681 0.6919549238245132 0.02512726933481808 0.011519381458888844
5 0.7044633032304592 0.7412106946260758 0.01580681333545435 0.015988675911805573
5 0.32036956655795956 0.7931076882609025 0.01887726933481808 0.011373911094166722
5 0.30745194322886843 0.7621668127859372 0.01731476933481808 0.011337543502986236
5 0.3053536412317319 0.7411276141727081 0.015715906667727174 0.008176175911805573
5 0.34572410256209574 0.7620570568020136 0.011082950668363534 0.012754573138263937
5 0.348713289902959 0.7065337554152429 0.014171588001272717 0.009702308320624908
5 0.3905462538988228 0.7360205804533677 0.011046588001272718 0.009629573138263936
5 0.4271559158975501 0.7445409420606246 0.00948408800127254 0.009593205547083272
5 0.4677258245544597 0.8154522008943399 0.015715906667727174 0.008176175911805573
5 0.41622695922186875 0.8111835814032983 0.015715906667727174 0.008176175911805573
5 0.4622763505729134 0.6796783550546524 0.018840906667727177 0.008248911094166544
5 0.5101138665659137 0.7301134597280552 0.015752269334818082 0.011301175911805572
5 0.530290553906777 0.674190114838298 0.01731476933481808 0.011337543502986236
5 0.550639416573868 0.6705923361529509 0.009520450668363623 0.012718205547083273
5 0.5920638479074134 0.6680660949866661 0.01887726933481808 0.011373911094166545
5 0.5661104225811858 0.6163405940367357 0.02040340666772735 0.008285278685347208
5 0.5515661172422315 0.6580741523573607 0.009520450668363623 0.012718205547083273
5 0.61261215790105 0.7144501325057286 0.021965906667727353 0.008321646276527872
5 0.6356229439051861 0.6834540524336106 0.018913632001908987 0.014498911094166723
5 0.6583428285725953 0.6774579723614925 0.01111931333545435 0.015879573138263936
5 0.7283831559118676 0.6320896145539577 0.014207950668363622 0.012827308320625086
5 0.6971876999125041 0.6281294663775688 0.01726022533418181 0.006650043502986059
5 0.7200257632479585 0.6119771363054507 0.011082950668363623 0.012754573138263937
5 0.7760041379296851 0.4997667706141312 0.014189769334818081 0.011264808320624908
5 0.8158933412635486 0.4949331470390271 0.01569772533418181 0.006613675911805572
5 0.8202626679265034 0.5221677942654854 0.01887726933481808 0.011373911094166722
5 0.30459111990773147 0.6724139817638887 0.012609088001272717 0.009665940729444423
5 0.47109736724223145 0.6599470833031593 0.01885908800127254 0.009811411094166722
5 0.4328701139004137 0.7233199054914927 0.02205681333545435 0.016134146276527872
5 0.3885030432447768 0.643124565635729 0.021965906667727176 0.008321646276527872
5 0.4666098619112313 0.642868686076701 0.015734088001272538 0.009738675911805572
5 0.7165638612349137 0.7081254376922216 0.00950226933481808 0.011155705547083273
5 0.6895468278962775 0.747806186742291 0.012645450668363622 0.012790940729444422
5 0.6111598405872309 0.5707728676880898 0.012609088001272539 0.009665940729444423
5 0.6314087059198219 0.5757688390027426 0.015752269334818082 0.011301175911805572
5 0.584824607256549 0.5518598667381592 0.015715906667727354 0.008176175911805573
5 0.6061001705920035 0.5357439042572217 0.006395450668363623 0.0126454703647223
5 0.6003223379217308 0.5624336908263536 0.018840906667727354 0.008248911094166544
5 0.5642035719287305 0.5117258292190968 0.018840906667727354 0.008248911094166544
5 0.5306643659293668 0.5078202324294787 0.018822725334181813 0.006686411094166544
5 0.5282484379376392 0.4469554676118399 0.02198408800127254 0.009884146276527872
5 0.5463808199395481 0.43247474031326344 0.01111931333545435 0.015879573138263936
5 0.5331177512730937 0.4312213648382981 0.009520450668363623 0.012718205547083273
5 0.5995063672820024 0.36406892600871477 0.007976132001908987 0.014244337955902787
5 0.6029217212762753 0.4061655070307634 0.015752269334818082 0.011301175911805572
5 0.6232069492759572 0.4080364783454161 0.018895450668363623 0.012936411094166721
5 0.6519041139401847 0.42533242790857584 0.018840906667727354 0.008248911094166722
5 0.6238614772835932 0.35178647834541615 0.007976132001908987 0.014244337955902787
5 0.6582182959500478 0.3525488913394439 0.012663632001908986 0.014353440729444422
5 0.573026230625411 0.2904866088543745 0.015752269334818082 0.011301175911805572
5 0.5622341812937746 0.2782411819926384 0.01885908800127254 0.009811411094166722
5 0.5328830359643653 0.250025916225069 0.018840906667727177 0.008248911094166722
5 0.5369438272995015 0.2366537472471176 0.021965906667727176 0.008321646276527784
5 0.46530463729313826 0.28518347264583294 0.015788632001908987 0.014426175911805571
5 0.4284137119669106 0.23371254483416629 0.01887726933481808 0.011373911094166722
5 0.38698928063336513 0.23623878600045106 0.017278406667727175 0.008212543502986147
5 0.3436483606381377 0.20210082855350664 0.01573408800127272 0.009738675911805572
5 0.3117807426400467 0.18878386417270807 0.017296588001272716 0.009775043502986146
5 0.3782329933163644 0.11616267534312467 0.011082950668363623 0.012754573138263892
5 0.4170954986473645 0.13244098556361075 0.017278406667727175 0.008212543502986147
5 0.4227273333068194 0.18542051519888852 0.015752269334818082 0.011301175911805572
5 0.43516369863941035 0.19059832446944408 0.011082950668363623 0.012754573138263937
5 0.44536594931572804 0.11928636892236073 0.015752269334818082 0.011301175911805572
5 0.4258801526495917 0.11583471381211771 0.01731476933481808 0.011337543502986148
5 0.4291960566518188 0.09935572862975658 0.015752269334818082 0.011301175911805572
5 0.39207786465627315 0.06741605081808995 0.015752269334818082 0.011301175911805572
5 0.3655971806572277 0.06100304986815942 0.01726022533418181 0.0066500435029861246
5 0.4078846779917276 0.05142737490628437 0.00792158800127254 0.009556837955902786
5 0.3869545599936367 0.0378558373872219 0.012536362667090906 0.0034159407294444555
5 0.37621705466263655 0.020922910525485797 0.018859088001272718 0.009811411094166684
5 0.4320579746578641 0.05476992724298575 0.00948408800127254 0.00959320554708334
5 0.45832957332113694 0.07915167819291628 0.01257272533418181 0.006540940729444467
5 0.44193186664545553 0.14592160410472185 0.01257272533418181 0.006540940729444422
5 0.5032960806413194 0.17495383425308986 0.015788632001908987 0.014426175911805571
5 0.5074841413112738 0.15064416527513846 0.006395450668363623 0.012645470364722211
5 0.5530693613144554 0.12615200513090233 0.017278406667727175 0.008212543502986147
5 0.5834108419796372 0.13638033710288147 0.02042158800127254 0.009847778685347208
5 0.6066483473106373 0.15302232323517312 0.015734088001272538 0.009738675911805572
5 0.5779415446371832 0.2036769398764231 0.015788632001909164 0.014426175911805571
5 0.6279324539704104 0.20329442695864533 0.01731476933481808 0.011337543502986058
5 0.6334295706556368 0.0664847579806939 0.009520450668363623 0.012718205547083361
5 0.7195477893061831 0.18319817287458273 0.012627269334818081 0.011228440729444466
5 0.6822017832988652 0.23795906126732583 0.017351132001908985 0.014462543502986147
5 0.6274591919557748 0.311088743163055 0.015752269334818082 0.011301175911805572
5 0.6348449779599109 0.2804563390027425 0.015770450668363623 0.012863675911805572
5 0.5211739239735922 0.18234810695451345 0.015752269334818082 0.011301175911805572
5 0.5233813139720013 0.1940123055677426 0.012627269334818081 0.011228440729444423
5 0.5199932319780464 0.149571974545694 0.009520450668363623 0.012718205547083361
5 0.8680569199554565 0.3078318841212493 0.018877269334818435 0.011373911094166722
5 0.8800665712921838 0.2825591271873951 0.01887726933481808 0.011373911094166722
5 0.8500796266311379 0.24186204521541593 0.018840906667727354 0.008248911094166722
5 0.8921489479630924 0.2510363702535409 0.015734088001272538 0.009738675911805572
5 0.9127341679662742 0.2271260915681937 0.017278406667727352 0.008212543502986147
5 0.8926034813017287 0.21197387025354092 0.012645450668363622 0.012790940729444422
5 0.8592006353039559 0.1963495234639229 0.015715906667727354 0.008176175911805573
5 0.81361486795832 0.2880109998125688 0.01891363200190881 0.014498911094166723
5 0.8207733872931382 0.27690984565225624 0.015752269334818082 0.011301175911805572
5 0.8048580332988653 0.23510420535965207 0.012609088001272539 0.009665940729444423
5 0.7665676926320926 0.23677646134357574 0.015770450668363623 0.012863675911805572
5 0.7842728132956835 0.2590144840449994 0.009520450668363623 0.012718205547083273
5 0.7909222552912292 0.2916633298846868 0.011101132001909163 0.014317073138263936
5 0.8015779446212747 0.3156275067464229 0.014207950668363622 0.012827308320624998
5 0.7125881699554566 0.3114504594437147 0.009538632001908987 0.01428070554708336
5 0.7624619953055467 0.18688556411711743 0.006395450668363623 0.012645470364722211
5 0.785626775302365 0.20977755024940908 0.01573408800127272 0.009738675911805572
5 0.8011699593014106 0.2164451243376035 0.007994313335454351 0.015806837955902785
5 0.7727636959739103 0.17414917477444378 0.014171588001272717 0.009702308320624997
5 0.7792318719764556 0.15525370440972158 0.018840906667727177 0.008248911094166677
5 0.732575047979001 0.1375947321451383 0.009520450668363623 0.012718205547083361
5 0.7677767513128646 0.13287021134357574 0.006395450668363623 0.012645470364722211
5 0.7577750426480009 0.11982535068624936 0.014171588001272717 0.009702308320624997
3 0.06734565857736774 0.6560668556233333 0.025127269334818125 0.011519381458888844
3 0.067626921904868 0.699017421827743 0.012718176002545345 0.0190409407294446
3 0.6321792232256868 0.7780398538203814 0.028288632001908988 0.014717116641249995
3 0.7060616185550961 0.805218643239305 0.012645450668363622 0.012790940729444599
3 0.8918996685630504 0.7423153336844089 0.01110113200190881 0.014317073138263936
3 0.8138201218969139 0.7402274632434368 0.02200226933481808 0.011446646276527871
3 0.9369529179662741 0.22656239390489502 0.02510908800127254 0.009956881458888844
3 0.626097781309683 0.15959897834541614 0.029778406667727353 0.00850348423243057
3 0.5922131299729558 0.1853808815557981 0.018913632001908987 0.014498911094166723
3 0.5169960486553187 0.0715378935236454 0.018913632001908987 0.014498911094166678
3 0.5951579586648637 0.0025742604492358656 0.02200226933481808 0.005148520898471731
3 0.35456023066518194 0.004220873765729024 0.02512726933481808 0.008441747531458047
3 0.11609661998727332 0.09102243066145824 0.01424431333545444 0.015952308320624997
3 0.22609887599459116 0.03457044927881926 0.023528406667727174 0.008358013867708357
3 0.3709593652132782 0.875501307751944 0.018913632001908987 0.014498911094166544
3 0.6016035745942305 0.5194467570307634 0.025090906667727352 0.008394381458888845
1 0.6646575579249125 0.5375051195879508 0.014153406667727176 0.008139808320625086
1 0.7368149159373211 0.4444441441892355 0.011046588001272718 0.009629573138263936