5 0.6701462329981596 0.10611288613907695 0.020821646276527873 0.022939533016686785
5 0.6284126746775346 0.12234539575001538 0.017696646276527873 0.022775758706427274
3 0.603957535334861 0.13377089665452652 0.013081881458888844 0.02565509724103805
3 0.5781944691304512 0.13434078471416744 0.017769381458888844 0.025900758706427274
7 0.7389676617597567 0.16649046415823812 0.01751480832062491 0.014963258706427274
5 0.7820429016917705 0.2937622930819105 0.014535278685347208 0.021049484396167807
7 0.7486673572388539 0.2861478669172001 0.01606141109416672 0.01956887155129756
5 0.6761935984051386 0.2485903132082984 0.012972778685347209 0.020967597241038048
3 0.6409477358479512 0.1872334113538476 0.020894381458888844 0.026064533016686785
5 0.5773748919081247 0.23660264755903765 0.015988675911805573 0.016443871551297562
5 0.544761760449236 0.2632813342391976 0.013009146276527873 0.02253009724103805
7 0.5994128928580553 0.2619777838096563 0.012900043502986236 0.01784259724103805
3 0.6163451665094095 0.30556733152566407 0.014608013867708358 0.024174484396167806
7 0.5308616081887845 0.3240926814802356 0.011410278685347209 0.020885710085908293
7 0.6315876535916316 0.35470751639680176 0.011373911094166722 0.019323210085908295
3 0.5294250883371524 0.3858114314802356 0.020894381458888844 0.02606453301668683
5 0.7951773749062843 0.36642186510817776 0.014426175911805571 0.016361984396167806
5 0.8129090823532288 0.4091892192466208 0.014535278685347208 0.021049484396167627
7 0.7296231504574996 0.46739454489093274 0.011410278685347209 0.020885710085908293
5 0.7647592570307633 0.5669917531678188 0.012900043502986236 0.01784259724103805
7 0.5633604111910759 0.5705239461795567 0.011410278685347209 0.020885710085908293
5 0.6296211908263537 0.5732937420865423 0.01755117591180557 0.016525758706427317
5 0.562651243163055 0.6009926961795566 0.016061411094166544 0.01956887155129756
5 0.4865251542572217 0.5862551667809145 0.01606141109416672 0.01956887155129756
3 0.48310725389663134 0.6995773603584794 0.01624324905006951 0.02738137155129756
7 0.4880662044097216 0.7547185617379604 0.016134146276527872 0.02269387155129756
5 0.43047190995680495 0.7483733864777612 0.011410278685347209 0.020885710085908293
5 0.5416821668906591 0.7308406484635489 0.014608013867708358 0.02417448439616763
7 0.5498927507624993 0.8139021319552053 0.01609777868534721 0.021131371551297205
5 0.8139760473996175 0.6650707270485369 0.011192073138263935 0.011510710085908293
5 0.7883759821451383 0.6921621715306129 0.011410278685347209 0.020885710085908293
5 0.7310362608304855 0.6748794962704137 0.012936411094166721 0.01940509724103805
4 0.6828708645539577 0.6992520545018712 0.011446646276527871 0.022448210085908294
5 0.8366511344055898 0.6295493068767204 0.015988675911805573 0.016443871551297562
3 0.8042289858479512 0.17867620364278852 0.01627961664125017 0.028943871551297518
5 0.2538666163569096 0.15601986940359094 0.013081881458888844 0.025655097241038004
5 0.22704889000826373 0.20190225746323182 0.011373911094166722 0.019323210085908295
5 0.45007981440145783 0.5429079585040286 0.017623911094166722 0.01965075870642714
5 0.4568019398764231 0.5558207163059447 0.017660278685347208 0.02121325870642714
5 0.3369790959365967 0.6081378900958059 0.011483013867708359 0.024010710085908292
5 0.16022049344739547 0.4246680500908571 0.014389808320624997 0.014799484396167628
1 0.7672874578281941 0.42484519674538357 0.023983013867708357 0.024665807326946166
1 0.5903976495075691 0.44816094527504546 0.04000805737069442 0.042672178878243726
1 0.4863849095755553 0.3240827154014335 0.022565984232430482 0.0308339201718165
1 0.4880396349742706 0.25298896540143356 0.020894381458888844 0.026064533016686743
1 0.45567911702249964 0.3693885713488988 0.022602351823611144 0.0323964201718165
1 0.2863537676674305 0.06770431987856078 0.025872822188333356 0.03881019448207603
1 0.1534302052627429 0.18001064733189506 0.022602351823611144 0.0323964201718165
1 0.5730035956522562 0.793183518205824 0.022529616641249993 0.029271420171816588
1 0.7122726495075691 0.44177374717492485 0.011192073138263935 0.011510710085908116
1 0.6846373055677427 0.48925957881213067 0.009702308320624908 0.014553822930778537
1 0.6856010467340273 0.4478533288121307 0.008067073138263936 0.01134693577564878
1 0.6419776800927773 0.4782302255781989 0.009556837955902786 0.008303822930778536
1 0.5762792917000343 0.5183472925160835 0.012827308320624908 0.01471759724103805
1 0.5561681198722912 0.4437124626879001 0.009702308320624908 0.014553822930778537
1 0.606929226445555 0.5424907994134885 0.012790940729444422 0.01315509724103805
1 0.404082862272847 0.23944212177844015 0.012790940729444422 0.01315509724103805
1 0.37601502650114577 0.10436111488103517 0.012790940729444422 0.013155097241038005
1 0.4134513301690273 0.5744788630720128 0.012790940729444422 0.01315509724103805
1 0.39920764542350645 0.5494755410457455 0.011192073138263935 0.011510710085908293
1 0.4676303371028815 0.5599350062200364 0.009665940729444423 0.012991322930778537
1 0.7615608686380202 0.6038333339005133 0.008067073138263936 0.01134693577564878
1 0.7224256334556591 0.6090055127787571 0.009702308320625085 0.014553822930778537
1 0.7806031157882287 0.523245075194086 0.008067073138263936 0.01134693577564878
1 0.7942863689223607 0.4047031151081778 0.011192073138263935 0.011510710085908293
1 0.5405282021286109 0.27754855212702195 0.011192073138263935 0.011510710085908293
1 0.48478996124666657 0.12441026402195254 0.009629573138263936 0.011428822930778492
1 0.27948486540697903 0.12814717492151492 0.009702308320624997 0.014553822930778537
1 0.27130868949517345 0.14418161069716368 0.008067073138263936 0.01134693577564878
1 0.14879529701836783 0.2785709780645897 0.008103440729444421 0.012909435775648782
1 0.14815821096232612 0.3394675344870248 0.011192073138263935 0.011510710085908293
1 0.13612968322690938 0.3869157445729331 0.011192073138263892 0.011510710085908293
1 0.09881152118281218 0.38106853629604714 0.006504573138263891 0.011265048620519025
1 0.25196962272208284 0.539245127205507 0.009629573138263936 0.011428822930778538
1 0.3008052065939231 0.6201775446637902 0.008067073138263936 0.01134693577564878
1 0.5222587132434369 0.7942823507475409 0.011264808320624908 0.014635710085908115
1 0.47135017667430484 0.8024124332892579 0.011192073138263935 0.011510710085908472
1 0.4712222368947909 0.841433989711693 0.009702308320624908 0.014553822930778537
1 0.5052147239770131 0.8895915287212738 0.008067073138263936 0.011346935775648603
1 0.46217258558427005 0.928521231909777 0.008067073138263936 0.011346935775648603
1 0.6332884386421521 0.7174564998884583 0.011155705547083273 0.009948210085908293
1 0.5460066441892355 0.7126671805757244 0.011192073138263935 0.011510710085908116
1 0.3002447749825343 0.4766322625516145 0.009702308320624997 0.014553822930778537
1 0.7569603683536797 0.8014895839005133 0.009702308320624908 0.014553822930778537
1 0.6823233910551034 0.8233479737691767 0.006431837955902786 0.008140048620519025
3 0.41796483073770824 0.17941202453740213 0.01624324905006951 0.027381371551297516
3 0.3012175549990617 0.9041840524657061 0.011483013867708359 0.024010710085908472