3 0.45165812523110915 0.13123896359182008 0.02081260517284953 0.018370568401734032
3 0.6257464945897236 0.07196413217708075 0.013091033386094787 0.021040542093374803
3 0.585421708300635 0.22483850319553328 0.008539925705962936 0.02545502630835923
5 0.619288242940371 0.21350689006958853 0.016216033386094963 0.02122255261671846
3 0.536312955397641 0.3579464057840169 0.01474446159934022 0.02425654735504672
7 0.6464692053976411 0.35153053483615154 0.008403533386094963 0.02076752630835923
7 0.3559351336108864 0.3653325135071155 0.008448997492717502 0.02233002630835923
7 0.4058836578257813 0.41779808987194444 0.008176212852981379 0.01295502630835923
7 0.31063935398571524 0.4210056608339272 0.006704641066226813 0.015989021046687313
7 0.2940943631569153 0.3463164739739894 0.008358069279472158 0.01920502630835923
3 0.3130452884671668 0.4723406476797476 0.016216033386094876 0.02122255261671846
7 0.5043114829777482 0.6000274899707665 0.009966033386094964 0.020858531570031147
3 0.3403315510035791 0.5799410450771465 0.01786946159934022 0.024438557878390377
7 0.35217232145755023 0.6018692529837718 0.009829641066226812 0.016171031570031146
5 0.4630954495916534 0.6227061267742346 0.014835389812585476 0.02738154735504672
3 0.6297373803121811 0.6317185637753467 0.011664925705962937 0.025637036831702886
5 0.6191886737274059 0.6994065927145419 0.01001149749271768 0.02242103157003115
5 0.23854642748832955 0.7543333713008012 0.01143760517284953 0.017824536831702886
3 0.4318932622072079 0.7032959741151638 0.013318353919208192 0.028853042093374803
7 0.49379856565156255 0.85411575049411 0.014562605172849529 0.018006547355046365
7 0.4545662325820367 0.7550103925592501 0.009829641066226812 0.016171031570031146
5 0.45233849135752535 0.8315728925592503 0.011573997492717503 0.022512036831702886
3 0.32017920922507176 0.8704673345396854 0.02081260517284953 0.018370568401734032
7 0.2290912079714305 0.8648536423474887 0.009784176959604096 0.014608531570031147
7 0.24033258485189238 0.8805773528849498 0.011301212852981468 0.013137036831702887
5 0.5558582964512325 0.838802292658072 0.011392141066226814 0.016262036831702888
5 0.7462896974800822 0.4322884401966455 0.011483069279472246 0.019387036831702887
5 0.3912277759307544 0.35859739511949884 0.013045569279472247 0.019478042093374802
5 0.3056670459890142 0.5382841660955991 0.01755121285298138 0.0135010578783902
7 0.18967466996648213 0.6916660423051363 0.011392141066226814 0.016262036831702888
3 0.34451293415224715 0.6506707740304591 0.008539925705962936 0.02545502630835923
3 0.33795304559330275 0.6884892924463106 0.013272889812585564 0.027290542093374802
5 0.2993619070343584 0.728173418726435 0.014471676959604097 0.01488154735504672
5 0.6359181503039337 0.3388863216678545 0.011483069279472246 0.019387036831702887
2 0.38584159395658546 0.3292739161661863 0.013091033386094787 0.021040542093374803
7 0.24975802678868425 0.5298416055157856 0.01281824874635884 0.011665542093374804
4 0.33836588572245746 0.5402793056004903 0.00987510517284953 0.017733531570031148
4 0.6879650689502678 0.5604736243551601 0.020721676959604095 0.015245568401734032
4 0.2658841658098471 0.8065560239598721 0.017778533386094787 0.021313557878390555
4 0.30367132231548 0.7676986503105836 0.012772784639736124 0.010103042093374804
2 0.33630825837977724 0.20893059506302913 0.019704746239076344 0.033904563140062204
3 0.23931358643473805 0.2722944160250119 0.017596676959604096 0.015063557878390376
3 0.45110889278208643 0.2841364504376404 0.01594324874635884 0.01184755261671846
2 0.4276031966221524 0.2878452793627182 0.014608069279472247 0.01956904735504663
2 0.47982492616818134 0.26218585572754716 0.022738818025830908 0.03096157366340595
3 0.4959212876092369 0.29868479784915686 0.017596676959604096 0.015063557878390376
4 0.42383935062050304 0.22957004777856965 0.008267141066226813 0.01608002630835923
2 0.4239540447353729 0.5204757688393744 0.017642141066226812 0.0166260578783902
3 0.443860750133014 0.9084994136059376 0.008539925705962936 0.025455026308359406
3 0.16716213862545135 0.4200031449077374 0.014562605172849486 0.01800654735504672
3 0.1802291252976162 0.6142235817676751 0.013000105172849486 0.017915542093374804
7 0.27615041290685316 0.9362057266048254 0.011392141066226814 0.016262036831702888
7 0.27632390914592947 0.9034387292356613 0.008176212852981469 0.012955026308359407
7 0.39044023343996653 0.9217498425027804 0.014471676959604097 0.01488154735504672
3 0.22330420922507174 0.8761096607633402 0.015943248746358753 0.011847552616718816