3 0.8912825979074134 0.6558666566386471 0.02674431333545435 0.016397889812585477
3 0.862522345918231 0.577042974664478 0.017405676002545434 0.01925010517284953
3 0.8203444839274578 0.5103244875966017 0.02834317600254508 0.019568353919208192
3 0.7959171959341393 0.4618331633025646 0.025254538669636162 0.022602425705962936
3 0.7598973325907308 0.537074855701575 0.01900453866963616 0.022420569279472245
3 0.7633485019096404 0.6431884633817069 0.028306813335454352 0.016443353919208193
3 0.7296745779360483 0.4497028878340286 0.028343176002545434 0.019568353919208192
3 0.6832433785805494 0.614279864872775 0.0221113573360908 0.02094899749271768
3 0.6522575552594125 0.5253681290585399 0.028379538669636162 0.02269335391920819
3 0.613577410606321 0.42652746377741835 0.026726132001908987 0.014835389812585476
3 0.5920205839433663 0.39982021127013584 0.02986931333545435 0.01648881802583091
3 0.5792024106063209 0.4275276741231172 0.018968176002545432 0.019295569279472246
3 0.5940354279121859 0.6293713189502678 0.017442038669636162 0.02237510517284953
3 0.5314081585773678 0.6421273832151749 0.02518181333545435 0.016352425705962757
3 0.4810558119430481 0.40539191284034615 0.028361357336090798 0.021130853919208194
5 0.45831829328454765 0.3459176244396864 0.02514545066836362 0.013227425705962937
3 0.47413091323205014 0.7320453410535915 0.0252363573360908 0.021039925705962935
3 0.45327352056814085 0.7123466064929977 0.017460220003181703 0.02393760517284953
3 0.620060483887687 0.8090217150310595 0.025199994668999894 0.01791492570596276
3 0.5466502558880052 0.8088147780423256 0.023710220003181702 0.02411946159934004
3 0.4983127532225051 0.8016304153476288 0.02674431333545435 0.016397889812585477
4 0.5665575072804115 0.37322661902941007 0.017296588001272716 0.00987510517284953
4 0.5343251679265034 0.5256756691085523 0.014262494668999893 0.017596676959604096
4 0.5788104172501857 0.5954509600164946 0.00793976933481808 0.011164820533113406
4 0.6093422545751406 0.6562604278840409 0.015715906667727354 0.008267141066226813
2 0.6588786305697317 0.6946493264721152 0.011064769334818082 0.011255748746358662
4 0.7677381992759572 0.4001742492750841 0.01904090133672707 0.025545569279472248
4 0.8679932852880476 0.3082247785045439 0.01729658800127254 0.00987510517284953
4 0.33433261656591373 0.7322081285963215 0.0221113573360908 0.020948997492717503
3 0.8487620272915475 0.2830118298373274 0.017351132001908808 0.014562605172849529
3 0.6134041405951851 0.5085359817241069 0.023601132001909164 0.01474446159934022
3 0.6569343225652774 0.7275072905787379 0.023601132001908987 0.01474446159934022
3 0.5718166246021849 0.4582010126029193 0.020494313335454352 0.016216033386094963
3 0.5085059132320502 0.7310451307078926 0.023637494668999892 0.01786946159934022
3 0.4883757739099587 0.6488463961472988 0.028379538669636162 0.02269335391920819
3 0.5601860445576413 0.7865533331360327 0.028379538669636162 0.02269335391920819
3 0.6983576592139146 0.859069527646614 0.028288632001908988 0.014880853919208192
7 0.7773041032781844 0.3834952146353481 0.01417158800127254 0.009784176959604096
3 0.45837174260027586 0.47555966033306374 0.022093176002545435 0.01938649749271768
3 0.4013746658975502 0.7427531720115462 0.02207499466899989 0.01782399749271768
3 0.3110234805856401 0.5876230543022845 0.025199994668999894 0.017914925705962936
3 0.3710979145846856 0.5929039361973112 0.01744203866963625 0.02237510517284953
3 0.4376030672342773 0.7167074975592246 0.023637494668999892 0.01786946159934022
3 0.7626843358927777 0.7673844813283954 0.018968176002545432 0.019295569279472246
3 0.7555718172342772 0.707455551861509 0.023564769334818082 0.01161946159934022
3 0.6824070372374589 0.686154864872775 0.018968176002545432 0.019295569279472246
2 0.7246887279599109 0.2741262263138306 0.015824994668999892 0.017642141066226812
3 0.5657018899188674 0.5809936549227874 0.012699994668999893 0.01755121285298138
7 0.8034553339035954 0.6865376466095172 0.01580681333545435 0.016079641066226814
3 0.607180317910595 0.640703624043975 0.02361931333545435 0.016306961599340218
3 0.5232791272676849 0.46820414990822246 0.026726132001909163 0.014835389812585476
3 0.5236609352721392 0.43539164990822243 0.02207499466899989 0.017823997492717503
3 0.4648302805935943 0.5245738218532616 0.015861357336090797 0.02076714106622681
3 0.3673991078930958 0.7765431503039337 0.026707950668363532 0.013272889812585476
3 0.5135104918841872 0.837894524281402 0.02361931333545435 0.01630696159934004
3 0.5398639065484145 0.8550903844688161 0.02518181333545435 0.016352425705962757
3 0.29589737257323157 0.6794384812618885 0.02207499466899989 0.017823997492717503
3 0.4870207172183689 0.8324174140939874 0.020457950668363624 0.013091033386094963
3 0.579863292568459 0.7063202638565607 0.028343176002545434 0.019568353919208192
3 0.4926809185630502 0.7486872717741193 0.023582950668363623 0.013181961599340219