3 0.8225479611021583 0.5904955771162633 0.024802578925077513 0.02384660308425506
5 0.7970089057840168 0.5331876375868447 0.022603042093374805 0.012881829545304768
5 0.762732616321478 0.5454927686742769 0.015063557878390376 0.017432961850553142
5 0.8240040452889079 0.5654955771162633 0.021131547355046364 0.014417056006354479
7 0.8274538109327494 0.41246603450258956 0.017915542093374627 0.012800008928453722
5 0.6992322874669875 0.6441581396154396 0.025728042093374804 0.012936376623205348
7 0.626758777014231 0.7226882885597793 0.020949536831702885 0.011292056006354478
4 0.7881891006776368 0.6980177508173695 0.032251057878390374 0.017732970779006863
3 0.7540100637047595 0.5612541363690287 0.018461573663405773 0.02217500892845372
3 0.6575137662791258 0.5028433928618504 0.030779563140062294 0.019268197240056396
3 0.7173052662085386 0.4276564322291133 0.029308068401734035 0.020803423701106282
7 0.8000267609468669 0.42777343466474527 0.021040542093374626 0.0128545560063543
4 0.7439426318947321 0.3187081262227589 0.027927578925077867 0.023901150162155816
4 0.7664693502541138 0.2535370937553548 0.02269404735504672 0.014444329545304769
7 0.7315938213149187 0.26273086161226233 0.022876057878390376 0.017569329545304768
5 0.6697847950771465 0.3457575957839497 0.02591005261671846 0.016061376623205437
5 0.66360966076334 0.23738203409555245 0.026092063140062117 0.019186376623205437
7 0.6812290712443314 0.1894666854755242 0.023149073663405774 0.02225682954530477
5 0.6276974636624073 0.5189729533324318 0.026001057878390375 0.01762387662320535
7 0.4800210139306385 0.8032951806042602 0.017733531570031148 0.00967500892845372
5 0.47675877701423097 0.725306548299012 0.0228760578783902 0.017569329545304768
3 0.4465707480750358 0.7344184955390685 0.02747255261671846 0.016088650162155816
4 0.44006314284159875 0.7657503161559195 0.03096157366340595 0.022393197240056395
4 0.4534739244822171 0.8302940572274657 0.033813557878390375 0.01776024431795733
4 0.4289296798144761 0.9033048632338201 0.029217063140062293 0.019240923701106284
5 0.3458588455571393 0.8555861578760888 0.02113154735504663 0.0144170560063543
5 0.3529880770707007 0.7867816107981882 0.02425654735504663 0.014471603084255057
7 0.30961750866896665 0.8078304963498473 0.02425654735504663 0.014471603084255236
7 0.2644939954441998 0.7383771128267831 0.01800654735504672 0.014362508928453721
7 0.32094214554302186 0.8411924212687694 0.01653505261671846 0.015897735389503252
7 0.1683547428133639 0.7408356854722289 0.022694047355046633 0.014444329545304769
7 0.28870358212061104 0.56391290097623 0.01956904735504663 0.014389782467404189
7 0.28240037421398584 0.5515356319015065 0.012029563140062116 0.018940914772652383
3 0.2414506085701446 0.7052197394499885 0.023058068401734032 0.020694329545304768
5 0.3592204794474228 0.5189765020318902 0.016717063140062206 0.019022735389503432
5 0.2784856899142968 0.4579492731352085 0.013501057878390376 0.017405688311602673
4 0.35410731619442115 0.41916741680454256 0.030779563140062204 0.019268197240056396
4 0.25546468984370957 0.38420781006683946 0.029217063140062206 0.019240923701106104
7 0.22047503981547473 0.3551612382321725 0.026001057878390375 0.017623876623205435
5 0.12705969780680454 0.4582510564133915 0.017915542093374804 0.012800008928453722
5 0.05971257408692889 0.4219647288966817 0.018097552616718506 0.01592500892845372
7 0.21408009762327787 0.26395953977430003 0.026001057878390375 0.017623876623205435
7 0.24042278974488757 0.28066975284266904 0.022876057878390376 0.017569329545304768
3 0.15110268451145056 0.31344707102388814 0.02903505261671846 0.016115923701106104
7 0.3167221663073606 0.5384492508140741 0.02425654735504663 0.014471603084255057
7 0.3070664452465558 0.5300327788172514 0.017824536831702976 0.01123750892845372
7 0.08262934541596498 0.7118942536534479 0.02251203683170293 0.011319329545304768
7 0.06541175333670761 0.7395107390429514 0.02113154735504663 0.0144170560063543
4 0.00985460018352664 0.3947397556820429 0.01970920036705328 0.0190772824674041
7 0.3717028818241449 0.2510622991097909 0.026001057878390375 0.017623876623205435
5 0.5730532792215438 0.27798548904624665 0.02903505261671846 0.016115923701106104
5 0.4771562212725663 0.22268610876959327 0.015063557878390376 0.017432961850553142
5 0.6058041370152296 0.17127183888409087 0.022967063140062294 0.01913182954530477
4 0.6489626028143626 0.18066442979348135 0.02434755261671846 0.016034103084255104
7 0.4489269925310152 0.43936509415909664 0.02425654735504672 0.014471603084255236
7 0.5016578794050706 0.4720042702958347 0.024529563140062292 0.019159103084255235
5 0.4725857584572051 0.5825559866106147 0.0228760578783902 0.017569329545304768
5 0.406550505755782 0.5103457958633799 0.0228760578783902 0.017569329545304768
4 0.5128412192064278 0.815990049516828 0.02783657366340577 0.022338650162155815
4 0.4501577506352845 0.6594321323085436 0.022876057878390376 0.017569329545304768
0 0.7306411821629633 0.6006848291448582 0.03619510523343692 0.03185001785690744
6 0.4504131687970222 0.387048617698047 0.08250866311182747 0.049828450486467266
4 0.36198000035293587 0.36439809618769153 0.03288809471009326 0.028670470779006772
4 0.5579372424604281 0.3633190170494239 0.029308068401734035 0.020803423701106105
4 0.8506113188958443 0.48386374757095857 0.02425654735504672 0.014471603084255057
4 0.8350696188817267 0.4693063697299372 0.026092063140062294 0.019186376623205346
4 0.778145513718877 0.5756615097458232 0.024620568401734034 0.020721603084255236
1 0.39072110842897023 0.5543276209444579 0.014790542093374803 0.012745461850553141
1 0.3783506400695885 0.6193213754086847 0.019478042093374802 0.01282728246740401
1 0.41991651378946415 0.6560577163180753 0.014608531570031147 0.009620461850553142
1 0.44125943472321205 0.5308122544675221 0.017733531570031148 0.00967500892845372
1 0.5106751055863729 0.3305843835263596 0.014608531570031147 0.009620461850553052
1 0.4415309924604281 0.3653508957012242 0.011574536831702887 0.011128414772652384
1 0.5850997109609841 0.4463536595009419 0.014699536831702886 0.011182961850553142
1 0.6547065556710774 0.4170422605566021 0.014699536831702886 0.011182961850553142
4 0.6716140636341723 0.48854906778077256 0.02122255261671846 0.0159795560063543
1 0.6670161108480446 0.3262945296313256 0.011574536831702887 0.011128414772652384
1 0.040782750635284526 0.6665777995135327 0.012955026308359253 0.008030688311602674
1 0.07589974523243834 0.5192391493513769 0.01295502630835923 0.008030688311602674
1 0.36994035864073177 0.7771202386392095 0.014699536831702886 0.011182961850553142
4 0.7377689556287251 0.37110642330065957 0.013501057878390376 0.017405688311602673
7 0.7292654818664972 0.28930699838173746 0.016626057878390377 0.01746023538950343
1 0.23508502943330534 0.5063146351479174 0.014608531570031147 0.009620461850553142
1 0.45145056598265965 0.1950383957012242 0.014790542093374626 0.012745461850553053
1 0.3918333713008012 0.25383274310343645 0.013046031570031147 0.009593188311602673
1 0.6284302949359721 0.1981928490303606 0.011574536831702887 0.011128414772652384
1 0.6570859159544248 0.16179169886820483 0.009921031570031148 0.009538641233702006
1 0.8079442187123176 0.29183593466474533 0.011574536831702887 0.011128414772652384
1 0.7295483899990014 0.5390478997617093 0.013137036831702887 0.011155688311602675
7 0.7458258373822828 0.5543728908332556 0.017915542093374804 0.012800008928453722
1 0.7163210769295263 0.6321530174564609 0.014608531570031147 0.009620461850553142
7 0.47741601357770264 0.4326241704579905 0.02792757892507769 0.023901150162155816
3 0.8616468004094056 0.414991016645682 0.018461573663405773 0.02217500892845372
3 0.6174263635494677 0.4005229622608854 0.02747255261671846 0.016088650162155816
3 0.8446545344126285 0.1975404638857385 0.016717063140062292 0.019022735389503387
3 0.346345837029347 0.19062935958037214 0.018370568401734032 0.020612508928453767
7 0.18569416125745025 0.7647271530048249 0.01028505261671846 0.015788641233702095
7 0.3058811897731224 0.30918449066780446 0.014608531570031147 0.009620461850553052