5 0.14352314281308767 0.2804949273154099 0.024010502965749535 0.014335220003181704
3 0.24104940022746152 0.31453302530236504 0.03032416996194396 0.015970445337363515
5 0.16866506425790634 0.3028693666454555 0.020949169961943914 0.015861357336090797
5 0.17854803612046694 0.5645972073122282 0.016261669961943913 0.01580681333545435
5 0.13155231380079582 0.6964562819860006 0.022448002965749492 0.014317038669636161
5 0.13429265323039202 0.7253443506524552 0.020758168973360736 0.011173857336090798
5 0.21905763098727063 0.6188392646403649 0.017760502965749582 0.014262494668999893
3 0.20051983110100133 0.777723915977092 0.028952670950527094 0.02063976400381797
3 0.3653171601504742 0.7554841946212749 0.030387836958138337 0.017532945337363513
3 0.28582863691876964 0.6462006486314562 0.016452670950527094 0.02049431333545453
3 0.46052891209045954 0.36825581993954826 0.027262836958138338 0.01749658267027261
3 0.4506100840295698 0.3933830892743663 0.019705004942915848 0.023655676002545433
5 0.5238711704934165 0.40738140726450317 0.025445668973360824 0.011228401336727067
5 0.54461209342111 0.43684164059518515 0.02401050296574958 0.014335220003181704
5 0.5332899328507062 0.4658933412635486 0.013200336958138336 0.01733295066836362
5 0.5637122619001792 0.44521721459263974 0.020821835969555023 0.01273635733609062
3 0.5401673325466951 0.3853064125955033 0.02276633794672147 0.022129538669636163
5 0.5441876235728967 0.5798831159293669 0.023883168973360826 0.011210220003181703
5 0.6490940049800968 0.4113956505808677 0.019450336958138338 0.017405676002545434
5 0.6891605894667773 0.41640077657545876 0.02401050296574958 0.014335220003181704
5 0.6357318419382352 0.42874678258277665 0.019386669961943957 0.015843176002545433
5 0.6512029916342241 0.3480598565802312 0.02713550296574958 0.014371582670272609
3 0.630867928402082 0.4436541672501857 0.03032416996194378 0.015970445337363515
3 0.6663650766151961 0.3556996339115496 0.02713550296574958 0.014371582670272609
5 0.43386688889593594 0.6538575126114117 0.02401050296574958 0.014335220003181704
5 0.41062304847775655 0.6205183012810479 0.023946835969555203 0.012772720003181703
5 0.2634138315581119 0.38383700863304704 0.02244800296574958 0.014317038669636161
5 0.3235462238397269 0.267457483290911 0.020758168973360736 0.011173857336090798
5 0.5830458992388783 0.30586381325591266 0.014635502965749581 0.014226132001908986
5 0.56487687798434 0.20524619525782165 0.013200336958138336 0.01733295066836362
5 0.6586679817483923 0.30107576857895857 0.02401050296574958 0.014335220003181704
5 0.6572831897707884 0.4972786065802312 0.02719916996194378 0.01593408267027243
3 0.6124495563492409 0.2601876865850038 0.02595500494291585 0.023728401336727066
5 0.483015360227024 0.517283665937321 0.014635502965749581 0.014226132001908986
5 0.28751451783167814 0.47656940129695624 0.02094916996194396 0.015861357336090797
3 0.26865845258518867 0.167267126631138 0.022575336958138337 0.01744203866963625
3 0.25166195357377186 0.17215462130013787 0.013327670950527093 0.020457950668363534
5 0.27184970855386875 0.590868258633047 0.02094916996194396 0.015861357336090797
5 0.7434687460828483 0.3680899985678227 0.020821835969555023 0.012736357336090798
5 0.7018953528126501 0.47956384790741335 0.01782416996194396 0.015824994668999892
5 0.6693720128887624 0.44867747457832224 0.020821835969555204 0.012736357336090798
3 0.5006551408731024 0.6624598059357302 0.02439250494291585 0.023710220003181702
3 0.4321664205305976 0.8039484192791388 0.028825336958138336 0.017514764003817972
5 0.3749747781746205 0.12929386461650233 0.019259335969555112 0.012718176002545345
3 0.2052339170333754 0.39467505864100116 0.02713550296574958 0.014371582670272609
3 0.27531165368750254 0.330548376631138 0.025445668973360737 0.011228401336727067
3 0.278537471368269 0.2562569012969562 0.016452670950527094 0.02049431333545444
3 0.34077353311753633 0.15314044462127482 0.024137836958138335 0.017460220003181703
3 0.6104493631555924 0.13437007391791286 0.02088550296574958 0.014298857336090797
3 0.5786555350947027 0.1597518819223672 0.030196835969555202 0.012845445337363426
3 0.22598008752679197 0.8079108553071375 0.027071835969555202 0.01280908267027243
3 0.22545616410480696 0.7758705146403648 0.024137836958138335 0.017460220003181703
3 0.27858116410480693 0.7752523492998197 0.016325336958138335 0.01736931333545435
3 0.33856365916189113 0.7511057772915474 0.027199169961943957 0.01593408267027261
3 0.33920169323082955 0.517393848623502 0.01814250494291585 0.023637494668999892
3 0.3930761097327323 0.5159853426161842 0.024137836958138335 0.017460220003181703
3 0.3794685489720482 0.6232256779519567 0.013327670950527093 0.020457950668363624
3 0.20944255045492294 0.6322386933084102 0.02713550296574958 0.014371582670272609
3 0.193962130492979 0.6167864159770919 0.019514003954332716 0.018968176002545432
3 0.08618153361182793 0.15844775198918232 0.022320668973360734 0.01119203866963625
3 0.6572898014435061 0.6317172412476403 0.019514003954332716 0.018968176002545432
3 0.581219391367394 0.6638672172581398 0.024137836958138335 0.017460220003181703
3 0.5985607416714052 0.7441723352562308 0.02401050296574958 0.014335220003181704