7 0.5090714039318435 0.5265625 0.00987510517284953 0.0171875
7 0.6079348012662764 0.4875 0.01130121285298138 0.0125
7 0.6123699001709199 0.559375 0.00987510517284953 0.0171875
7 0.5552584306540208 0.44921875 0.011346676959604096 0.0140625
5 0.5763271000917776 0.52890625 0.019204641066226814 0.015625
5 0.74926684342786 0.43125 0.01612510517284953 0.0171875
5 0.766960460279192 0.50234375 0.011528533386094964 0.0203125
7 0.28017219945863936 0.28515625 0.012909176959604095 0.0140625
7 0.36397053793844136 0.2921875 0.013091033386094787 0.0203125
7 0.3028237524407754 0.44609375 0.009920569279472246 0.01875
5 0.27719561513547236 0.39765625 0.009966033386094785 0.0203125
5 0.2670537370013693 0.425 0.009966033386094785 0.0203125
5 0.2819369394295094 0.37265625 0.015897784639736123 0.009375
7 0.20809026246990533 0.35859375 0.01612510517284953 0.0171875
5 0.5258450299543755 0.6734375 0.01786946159934022 0.0234375
5 0.49454120566033843 0.6984375 0.01300010517284953 0.0171875
5 0.5086862736861694 0.728125 0.01001149749271768 0.021875
5 0.4470811839527261 0.73203125 0.01612510517284953 0.0171875
5 0.4285752248606684 0.68671875 0.009966033386094964 0.0203125
5 0.428209163498755 0.7546875 0.013091033386094963 0.0203125
5 0.5540322144358271 0.621875 0.016216033386094786 0.0203125
5 0.6385556301126601 0.734375 0.017642141066226812 0.015625
5 0.7000744886507219 0.56640625 0.01143760517284953 0.0171875
5 0.4084827190546806 0.42578125 0.01157399749271768 0.021875
7 0.36870951372354654 0.34765625 0.009829641066226812 0.015625
7 0.38328649076229293 0.3921875 0.011164820533113406 0.0078125
7 0.32548366561032605 0.58046875 0.013091033386094787 0.0203125
5 0.3334863822242312 0.56015625 0.01143760517284953 0.0171875
5 0.4257253580093364 0.615625 0.01612510517284953 0.0171875
7 0.6061559702418149 0.8828125 0.01300010517284953 0.0171875
5 0.6363589811288745 0.63203125 0.011392141066226814 0.015625
5 0.5737202403000745 0.7078125 0.01768760517284953 0.0171875
5 0.48904944279472173 0.1875 0.01612510517284953 0.0171875
2 0.46008701999175267 0.29296875 0.03569345909205772 0.0453125
7 0.3231793680384662 0.528125 0.011392141066226814 0.015625
7 0.3908596468722146 0.2765625 0.011255748746358752 0.0109375
7 0.3617033442857898 0.26796875 0.011255748746358752 0.0109375
2 0.3369162929530063 0.2484375 0.01300010517284953 0.0171875
7 0.5944680316702352 0.346875 0.008221676959604097 0.0140625
7 0.568445089271225 0.31171875 0.009647784639736123 0.009375
7 0.35482652164110534 0.434375 0.008176212852981379 0.0125
7 0.22585207548117134 0.43203125 0.008267141066226813 0.015625