5 0.3116376291777782 0.5069825775066669 0.022311411094166723 0.01925914627652787
5 0.4772801597629865 0.4780432259673962 0.025290940729444423 0.013081881458888844
5 0.5670329907850351 0.4762281124602782 0.015988675911805573 0.015988675911805573
3 0.6215633687285423 0.8062253901956951 0.025400043502986237 0.017769381458888844
5 0.6245039179311116 0.6641833605604172 0.019113675911805572 0.016061411094166544
5 0.6623312262517367 0.6791186827487505 0.017442073138263937 0.011337543502986236
5 0.6770866701153132 0.8098601896826046 0.019113675911805572 0.016061411094166544
5 0.2376156348773614 0.34597103590354183 0.01602504350298615 0.01755117591180557
3 0.11000500683694496 0.6334684230620139 0.019186411094166723 0.019186411094166543
1 0.3117655689572921 0.5460268937110767 0.025472778685347208 0.020894381458888844
1 0.3679116918668062 0.8112531566288546 0.02391027868534721 0.020858013867708535
2 0.26356968398302155 0.8236602780197572 0.022347778685347208 0.020821646276527873
1 0.6953788091736464 0.6228875197547228 0.011192073138263935 0.011192073138263935
2 0.7318442924561464 0.6799557905562853 0.006431837955902786 0.0079579703647223
2 0.759751740119445 0.7048109734019451 0.009556837955902786 0.008030705547083272
1 0.4674168101235769 0.5910335352379518 0.009629573138263936 0.011155705547083273
1 0.486944140861285 0.3900347329012504 0.014280705547083272 0.009702308320624997
2 0.8461996928167368 0.7958373233256951 0.03183188145888884 0.025727351823611144
1 0.8819702726045143 0.6217646969007994 0.009629573138263936 0.011155705547083273
1 0.8534082082999657 0.5687845140551395 0.009520470364721945 0.006468205547083272
1 0.9245941836986811 0.6414966218626744 0.007921602773541637 0.004869337955902786
1 0.7377994324644102 0.46614786369454925 0.011192073138263935 0.011192073138263935
2 0.6373513696784728 0.7800447499030907 0.0063954703647222996 0.0063954703647222996
2 0.7020678331093408 0.7760852549370839 0.007994337955902786 0.007994337955902786
1 0.35716833472486154 0.517412237650903 0.009556837955902786 0.008030705547083272
1 0.33707208064079897 0.4255877603523267 0.007994337955902786 0.007994337955902786
2 0.15853146618375044 0.5377753697753821 0.011192073138263892 0.011192073138263935
2 0.46298910894489653 0.870466462099688 0.007994337955902786 0.007994337955902608
2 0.11291180128986164 0.624166158244375 0.022275043502986147 0.017696646276527873
1 0.7958522410693756 0.6791031117946882 0.023983013867708357 0.023983013867708357