2 0.8434524550716267 0.5123926447516602 0.04037202885594056 0.039319365177646406
4 0.19448418701545936 0.4377610574863793 0.02074900961864685 0.013446069892376044
4 0.6029043553417791 0.6378443707637269 0.017460318511654194 0.008613020678164319
2 0.8645387374709463 0.3095202018237548 0.02549107332097762 0.015226893713693724
2 0.40359874827071945 0.2636920490093239 0.030669646641955418 0.029507717535011312
2 0.36917661905195925 0.21912656575854692 0.027271828130301136 0.0215496683207995
2 0.31340776868913955 0.21311631431080488 0.025709328130301135 0.021476893713693723
2 0.22203381205786835 0.5992422129868974 0.04015377404661713 0.0330693651776464
2 0.3315080157787326 0.5745803531859345 0.024255955534962848 0.024529119106587772
2 0.31081356986241665 0.5645889230783105 0.022911710344286185 0.030706344499482084
2 0.4317634761230189 0.5996466656347124 0.02581845553496276 0.024601893713693812
2 0.44034730243922154 0.5765537679920772 0.023983137023308565 0.016716619106587772
2 0.46795394726707834 0.5604000750641719 0.030451391832631992 0.023257717535011223
2 0.4563344009879426 0.5413782473139129 0.024255955534962938 0.024529119106587772
2 0.4688344009879426 0.540796050457066 0.025381945916316085 0.012101893713693811
2 0.4670337988110244 0.489233550457066 0.030396828130301045 0.021695217535011226
2 0.47847973029937024 0.4808752409037721 0.02716270072563951 0.018424668320799496
2 0.6072322128761749 0.4928764731210917 0.022256945916316086 0.011956344499482085
2 0.827232199629331 0.3840322043049541 0.03223214664195524 0.02958049214211709
1 0.4763889514434297 0.44341162820732494 0.02861607332097762 0.015372442927905539