5 0.37683194210384513 0.619561806055043 0.017988020678164407 0.017387494668999894
5 0.404010872211469 0.6402015700588609 0.02074914764263518 0.009611357336090798
5 0.5258346381321225 0.3070629007399512 0.017696922249740864 0.011137494668999891
5 0.760222446651959 0.3934293041056315 0.014717471463952591 0.014226132001908986
0 0.4066479904894873 0.3150561193904974 0.057744033498446076 0.06626134667409059
6 0.2620461199351574 0.2813249147039983 0.05345463978475227 0.04122498400699968
2 0.22770319913315845 0.3473675380330894 0.016571069892376132 0.02049431333545444
6 0.4268405583149488 0.48569588339431535 0.08274403349844608 0.06655224801081765
2 0.6096637127820095 0.6050742340865415 0.050766287427387445 0.05056362133990877
7 0.3587241050479612 0.521641926718634 0.020821922249741043 0.011173857336090798
2 0.7202673806885244 0.42892136143376813 0.021258569892376046 0.020548857336090798
7 0.7614895401179839 0.46692134810626784 0.020894696856846907 0.012736357336090798
2 0.6172965461138398 0.290148668085587 0.02303939371369381 0.02525453866963625
2 0.5945867921848984 0.2742509480824053 0.032487168320799495 0.02692612667090888
7 0.31255554218489834 0.2709692173774525 0.02074914764263518 0.009611357336090798
2 0.40841373594137326 0.545670320058861 0.022748295285270358 0.01900453866963616
2 0.5297407723353034 0.592419145408951 0.024092471463952592 0.014335220003181704
2 0.7169432117485522 0.7016866994350408 0.04066354135632899 0.03482953333863605
2 0.8551431867271617 0.5539951814528582 0.032923815963435035 0.036301126670909054
7 0.6208666941707597 0.43167309675363236 0.014863020678164496 0.017351132001908985
7 0.31298991997793857 0.5805169400461343 0.017915246071058634 0.015824994668999892
6 0.4159457919800106 0.6692623613939972 0.03568494292790536 0.028524989337999785
6 0.5314745543860073 0.47127994207508744 0.022748295285270358 0.01900453866963616
2 0.8219261182825275 0.6294309861154946 0.021040246071058276 0.015861357336090797
2 0.7920374110865984 0.6501883814449039 0.022748295285270358 0.01900453866963616
1 0.6356762109199827 0.39901513808876865 0.011446922249740865 0.011064769334818082
1 0.6969177336650617 0.19180262209576832 0.02423802067816432 0.017460220003181703
2 0.5515153424325674 0.17525891740926922 0.020894696856846907 0.012736357336090798
2 0.6947751908609908 0.17067250942867745 0.020894696856846907 0.012736357336090798
2 0.4407768955757206 0.18647713339431538 0.014717471463952591 0.014226132001908986
2 0.3137970186112498 0.17718285471036163 0.02096747146395277 0.014298857336090797
2 0.558492856909988 0.7303282254137236 0.02423802067816432 0.017460220003181703