3 0.6201660124930319 0.286513829248913 0.012663626463433175 0.028270450668363534
3 0.632734190186129 0.2746496285805494 0.014217036104353476 0.026726132001908987
3 0.6174591690106943 0.21467519191600387 0.01886817466803503 0.020530676002545257
3 0.8703472987937773 0.3867207252148691 0.01110112646343282 0.02825226933481808
3 0.7734632084346975 0.3894104678946867 0.01884999394987581 0.017405676002545344
3 0.49991207894620227 0.41212345126513955 0.017342036104353475 0.02676249466899989
3 0.45761549463724693 0.4313643472708665 0.014207945745273776 0.025163632001908985
3 0.6201064042781672 0.4310359885821402 0.020494307181592397 0.03148635733609062
3 0.7148234857584523 0.5322706772358681 0.017342036104353475 0.02676249466899989
3 0.6453417118525431 0.6588519059118678 0.01887726502711473 0.022093176002545435
7 0.47662404899016886 0.5209808306015484 0.020403403590796287 0.015861357336090797
3 0.5256337207313376 0.556345618594867 0.014217036104353476 0.026726132001908987
3 0.6561827213205128 0.9438627052435041 0.011092036104353475 0.02668976933481808
3 0.42361111583612265 0.9051654739417753 0.015779536104353474 0.026744313335454704
3 0.36047531158139656 0.880901817950366 0.018859084308955422 0.01896817600254508
5 0.6799666967272325 0.6154831665738679 0.012618174668035031 0.020457950668363624
3 0.5465472261922866 0.1842524425923216 0.01887726502711473 0.022093176002545345
3 0.6622059832243694 0.8484865705760951 0.017278403590796288 0.015824994668999892
3 0.5285804169675907 0.8555098245942305 0.018840903590796286 0.015843176002545433
3 0.504992926042777 0.8815637945974123 0.014207945745273776 0.025163632001909166
3 0.41003495004688223 0.8217353559436844 0.018886355386194254 0.02365567600254508
3 0.4308565101553409 0.7339989986075937 0.01887726502711473 0.022093176002545435
3 0.4539041664766115 0.5321819599379574 0.01885908430895533 0.018968176002545432
3 0.374124200243274 0.9518319359484568 0.020385222872636978 0.012736357336090975
3 0.5525830818730684 0.3552643765913671 0.02198408430895533 0.01900453866963625
3 0.5378575065411035 0.3351245992600488 0.01727840359079611 0.015824994668999892
3 0.5139341932111912 0.28462515993000326 0.01885908430895533 0.018968176002545346
3 0.660331428478664 0.4993132739099586 0.015734084308955332 0.01893181333545435
3 0.5914541634515494 0.5219882525859583 0.01418067466803503 0.020476132001908988
3 0.6596223804704539 0.6211882739099587 0.014198855386194253 0.023601132001908987
3 0.6384831786750558 0.6292462219128222 0.015743174668035032 0.020494313335454352
3 0.6305797750842596 0.6449621285805494 0.015752265027114732 0.02205681333545435
3 0.5087689284786641 0.5010768632638668 0.014198855386194253 0.023601132001908987
3 0.3947377238545956 0.6313012599459116 0.018831813231716586 0.014280676002545433
3 0.3541399949318344 0.6270864746180932 0.017323855386194253 0.023637494668999892
3 0.5341451366187739 0.7046740305935943 0.015743174668035032 0.020494313335454352
3 0.46070257055838704 0.8406757126034574 0.01885908430895533 0.01896817600254508
3 0.42764008568369755 0.8840262706079118 0.01726931323171659 0.014262494668999893
3 0.4020088266085112 0.8585450126114116 0.02198408430895533 0.01900453866963616
7 0.49436904343102395 0.8277848139322306 0.007894313231716587 0.014153406667727353
3 0.3119575609922214 0.4924302112905929 0.0157159035907962 0.01580681333545435
3 0.29400594994868634 0.75824611529282 0.018831813231716586 0.014280676002545433
3 0.2608980132785988 0.8094091732972745 0.015752265027114642 0.02205681333545435
3 0.2820963024080144 0.7911949752944109 0.012618174668035031 0.020457950668363624
3 0.30730940496553827 0.888551233290911 0.0188409035907962 0.015843176002545433
3 0.32960204060235354 0.9507876039545021 0.017323855386194253 0.023637494668999892
3 0.4210916664766115 0.5325637679424118 0.02200226502711473 0.022129538669636163
3 0.8017684529737485 0.7609309318905504 0.011046584308955332 0.01887726933481808
3 0.17469689286528986 0.8557216466422737 0.018859084308955422 0.01896817600254508