7 0.4571148912558508 0.5267534829012505 0.008449169961943958 0.015806837955902785
7 0.5632348986702246 0.4940338615103477 0.011446835969555025 0.012754573138263937
7 0.5587118833471854 0.5666537439191671 0.008449169961943781 0.015806837955902785
7 0.5141726575674731 0.4506644147969796 0.01151050296574958 0.014317073138263936
5 0.5248608067691704 0.5338042231176046 0.01932300296574958 0.014498911094166723
5 0.7137097425484452 0.4474887826725006 0.014762836958138337 0.01751480832062491
5 0.7232173937273088 0.5212172234019451 0.01182883794672147 0.022129573138263935
7 0.25440236262411975 0.2624143067051044 0.014699169961943958 0.015952308320624997
7 0.33908111015266185 0.2761150904244447 0.011765170950527093 0.020567073138263937
7 0.2578417445256115 0.427494446047778 0.008576503954332714 0.018931837955902787
5 0.238004088403832 0.3769852997712502 0.01026633794672147 0.022093205547083362
5 0.22360866597043016 0.40401992524621544 0.008576503954332714 0.018931837955902787
5 0.24605401034294228 0.3521489539315627 0.01438083498097198 0.008139808320624997
7 0.17184984779537218 0.330872059554896 0.014762836958138292 0.017514808320625
5 0.4565034431192864 0.6760995194703824 0.01814250494291585 0.023837543502986235
5 0.4211416046782734 0.6995181824644101 0.011637836958138336 0.017442073138263937
5 0.4323682647543855 0.7310591231938546 0.01026633794672165 0.022093205547083272
5 0.36908701475438555 0.729586235751042 0.014762836958138337 0.017514808320625085
5 0.3553720246402173 0.6823475598392365 0.01026633794672147 0.022093205547083272
5 0.3462888433095669 0.7517333394745143 0.011765170950527093 0.020567073138263937
5 0.49135328699750697 0.626863238885174 0.01651633794672147 0.02223867591180557
5 0.563826511788636 0.7481946846486116 0.017760502965749582 0.014462543502986236
5 0.6472650473776304 0.581226696616459 0.010139003954332537 0.018968205547083273
5 0.3678215809894582 0.415196427430417 0.01189250494291585 0.023692073138263936
7 0.33672543129346943 0.3339275904244447 0.01001166996194396 0.015843205547083274
7 0.3457847549057348 0.3802759135627086 0.012882001977166357 0.009665940729444423
7 0.26389413186431065 0.5668297029816322 0.011765170950527093 0.020567073138263937
5 0.27412863631293494 0.5459541585287155 0.011637836958138336 0.017442073138263937
5 0.3622387899632565 0.6097822288171878 0.014826503954332715 0.019077308320625087
7 0.510934980648266 0.8947599069131948 0.011637836958138336 0.017442073138263937
5 0.5735927840317574 0.6428532212177436 0.011637836958138336 0.017442073138263937
5 0.5010373517125238 0.7154536134102087 0.017887836958138337 0.017587543502986237
5 0.47909329790910293 0.17927907085715317 0.014762836958138337 0.017514808320625
2 0.43648269216788427 0.2846380648732295 0.0347225098858317 0.04763871941479172
7 0.26762130973491993 0.5137410705728127 0.011637836958138336 0.017442073138263937
7 0.3677791131184114 0.2627072070656948 0.011446835969555114 0.012754573138263937
7 0.33928669859367494 0.2518781566288545 0.011383168973360735 0.011192073138263935
2 0.3167087030422992 0.23023889276114612 0.011637836958138336 0.017442073138263937
7 0.5659672623201086 0.3502111263279866 0.008321835969555024 0.012681837955902785
7 0.5448390202287741 0.31218379625586856 0.009820668973360824 0.011155705547083273
7 0.31284757950658343 0.4209548117390975 0.008258168973360736 0.011119337955902786
7 0.181230164981847 0.40772550028434046 0.006886669961943914 0.0157704703647223