7 0.5284623721320021 0.5212507477605047 0.008358137023308565 0.015670451795397965
7 0.42519103919237755 0.49528366628021975 0.00970238221398514 0.009429542154477666
7 0.43386912394610067 0.5647785548439013 0.008358137023308565 0.015670451795398145
7 0.4697570055271136 0.4512655006873711 0.009811509618646852 0.012554542154477844
5 0.46472725434598716 0.5309984524827691 0.01767857332097762 0.01416249394987581
5 0.27700651033643703 0.45863816003370383 0.014608137023308565 0.015706813231716587
5 0.273239158792491 0.5297682714700223 0.010029764427970277 0.018804542154477844
7 0.7075223564380875 0.25609285949141086 0.011374009618646852 0.012563632513557365
7 0.6268725571637269 0.273753058163551 0.011592264427970279 0.018813632513557367
7 0.7154588859270002 0.4162354739527915 0.008412700725639332 0.017232951795397966
5 0.7308730656012473 0.36535423000291567 0.008521828130301046 0.020357951795398142
5 0.7458358666897065 0.3910536667711991 0.008467264427970278 0.018795451795398144
5 0.7214881419174499 0.34274797697785353 0.012718254809323426 0.006322722872636977
7 0.7909549045313217 0.31812016081927075 0.01299107332097762 0.014135222872636887
5 0.5397322327464409 0.6649643863241863 0.01638889183263199 0.02196590359079629
5 0.5740625927279075 0.6858626936039746 0.011483137023308564 0.015688632513557364
5 0.5649976167745245 0.717171780937992 0.008521828130301046 0.020357951795397965
5 0.6265526756675319 0.7121252117543472 0.014608137023308387 0.015706813231716587
5 0.6366617964487717 0.66596328406125 0.008521828130301046 0.020357951795397965
5 0.649137003797833 0.7323104467272324 0.011592264427970279 0.018813632513557367
5 0.5029663535276806 0.6190751694034777 0.014717264427970278 0.01883181323171641
5 0.44076150860715657 0.7397740096643615 0.01611607332097762 0.014153403590796287
5 0.35014888837407093 0.5840194342342007 0.009920637023308565 0.015679542154477664
5 0.6074008492665113 0.4098314587292851 0.010084328130301046 0.020367042154477665
7 0.6327158185964723 0.32919908226585193 0.006686509618646852 0.012536361436318444
7 0.6272396341129017 0.3737712388817102 0.009593254809323427 0.006304542154477666
7 0.7169990824762884 0.5498474046709507 0.011592264427970279 0.018813632513557367
5 0.7061880680483181 0.5311564920049682 0.009920637023308565 0.015679542154477845
5 0.6263939298438832 0.5956962358566481 0.014608137023308565 0.015706813231716587
7 0.4995512099657681 0.8793041422761145 0.009920637023308565 0.015679542154477845
5 0.4239608998068164 0.6390700277165383 0.009866073320977619 0.014117042154477843
5 0.4989633890070431 0.7058348260193361 0.016170637023308565 0.015715903590796287
5 0.4863442716843644 0.18783425976255735 0.014608137023308565 0.015706813231716587
2 0.5335590667823737 0.28679847970832806 0.029598219962933037 0.042351126463433086
7 0.7105382621505356 0.49909342574818955 0.009866073320977619 0.014117042154477667
7 0.598365611247411 0.2629791846269841 0.00970238221398514 0.009429542154477666
7 0.6260541016287641 0.250315558163551 0.00970238221398514 0.009429542154477666
2 0.6456027097961321 0.22832238349551598 0.011483137023308564 0.015688632513557364
7 0.4133309015360968 0.35704332289607804 0.006686509618646852 0.012536361436318444
7 0.43230659082899087 0.318643898228043 0.008085318511654194 0.007857951795398055
7 0.6613889448200077 0.4118615913410382 0.006631945916315907 0.010973861436318445
7 0.7865427122432028 0.393161067435129 0.006795637023308565 0.015661361436318445