5 0.8180884873105765 0.41869233256043953 0.020385222872636888 0.012618174668035031
5 0.8151589300307883 0.45230426327859874 0.020385222872636888 0.012618174668034854
3 0.6612163185944697 0.4469496636479411 0.02977840359079629 0.015797716822512697
5 0.3803243460164204 0.2415455879231927 0.017242042154477666 0.00947499394987581
4 0.42919818325224207 0.31626378679172457 0.01572499394987581 0.01727840359079611
5 0.41423223428551437 0.4296359403825207 0.01414431323171641 0.01414431323171641
4 0.4433748336215844 0.47009276873954775 0.02198408430895533 0.01887726502711473
5 0.47923558645025477 0.5909819856602564 0.01726931323171659 0.01416249394987581
5 0.4939838876799188 0.5744893772490001 0.014153403590796287 0.015706813231716587
5 0.5236264567653677 0.7008837056060271 0.020376132513557365 0.011055674668035032
5 0.5780367008134395 0.6529092930382404 0.014144313231716587 0.01414431323171641
5 0.45510826092189804 0.7411274314055303 0.018813632513557367 0.011046584308955332
5 0.49402986035616403 0.7166814224285398 0.020367042154477842 0.009493174668035032
3 0.40469517046462256 0.8047041180756178 0.02198408430895533 0.01887726502711473
3 0.38587192671113846 0.6579336572050335 0.02353749394987581 0.017323855386194253
5 0.3011787641433519 0.6037370365953328 0.014171584308955421 0.018831813231716586
5 0.3201832941975812 0.6473779522863774 0.02508181323171659 0.014207945745273776
5 0.3101088574292977 0.661499539620395 0.021938632513557366 0.011064765027114731
5 0.877568026439992 0.43631564891541413 0.02196590359079629 0.015752265027114732
7 0.8673395744482022 0.5582542814289714 0.020385222872636888 0.012618174668035031
7 0.7655447494108248 0.38462185958960676 0.01885908430895533 0.018859084308955422
4 0.8043583062978297 0.6101849409716958 0.02664431323171641 0.014217036104353653
3 0.6905367008134394 0.652254787184508 0.02040340359079611 0.015743174668035032
4 0.6205787248175445 0.7136013533430908 0.02198408430895533 0.01887726502711473
4 0.640213993066113 0.5970769286750558 0.02041249394987581 0.01730567466803503
5 0.32668730337096336 0.5567120456705191 0.020376132513557365 0.011055674668035032
5 0.2710776528052293 0.5328160034178456 0.017278403590796198 0.01572499394987581
2 0.27994813787631045 0.44604271126336786 0.04864657825883114 0.03621930113146821
5 0.1409038185944697 0.44997675322145386 0.023501132513557323 0.011073855386194254
5 0.1567333516737611 0.48504209963065764 0.023519313231716587 0.014198855386194253
5 0.13210605639602543 0.5492500453759315 0.017269313231716543 0.01416249394987581
7 0.08717535147736939 0.6151386657892404 0.01882272287263693 0.012609084308955331
5 0.09864411660267988 0.5721017380961433 0.02037613251355732 0.011055674668035032
7 0.11891623086766874 0.6993318586076481 0.02037613251355732 0.011055674668035032
7 0.13649007112855252 0.7656381146577723 0.017278403590796198 0.01572499394987581
5 0.3026054296380047 0.714669991415793 0.020385222872636888 0.012618174668035031
5 0.18277718032537577 0.2614455183467643 0.01880454215447771 0.00948408430895542
5 0.5859214028052293 0.5309842960633027 0.020385222872636888 0.012618174668035031
7 0.6555799178323439 0.5524547750842597 0.014135222872636887 0.012581813231716588
3 0.21331567066101428 0.6761256418833312 0.020403403590796197 0.015743174668035032
4 0.225870212815492 0.6854279190106943 0.02195681323171659 0.01418976502711473
4 0.23190256507842827 0.7822711027539156 0.01886817466803503 0.020421584308955333
4 0.20768836025796808 0.7831932533196497 0.012563632513557365 0.011010222872636888
3 0.14400311015977224 0.848409708041914 0.015743174668035032 0.020403403590796287
3 0.22553491129124037 0.8963745093697739 0.02040340359079611 0.01574317466803521
3 0.4313758451326576 0.8248620819712645 0.020385222872636888 0.01261817466803521
3 0.3799178842620732 0.8431308138208917 0.012590903590796199 0.015697722872636887
4 0.09314861640628816 0.7018255995324618 0.017278403590796177 0.01572499394987581
2 0.46691739363184703 0.6223047085328933 0.02351931323171641 0.014198855386194253
2 0.4929122670702181 0.6588734676080797 0.012590903590796287 0.015697722872636887
2 0.4883202158405541 0.6753069886853185 0.018831813231716586 0.014171584308955331
2 0.4821974808676687 0.697218350121637 0.017251132513557366 0.011037493949875809
2 0.386358260921898 0.7415274072050335 0.02040340359079611 0.015743174668035032
2 0.4033048664062882 0.7000211632551576 0.01726022287263689 0.01259999394987581
2 0.39585545988862575 0.6281870698710159 0.01572499394987581 0.01727840359079611
3 0.3638247307694729 0.762752967411688 0.020385222872636888 0.012618174668035031
2 0.146654890606785 0.632761982144215 0.02198408430895542 0.01887726502711473
2 0.11852534542724517 0.6321443586076481 0.017269313231716543 0.01416249394987581
2 0.042044658658961745 0.6466522862025494 0.014144313231716565 0.01414431323171641
2 0.12264521886561619 0.668840382709949 0.014135222872636933 0.012581813231716588