3 0.10243880194586936 0.31423797435943684 0.020694329545304768 0.022821069892376134
3 0.12838328773911456 0.6359481544670607 0.02217500892845372 0.018206344499482087
3 0.24051291517309892 0.7886664319696507 0.02680796185055314 0.015299668320799497
3 0.2046339163909149 0.7488976106295324 0.019077282467404012 0.01962329528527036
3 0.23041339204118563 0.613212667701627 0.02680796185055314 0.015299668320799497
5 0.2171963717486462 0.6623051391655798 0.01913182954530477 0.022748295285270358
3 0.18392990421605027 0.6826197932183558 0.023655688311602717 0.01359161910658777
3 0.42726370373287825 0.10989280686720679 0.02217500892845372 0.018206344499481997
3 0.42779335795222373 0.3194133560814185 0.025245461850553142 0.015226893713693724
3 0.39694632710637745 0.5679257847413004 0.026807961850553053 0.015299668320799497
3 0.2835441205308302 0.7006548556671337 0.02379205600635448 0.021404119106587773
3 0.3058066785657795 0.8114275357747577 0.026780688311602675 0.013737168320799497
3 0.376277091309837 0.7276111538478881 0.02839773538950343 0.01693494292790554
3 0.33228558359919924 0.6710187055432992 0.026780688311602675 0.013737168320799497
3 0.3416781745085897 0.6267956705971112 0.019022735389503432 0.01649829528527036
3 0.4653048149315128 0.4974998147250897 0.02225682954530477 0.022893844499482084
3 0.6656048238599667 0.5053721650155399 0.02680796185055314 0.015299668320799497
3 0.7273059829505761 0.5462839553384115 0.02373750892845372 0.01827911910658777
3 0.8413200698027768 0.3142269725019192 0.02373750892845372 0.01827911910658786
3 0.9181491712621789 0.5499054532714969 0.02686250892845372 0.018424668320799496
3 0.9603542621715693 0.5041541515760858 0.017569329545304768 0.022675520678164494
3 0.8416337155007056 0.3321957225019192 0.0269170560063543 0.0215496683207995
3 0.48018116151965096 0.9018234416895604 0.03001478246740419 0.020132717535011224
3 0.9626958323813832 0.6830967888796387 0.0191045560063543 0.02118579528527036
3 0.5969115507280534 0.3326474485139859 0.02058523538950343 0.016571069892376132
3 0.5230258116851021 0.44477076695861995 0.029960235389503254 0.017007717535011225
3 0.4890462779998819 0.4690280583149489 0.028397735389503253 0.01693494292790554
3 0.32501105153883225 0.47823189206106387 0.02839773538950343 0.01693494292790554
3 0.8170560499139793 0.6711148273404834 0.026862508928454078 0.018424668320799496
3 0.8558088583559655 0.606759074859284 0.029960235389503254 0.017007717535011225
5 0.19448993425111766 0.30213177254019125 0.026807961850553053 0.015299668320799587
5 0.14749793181548568 0.38720028536047285 0.020585235389503388 0.016571069892376132
5 0.1340081761334428 0.4206677568244256 0.02058523538950343 0.016571069892376045
5 0.13112468384408055 0.4794434433421902 0.01740568831160272 0.013300520678164318
5 0.10491673985043497 0.5009931116629898 0.020503414772652384 0.011883569892376222
5 0.10576221955789553 0.5494306116629898 0.019022735389503387 0.01649829528527036
5 0.16918951988220707 0.5996446273787555 0.023628414772652383 0.012029119106587771
5 0.24008267247999485 0.540046995451886 0.018968188311602675 0.01337329528527036
5 0.27683660429877577 0.4507640175777926 0.02058523538950343 0.016571069892376045
5 0.299646812902918 0.41373489847120465 0.023682961850553054 0.01515411910658777
5 0.30949909983454893 0.44064200082856947 0.01595228246740401 0.019477746071058632
5 0.26195016964062107 0.3146274644346394 0.02214773538950343 0.016643844499481995
5 0.26679558238467854 0.23386761600621594 0.02217500892845372 0.018206344499481997
5 0.29908020251506223 0.15730296195344 0.02055796185055305 0.015008569892376134
5 0.4080729675293006 0.4438697005809004 0.02058523538950343 0.016571069892376045
5 0.4464558088457283 0.22393603618904234 0.02055796185055314 0.015008569892376134
5 0.4535921988616143 0.27442618776061894 0.022065914772652385 0.011956344499481996
5 0.44231159983454893 0.4344561592245716 0.015897735389503433 0.016352746071058633
5 0.4272008429346901 0.509439042599183 0.020530688311602673 0.013446069892376044
5 0.36967866923358395 0.483970315758547 0.015897735389503433 0.016352746071058633
5 0.36980317450858974 0.6254857276692057 0.023682961850553054 0.01515411910658777
5 0.40447818343704345 0.6410721863128769 0.022093188311602674 0.013518844499482086
5 0.4392253303527884 0.6159972576529951 0.02055796185055314 0.015008569892376044
5 0.49032418019063256 0.5870331956185018 0.02368296185055314 0.01515411910658777
5 0.500940126212873 0.6576902979758665 0.02055796185055314 0.015008569892376044
5 0.6896344334370434 0.6277908205160578 0.01907728246740419 0.01962329528527036
5 0.7723184740221224 0.5269859917323416 0.019022735389503432 0.01649829528527036
5 0.6982576367661799 0.44990126096276395 0.012800008928453722 0.017769696856846907
5 0.8095888287312306 0.33290635194758933 0.025245461850553142 0.015226893713693724
5 0.7891166416374439 0.2799097845364125 0.017460235389503254 0.016425520678164406
5 0.4428847495929629 0.15373269809970114 0.018968188311602675 0.01337329528527027
5 0.4230222629856435 0.18046001799207728 0.017405688311602673 0.013300520678164406
5 0.4147557954530476 0.19961027833115952 0.017351141233702093 0.010175520678164407
5 0.4583421542193456 0.1881975893321955 0.011155688311602675 0.013009422249740998
5 0.446755817774182 0.2411235361890424 0.015843188311602675 0.013227746071058633
5 0.49333080884572816 0.22175279797586667 0.012690914772652384 0.011519696856846905
5 0.5300631956152034 0.22082384470887897 0.011128414772652384 0.011446922249741042
5 0.5869074849824664 0.16266243424596225 0.017351141233702093 0.010175520678164407
5 0.5383199805182395 0.15632469706624383 0.017351141233702093 0.010175520678164407
5 0.5468882313290184 0.2888460986378204 0.020503414772652207 0.011883569892376222
5 0.6040870767026357 0.2509971881749037 0.017405688311602673 0.013300520678164496
5 0.6082075608743231 0.307882888960692 0.017405688311602673 0.013300520678164406
5 0.6270939285690748 0.3148220936754217 0.012745461850553141 0.014644696856846906
5 0.6648121168806774 0.32557550310488115 0.018968188311602675 0.01337329528527036
5 0.6272536156628615 0.3687647309789746 0.020503414772652384 0.011883569892376222
5 0.6233922301112024 0.32672278019318635 0.012745461850553141 0.014644696856846906
5 0.6954075519458693 0.28662001096276396 0.022065914772652385 0.011956344499481996
5 0.7100700698027769 0.32034003949881124 0.020585235389503253 0.016571069892376132
5 0.7297922345754293 0.33036785690998804 0.011210235389503253 0.016134422249741043
5 0.783158742286067 0.38652365757194185 0.015897735389503433 0.016352746071058633
5 0.7526218084386912 0.384036512410506 0.017323867694751627 0.008613020678164407
5 0.7693689776755704 0.4028036290358945 0.012745461850553141 0.014644696856846906
5 0.7933167666357962 0.5205347845364126 0.014280688311602674 0.01315497146395277
5 0.8287184784863492 0.5329598558765307 0.015761367694751983 0.008540246071058633
5 0.8400144886326188 0.5081952963232368 0.018940914772652206 0.011810795285270358
5 0.39554787378053635 0.26383759822353564 0.014280688311602674 0.01315497146395268
5 0.5488052873353728 0.30908582403071455 0.020503414772652384 0.011883569892376133
5 0.530431388391033 0.24191759470887897 0.02373750892845372 0.01827911910658786
5 0.46745982994904656 0.30740135360021914 0.023628414772652383 0.01202911910658786
5 0.540470635955401 0.3243298343697968 0.017378414772652385 0.011738020678164407
5 0.792814385955401 0.31257673532220076 0.011155688311602675 0.013009422249741043
5 0.7772206136342665 0.27029934408970646 0.015897735389503252 0.016352746071058542
5 0.6578820527566482 0.42128826344396336 0.014280688311602674 0.013154971463952591
5 0.6781809159871731 0.41956094355158713 0.017405688311602673 0.013300520678164318
5 0.6275905807598254 0.4328636182825275 0.017351141233702093 0.010175520678164495
5 0.6435701367661799 0.452448372211469 0.009620461850553142 0.01449914764263518
5 0.6446689866040242 0.42581309760436314 0.020503414772652384 0.011883569892376045
5 0.5992570750777826 0.4670224485139859 0.020503414772652384 0.011883569892376222
5 0.5655678676914564 0.4631183525667618 0.018913641233702094 0.010248295285270359
5 0.5470048283241935 0.519496785155585 0.023655688311602675 0.01359161910658777
5 0.5613809740221224 0.5368105636916324 0.012772735389503432 0.016207196856846906
5 0.5480588137136969 0.5350853978520321 0.012745461850553141 0.014644696856846906
5 0.5931861274306891 0.6119539588530681 0.011210235389503432 0.016134422249740866
5 0.6065804257264057 0.5730177373891154 0.017405688311602673 0.013300520678164318
5 0.6269474728043064 0.5751966674967393 0.02058523538950343 0.016571069892376222
5 0.6580474683400795 0.565147425354622 0.020503414772652384 0.011883569892376045
5 0.6130037495896676 0.6274505262642449 0.009620461850553142 0.01449914764263518
5 0.6451986408233696 0.6353336468185748 0.015897735389503433 0.016352746071058633
5 0.5481696822192275 0.6758195597626908 0.017405688311602673 0.013300520678164318
5 0.5358196866834544 0.6849955066195378 0.020530688311602673 0.013446069892376044
5 0.5002094691508584 0.7054193225829725 0.018913641233702094 0.010248295285270359
5 0.5012225442319364 0.7186641852794196 0.023628414772652383 0.012029119106587771
5 0.4462253526739227 0.6586749092245716 0.01746023538950343 0.01642552067816432
5 0.39923730437820604 0.6991757847413004 0.018968188311602675 0.01337329528527036
5 0.35997025283607853 0.6892763999189467 0.018913641233702094 0.010248295285270359
5 0.3111060588424329 0.7118813000427812 0.017378414772652385 0.011738020678164318
5 0.2776077662287591 0.7189147040955571 0.018913641233702094 0.010248295285270359
5 0.3204595137931271 0.7997986770072518 0.012718188311602674 0.013082196856846907
5 0.3617703064068009 0.7924013999189468 0.017351141233702093 0.010175520678164319
5 0.3812373266993404 0.7430178300265705 0.017405688311602673 0.013300520678164318
5 0.3929424399298652 0.7416907704732767 0.014307961850553053 0.01471747146395277
5 0.3839862256436802 0.8109138054194649 0.017405688311602673 0.013300520678164673
5 0.3651953153352546 0.809443350704735 0.017405688311602673 0.013300520678164318
5 0.3647004374942332 0.825885988008288 0.017405688311602673 0.013300520678164673
5 0.3213049935005877 0.8482361770072518 0.017405688311602673 0.013300520678164673
5 0.2947288567311125 0.8486920953280516 0.015761367694751716 0.008540246071058633
5 0.3317885259679917 0.8665131420610639 0.009593188311602673 0.01293664764263518
5 0.3084873936627434 0.8754172611676518 0.012609094155801337 0.006832196856846906
5 0.2946567187438213 0.8893534826316045 0.020530688311602673 0.013446069892376044
5 0.35528057304589244 0.8685465229544761 0.011128414772652384 0.01144692224974122
5 0.3862442008869139 0.8506847808123588 0.014226141233702094 0.010029971463952592
5 0.3882237122509996 0.7849142315981472 0.012636367694751715 0.008394696856846906
5 0.45363052393939685 0.7693576980997012 0.017460235389503254 0.01642552067816432
5 0.45091462702365187 0.792940747313913 0.009620461850553142 0.01449914764263518
5 0.48746578165003457 0.8264231813504782 0.017351141233702093 0.010175520678164674
5 0.518661234572134 0.821842689208361 0.020530688311602673 0.013446069892376044
5 0.544292480107907 0.8120481581911143 0.017378414772652385 0.011738020678164318
5 0.5300566562446452 0.757979242351514 0.017432961850553142 0.014863020678164317
5 0.5771498445562478 0.7682960041383383 0.017405688311602673 0.013300520678164318
5 0.5473550247501757 0.8979128835840087 0.011182961850553142 0.01457192224974122
5 0.6575464565689567 0.8052094991759396 0.014280688311602674 0.013154971463952591
5 0.6377600620888437 0.74670779446121 0.02058523538950343 0.016571069892376045
5 0.6043105880634261 0.6669496739068801 0.017405688311602673 0.013300520678164496
5 0.604074808842433 0.698236061210433 0.017432961850553142 0.014863020678164496
5 0.4723396136309713 0.7661406528144308 0.017405688311602673 0.013300520678164318
5 0.47684983562779415 0.7557660789931132 0.014280688311602674 0.013154971463952591
5 0.46193394764050294 0.7971188250641719 0.012745461850553141 0.014644696856846906
5 0.8296202796214397 0.7190065177871896 0.02055796185055314 0.015008569892376044
5 0.8339765430141203 0.7446058312694248 0.01896818831160303 0.01337329528527036
5 0.7954322402541768 0.7761126964470713 0.020503414772652207 0.011883569892376222
5 0.8368794005626021 0.7765279193587661 0.017378414772652208 0.011738020678164318
5 0.850624300724758 0.8024718351983662 0.018913641233702094 0.010248295285270359
5 0.8265691919584601 0.8129748416085072 0.015897735389503252 0.01635274607105828
5 0.7923169228837367 0.821607132964836 0.017351141233702093 0.010175520678164319
5 0.7734521002382907 0.7263139036430004 0.02058523538950343 0.016571069892376222
5 0.7775629017804183 0.7378507171252358 0.017405688311602673 0.013300520678164318
5 0.7516140564068009 0.7742441354460353 0.014280688311602674 0.01315497146395277
5 0.7154856416341486 0.76498045140947 0.017432961850553142 0.014863020678164317
5 0.73863676947517 0.7474825823028821 0.012745461850553141 0.014644696856846906
5 0.7529759590045887 0.7178849735353765 0.014335235389503431 0.016279971463952592
5 0.7690412897677095 0.697589590160765 0.01746023538950343 0.016425520678164496
5 0.6851338940697805 0.6835142816409284 0.012772735389503432 0.016207196856846906
5 0.6990754374942332 0.8103122220876344 0.009620461850553142 0.014499147642634824
5 0.726160088874205 0.794194916463282 0.017378414772652385 0.011738020678164495
5 0.7433066785657795 0.7910506457851175 0.00964773538950343 0.01606164764263518
5 0.7063657861142614 0.8248284863556581 0.014280688311602674 0.013154971463952591
5 0.7074879553511406 0.8443233490521053 0.018913641233702094 0.010248295285270359
5 0.6575561391985166 0.8505583864794926 0.012745461850553141 0.014644696856846906
5 0.6898192142795945 0.8623477570338224 0.008030688311602674 0.012863873035529138
5 0.6767152422827717 0.8731225911942223 0.014280688311602674 0.013154971463952591
3 0.16979785145940202 0.23134839164677912 0.025245461850553052 0.015226893713693724
3 0.18160237621616834 0.19092244478993226 0.015979556006354433 0.021040246071058543
3 0.7311853648520826 0.2310035576957763 0.028425008928453722 0.01849744292790545
3 0.806830247157331 0.21966148925114223 0.015897735389503252 0.016352746071058633
3 0.9648939374975285 0.31629027854055647 0.012772735389503253 0.016207196856846906
3 0.8919376785690748 0.30248679777097887 0.022120461850553143 0.015081344499481997
3 0.8734032816500346 0.8084478533953312 0.025218188311602673 0.013664393713693813
3 0.5645640697994816 0.8087583382987382 0.028343188311602673 0.013809942927905184
3 0.5397862122509995 0.777855094708879 0.02058523538950343 0.016571069892376045
3 0.43973739366274345 0.8693041941707598 0.02058523538950343 0.016571069892376045
3 0.49358118830501213 0.9528037448327135 0.02368296185055314 0.01515411910658777
3 0.2690527467469986 0.9007105136488512 0.02368296185055314 0.015154119106588126
3 0.0681879017804183 0.770890388751295 0.015925008928453742 0.017915246071058634
3 0.15784646549741047 0.8456848734498141 0.023628414772652383 0.012029119106588127
3 0.512079034495999 0.08639534077993756 0.02058523538950343 0.016571069892376132
3 0.6344269618472578 0.46616626985410414 0.025190914772652385 0.012101893713693811
1 0.6984758250777826 0.46240126096276396 0.015788641233702095 0.010102746071058632
1 0.7424633786485051 0.5635613465709058 0.012663641233702094 0.009957196856846906