3 0.4880398749814095 0.1803322745099533 0.019195668973360825 0.011592264427970279
7 0.5074677183281574 0.5268154049098399 0.015879667984777513 0.006795637023308565
1 0.6344427593171781 0.7228768946582209 0.02582767095052709 0.021185519237293705
1 0.6745743052862957 0.5038168706116037 0.021140170950527094 0.021021828130301047
1 0.724269193650759 0.24151527805333234 0.021012836958138336 0.017896828130301135
1 0.3701309085188753 0.8148015329474738 0.019323002965749493 0.014717264427970278
1 0.28126861015266186 0.25776533766412996 0.021140170950527094 0.021021828130301134
1 0.9600355973010807 0.2949130634478768 0.024137836958138335 0.01800595553496285
2 0.8227876066926207 0.25523798295532296 0.02401050296574958 0.014880955534962848
1 0.3806784307619967 0.7091145281381503 0.009566000988583134 0.005014882213985139
1 0.3675855231573425 0.6666641333102935 0.009502333992388756 0.003452382213985139
1 0.4066453645641051 0.627073354454353 0.012818334980971891 0.008249009618646852
1 0.46219236901272936 0.604069874872773 0.011192167984777512 0.006631945916316084
1 0.5735874668452826 0.5315276975607784 0.006504667984777513 0.006468254809323426
1 0.6272218028148377 0.5171725316815294 0.009629667984777513 0.006577382213985139
1 0.549408526123092 0.6462722438399142 0.009629667984777513 0.006577382213985139
1 0.5462583042977125 0.5129785942027338 0.006504667984777513 0.006468254809323426
1 0.26082748167403025 0.47223706543161137 0.009757001977166358 0.00970238221398514
1 0.28952282604654234 0.4189657324919868 0.006504667984777601 0.006468254809323426
1 0.34842032357508435 0.4286110618034143 0.009629667984777513 0.006577382213985139
1 0.10137954441188075 0.5753224038135316 0.009757001977166358 0.00970238221398514
1 0.10364238137001906 0.5580803401112007 0.009757001977166358 0.00970238221398514
1 0.32402911311841137 0.24222961770119683 0.009629667984777601 0.006577382213985139
1 0.3317262079852151 0.18735114474303885 0.006441000988583134 0.004905754809323426
3 0.5978751314072002 0.1460713471979588 0.016070668973360826 0.011483137023308564