5 0.12151280553127235 0.8664960619828189 0.01567954215447771 0.009556813335454351
5 0.006469588512367888 0.7678414806651819 0.012545451795398089 0.007957950668363623
5 0.029066751178350374 0.777734101328773 0.01567045179539809 0.007994313335454351
4 0.46341201844496016 0.24068480327023017 0.018813632513557367 0.011155676002545346
4 0.45911085870584395 0.1743330972708665 0.017232951795397966 0.008012494668999892
5 0.1660102984991895 0.20039834731063738 0.018786361436318445 0.006468176002545345
2 0.2191620486955812 0.32945859130331956 0.02196590359079611 0.01587953866963616
2 0.26662285597536944 0.3624978106301835 0.012536361436318444 0.006395450668363533
4 0.4496842990883647 0.586133663271821 0.017223861436318443 0.0064499946689998925
4 0.49253539530117674 0.47158026726609403 0.015661361436318445 0.006431813335454351
2 0.6702376936039746 0.5421638452419133 0.017223861436318443 0.0064499946689998925
2 0.7136240792407899 0.6041547679026408 0.012563632513557365 0.011082950668363623
4 0.7695342325369985 0.3933621712285503 0.015661361436318445 0.006431813335454439
7 0.1806666543763631 0.5009886933084102 0.01255454215447771 0.009520450668363623
4 0.24474226903413543 0.6322654179662743 0.015670451795398145 0.007994313335454351
4 0.3962178897420319 0.7797114879455934 0.02194772287263689 0.012754538669636162