3 0.37222912483065784 0.10810011728200238 0.013892081637205766 0.026707950668363532
5 0.3852270918139711 0.12824898528009337 0.00887703301668683 0.02040340666772722
5 0.42906562302163553 0.15584672660727544 0.012002033016686831 0.020439769334818125
4 0.4315388478068649 0.18314502327341184 0.01512703301668683 0.020476132001908988
4 0.2506573400049488 0.17822280796468343 0.02293953301668683 0.020567038669636252
4 0.267183098711376 0.160853494629229 0.020223968792335522 0.028343176002545344
5 0.5665446116016748 0.24403597525464 0.014963258706427318 0.017351132001908985
5 0.3424000254419133 0.3942103399506841 0.013892081637205766 0.026707950668363532
5 0.3592456094539682 0.5197188699475024 0.012083920171816587 0.02200226933481808
5 0.41594266678091446 0.4956359326066392 0.018088258706427142 0.017387494668999894
5 0.45284180122251083 0.5662569679344576 0.008958920171816587 0.021965906667727176
5 0.4919009791962434 0.5509677752625942 0.013482645861557074 0.018895450668363623
5 0.5611799236783195 0.5251768872533673 0.012165807326946165 0.023564769334818082
5 0.6346893447546471 0.4782558865770496 0.01512703301668683 0.020476132001908988
3 0.5020372970386393 0.4618416405951852 0.021377033016686652 0.02054885733609062
3 0.3196364755781988 0.6497881779519568 0.018415807326946344 0.023637494668999892
5 0.24760766734674142 0.698253497294729 0.014963258706427318 0.017351132001909166
3 0.31468894674538356 0.7739887466184113 0.021213258706427318 0.0174238573360908
5 0.39691494855440584 0.7246239986075936 0.015127033016686742 0.020476132001908988
5 0.47045534712949627 0.632417769931594 0.017017081637205677 0.02674431333545435
3 0.3971761408887753 0.9729069572724572 0.01603443577564878 0.007994313335454705
4 0.4118561165785158 0.9758592346037757 0.012002033016686653 0.02043976933481808
3 0.4158420109697348 0.7806194599379574 0.02121325870642714 0.0174238573360908
3 0.33698999265236906 0.8400950046149115 0.017017081637205854 0.02674431333545435
3 0.5618140094993967 0.6024660932527309 0.018170145861557074 0.01894999466899989
5 0.5263401769576799 0.6536291512571853 0.016607645861557073 0.01893181333545435
5 0.5201654200602748 0.6224700579249125 0.018252033016686653 0.020512494668999893
3 0.7474316841937692 0.4574246712285503 0.018415807326946164 0.023637494668999892
3 0.6943509497976013 0.4720962459023227 0.021213258706427318 0.0174238573360908
5 0.7102525887617533 0.42194170456718644 0.012165807326946165 0.023564769334818082
5 0.6931945635469827 0.4494672679026408 0.015372694482076099 0.025163632001909166
3 0.5854406965182409 0.3453166645846856 0.01718085594746537 0.02986931333545444
3 0.8418080466999551 0.6827508405474599 0.01372830732694652 0.023582950668363623
4 0.7771280710102145 0.680380365889596 0.017017081637205677 0.02674431333545435
4 0.6636210917024294 0.7753939685710044 0.0184976944820761 0.025199994668999894
4 0.6476995205806733 0.736540553906777 0.01808825870642732 0.017387494668999894
4 0.5533276436023089 0.8984780272517764 0.015290807326946165 0.02360113200190881
4 0.6377911748099733 0.9256030539067769 0.020060194482076098 0.025218176002545077
4 0.37314882067153027 0.9099438806095026 0.016853307326946253 0.02361931333545435
4 0.3032391123946443 0.8732802219525931 0.01825203301668683 0.020512494668999893
3 0.1788510232942067 0.669384157304274 0.018579581637205765 0.02676249466899989
4 0.14625760854945707 0.5464011906429102 0.013973968792335523 0.028270450668363624
4 0.12585657734179262 0.5185307293125464 0.017924484396167763 0.014262494668999893
3 0.09435094979760131 0.47907787798377355 0.017098968792335523 0.028306813335454352
4 0.06934762777133394 0.46453411998727334 0.008631371551297517 0.015715906667727354
4 0.13546395070211245 0.4543955039783647 0.017098968792335523 0.028306813335454352
3 0.07613878109612282 0.6776062846515007 0.017017081637205767 0.026744313335454527
5 0.17010454432510586 0.5383159706397285 0.012165807326946254 0.023564769334818082
4 0.7583259978522934 0.26444683056177753 0.012165807326946165 0.023564769334818082
0 0.6023116932388806 0.2170734859166402 0.057881099050060315 0.061573846674090583
0 0.5325082055633524 0.10389278059359427 0.05327548620519007 0.06308180267345423
0 0.4187721749215149 0.2777671799411391 0.048014776119281774 0.052089758672817864
0 0.29473713138937857 0.3650955519573656 0.04669793758467104 0.056759077339272504
4 0.6166464309144087 0.33089962858054944 0.015127033016686654 0.020476132001908988
4 0.5765027877663852 0.27749336525304913 0.01825203301668683 0.020512494668999893
4 0.524694626300996 0.28278084926004887 0.015290807326946343 0.023601132001908987
2 0.4533065479431505 0.4382046932686393 0.024829581637205677 0.026835220003181705
2 0.5425980992772029 0.3583075605904126 0.018170145861557074 0.01894999466899989
1 0.3542858717784402 0.40578363928232053 0.013564533016686831 0.020457950668363624
0 0.9205736923343695 0.23757415320659675 0.041764776119281775 0.052017033338636144
0 0.8893369804394389 0.29727641721041476 0.041601001809022264 0.04889203333863605
0 0.8888622676399972 0.38082471387655115 0.041846663274411354 0.053579533338636146
0 0.9059601571699762 0.531315062539824 0.0416828889641522 0.05045453333863605
0 0.8095388585494572 0.5386832145528688 0.04513543758467122 0.05674089600572696
0 0.9194594131628697 0.5865929085375969 0.04126680913596843 0.0723113520050905
4 0.8560520104039078 0.5748383432129601 0.018088258706427496 0.017387494668999894
4 0.6169242333801149 0.6533558839115494 0.013892081637205678 0.026707950668363623
4 0.6293456682512526 0.6696075925764132 0.017017081637205677 0.026744313335454527
4 0.5855680127787571 0.7302365572485948 0.015454581637205856 0.026726132001908987
4 0.2705073360482199 0.49967054662636545 0.0247476944820761 0.025272720003181703
7 0.3131861589789984 0.48980465062063844 0.008958920171816587 0.021965906667727353
4 0.342860370873929 0.430120567950366 0.019486984396167806 0.014280676002545433
4 0.3463041169172001 0.7517592106142752 0.01381019448207601 0.02514545066836362
0 0.5188718357095357 0.7216433545910489 0.050314260515449585 0.0661704400063634
4 0.6114311499338869 0.728374065245095 0.015290807326946343 0.023601132001908987
0 0.6286419041177583 0.832016685908686 0.041355340343632994 0.044204533338636054
4 0.6756054353254228 0.8595780645687772 0.019978307326946342 0.02365567600254508
4 0.6748817390343245 0.9329792019016864 0.008795145861557075 0.018840906667727354
4 0.6731587867503324 0.950957042568459 0.014963258706427318 0.017351132001908808
4 0.7150154161035459 0.9418814872295048 0.014799484396167628 0.014226132001908809
4 0.7166564812324083 0.9254661465627322 0.014963258706427318 0.017351132001908808
4 0.5534194968362407 0.9414195052514582 0.010357645861557074 0.01885908800127254
2 0.4557732129150427 0.9870598165977305 0.016361984396167806 0.01424431333545435
0 0.39109763851392615 0.8207268392743663 0.050232373360319826 0.06460794000636341
4 0.4791265829960022 0.7947177752625942 0.014963258706427318 0.017351132001908808
4 0.4501627792871005 0.7216620832670485 0.01496325870642714 0.017351132001908985
4 0.3888501430364819 0.6997330866088662 0.008795145861556986 0.018840906667727177
2 0.5968120499793154 0.8136484939131403 0.018252033016686653 0.020512494668999893
4 0.5971860227283798 0.46385757924891297 0.013728307326946165 0.023582950668363623
0 0.724040692561512 0.6653826218969139 0.0496525192218769 0.08333975867281787
0 0.9426059068312919 0.7557514411999152 0.0369953889641522 0.05039998933799979
1 0.5352980178671398 0.8104604065881855 0.014881371551297562 0.01578863200190881
1 0.2752502312324084 0.9306023732893202 0.012002033016686831 0.02043976933481808
1 0.5739920256690558 0.8170371232495495 0.021458920171816588 0.022111357336090976
1 0.4304699977407518 0.9186461712683212 0.018825243102595125 0.03144999466899989
1 0.2683948801461831 0.6144688432925018 0.018006371551297563 0.015824994668999892
4 0.7849262036427886 0.7997479838876871 0.012165807326946165 0.023564769334818082
4 0.772675187134445 0.8100405938892778 0.011674484396167629 0.014189769334818081
0 0.7030952702419889 0.9607587565643229 0.03363137155129756 0.016006808004454243
0 0.43912130144965345 0.9919382205999575 0.020558161465389267 0.004923857336090976
2 0.16067755540638232 0.6734994926400466 0.02318519448207601 0.025254538669636162
3 0.8040855551792397 0.24049116255573239 0.018333920171816585 0.02207499466899989
3 0.6382591593176826 0.26115929324477677 0.013973968792335612 0.028270450668363624
3 0.1531162816619497 0.8773693799729557 0.008958920171816497 0.021965906667727353
3 0.6513689959317295 0.9644837405713226 0.008631371551297562 0.015715906667727354