5 0.3998216962362532 0.29454614727882067 0.01418067466803503 0.020476132001908988
5 0.4331745517206434 0.3355614986075936 0.01884999394987581 0.017405676002545344
5 0.44501147638867833 0.3151126386060028 0.017323855386194253 0.023637494668999892
3 0.2728541543763631 0.499915994629229 0.015797716822512697 0.02986931333545435
3 0.37606044672723254 0.6190194359484569 0.018895445745273954 0.025218176002545258
4 0.39001892847866404 0.5024586446133206 0.017323855386194253 0.023637494668999892
5 0.6509826577942086 0.763466680577686 0.011037493949875809 0.01731476933481808
5 0.6449417360530398 0.7276019059118677 0.012609084308955331 0.018895450668363623
4 0.6105410276183424 0.3295916672501856 0.012654536104353475 0.026707950668363532
3 0.7017013170423455 0.5050814685710044 0.018895445745273777 0.025218176002545434
3 0.4311190888069555 0.9574183172740482 0.014217036104353476 0.02672613200190881
4 0.35728667906783923 0.8918756806174567 0.02050339754067192 0.033048857336090975
5 0.5955013140172835 0.4977240492520947 0.01726931323171641 0.014262494668999893
5 0.6245711904807166 0.46926269458150394 0.01730567466803503 0.020512494668999893
5 0.633583096998379 0.39728769724700397 0.015743174668035032 0.02049431333545444
4 0.4432302868899205 0.4869967292727756 0.01885908430895533 0.018968176002545432
4 0.8154769498504905 0.6873388905554142 0.014217036104353653 0.026726132001908987
4 0.30833154948114816 0.8471358926241382 0.02050339754067192 0.033048857336090975
2 0.5210472564429077 0.27048084392904875 0.012618174668035031 0.020457950668363624
1 0.604868265419898 0.23044564258436742 0.009438632513557366 0.011046588001272718
1 0.22949958499632644 0.4324563219685015 0.011028403590796109 0.015752269334818082
2 0.652237127347196 0.5478416805776859 0.017323855386194253 0.023637494668999892
2 0.6347223744203296 0.6042916752466858 0.012609084308955331 0.018895450668363623
2 0.5954962479568965 0.6328712085853219 0.012618174668035031 0.020457950668363624
2 0.6073422629840112 0.6108598485837311 0.018886355386194254 0.023655676002545433
2 0.5582371424725064 0.5919013105904126 0.018922716822512696 0.029905676002545255
2 0.7319195612868089 0.6820615919000955 0.026726126463433177 0.02843408267027243
2 0.8365752450300302 0.6863121925525506 0.02519998789975162 0.03466590133672724
2 0.7699190101553408 0.7300536492282321 0.022020445745273953 0.025254538669636162
2 0.6781627813307756 0.7912735072406406 0.02518180718159222 0.031540901336727246
2 0.7207997332243694 0.8478047705681409 0.02836134933607006 0.040952264003817976
2 0.5531945975875543 0.7872592639242763 0.015734084308955332 0.01893181333545435
2 0.48671964901361 0.9341166299331849 0.023619307181592396 0.0315227200031817
2 0.30907241374613703 0.7197921426241383 0.025145445745273953 0.025290901336727244
2 0.31389626913233126 0.696300098623502 0.017360216822512698 0.02988749466899989
2 0.4494434045727548 0.627539913271821 0.032985216822512695 0.030069308004454242
2 0.48353712432213375 0.541211514600594 0.01416249394987581 0.017351132001908985
2 0.5025007477605048 0.5042745885980485 0.00947499394987581 0.01729658800127254
2 0.44493368745565454 0.46275979793923006 0.01572499394987581 0.01736931333545435
2 0.6200654976623089 0.4380672385821402 0.018886355386194254 0.023655676002545433
2 0.5742212116561513 0.530000747254958 0.015752265027114732 0.02205681333545435
2 0.5410263956939603 0.7303734645926397 0.01572499394987581 0.01736931333545435
2 0.798376329142594 0.5383292258911869 0.018895445745273954 0.025218176002545434