5 0.825 0.28259879829677564 0.01875 0.013045569279472247
5 0.815625 0.30029476365703955 0.01875 0.017733069279472248
5 0.7140625 0.40280834672656524 0.0171875 0.014562605172849529
5 0.70078125 0.4492969018202725 0.021875 0.010011497492717503
5 0.83359375 0.4140988508832004 0.01875 0.006795569279472247
5 0.63828125 0.29044708755536525 0.015625 0.011392141066226814
5 0.55625 0.3450914719576745 0.0203125 0.011528533386094875
5 0.5890625 0.39057746819675077 0.0234375 0.00849446159934022
5 0.56171875 0.19993809633085385 0.015625 0.011392141066226814
5 0.47265625 0.14812789225336104 0.01875 0.008358069279472158
5 0.43984375 0.36514189601428476 0.0203125 0.006841033386094786
5 0.38984375 0.21524954460235896 0.01875 0.011483069279472246
5 0.3703125 0.29436874326957546 0.01875 0.008358069279472247
5 0.18515625 0.28819999663478774 0.01875 0.008358069279472158
5 0.221875 0.30879965314042074 0.0203125 0.008403533386094874
5 0.08984375 0.2932391861308042 0.015625 0.014517141066226813
5 0.65390625 0.6768392286215921 0.015625 0.014517141066226813
5 0.63125 0.5511799990755633 0.01875 0.006795569279472247
5 0.65 0.6298505683550353 0.01875 0.008358069279472247
5 0.6390625 0.6123448196086766 0.0109375 0.012818248746358663
5 0.36484375 0.548897118896396 0.01875 0.009920569279472246
3 0.43203125 0.5985083254811714 0.025 0.013227425705962937
5 0.19765625 0.34403245948776917 0.009375 0.014335284639736124
5 0.18671875 0.3687142107414104 0.015625 0.012954641066226813
5 0.13984375 0.31656903754272997 0.009375 0.012772784639736124
3 0.6671875 0.7162881735278848 0.021875 0.01313649749271768
5 0.6515625 0.768958532461658 0.0171875 0.00987510517284953
5 0.359375 0.4213942445232167 0.015625 0.012954641066226813
7 0.31484375 0.5943172674844702 0.0203125 0.006841033386094786
7 0.271875 0.5555670045523465 0.01875 0.006795569279472247
2 0.4140625 0.46282923825501054 0.03125 0.021221782132453626
3 0.51953125 0.4455855654520414 0.0171875 0.01612510517284953
3 0.4375 0.4697611998543508 0.021875 0.01001149749271768