5 0.580494772320174 0.3739764948000757 0.022311411094166723 0.019896420171816587
5 0.5237531566288545 0.32219598880718187 0.01609777868534721 0.021131371551297563
5 0.5560201427611461 0.2970388585494571 0.01602504350298606 0.018006371551297563
5 0.5801876074262852 0.46159932553277033 0.017623911094166545 0.01965075870642714
5 0.4989908523922921 0.40093182044438763 0.011264808320624908 0.014635710085908294
5 0.43908786910979203 0.3477525887617533 0.01755117591180557 0.016525758706427317
5 0.459073060789167 0.3326255557450666 0.012827308320624908 0.01471759724103805
5 0.4882007823881601 0.5086591112629906 0.025400043502986237 0.0184976944820761
5 0.413055312023438 0.5063396947092187 0.019113675911805572 0.016607645861557073
5 0.48000707589114633 0.5262969906162042 0.023764808320624907 0.015290807326946165
5 0.5046076855985422 0.541433989711693 0.028488675911805574 0.017098968792335613
4 0.7641060529053822 0.33150131049476494 0.028597778685347207 0.021786468792335523
3 0.7576229296146184 0.48984607700310845 0.03019664627652787 0.02343085594746519
3 0.8009358653100698 0.43516854308191044 0.026962543502986235 0.01857958163720568
4 0.668924758736806 0.5437733384230692 0.020639808320624908 0.015127033016686654
4 0.6638729296146184 0.49475930631089343 0.020639808320624908 0.015127033016686654
4 0.6761722546527434 0.4518757654922906 0.022275043502986057 0.018333920171816585
5 0.48998475398715335 0.6861256919956851 0.023764808320624907 0.015290807326946165
5 0.4736681165443408 0.6236223699694179 0.023801175911805573 0.016853307326946166
5 0.5259949891695145 0.6873672874277009 0.016025043502986235 0.018006371551297563
5 0.5775029377827436 0.6823212613084191 0.023692073138263936 0.012165807326946165
4 0.33346069063253525 0.6153262703535306 0.026889808320624996 0.015454581637205856
5 0.3500299415824658 0.5878630116471033 0.026962543502986148 0.01857958163720568
5 0.40315363516170183 0.517809461217562 0.025436411094166722 0.020060194482076098
5 0.3288582307170489 0.316765939620836 0.012827308320624998 0.01471759724103805
5 0.2808740191860419 0.2715663042747286 0.012863675911805572 0.01628009724103805
5 0.3111479731176046 0.5304533033702175 0.022275043502986057 0.018333920171816585
5 0.35371733282500045 0.544648600181714 0.01755117591180557 0.01652575870642714
4 0.5020295058870144 0.6323046511770822 0.025254573138263937 0.0122476944820761
5 0.4025879778672573 0.3926866304848674 0.022275043502986237 0.018333920171816585
3 0.2110557477188893 0.4645184441433917 0.026889808320624996 0.015454581637205677
5 0.3160004336986811 0.604508279059958 0.017514808320625 0.01496325870642714
5 0.36067062195958355 0.2720775593631112 0.017623911094166722 0.019650758706427317
4 0.6818241490294101 0.5266710476044663 0.020676175911805574 0.016689533016686832
7 0.45783852232017397 0.38040463647776124 0.020567073138263937 0.012002033016686741
4 0.582788543406077 0.6069527691103351 0.0190409407294446 0.013482645861557074
4 0.44229213639597287 0.6870607502271426 0.019150043502986235 0.018170145861557074
4 0.3977972539871534 0.6909570341483405 0.019186411094166723 0.019732645861557076
3 0.06327417078090325 0.5676921110358479 0.01609777868534725 0.021131371551297563