3 0.45698906606458356 0.15243082527054835 0.02091270072563951 0.0174238573360908
3 0.6320634771345093 0.10353769724700397 0.013209328130301045 0.02045795066836358
3 0.588544111710747 0.25398313991886734 0.010248019237293704 0.025109088001272716
5 0.6216567120735668 0.24500758191441302 0.016334328130301046 0.02049431333545444
3 0.5355778244172861 0.38423426125877613 0.014880955534962936 0.023601132001908987
7 0.6456522288637897 0.3852962272438223 0.008521828130301046 0.020403406667727175
7 0.3561085792266095 0.38007511461650234 0.00857639183263199 0.021965906667727176
7 0.40414428594269863 0.4357433119430481 0.008249009618646852 0.012590906667727175
7 0.3089681951985258 0.4329461232893202 0.006795637023308565 0.01569772533418181
7 0.2944543166127377 0.35658361795832005 0.008467264427970278 0.018840906667727177
3 0.31029259302160755 0.48447226062222926 0.016334328130301133 0.020494313335454352
7 0.49826876425833433 0.6251956159293669 0.010084328130301046 0.020421588001272716
3 0.3353793838584477 0.5935109059516386 0.01800595553496285 0.023637494668999892
7 0.34627967832348483 0.6168120459500478 0.009920637023308565 0.01573408800127272
5 0.45698899983036406 0.6444183306015484 0.01655258293962447 0.02674431333545435
3 0.6226040761465665 0.6651382685789586 0.013427582939624472 0.026707950668363623
5 0.6109101187975052 0.7316536065802313 0.010138891832631992 0.02198408800127254
5 0.22954106770904606 0.761862011298547 0.011592264427970279 0.01887726933481808
3 0.42376478286265573 0.7236791166056846 0.015044646641955418 0.028288632001909165
7 0.48239819448073556 0.8784024319303214 0.014662700725639511 0.017351132001908808
7 0.4453471169834066 0.7765313966025029 0.009920637023308565 0.01573408800127272
5 0.4410837137180293 0.8538933279360483 0.011755955534962937 0.023564769334818082
3 0.3080703170760739 0.8835546506206384 0.020912700725639423 0.017423857336090975
7 0.21788182669472073 0.8721091679662741 0.009866073320977619 0.01417158800127254
7 0.22821912596908134 0.889169398631456 0.011428573320977709 0.014189769334818437
5 0.5436903585458861 0.867537109922049 0.01153770072563951 0.01731476933481808
5 0.7433506296820964 0.47240478123014107 0.011646828130301046 0.02043976933481808
5 0.390647270333602 0.37498762527850255 0.013154764427970278 0.018895450668363623
5 0.30096966752371157 0.5501790766231839 0.017624009618646852 0.012699994668999893
7 0.18186002505810744 0.6960375639720013 0.011537700725639422 0.01731476933481808
3 0.3375569535512283 0.6653313619510023 0.010248019237293704 0.025109088001272716
3 0.32999742469528776 0.702904087285184 0.01499008293962456 0.026726132001909163
5 0.2904339276905126 0.7400682799570475 0.014553573320977708 0.014226132001908986
5 0.6352058021847675 0.3713609965786404 0.011646828130301046 0.02043976933481808
2 0.38621523067788827 0.34536375994591156 0.013209328130301134 0.020457950668363534
7 0.24593742714235844 0.5383245139640471 0.014444445916315996 0.011101132001908987
4 0.334399726416719 0.5544756779519567 0.009975200725639422 0.017296588001272716
4 0.6819815653467934 0.5972871499045499 0.02080357332097762 0.014298857336090797
4 0.2557563381274661 0.816222247294729 0.017896828130301135 0.020512494668999893
4 0.29451130328107583 0.7798483952896383 0.012827382213985139 0.009520450668363623
2 0.3405257631620259 0.2225080626193658 0.019895837748947987 0.03303067600254535
3 0.24093250172928055 0.2791131459659561 0.01767857332097771 0.014262494668999893
3 0.4524503550873251 0.3047654846037756 0.017569445916315908 0.011137494668999891
2 0.4289310095338289 0.3073819546069573 0.014717264427970278 0.018913632001908987
2 0.48206593321762625 0.28411662993318487 0.02291171034428636 0.02994203866963625
3 0.4971353725105203 0.3222069759309577 0.01767857332097762 0.014262494668999893
4 0.42707089837123596 0.24883365794082088 0.008358137023308565 0.015715906667727174
2 0.4192385178865313 0.5402126359405027 0.017733137023308566 0.015824994668999892
3 0.4314061241549828 0.9297563939370029 0.010248019237293704 0.02510908800127254
3 0.1664086729660072 0.4228909653087284 0.01466270072563942 0.017351132001909166
3 0.17521321017465025 0.618021651973274 0.013100200725639421 0.01733295066836362
7 0.26289173713167424 0.9473358872931381 0.011537700725639422 0.01731476933481808
7 0.2640375748806222 0.9145233872931382 0.008249009618646852 0.012590906667727353
7 0.37717249194099767 0.9397586499443207 0.014553573320977708 0.014226132001908809
3 0.21203113077840477 0.8831103026336834 0.017569445916315995 0.011137494668999891