5 0.8525992434613962 0.23651934946638992 0.022256945916316086 0.011956344499481996
3 0.7651463726801563 0.28676125207142383 0.028506945916316084 0.012247442927905361
5 0.8323785126986898 0.262501806662319 0.02080357332097762 0.015008569892376134
5 0.8733309280297845 0.516478677216649 0.014608137023308387 0.01627997146395277
5 0.9440204286627569 0.6360420064146499 0.019131945916316083 0.011810795285270358
5 0.9465650753047121 0.664094231807544 0.019077382213985316 0.010248295285270359
5 0.8449083168671917 0.5764915320552131 0.017624009618646852 0.013300520678164318
3 0.8931697459932849 0.7260527303598021 0.025600200725639156 0.018351893713693813
3 0.7291072459932848 0.7336940641059171 0.02856150961864685 0.01380994292790554
3 0.785979750169636 0.6144496044287886 0.014771828130301045 0.02096747146395277
3 0.5624876533501955 0.37679986290584405 0.02705357332097762 0.015299668320799587
3 0.5765600770339928 0.39883752874544426 0.01795139183263199 0.022675520678164408
5 0.5078745644201211 0.42629474876165485 0.023710318511654192 0.008904119106587772
5 0.4941220884667382 0.45823610752916066 0.022256945916316086 0.011956344499482085
5 0.5106746714063627 0.484070861458102 0.011483137023308564 0.016134422249741043
5 0.47728925253188875 0.46919287820732497 0.019131945916316083 0.011810795285270358
3 0.48844251814098527 0.4076367940469252 0.021021828130301047 0.021258569892376223
5 0.5216345079741844 0.5962433757261257 0.022147818511654194 0.008831344499482086
5 0.38749014255042213 0.4522472808123588 0.017733137023308566 0.01642552067816432
5 0.3503175247644073 0.4633688713828995 0.022256945916315996 0.011956344499482085
5 0.40285224772256534 0.4663996720448532 0.01767857332097762 0.014863020678164317
5 0.3728348763083534 0.39111072766920574 0.025381945916315995 0.012101893713693723
3 0.41115582104354303 0.4800982990093239 0.02856150961864685 0.01380994292790554
3 0.3598810085223385 0.4011043118296055 0.025381945916315995 0.012101893713693811
5 0.6431573331092606 0.6477073682825276 0.02220238221398514 0.010393844499482085
5 0.6591171498068162 0.6117505976043631 0.02220238221398514 0.010393844499482085
5 0.7566642392850449 0.3575831743211648 0.019131945916316083 0.01181079528527027
5 0.675637439377712 0.2557167673729047 0.01907738221398514 0.01024829528527027
5 0.4304911196849314 0.3391265425991832 0.01455357332097762 0.01471747146395277
5 0.42931551088459124 0.2382361306885244 0.011483137023308564 0.016134422249741043
5 0.3564633426430894 0.34805208643671137 0.022256945916315905 0.011956344499481996
5 0.3959053324762884 0.5363675696874883 0.023819445916315907 0.012029119106587771
3 0.3939434952754946 0.3009202212590649 0.024146828130301133 0.02140411910658786
5 0.5692337050716267 0.5251645882987381 0.01455357332097762 0.01471747146395277
5 0.7505357795737307 0.45098857196379993 0.02080357332097762 0.015008569892376044
3 0.7095089531727101 0.15006392680236416 0.020858137023308566 0.016571069892376132
3 0.7259970487262064 0.15164354342775266 0.011592264427970279 0.019259422249740997
5 0.7879217068857253 0.558017667911024 0.02080357332097762 0.015008569892376044
5 0.2887971822061359 0.427108193756475 0.019131945916315996 0.011810795285270358
5 0.348621104708807 0.5268320579006641 0.01767857332097771 0.014863020678164496
5 0.37398320325752815 0.4912198895798645 0.019131945916315996 0.011810795285270358
3 0.5796677519837345 0.6670973771738676 0.021021828130301047 0.021258569892376046
3 0.6732590392771955 0.7926367245688338 0.02705357332097762 0.015299668320799497
5 0.5985615294889127 0.13253828660332712 0.017514882213985138 0.010175520678164407
3 0.8145585848385413 0.3572342638582481 0.023819445916316084 0.012029119106587948
3 0.7345784189592919 0.30774799421354093 0.025272818511654194 0.008976893713693724
3 0.716470770503238 0.23738199028459955 0.014771828130301045 0.02096747146395277
3 0.635935043916883 0.14957808333633946 0.02392857332097762 0.01515411910658786
3 0.37088296279135696 0.17835601654433525 0.02074900961864685 0.013446069892376133
3 0.40674854092165813 0.19703108788445342 0.02845238221398514 0.010684942927905405
3 0.8740030837422328 0.7598113002521781 0.025327382213985318 0.010539393713693812
3 0.8681970278444503 0.7279983740734958 0.02392857332097762 0.01515411910658777
3 0.8176613145049391 0.7373947988044363 0.014662700725639511 0.01784247146395259
3 0.753861709332796 0.7254984203922235 0.025381945916316085 0.012101893713693811
3 0.7084226906436564 0.49990126096276394 0.014880955534962936 0.02409247146395277
3 0.6562426317506489 0.5070267103008101 0.02392857332097762 0.01515411910658777
3 0.6895313361044855 0.6087689927657989 0.011592264427970279 0.019259422249741042
3 0.8570090127835076 0.5868832225019192 0.023764882213985317 0.010466619106587772
3 0.8673735939090339 0.5699675502521782 0.017787700725639156 0.017988020678164317
3 0.8849256154237622 0.10902789619940227 0.02058531851165455 0.008758569892376134
3 0.4223364016209148 0.6658174751880063 0.01778770072563951 0.017988020678164317
3 0.5027877934535467 0.6839809702256077 0.02392857332097762 0.01515411910658777
3 0.5008830422724205 0.7638867940469252 0.022256945916316086 0.011956344499482085