5 0.42980699745418 0.7969620752705484 0.014953837946721471 0.022038632001908986
3 0.5092995433861166 0.9732967612587762 0.007268671939110405 0.02507272533418181
4 0.42169872570535016 0.900132528604412 0.013264003954332715 0.018895450668363623
4 0.31487170003936865 0.628067719287093 0.006886669961943958 0.01569772533418181
7 0.35764944905078544 0.6322552326145934 0.007014003954332715 0.018822725334181813
2 0.4914367890118544 0.20433822326545767 0.013391337946721472 0.022020450668363535
2 0.475741579963694 0.8003319759309576 0.008321835969555024 0.012590906667727353
1 0.34642415308166785 0.8502512546149115 0.009820668973360735 0.011046588001272539
1 0.5524286857420936 0.2981149479233217 0.006632001977166268 0.009447725334181811
1 0.7345594589366172 0.5810167125636866 0.008321835969555203 0.012590906667727353
2 0.6344520295831332 0.6423092959102769 0.009820668973360824 0.011046588001272718
7 0.4947329549822845 0.6025484565961395 0.006886669961943781 0.01569772533418181