3 0.1731964307367695 0.5173789184215191 0.011173857336090798 0.020376132513557365
7 0.5330981420671332 0.49759924618937096 0.0064499946689998925 0.017223861436318443
1 0.7440527287157706 0.366023035024199 0.02374658267027243 0.026698855386194254
1 0.5193703547103616 0.32487481849627386 0.020567038669636162 0.02199317466803503
1 0.25161014270368015 0.2741016170936592 0.018986357336090796 0.02042158430895542
1 0.8230066214194505 0.6391201674395605 0.014298857336090976 0.02039431323171641
1 0.24052193276572273 0.7310374183233233 0.020548857336090798 0.020430674668035033
1 0.3198676046705907 0.03076522843178182 0.017460220003181703 0.02353749394987579
2 0.27151301535645345 0.17188058694123404 0.014335220003181704 0.023519313231716587
1 0.7143037834181779 0.6291133874835271 0.006377269334818081 0.010973861436318445
1 0.6699270747533141 0.6421355622497579 0.006359088001272539 0.009411361436318443
1 0.6319543600811326 0.601292393631847 0.007957950668363623 0.012545451795397965
1 0.6109782414067239 0.544142968963812 0.007957950668363623 0.012545451795397965
1 0.5416731633911337 0.42890378834384874 0.006322725334181811 0.006286361436318444
1 0.5308805667170431 0.3741572010098312 0.007921588001272717 0.009420451795398143
1 0.6599237240610881 0.45380886045435986 0.007921588001272717 0.009420451795398143
1 0.5209157680617245 0.45768731849627386 0.006322725334181811 0.006286361436318444
1 0.46185204010181347 0.7526362041330892 0.011064769334818082 0.011001132513557365
1 0.40838159476445013 0.7226396319243822 0.006322725334181811 0.006286361436318444
1 0.4225162727561777 0.6617884903356386 0.007921588001272717 0.009420451795397966
1 0.5582832394573124 0.916467420857406 0.011064769334818082 0.011001132513557365
1 0.5410593767902216 0.9132424269075303 0.011064769334818082 0.011001132513557365
1 0.22828501475967755 0.6864379906302261 0.007921588001272717 0.009420451795397966
1 0.17116285809195034 0.67829369252382 0.006322725334181811 0.006286361436318444
3 0.14453453405472477 0.40393858713762576 0.012718176002545345 0.018822722872636886