7 0.7702935401813371 0.38581337338767296 0.020503414772652384 0.011410278685347209
7 0.5481594415613088 0.405821321335312 0.017351141233702093 0.009775043502986058
7 0.4235861355549545 0.42902504483416626 0.015843188311602675 0.012863675911805572
7 0.3720315438347851 0.5192513077519442 0.015815914772652383 0.011301175911805572
4 0.39084004505260106 0.5602029628621872 0.012663641233702094 0.009665940729444423
4 0.40912639489044533 0.5863290517680204 0.01587046185055314 0.014426175911805571
7 0.38021578531007316 0.22933482256958299 0.015788641233702095 0.009738675911805572
5 0.2938828189952932 0.25399129008451365 0.015788641233702095 0.009738675911805572
7 0.2843265868522007 0.21985267942718725 0.015761367694751716 0.008176175911805573
7 0.1839900271956936 0.5993784848980207 0.015815914772652383 0.011301175911805572
7 0.0656020860414218 0.3577020908056944 0.015815914772652383 0.011301175911805572
7 0.07798944318616197 0.6323020473027082 0.00953864123370205 0.009593205547083272
4 0.5405475389635211 0.3497713430868051 0.012609094155801337 0.006540940729444422
1 0.5799958226487412 0.37150021951170087 0.012609094155801337 0.006540940729444422
1 0.34527417492221735 0.4862939905976038 0.011046594155801337 0.006504573138263936