3 0.23046875 0.1703125 0.00859375 0.025
3 0.31328125 0.17734375 0.01484375 0.0140625
3 0.38828125 0.2015625 0.01171875 0.02421875
3 0.44140625 0.2125 0.01640625 0.021875
3 0.3796875 0.2640625 0.01953125 0.0140625
3 0.278125 0.2875 0.00859375 0.02578125
3 0.471875 0.271875 0.01171875 0.025
3 0.32890625 0.35546875 0.015625 0.0171875
3 0.421875 0.3625 0.015625 0.0234375
3 0.52578125 0.375 0.0078125 0.0234375
3 0.5578125 0.3890625 0.00859375 0.0265625
3 0.53515625 0.40703125 0.015625 0.015625
3 0.3390625 0.44296875 0.01796875 0.0125
3 0.34453125 0.5046875 0.01015625 0.0234375
3 0.58359375 0.49453125 0.01328125 0.02421875
5 0.64609375 0.5015625 0.00625 0.0234375
3 0.275 0.58046875 0.01484375 0.02109375
3 0.3 0.5953125 0.01953125 0.0125
3 0.1609375 0.46171875 0.01171875 0.0203125
3 0.18125 0.53125 0.01796875 0.01796875
3 0.20234375 0.57421875 0.00859375 0.02421875
4 0.590625 0.40703125 0.00546875 0.0140625
4 0.45390625 0.4734375 0.015625 0.01015625
4 0.375 0.44921875 0.00859375 0.00703125
4 0.31015625 0.43515625 0.00390625 0.01484375
2 0.259375 0.396875 0.01015625 0.009375
4 0.5078125 0.2234375 0.02109375 0.0140625
4 0.5671875 0.1078125 0.00625 0.01640625
4 0.31484375 0.7109375 0.01484375 0.01796875
3 0.596875 0.11953125 0.0109375 0.015625
3 0.4484375 0.3953125 0.00859375 0.021875
3 0.228125 0.40703125 0.009375 0.021875
3 0.50703125 0.421875 0.0109375 0.01796875
3 0.26640625 0.54765625 0.0125 0.01953125
3 0.35 0.546875 0.01484375 0.02421875
3 0.19921875 0.51328125 0.015625 0.025
3 0.0921875 0.40078125 0.00703125 0.02578125
7 0.52109375 0.21015625 0.00625 0.01171875
3 0.5234375 0.5328125 0.0140625 0.01796875
3 0.2859375 0.65078125 0.0109375 0.01875
3 0.4578125 0.6984375 0.01328125 0.02109375
3 0.43671875 0.64296875 0.01953125 0.0125
3 0.30078125 0.6109375 0.0125 0.01953125
3 0.1609375 0.31796875 0.01484375 0.015625
3 0.21953125 0.31015625 0.00703125 0.02109375
3 0.26015625 0.3734375 0.01484375 0.01484375
2 0.6390625 0.23359375 0.0140625 0.01171875
3 0.39296875 0.4578125 0.01484375 0.0078125
7 0.22578125 0.259375 0.01171875 0.01328125
3 0.325 0.4328125 0.0109375 0.021875
3 0.51171875 0.4703125 0.0078125 0.025
3 0.54296875 0.46171875 0.01328125 0.01875
3 0.475 0.5375 0.01875 0.0109375
3 0.26328125 0.69140625 0.00625 0.02578125
3 0.1640625 0.56875 0.01015625 0.0203125
3 0.140625 0.54765625 0.00859375 0.0234375
3 0.375 0.73515625 0.01171875 0.01875
3 0.17578125 0.59296875 0.00703125 0.01796875
3 0.2703125 0.475 0.01171875 0.02421875
3 0.2546875 0.56640625 0.0078125 0.021875