3 0.6410656083577301 0.8065058928502686 0.030488020678164317 0.018397172927693363
3 0.8098457650965931 0.3421780904925415 0.027363020678164318 0.018269838935304695
4 0.35368350227631157 0.37212032809807083 0.02238442224974104 0.01182883794672147
3 0.2054342851555851 0.5468908819386727 0.02260274607105863 0.01651633794672147
1 0.5579727801931863 0.641094457070994 0.030924668320799497 0.02777217292769336
1 0.01928503928941426 0.15733233893530466 0.029143844499482003 0.023021005931499073
2 0.19681049421354097 0.7320471319386728 0.03234161910658786 0.024710839923887916
1 0.658462815967944 0.9371483977931845 0.024165246071058633 0.01658000494291585
1 0.2975490105484792 0.5522097347141418 0.011374147642635179 0.009820668973360824
1 0.32700957051605795 0.6927365756266128 0.012863873035529317 0.008321835969555024
2 0.10466595947224067 0.34083985870696815 0.024601893713693722 0.02595500494291585
5 0.17758326695861998 0.5230567925090766 0.016061647642635134 0.01001166996194378
5 0.60920779446121 0.6502267179454089 0.011374147642635179 0.009820668973360824
5 0.7931183757261256 0.5332660055115696 0.01293664764263518 0.009884335969555024
5 0.8062005725829724 0.5212753414811246 0.01449914764263518 0.00994800296574958
5 0.7825832901179839 0.49056916954201435 0.01606164764263518 0.01001166996194378
5 0.8432853496712778 0.48130159889549856 0.016352746071058633 0.01626166996194378
5 0.8148370562480343 0.705569428439263 0.01606164764263518 0.01001166996194378
5 0.7508238678682428 0.5002333296181266 0.01293664764263518 0.009884335969555024
5 0.4172987001666158 0.2666953404553605 0.01293664764263518 0.009884335969555114
5 0.39685345947224065 0.3527455869953194 0.01449914764263518 0.00994800296574958
5 0.5993127177444083 0.5433718814815622 0.015988873035529316 0.008449169961943958
5 0.6719967388368575 0.680180814789379 0.01606164764263518 0.01001166996194396
5 0.5032253141059171 0.7241815296946763 0.01918664764263518 0.010139003954332714
5 0.6785891871414463 0.7234997332684481 0.016134422249740866 0.01157416996194378
5 0.9731933275453712 0.4482410425834386 0.016207196856846906 0.013136669961943782
5 0.2754793813076969 0.18577430980928206 0.015988873035529316 0.008449169961943915
5 0.5455777497951122 0.4198587856261753 0.015988873035529316 0.008449169961943781
5 0.5804558256833443 0.2255967910633828 0.014353598428423453 0.006823002965749581
5 0.4903421703922234 0.7487040272232184 0.019113873035529316 0.008576503954332538
5 0.1815365587292336 0.6398450444862428 0.01606164764263518 0.01001166996194378
5 0.8280112983901514 0.6747969309107209 0.013009422249740865 0.011446835969555025
5 0.17406446877786558 0.43055095752810457 0.022311647642635178 0.01026633794672147
5 0.8501004299027362 0.45261818338217885 0.01293664764263518 0.009884335969555203
5 0.830365818654031 0.5066053464240406 0.012863873035529138 0.008321835969555024
5 0.7587199127392283 0.33070207961812664 0.015916098428423453 0.006886669961943958
5 0.3197152247737216 0.261153653193211 0.01606164764263518 0.01001166996194396
5 0.7247430190255345 0.35436507269804435 0.01762414764263518 0.010075336958138337
5 0.2998926447516602 0.8380026546760856 0.01606164764263518 0.010011669961944136
5 0.5794732526905964 0.5323879605310351 0.01911387303552914 0.008576503954332714
5 0.26064628577475757 0.3025798078321157 0.015988873035529316 0.008449169961943958
5 0.3674419795312326 0.5808878330409867 0.017478598428423454 0.006950336958138337