5 0.6878519707757115 0.4769200310961228 0.020476141233702096 0.010439533016686653
5 0.6884695795420095 0.46750408751855793 0.01746023538950343 0.016525758706427317
5 0.6561559115229463 0.40820433062115297 0.01905000892845372 0.018170145861557074
5 0.6082951099808186 0.3989831388526104 0.020476141233702096 0.010439533016686741
5 0.5770957029188041 0.44831807553277037 0.020530688311602673 0.013564533016686652
5 0.5653866355483639 0.4942856727738084 0.023628414772652383 0.012165807326946165
5 0.6211303007280533 0.3279336544564426 0.022065914772652385 0.012083920171816587
5 0.523283135955401 0.3221141016520521 0.023628414772652383 0.012165807326946342
5 0.504486497157331 0.23082736035847945 0.014307961850553141 0.014799484396167805
5 0.5305497597359373 0.6040225209193575 0.020476141233702096 0.01043953301668683
4 0.6175957922033415 0.6182277838096563 0.017378414772652385 0.011838258706427318
3 0.3892081448838547 0.3463438969932108 0.019104556006354478 0.021295145861557074
5 0.32962859334172717 0.33773685888814137 0.014307961850553053 0.014799484396167805
5 0.35558889569463364 0.4810398015611951 0.020503414772652384 0.012002033016686831
3 0.2774832609537533 0.5758410464728124 0.026835235389503432 0.017017081637205677
5 0.26112760389173867 0.6243980551792397 0.017405688311602673 0.013400758706427318
3 0.30447422929712814 0.6885933519907363 0.023655688311602675 0.013728307326946344
5 0.34288611850223527 0.6044739795349278 0.017432961850553052 0.01496325870642714
5 0.38376489407307585 0.21369517130347032 0.012800008928453722 0.01784259724103805
5 0.19589056736714486 0.4260700978068649 0.012800008928453722 0.01784259724103805
5 0.2224842950460105 0.38166832259209427 0.01746023538950343 0.016525758706427317
3 0.24174280965650713 0.3650197331529723 0.023628414772652383 0.012165807326946342
5 0.7008486229664621 0.5943155710102145 0.011182961850553142 0.014635710085908115
5 0.36399527962143974 0.7386475836733707 0.017432961850553052 0.014963258706427318
5 0.4119361274306891 0.6180584447092187 0.011210235389503432 0.016198210085908115
5 0.3691996079522238 0.3200237364323327 0.018995461850553053 0.015045145861557075
5 0.11305079382819452 0.42884761702874175 0.020530688311602718 0.013564533016686652
7 0.44842878083925564 0.6927784837187992 0.020530688311602673 0.013564533016686652
6 0.5974975263750288 0.676364510403908 0.03656479139585791 0.03782090456798422
2 0.6867746659871731 0.4152012810961228 0.023928423701106104 0.029353307326946167
2 0.6794064508902091 0.3514663297166418 0.020503414772652384 0.012002033016686741
2 0.6128053319776414 0.3885812273872212 0.018940914772652383 0.011920145861557074
2 0.599751952918804 0.447130711783389 0.014253414772652384 0.011674484396167629
2 0.5435155896882792 0.45085989936806004 0.023873876623205347 0.026228307326946164
2 0.6846781521874554 0.563884442561512 0.022365923701106283 0.029271420171816588
2 0.6948462646072013 0.429635595320474 0.014253414772652384 0.011674484396167629
2 0.48039443222252276 0.1945556676854257 0.030151150162155815 0.028118355947465278
6 0.4601791639585782 0.3355867814348071 0.04001707386326192 0.056734678878243724
2 0.5649797122542949 0.29177814846354877 0.015815914772652383 0.011756371551297561
2 0.5588563973194868 0.2545647535065029 0.017405688311602673 0.013400758706427318
2 0.5070581180984935 0.2885579732033497 0.015843188311602675 0.013318871551297563
2 0.4101967548679687 0.2944162268213943 0.020476141233702096 0.01043953301668683
2 0.4280036379839959 0.4185973552700967 0.017487508928453722 0.01808825870642732
2 0.40923604707460537 0.4633709447092187 0.019077282467404012 0.019732645861557076
2 0.2554956180984935 0.3017418051792397 0.025436376623205526 0.0263101944820761
2 0.3173155539744642 0.3939016497067443 0.015788641233702095 0.010193871551297562
2 0.340248493503883 0.36376709237979793 0.014335235389503431 0.016361984396167806
2 0.36127583400623636 0.49325319651824096 0.017487508928453722 0.01808825870642732
2 0.3117355300284768 0.567008279059958 0.014253414772652384 0.011674484396167629
5 0.710560993503883 0.3443598366140468 0.014307961850553141 0.014799484396167805
5 0.6415303498345489 0.42148225859488564 0.014307961850553141 0.014799484396167805
5 0.5769593352240523 0.44050557553277037 0.014253414772652384 0.011674484396167629
5 0.6407684650936687 0.5122300893275803 0.014307961850553141 0.014799484396167628
5 0.734908202918804 0.4400474728646654 0.011182961850553142 0.014635710085908294
5 0.4907002812462927 0.5161850062200364 0.011182961850553142 0.014635710085908294
5 0.4668461753226639 0.2695523456591583 0.015843188311602675 0.013318871551297563
5 0.45814333116686257 0.26375272501237196 0.011182961850553142 0.014635710085908294
5 0.4896427471573309 0.23160528833221203 0.012745461850553141 0.01471759724103805
2 0.3685041327089901 0.28017998643233266 0.023655688311602675 0.013728307326946344
7 0.2824865864418683 0.41449411069716363 0.008003414772652383 0.011346935775648603
2 0.5065513778377262 0.4387217475136092 0.02853410308425506 0.024911468792335613
5 0.5614592459395149 0.2692856727738083 0.011182961850553142 0.014635710085908294
5 0.6086478916374439 0.2847978081199158 0.020476141233702096 0.01043953301668683