3 0.04753394873372349 0.48785906918364486 0.020948997492717537 0.021993174668034854
3 0.18363160695521613 0.7785436773985095 0.022329641066226813 0.015752265027114732
3 0.3431537079714305 0.8818328247427898 0.026971676959604098 0.014217036104353653
3 0.29388113367739344 0.856541933252242 0.01929556927947216 0.01885908430895533
3 0.272009796846944 0.7220169423274283 0.026971676959604098 0.014217036104353476
5 0.2760236954350182 0.7720487585842071 0.0193864974927175 0.02198408430895533
3 0.2516996453558759 0.8023811531980127 0.023755748746358753 0.011073855386194254
3 0.2844107892585896 0.1884050116092691 0.02081260517284953 0.01730567466803503
3 0.3569209720906885 0.38182827956325 0.025409176959604096 0.014207945745273865
3 0.41476324967079564 0.6228305294650541 0.026971676959604098 0.014217036104353476
3 0.3537622505287254 0.7857845265381879 0.023983069279472156 0.018886355386194254
3 0.4127531541313646 0.8798935957218326 0.026926212852981378 0.012654536104353298
3 0.45088730311515024 0.7777543788011242 0.028534176959604095 0.014226126463433176
3 0.3894557096207832 0.7406720144379395 0.026926212852981378 0.012654536104353475
3 0.3813537046062182 0.6968674722834617 0.017642141066226812 0.01572499394987581
3 0.4556132216949771 0.5347719932625047 0.022511497492717504 0.02200226502711473
3 0.6464942859598843 0.4733719267111384 0.026971676959604098 0.014217036104353653
3 0.7202356628403461 0.49020996876742035 0.023892141066226814 0.015761355386194255
3 0.7479815442731546 0.2348593934354554 0.023892141066226814 0.015761355386194255
3 0.9017417271052534 0.42875536006157644 0.027062605172849176 0.017342036104353652
3 0.9260801490502926 0.3710746702682308 0.01626149749271768 0.0219659035907962
3 0.753731439100305 0.25208325487177385 0.027108069279472246 0.018904536104353477
3 0.609704710478713 0.9052622761454044 0.03018760517284953 0.017360216822512698
3 0.9822211858015997 0.536272944272336 0.005278533386094608 0.020339771077238923
3 0.5231059132360576 0.3366935624461497 0.02076714106622681 0.015743174668035032
3 0.4912301244396864 0.4654361859827166 0.030096676959604097 0.014235216822512697
3 0.4667924140939874 0.4996748305965223 0.028534176959604095 0.014226126463433176
3 0.3148601895625235 0.565208406124879 0.028534176959604095 0.014226126463433176
3 0.8490533331360327 0.5745673089301082 0.02706260517284953 0.017342036104353475
3 0.863644682040676 0.5027650318027451 0.030096676959604097 0.014235216822512697
5 0.13003421166584722 0.44536301785578497 0.026971676959604098 0.014217036104353653
5 0.11473816910855232 0.5413840449831481 0.020721676959604095 0.01418067466803503
5 0.114496476709542 0.5765448401626878 0.02076714106622681 0.015743174668035032
5 0.13165523297774814 0.6313414244716433 0.017551212852981467 0.01259999394987581
5 0.11440789700522855 0.6601522257013073 0.020585284639736124 0.009493174668035032
5 0.13264341996648216 0.7047971051898025 0.017642141066226812 0.01572499394987581
5 0.21004099426051925 0.7302516231437834 0.022147784639736122 0.009502265027114732
5 0.256109663698276 0.6508186531980128 0.019113712852981468 0.012609084308955331
5 0.26044547420225955 0.5555152435570923 0.02076714106622681 0.015743174668035032
5 0.26872698713438326 0.5125874001729506 0.02380121285298147 0.012636355386194254
5 0.2884029896416657 0.5345805748409858 0.01612510517284953 0.017278403590796288
5 0.19834394246551734 0.43403969847574847 0.022284176959604097 0.01418976502711473
5 0.17479043369002872 0.3573272075509347 0.022329641066226813 0.015752265027114642
5 0.17954378134103083 0.2745283430895541 0.02067621285298147 0.012618174668035031
5 0.38149977177411937 0.503866906026683 0.019204641066226814 0.015734084308955332
5 0.340944282594672 0.2864066952542946 0.02067621285298138 0.012618174668035031
5 0.3654525376092369 0.33030668617910824 0.020585284639736124 0.009493174668035032
5 0.4102385372135256 0.4829367824901162 0.014471676959604097 0.014144313231716587
5 0.4228772780423256 0.5588043909013726 0.020630748746358663 0.011055674668035032
5 0.3597096883088822 0.5545299813586481 0.014471676959604097 0.014144313231716587
5 0.40903843540588836 0.685307803567355 0.02380121285298138 0.012636355386194254
5 0.44722875719264293 0.6886555173648057 0.02219324874635866 0.011064765027114731
5 0.4709306816449647 0.6528498275714602 0.02067621285298138 0.012618174668035031
5 0.5097036766303997 0.609317996189371 0.02380121285298138 0.012636355386194254
5 0.5438453444188038 0.6712458244482022 0.02067621285298138 0.012618174668035031
5 0.7121754587628534 0.5792406525106417 0.019295569279472246 0.01885908430895533
5 0.7563921231860451 0.4560395018467117 0.017642141066226812 0.01572499394987581
5 0.6600543322781028 0.41015885440423555 0.01300010517284953 0.01726022287263689
5 0.724484208300635 0.2636338332288009 0.025409176959604096 0.014207945745273865
5 0.6858679891794474 0.22121452907227068 0.016034176959604095 0.01415340359079611
5 0.313902060966202 0.22217602361132163 0.019113712852981378 0.01260908430895542
5 0.30359504678043703 0.2541527314568439 0.017551212852981467 0.01259999394987581
5 0.30378526339434214 0.2744697766363837 0.017460284639736125 0.00947499394987581
5 0.34045018910030506 0.2496788548952149 0.01130121285298138 0.012563632513557365
5 0.3482794094751339 0.30285839704969264 0.015943248746358753 0.011028403590796109
5 0.3860211018741442 0.26791577048806364 0.01281824874635884 0.011010222872636888
5 0.42078254678043703 0.2548345083878153 0.01125574874635884 0.011001132513557365
5 0.45416935979170303 0.18157881556940764 0.017460284639736125 0.00947499394987581
5 0.4046096289920329 0.19301121925839965 0.017460284639736125 0.00947499394987581
5 0.4589668568887092 0.3120975625443455 0.020585284639735947 0.009493174668035032
5 0.501183100620503 0.25764641188041554 0.01755121285298138 0.01259999394987581
5 0.5246827851019544 0.30935435762568947 0.01755121285298138 0.01259999394987581
5 0.5442367671552658 0.3086867371141847 0.011346676959604096 0.014126132513557366
5 0.5841487133151999 0.30657479127071496 0.019113712852981378 0.01260908430895542
5 0.5638529336900288 0.35959070696175954 0.020585284639735947 0.009493174668035032
5 0.5462168043022844 0.3212003726528041 0.011346676959604096 0.014126132513557366
5 0.6003791185671916 0.25900489968197127 0.020585284639736124 0.009493174668035032
5 0.6246062287546061 0.2857128454272452 0.02076714106622681 0.015743174668035032
5 0.647194282594672 0.2881884056338996 0.009829641066226812 0.015679542154477664
5 0.717287822248973 0.3229770169720222 0.014471676959604097 0.014144313231716587
5 0.6873730017158597 0.3306168001495095 0.017414820533113405 0.00791249394987581
5 0.7104695209161895 0.3424719055357038 0.011346676959604096 0.014126132513557366
5 0.7739660680923379 0.44285824579658756 0.014380748746358663 0.011019313231716588
5 0.8122473180923379 0.44308095959403815 0.015852320533113584 0.00790340359079611
5 0.8146054399582349 0.41574629995311785 0.019068248746358662 0.011046584308955332
5 0.30810303886287815 0.3409123880727022 0.01438074874635884 0.011019313231716588
5 0.4686002696625483 0.330125399878363 0.020585284639736124 0.009493174668035032
5 0.4280267454476535 0.27441121018321335 0.023892141066226814 0.015761355386194255
5 0.3904608977966514 0.35701917710392195 0.022147784639736122 0.009502265027114643
5 0.46575641448969873 0.34729926433974356 0.017505748746358664 0.011037493949875809
5 0.7014331532069278 0.25021622784260666 0.01130121285298138 0.012563632513557365
5 0.6719191494460041 0.2172264658405541 0.014471676959604097 0.014144313231716587
5 0.6104180451310844 0.3973679629136878 0.014380748746358663 0.011019313231716588
5 0.6294180977175091 0.38888329722264325 0.01755121285298138 0.01259999394987581
5 0.5855627976383668 0.41910206234795383 0.017460284639736125 0.00947499394987581
5 0.6078553347853853 0.4317338725546082 0.008221676959604097 0.014107951795398144
5 0.6007929925446597 0.4059071707592102 0.020585284639735947 0.009493174668035032
5 0.5702954988128658 0.46042649911623723 0.020585284639735947 0.009493174668035032
5 0.5380369282797524 0.46805264675510505 0.018977320533113406 0.007921584308955332
5 0.5402382742814018 0.5266691226528041 0.023755748746358663 0.011073855386194254
5 0.5586472934817317 0.5384969569617596 0.011392141066226814 0.015688632513557364
5 0.5460563652684863 0.5415492340891226 0.011346676959604096 0.014126132513557366
5 0.6147776215366926 0.5966458002477053 0.009829641066226812 0.015679542154477664
5 0.6151784383088822 0.5560162550681655 0.01755121285298138 0.01259999394987581
5 0.6348688126820616 0.5506611345566608 0.020721676959604095 0.01418067466803503
5 0.6604598460681566 0.5304940803019347 0.020585284639735947 0.009493174668035032
5 0.6403088189502678 0.6053895411725191 0.008221676959604097 0.014107951795398144
5 0.6724764612701358 0.6008883935336512 0.014471676959604097 0.014144313231716587
5 0.5961890944188039 0.6715503514773694 0.01755121285298138 0.01259999394987581
5 0.5864276495125111 0.6847770593228917 0.020630748746358663 0.011055674668035032
5 0.5605183673800574 0.7158816135776178 0.019022784639735946 0.009484084308955332
5 0.5648876186336986 0.7268463846548567 0.022147784639736122 0.009502265027114732
5 0.49247306103270894 0.6912628877781146 0.016034176959604095 0.01415340359079611
5 0.46123978140753774 0.7442151709556019 0.019113712852981378 0.012609084308955331
5 0.4212823711409811 0.7478896167990716 0.019022784639736123 0.009484084308955332
5 0.38344975052872543 0.7859572433607006 0.01750574874635875 0.011037493949875809
5 0.35402066330256454 0.8037578217177277 0.019022784639736123 0.009484084308955332
5 0.4225827951975914 0.8643231378763104 0.01286371285298138 0.012572722872636888
5 0.4583528106369975 0.8434339209556019 0.017460284639736125 0.00947499394987581
5 0.459853126155546 0.7918714209556018 0.01755121285298138 0.01259999394987581
5 0.4717537325820368 0.7856895986486989 0.012909176959604095 0.014135222872636887
5 0.4869862759972614 0.8529770925985748 0.01755121285298138 0.01259999394987581
5 0.4688811336773934 0.8575600534691592 0.01755121285298138 0.01259999394987581
5 0.4738725105578553 0.8739981197259379 0.01755121285298138 0.01259999394987581
5 0.440037068158845 0.908963472185266 0.01755121285298138 0.01259999394987581
5 0.41474155146579755 0.918974276439992 0.015852320533113407 0.007903403590796287
5 0.45683812325255213 0.9223447161351416 0.00973871285298138 0.012554542154477844
5 0.4376107501330139 0.9386418818261862 0.01263639231986815 0.004760222872636888
5 0.4284941629068532 0.9565606348512485 0.020630748746358663 0.011055674668035208
5 0.4788949796790429 0.9162219811622563 0.01125574874635884 0.011001132513557365
5 0.5031053694916284 0.8897958365484506 0.014289820533113406 0.00789431323171641
5 0.4814864337565357 0.8271594811622563 0.012727320533113406 0.007885222872636887
5 0.5380235902621686 0.7907634389095828 0.016034176959604095 0.014153403590796287
5 0.5428103786628284 0.8142327551663614 0.008221676959604097 0.014107951795397967
5 0.589966523489979 0.8316975111182897 0.017460284639736125 0.00947499394987581
5 0.6177194504495832 0.8177940924021829 0.020630748746358663 0.011055674668035208
5 0.6385775197290553 0.7991622670702181 0.017505748746358664 0.011037493949875809
5 0.6070607467678018 0.7544401195295461 0.017596676959604096 0.01416249394987581
5 0.6549215852476038 0.7476861254814745 0.01755121285298138 0.01259999394987581
5 0.67143783234461 0.8782730501495095 0.009784176959604096 0.014117042154477843
5 0.7445834788211131 0.7544588211285526 0.01438074874635884 0.011019313231716588
5 0.7037826340731048 0.7065571314334027 0.019204641066226814 0.015734084308955332
5 0.645444948338012 0.6437071526088375 0.01755121285298138 0.01259999394987581
5 0.6563226123654925 0.6726815803019346 0.017596676959604096 0.01416249394987581
5 0.5539213749019047 0.781479342500379 0.01755121285298138 0.01259999394987581
5 0.555824855701575 0.7697696828594586 0.014380748746358663 0.011019313231716588
5 0.5561143607161398 0.8135287732185382 0.011346676959604096 0.014126132513557366
5 0.8775814984171543 0.614583775752621 0.020676212852981733 0.012618174668035031
5 0.8901807868178142 0.6380985438047977 0.019113712852981735 0.012609084308955331
5 0.8654930238856904 0.6809309384186035 0.020585284639735947 0.009493174668035032
5 0.9042061828986059 0.6663099022160541 0.017505748746358664 0.011037493949875809
5 0.9255128815658225 0.6859684172431687 0.0190227846397363 0.009484084308955332
5 0.9070212943396616 0.703832628113753 0.014471676959604097 0.01414431323171641
5 0.876765493006878 0.7231911612912404 0.0174602846397363 0.00947499394987581
5 0.8268086086045688 0.6408553842620732 0.019204641066226814 0.015734084308955332
5 0.8343483239648327 0.6502758360574713 0.01755121285298138 0.01259999394987581
5 0.8221378289793975 0.6939622035439139 0.014380748746359018 0.011019313231716588
5 0.7853281507661523 0.696873580105543 0.017596676959604096 0.01416249394987581
5 0.8016578444188038 0.6727457336963392 0.011346676959604096 0.014126132513557366
5 0.8041523586045688 0.6407235740554187 0.012954641066226813 0.015697722872636887
5 0.8126695522572204 0.6165502758508168 0.016034176959604095 0.014153403590796287
5 0.7278399111909934 0.6316843964605174 0.011392141066226814 0.015688632513557364
5 0.784700013460849 0.7453156252850828 0.008221676959604097 0.014107951795397967
5 0.804958689166812 0.720429254773578 0.017505748746358664 0.011037493949875809
5 0.8200524917532368 0.7119218631848343 0.009829641066226812 0.015679542154477664
5 0.7969044967678018 0.7555445981577197 0.014380748746358663 0.011019313231716588
5 0.8041941595416409 0.7735587999531178 0.019022784639735946 0.009484084308955332
5 0.7597621979423007 0.7967417698988883 0.011346676959604096 0.014126132513557366
5 0.794159929995612 0.7961605077986401 0.008176212852981379 0.012545451795398144
5 0.785938253036008 0.8101775560032418 0.014380748746358663 0.01101931323171641
3 0.08167091950426375 0.3888221263652373 0.02540917695960414 0.014207945745273865
3 0.07977345038307612 0.34661644564707805 0.014653533386094852 0.020394313231716588
3 0.6139618969387215 0.19501057737506844 0.02857964106622681 0.015788626463433132
3 0.6821950713910432 0.159463962815492 0.014471676959604097 0.014144313231716587
3 0.8647658789920329 0.19568833000734706 0.011392141066226814 0.015688632513557323
3 0.7917686481923628 0.20698437831014488 0.02223871285298138 0.012627265027114642
3 0.9490185777257564 0.683761022629363 0.02536371285298138 0.012645445745273954
3 0.6568190543687914 0.7898918061996337 0.028443248746358663 0.011101126463433175
3 0.6222538377548863 0.7693747731203423 0.02076714106622681 0.015743174668035032
3 0.5594008335982512 0.8885605894753169 0.02076714106622681 0.01574317466803521
3 0.6397271795999006 0.9476315833269968 0.02380121285298138 0.012636355386194254
3 0.4091758615740696 0.975982800542293 0.02380121285298138 0.012636355386194254
3 0.17313071298599544 0.9246010659621909 0.014517141066226813 0.01570681323171641
3 0.28375832442705107 0.9627510266363839 0.022147784639736122 0.009502265027114732
3 0.3562236047771381 0.13725157776785188 0.02076714106622681 0.015743174668035032
3 0.6050569437191585 0.44734523701598883 0.025318248746358664 0.011082945745273775
1 0.6636196014784328 0.42190033030193475 0.015897784639735946 0.009465903590796288
1 0.7402299140939874 0.5012656434354554 0.012772784639736124 0.009447722872636889