7 0.21830869695135685 0.3033765957806544 0.017551212852981467 0.012800008928453722
3 0.2063602779093115 0.3762783076312075 0.02550010517284953 0.017623876623205435
3 0.27431465604341454 0.3477345219173925 0.014562605172849529 0.017432961850553052
3 0.298302703153056 0.7154714468363147 0.022466033386094784 0.020694329545304768
7 0.3644157849689405 0.6236464111224997 0.017460284639736125 0.00967500892845372
7 0.38382501451496936 0.6459753786550956 0.015897784639736123 0.00964773538950343
7 0.5465188942984252 0.757255977682161 0.016079641066226814 0.015897735389503252
7 0.526070001978557 0.7529230336885153 0.016079641066226814 0.015897735389503433
7 0.5121522544858396 0.7312798587695932 0.014426212852981379 0.012745461850553141
3 0.6493112736861694 0.7171610373419633 0.027108069279472246 0.019213650162155815
3 0.6251583713371716 0.8004371875041191 0.02237510517284953 0.017569329545304768
3 0.5182070600417651 0.4021008733800898 0.023846676959604095 0.014471603084255057
3 0.5735464632486929 0.15491618182207625 0.023983069279472247 0.019159103084255103
7 0.4932990221033238 0.11019974553906842 0.019113712852981378 0.0128272824674041
5 0.698240237859299 0.24966384578394968 0.023846676959604095 0.014471603084255057
7 0.6817801635652619 0.2749638547124035 0.016034176959604095 0.014335235389503431
3 0.9239044452354971 0.617788734178278 0.023846676959604452 0.014471603084255057
7 0.8238315520576993 0.7782098112879507 0.01598871285298138 0.012772735389503253
7 0.7630244326990848 0.7300274557680637 0.014426212852981379 0.012745461850553141
5 0.5610334060434147 0.34272982752000514 0.02237510517284953 0.017569329545304768
5 0.7521799286089568 0.14241836161226235 0.02219324874635884 0.011319329545304768
5 0.8228705133278351 0.1810484391289722 0.02076714106622681 0.015979556006354433
5 0.8372800058059877 0.24645525081736946 0.020721676959604453 0.014417056006354479
3 0.39503633300301877 0.35969695941821633 0.017823997492717503 0.02217500892845372
7 0.42730457838416525 0.5553270592560606 0.02067621285298138 0.0128545560063543
5 0.516548934810656 0.5600224675358912 0.01612510517284953 0.017460235389503254
3 0.6997646000917775 0.516960439939751 0.02536371285298138 0.012936376623205348
1 0.3550561906831507 0.35570493466145003 0.03818196159934022 0.0240920649348082
3 0.6310300058059878 0.2500553579588144 0.02237510517284953 0.017569329545304768
2 0.8500444302583094 0.2821881992752419 0.051091138558944496 0.03837275324641087
5 0.772458987859299 0.2483683526838086 0.017505748746358664 0.01123750892845372
2 0.7573581397460785 0.48156268222911336 0.05127299498543501 0.04462275324641087
1 0.8258450299543757 0.6593643539016246 0.015943248746359016 0.011210235389503432
3 0.6856686593421198 0.6235104488682048 0.019341033386094962 0.02063978246740401
1 0.47004234468150125 0.41232135308755036 0.015897784639736123 0.009647735389503254
1 0.590134850487489 0.6712951582831259 0.027017141066226814 0.016088650162155816
1 0.6501463479802065 0.692133763803013 0.012772784639736124 0.009593188311602673
1 0.630333953153056 0.7096758198093674 0.012772784639735945 0.009593188311602673
1 0.9502908196751836 0.15459325893504433 0.022284176959604097 0.014444329545304769
2 0.9488339005666312 0.695518267863498 0.019204641066226814 0.01595228246740419
7 0.8648764377136497 0.6844774021973412 0.014380748746358663 0.011182961850553142
2 0.8287858250189529 0.7335694671321494 0.020721676959604095 0.0144170560063543
7 0.5232859827782271 0.7646963307664161 0.019113712852981378 0.01282728246740401
7 0.7790847240692456 0.3686263056059079 0.014426212852981379 0.012745461850553053
1 0.35719065518548476 0.5096520949698755 0.014380748746358751 0.011182961850553142
3 0.3961478551063425 0.47848786972664187 0.030233069279472245 0.019268197240056396
2 0.29381481380268887 0.3731884894499885 0.027108069279472246 0.019213650162155815
1 0.5416241764973857 0.32040085998740925 0.014335284639736124 0.009620461850553142
1 0.6793334619950516 0.16401271794292832 0.014562605172849529 0.017432961850553052
2 0.5745072211662516 0.2416622053610266 0.014335284639736124 0.009620461850553052
2 0.417396032461658 0.6446077475676633 0.017460284639735944 0.00967500892845372
7 0.4561523070722643 0.7408554561718055 0.020630748746358663 0.011292056006354478