5 0.8055522520143473 0.4046875 0.02088550296574958 0.0140625
5 0.7879044955885568 0.37421875 0.02251166996194396 0.015625
3 0.6509894274134987 0.44609375 0.03032416996194396 0.015625
5 0.49490915965618265 0.75703125 0.01756950197716627 0.009375
4 0.5029670573750051 0.6671875 0.016452670950527094 0.0203125
5 0.4364878701128557 0.56953125 0.016261669961943958 0.015625
4 0.4438573597327323 0.5203125 0.024265170950527094 0.0203125
5 0.41913724954288945 0.39296875 0.019386669961943957 0.015625
5 0.4398317515200558 0.40234375 0.014699169961943958 0.015625
5 0.4072036408359213 0.27265625 0.020821835969555204 0.0125
5 0.47837564528454557 0.29375 0.017824169961943782 0.015625
5 0.32722963935304655 0.265625 0.020821835969555114 0.0125
5 0.3735462238397269 0.27109375 0.020758168973360736 0.0109375
3 0.25151471494247835 0.22890625 0.022639003954332715 0.01875
3 0.30268457859236236 0.37265625 0.024137836958138335 0.0171875
5 0.2530930968811511 0.459375 0.016452670950527094 0.0203125
5 0.24796258650102782 0.41015625 0.025573002965749582 0.0140625
5 0.23276866802195864 0.4015625 0.022320668973360824 0.0109375
5 0.851521326615196 0.36328125 0.02251166996194378 0.015625
7 0.7838152203796858 0.2546875 0.02244800296574958 0.0140625
7 0.7741550133830539 0.45859375 0.019514003954332716 0.01875
4 0.7033000494291587 0.234375 0.02713550296574958 0.0140625
3 0.5802763849044222 0.24453125 0.02094916996194378 0.015625
4 0.4878196294672148 0.21875 0.022639003954332715 0.01875
4 0.5606124837255587 0.31796875 0.021076503954332713 0.01875
5 0.2973670203031361 0.49140625 0.020821835969555114 0.0125
5 0.25862019669087066 0.5375 0.019386669961943957 0.015625
2 0.3069887125082015 0.6125 0.04996550790866543 0.0375
5 0.18118755786929674 0.66953125 0.023883168973360736 0.0109375
5 0.178033382964437 0.63046875 0.02401050296574949 0.0140625
5 0.12605970608241085 0.58203125 0.019386669961943916 0.015625
7 0.054091864181356655 0.54140625 0.019259335969555137 0.0125
5 0.08521187159573046 0.5765625 0.020821835969555134 0.0125
7 0.04333609490398475 0.45 0.020821835969555134 0.0125
7 0.027253497071431525 0.38125 0.019386669961943916 0.015625
5 0.20048540863041847 0.35703125 0.02088550296574949 0.0140625
5 0.3070536739906387 0.825 0.019132001977166357 0.009375
5 0.5444874180219585 0.4015625 0.02088550296574958 0.0140625
7 0.5963881576418353 0.35234375 0.014571835969555202 0.0125
3 0.13863400745155485 0.43046875 0.020949169961943914 0.015625
4 0.14587350448580533 0.41640625 0.02401050296574949 0.0140625
4 0.10546206870653063 0.32578125 0.019577670950527093 0.0203125
4 0.08315598718559977 0.334375 0.014571835969555136 0.0125
3 0.04582313045579798 0.2234375 0.020949169961943914 0.015625
3 0.2651487920147849 0.19921875 0.02088550296574958 0.0140625
3 0.2099028765014653 0.2046875 0.013136669961943959 0.015625
4 0.023405596881151097 0.459375 0.010011669961943914 0.015625
2 0.39321407809807074 0.3703125 0.02401050296574949 0.0140625
2 0.3991484017103362 0.32421875 0.013136669961943959 0.015625
2 0.3869203157407811 0.31171875 0.01932300296574958 0.0140625
2 0.3713762287826428 0.29453125 0.017633168973360737 0.0109375
2 0.26359556228074 0.2953125 0.022575336958138337 0.0171875
2 0.29843081870653065 0.32578125 0.019259335969555112 0.0125
2 0.32626400003718103 0.3953125 0.017951503954332714 0.01875
3 0.23349422680547643 0.28515625 0.02088550296574949 0.0140625
2 0.09927968878220528 0.5 0.022639003954332715 0.01875
2 0.07400777475176042 0.5125 0.017760502965749537 0.0140625
2 0.06079285034119221 0.47578125 0.014571835969555136 0.0125