4 0.5491390213695835 0.3840506891665507 0.01603443577564878 0.008631371551297562
4 0.5725322557657512 0.39930055291593214 0.019323210085908114 0.011920145861556986
4 0.509080587402957 0.42246473597804746 0.012991322930778537 0.010030097241038049
4 0.5509106405460318 0.551650946968467 0.014553822930778537 0.010111984396167627
4 0.5446916180447945 0.5965130676152532 0.014635710085908294 0.011674484396167806
4 0.5332185295101838 0.60058641395178 0.016198210085908292 0.011756371551297561
4 0.526197245588986 0.5558095024863908 0.013236984396167628 0.01471759724103805
4 0.5123804070543752 0.5597600180902231 0.012991322930778537 0.010030097241038049
4 0.482532454770383 0.5402763557203227 0.016443871551297562 0.016443871551297562
4 0.5012005676152532 0.5396965015818797 0.019323210085908295 0.011920145861557074
4 0.49063820386587187 0.5165489286511011 0.016116322930778536 0.010193871551297562
7 0.4698000814100632 0.47572253278954413 0.019323210085908295 0.011920145861557074
4 0.46549211894930576 0.616514629126071 0.01784259724103805 0.013400758706427141
3 0.609034079035214 0.6349448038204433 0.019486984396167806 0.015045145861557075
5 0.4195920414959714 0.48399870024782726 0.019323210085908114 0.011920145861557074
4 0.3801245070089466 0.6377511420163697 0.012991322930778537 0.010030097241038049
4 0.6090816666653136 0.606120440975573 0.014635710085908294 0.011674484396167806
4 0.6049530093837958 0.4976085781307028 0.014635710085908115 0.011674484396167806
4 0.3186779946844747 0.5207816480092636 0.01315509724103805 0.01315509724103805
3 0.6136230817487475 0.7076419973980081 0.02253009724103805 0.013646420171816586
3 0.48582563036926646 0.7071772506773686 0.015045145861557075 0.019486984396167806
1 0.28010017356271855 0.55771508197589 0.009702548620519025 0.006741322930778537
1 0.34563332032878674 0.604000261758645 0.006741322930778537 0.009702548620519025
1 0.4033163455435574 0.6342919493433161 0.012909435775648782 0.00846759724103805
1 0.4409325322237173 0.6682066039113004 0.014390048620519024 0.006986984396167628
2 0.3997852317941759 0.6115128686106214 0.01315509724103805 0.01315509724103805
1 0.5176997501115417 0.6761253245126582 0.012827548620519024 0.0069050972410380496
1 0.6254934814554917 0.3989597161903437 0.009866322930778538 0.009866322930778538
4 0.6332970946390463 0.6221924983025193 0.011428822930778538 0.009948210085908293
4 0.6298511900710619 0.5861731111473896 0.01315509724103805 0.01315509724103805
2 0.5509338947299033 0.44803130201142094 0.008303822930778536 0.009784435775648604