5 0.8154060489720483 0.6457275673417715 0.014635502965749581 0.014389808320624909
2 0.3377997248283101 0.28338207655673636 0.053217841901054184 0.04182513050895835
2 0.24227761368706507 0.5441903303564585 0.046649506920082205 0.033867160144236054
2 0.32151412752722947 0.6115973423243057 0.02401050296574958 0.014608013867708358
4 0.31086844619657905 0.541884254368403 0.017633168973360737 0.011337543502986236
4 0.3330445351318837 0.5689377168493406 0.012945668973360736 0.011228440729444423
4 0.6051304407593717 0.5229764791015283 0.017633168973360824 0.011337543502986236
4 0.6193640371090501 0.5849679860353824 0.0176968359695552 0.012900043502986236
2 0.5655798039149641 0.663328068957292 0.02225700197716627 0.009884146276527872
4 0.6670812955120071 0.625884579975209 0.0176968359695552 0.012900043502986236
4 0.6755994496566202 0.5667641531134727 0.014635502965749581 0.014389808320624909
2 0.8092077871090501 0.58938664836382 0.04553267589344294 0.04476829255305574
2 0.7698932777175099 0.5439825761754867 0.016325336958138335 0.01755117591180557
2 0.8400492688202614 0.5034679853697923 0.016261669961944135 0.015988675911805573
2 0.7294420326604258 0.566456335009202 0.019514003954332716 0.019186411094166723
2 0.7473126235728967 0.6027756947165978 0.02276633794672165 0.02238414627652787
2 0.49376847091115844 0.6632176597629865 0.024137836958138335 0.01773301386770836
2 0.5613724649796594 0.636692833774931 0.03089717292769336 0.03037848423243066
2 0.4438626769192072 0.4536601685967018 0.03440417490485981 0.03982621941479163
2 0.5168637782118015 0.5404347764042365 0.030387836958138337 0.01787848423243048
2 0.7730063488583175 0.48629736274461877 0.014508168973360824 0.011264808320624908
2 0.7787947283255322 0.7049746275622576 0.02251166996194378 0.016134146276527872
2 0.6624508508354838 0.4930902637707991 0.017696835969555024 0.012900043502986236
2 0.7278277945234238 0.6226154160312506 0.017760502965749582 0.014462543502986236
2 0.6842794298849567 0.4733050938429172 0.019386669961943957 0.01606141109416672