3 0.9090632070709941 0.6124741664017488 0.02538200197716627 0.010102425705962759
5 0.8875237880976332 0.6009229009623427 0.020567167984777514 0.006841033386094963
5 0.853805362698482 0.5585846367765777 0.019132001977166267 0.009920569279472246
4 0.8264297792003849 0.5570077649106808 0.019259335969555025 0.013045569279472247
4 0.858655983268448 0.7350789406166436 0.019577670950527093 0.020858069279472247
4 0.8743300628122126 0.7175875637361818 0.02719916996194378 0.016397889812585477
5 0.7453323350181529 0.4243340057394807 0.016134335969555026 0.012954641066226813
5 0.6319714664625341 0.6488900733696003 0.02538200197716627 0.010102425705962936
5 0.5042457144853678 0.6358097486798517 0.02069450197716627 0.009966033386094964
5 0.5206718691242725 0.5793240679593239 0.01619800296574958 0.014517141066226813
5 0.4443348622041903 0.5443292908414352 0.02212966798477751 0.006886497492717502
5 0.4536806872993305 0.505585039587794 0.017633168973360824 0.01143760517284953
5 0.46803500596868003 0.4365538947606435 0.02225700197716627 0.010011497492717503
5 0.5032602401513493 0.3626677653728992 0.019259335969555025 0.013045569279472247
3 0.5397946008354838 0.4932645475053528 0.019514003954332716 0.019295569279472246
3 0.3826863908731023 0.6783118342566599 0.02251166996194396 0.01626149749271768
5 0.3457713226980444 0.7490274995377816 0.016134335969555113 0.012954641066226813
3 0.2604758098464631 0.6856804018867795 0.016389003954332716 0.019204641066226814
5 0.296881542051966 0.6024647366056579 0.019259335969555112 0.013045569279472247
5 0.375824942736538 0.5290703522033486 0.025509335969555114 0.013227425705962937
3 0.02843263098727062 0.6211846782132453 0.006504667984777568 0.00643185642649069
3 0.05214204501771549 0.6093893718658969 0.006886669961943914 0.01580685642649069
4 0.046036625055771566 0.5936052474927175 0.019132001977166347 0.009920569279472246
3 0.23843237209002205 0.5851575646606186 0.016389003954332716 0.019204641066226814
3 0.19174305589213042 0.6649527132486929 0.02550933596955516 0.013227425705962758
3 0.39159983996106884 0.4374511535361322 0.01782416996194396 0.01612510517284953
5 0.34703409786973427 0.4736099623907631 0.017760502965749582 0.014562605172849529
5 0.37850693235641464 0.4799879945232167 0.019386669961943957 0.016170569279472247
3 0.5057392999234503 0.25115360385270125 0.02251166996194396 0.016261497492717502
3 0.5000914777940596 0.30405128331958786 0.016389003954332716 0.019204641066226814
5 0.546983723839727 0.2866879385715796 0.02225700197716627 0.010011497492717503
5 0.5227477277940595 0.30471051286561673 0.023883168973360826 0.01161946159934022
3 0.6416661655505006 0.4080521247023838 0.028634335969555023 0.013318353919208192
3 0.26961611612134195 0.16312945196592177 0.022320668973360734 0.011573997492717546
4 0.28160146296531197 0.22746473660565786 0.025445668973360737 0.011664925705962937
4 0.2058759041817942 0.34152958511458975 0.023946835969555113 0.013181961599340219
4 0.24626082364944651 0.3559701698334682 0.016261669961943958 0.016079641066226814
4 0.10039917840208194 0.45316811559769077 0.022384335969555115 0.013136497492717503
4 0.06111916110187639 0.3700911911453691 0.024010502965749535 0.01474446159934022
4 0.11778163247014536 0.6308073822907382 0.022448002965749492 0.014698997492717502
4 0.16423747980840703 0.6984866272761733 0.01788783695813829 0.01768760517284953
3 0.3852277535344032 0.8172834060434144 0.025509335969555114 0.013227425705962758
4 0.5112782589716106 0.846701784573229 0.02538200197716627 0.010102425705962759
4 0.5424791794278462 0.8655570846523712 0.013136669961943959 0.015988712852981736
3 0.5866576023555397 0.896494847584495 0.027071835969555202 0.013272889812585476
4 0.6040188572984555 0.9204097207040333 0.015879667984777513 0.006704641066226813
4 0.6036885934582911 0.8548529168639671 0.025509335969555024 0.013227425705962758
3 0.39249110828703865 0.91893683425666 0.025509335969555114 0.013227425705962758
5 0.5165095870325004 0.8218836409997199 0.02225700197716627 0.010011497492717325
4 0.6947553789729233 0.236364992807357 0.02225700197716627 0.010011497492717503
0 0.7657111606075848 0.3882517532321983 0.05822367688202625 0.05007420783841656
0 0.8886021739534578 0.45503373944214476 0.058032675893442943 0.045386707838416564
0 0.734161366158523 0.5714901505666312 0.046967841901054186 0.041943459092057725
0 0.6681928093521715 0.6952027837152992 0.05465300790866543 0.039045779625171126
4 0.6512984921285156 0.37633912344874254 0.019195668973360825 0.011483069279472246
4 0.7098895835352782 0.4162798133404705 0.019386669961943957 0.016170569279472247
4 0.7134894274134987 0.46632527744709307 0.022384335969555202 0.013136497492717503
2 0.5705790272232184 0.5401993834778724 0.025764003954332537 0.019477425705962937
2 0.6363539244477492 0.45003503622258173 0.01626166996194378 0.016079641066226814
1 0.6182763809872706 0.6383473784633076 0.019132001977166267 0.009920569279472246
0 0.6967595948668037 0.07489629539378176 0.04827567391627667 0.03573892319868044
0 0.6426915187830803 0.10765731960867657 0.04508700692008212 0.034085494985435096
0 0.5600700197716635 0.1099352219576745 0.04983817391627667 0.03578438730530311
0 0.4089386012925943 0.09695418566858575 0.0482120069200823 0.03417642319868044
0 0.41669670456235497 0.19159909593514246 0.05465300790866543 0.039045779625171174
0 0.35142984882113637 0.0835759957768579 0.07002333992388783 0.03325042069139796
4 0.37428902866891206 0.14666702916295274 0.014635502965749581 0.014471676959604097
4 0.33328066258475114 0.3850331956977156 0.02538200197716627 0.010102425705962936
4 0.3148344101132932 0.3727916084715548 0.023946835969555113 0.013181961599340219
4 0.26205691999912495 0.4180753647397609 0.023883168973360736 0.01161946159934022
4 0.5382161492760593 0.722633798758994 0.02276633794672147 0.022511497492717504
7 0.5411846403788108 0.6805826910788622 0.02212966798477751 0.006886497492717502
4 0.5953163834587285 0.6493841668639673 0.013200336958138336 0.01755121285298138
4 0.2778888029263809 0.6534134711662516 0.022257001977166357 0.010011497492717503
0 0.2811053503411922 0.483396487859299 0.061030341901054184 0.04235263605166182
4 0.2601933310638203 0.3914901326864496 0.022384335969555115 0.013136497492717503
0 0.15502832859236237 0.37672528754272994 0.04202567391627658 0.03555706677218975
4 0.1204013192008222 0.33123929130365365 0.022575336958138337 0.017823997492717503
4 0.04793607018940539 0.333812710345699 0.019004667984777558 0.006795569279472158
4 0.030844070683696972 0.3356563551728495 0.016134335969555137 0.012954641066226813
4 0.033063145284545604 0.2943637654394062 0.013009335969555136 0.012863712852981468
4 0.050123311292156816 0.2917388706122557 0.016134335969555137 0.012954641066226813
4 0.059088428896373536 0.45430706677218974 0.019004667984777558 0.006795569279472247
2 0.027911366158523 0.5509403743731793 0.011510502965749524 0.014380748746358663
0 0.2027959610253267 0.6106516581549857 0.05946784190105418 0.0423071719450391
4 0.2148237757403436 0.5228250492212124 0.016134335969555113 0.012954641066226813
4 0.29165553117755105 0.5508113083924124 0.014571835969555113 0.012909176959604095
4 0.32216804353484074 0.6102234123116208 0.019004667984777603 0.006795569279472247
2 0.178144835018153 0.4078305350354475 0.019386669961943916 0.016170569279472247
4 0.5226933310638204 0.39912810259906006 0.022320668973360824 0.011573997492717503
0 0.3047643903416297 0.2788597520450641 0.07965300790866543 0.039773205331134064
0 0.1811982618629981 0.06145564020829699 0.04833934091247096 0.03730142319868044
1 0.1907840978697343 0.46906355172849495 0.014571835969555113 0.012909176959604095
1 0.11238581973229485 0.7281908476510021 0.019132001977166357 0.009920569279472246
1 0.17828675646297168 0.4304640529821361 0.021076503954332713 0.019341033386094962
1 0.09989645410524448 0.5748839912245114 0.028698002965749536 0.014880853919208192
1 0.4244719842570313 0.7271274189755383 0.013136669961943959 0.01598871285298138
4 0.1619747124710204 0.22164298244902278 0.022257001977166357 0.010011497492717503
4 0.15470338193867275 0.23469691191590933 0.012882001977166357 0.009738712852981469
0 0.017198064752197928 0.30716764231986804 0.010648339923887829 0.03152278463973612
2 0.0430402535344032 0.8073267666930473 0.021012836958138315 0.017778533386094607
2 0.3836161739906387 0.8351839598834804 0.024201503954332716 0.01943196159934004
3 0.7116272025851886 0.19081681208682916 0.02094916996194378 0.016216033386094876
3 0.7167497371855998 0.3548338479802065 0.026944501977166267 0.010147889812585565
3 0.18356709444687422 0.8473105721824659 0.022129667984777602 0.006886497492717325
3 0.02161099212851565 0.35801708847980207 0.014317167984777567 0.006659176959604096