7 0.6267782987262065 0.17432865503671505 0.009920637023308565 0.015788641233702005
3 0.5551215535355298 0.18183323782843067 0.013263891832631991 0.02209318831160272
3 0.6008631286706061 0.23810082873782115 0.016006945916316084 0.011210235389503432
3 0.2657019333872623 0.35573793669004494 0.01627976442797028 0.019022735389503432
7 0.36938249409436824 0.3922327698887977 0.006795637023308565 0.015734094155801338
7 0.3545759496293311 0.415943005278301 0.006741073320977708 0.014171594155801336
7 0.29676099354621405 0.5959674703752651 0.012881945916315996 0.011155688311602675
7 0.29529769726707833 0.5764498571447401 0.012936509618646851 0.012718188311602674
7 0.31185771469027357 0.5581810982162864 0.009811509618646852 0.012663641233702094
3 0.363097810876742 0.6823628920477762 0.014935519237293703 0.025245461850553142
3 0.2793949334720803 0.6806970263816193 0.013154764427970278 0.018968188311602675
3 0.6202307206807233 0.47931616396516874 0.010138891832631992 0.022038641233702094
3 0.866051652169069 0.4672080815804902 0.014717264427970278 0.01899546185055314
7 0.884144398540872 0.38090238880466065 0.00997520072563951 0.017351141233702006
5 0.8131226035276807 0.6080609525216528 0.010138891832632169 0.022038641233702094
7 0.78386168946253 0.5984092629922341 0.01142857332097762 0.014253414772652207
3 0.5345090525240395 0.9123253072274657 0.010138891832631992 0.022038641233702094
7 0.3560368229424596 0.860719717128854 0.00986607332097771 0.014226141233702094
7 0.3841047700399019 0.7914378831193225 0.009756945916315995 0.011101141233702094
5 0.687509989918017 0.5031570385597793 0.013154764427970278 0.018968188311602675
5 0.9288120909138089 0.6302750974088027 0.006904764427970278 0.018859094155801514
5 0.9119271804768555 0.7063972666456821 0.011537700725639154 0.017378414772652385
5 0.8543701408211417 0.7371075243563198 0.010029764427970277 0.018913641233702094
3 0.6244320926430895 0.3533849095009419 0.019131945916316083 0.011264782467404099
7 0.45213299590846673 0.43378329586337994 0.006904764427970278 0.018859094155801337
5 0.472266935834333 0.5178582869349262 0.012881945916316084 0.011155688311602675
3 0.5638517790255766 0.6780769922926575 0.00857639183263199 0.022011367694751628
1 0.6168452819359834 0.3152127536567432 0.018387901451278842 0.034675008928453724
3 0.7937525554344464 0.5458609614501067 0.013154764427970278 0.018968188311602675
2 0.8253919689514427 0.7579382215963764 0.03126984736759475 0.045830697240056395
5 0.8350546564302384 0.6764700332847735 0.008358137023308388 0.015761367694751626
2 0.6130903763931714 0.7225576493546721 0.03428571996293321 0.04276024431795715
1 0.4668007081516696 0.8314259090939048 0.008249009618646852 0.012636367694751627
3 0.461136006793058 0.6915957958633799 0.01611607332097762 0.014335235389503431
1 0.5976364688666248 0.4367156067409984 0.006686509618646852 0.012609094155801337
1 0.3896851035276806 0.6154520815771949 0.011755955534962847 0.023628414772652383
1 0.387906837918584 0.6764577654245707 0.005014882213985139 0.009456820616851047
1 0.3647595145976063 0.6627907317393508 0.006631945916315907 0.011046594155801337
1 0.972105767044677 0.8179154192434698 0.010029764427970277 0.018913641233702094
2 0.46876749063580714 0.9549043194023303 0.013045637023308566 0.015843188311602675
7 0.4558284918169336 0.8753940974055074 0.008249009618646852 0.012636367694751627
2 0.3995685681331361 0.8537060580382446 0.009975200725639422 0.017351141233702093
7 0.2843874791182438 0.5774220219173924 0.009920637023308565 0.015788641233702095
7 0.7237823397326826 0.7135899780891981 0.009811509618646852 0.012663641233702094
1 0.47448665634542025 0.3575656692401745 0.006631945916316084 0.011046594155801337
3 0.5137773348385412 0.3858037175358912 0.015044646641955418 0.02837046185055305
2 0.5830134297590652 0.26420936120522526 0.014935519237293703 0.025245461850553052
1 0.7023438162342195 0.48022805317027595 0.006631945916316084 0.011046594155801514
1 0.8867857928205748 0.5684705726520365 0.016006945916316084 0.011210235389503432
2 0.7840303258528665 0.4913098291448582 0.006686509618646852 0.012609094155801337
2 0.36585075552711366 0.4477969772751239 0.006795637023308565 0.015734094155801515
7 0.28664689436452073 0.5078089513005415 0.006904764427970278 0.018859094155801337