5 0.2984843101769757 0.7001843196951139 0.014717471463952681 0.014635502965749581
7 0.6066713376795656 0.8223245524320892 0.020894696856846907 0.013327670950527093
5 0.6669731368937774 0.8216507317855732 0.01918664764263518 0.010139003954332537
4 0.5361619385891885 0.7732702871090501 0.014863020678164317 0.017760502965749582
3 0.46074025351916587 0.8296847717860111 0.022457196856846905 0.013391337946721649
3 0.6854534631962943 0.7777879852456145 0.021040246071058633 0.016452670950527094
5 0.8822771133201289 0.7364957762718162 0.01784247146395259 0.014762836958138337
4 0.88030154446121 0.6612729417851358 0.030488020678164675 0.018397172927693363
4 0.8148627890845266 0.5873778439525826 0.024165246071058633 0.01658000494291585
3 0.8728979210113958 0.5177311888193863 0.024165246071058633 0.01658000494291585
5 0.5143598289931133 0.4851190296946763 0.020894696856846907 0.013327670950527093
5 0.6816008329220548 0.5075882317855733 0.021040246071058633 0.016452670950527094
5 0.7568427355270886 0.4214225801124182 0.01918664764263518 0.010139003954332714
7 0.4095203176205738 0.5849505919382352 0.017551373035529318 0.008512836958138337
5 0.26892955087135073 0.6120967292769344 0.024019696856846906 0.01345500494291585
7 0.5964081956185018 0.504899630492979 0.022311647642635178 0.01026633794672147
7 0.6063012340793466 0.3597144644853678 0.020894696856846907 0.013327670950527093
5 0.8776089997951122 0.4333880223174836 0.014863020678164673 0.017760502965749582
4 0.7289232508285695 0.3318361566904332 0.02721747146395259 0.015144838935304605
4 0.36223224876165494 0.5078814145619175 0.022893844499482084 0.02276633794672147
7 0.8528701730783105 0.3259283493897901 0.021040246071058633 0.016452670950527094
1 0.2053208151393744 0.6165494659310615 0.01449914764263518 0.00994800296574958
2 0.4555904888368575 0.6713629358164558 0.036810795285270356 0.02021434091247105
4 0.3857746025667618 0.5738075034972222 0.021040246071058543 0.016452670950527094
2 0.35950966315351307 0.46550291357333434 0.07583906203449331 0.0545548488211363
2 0.8073071542621729 0.5479333419754162 0.06497433664159899 0.05567167984777566
2 0.9031205760976292 0.3898117772603994 0.051601041356328994 0.036412343878220454
1 0.8183453157585469 0.39496750946590226 0.01144692224974122 0.011383168973360735
1 0.8726539801504052 0.3549128538384144 0.01449914764263518 0.00994800296574958
4 0.7184672861890423 0.47230198919994726 0.01762414764263518 0.010075336958138337
3 0.7649185628630628 0.28164249710861256 0.015081344499482086 0.02244800296574958
2 0.3573135006236817 0.7143224155505006 0.013009422249741043 0.011446835969555025
3 0.5801239160489973 0.5856402945234238 0.030269696856846905 0.013709672927693362