7 0.14975351854315608 0.3065274816575999 0.021947722872636976 0.013136497492717503
3 0.17136944330938697 0.35042223416488244 0.02511817466803503 0.021039925705962935
3 0.11803886846840132 0.6558287996834309 0.02505454215447771 0.010102425705962759
5 0.4929257598607532 0.5300963961472988 0.01726022287263689 0.01300010517284953
5 0.4296182805452086 0.26792065657214004 0.020430674668035033 0.020903533386094873
3 0.606779181601922 0.562715016363843 0.02507272287263689 0.013227425705962937
7 0.5798161849215717 0.7665901741231173 0.011046584308955332 0.019068248746358662
3 0.4800974651721928 0.8554146448936575 0.02196590359079629 0.016261497492717325
7 0.8151411274453917 0.5964893081297151 0.015697722872636887 0.012954641066226813
5 0.775057003810629 0.5047026249019048 0.018795451795398144 0.008358069279472247
7 0.7547313891528568 0.373285140341311 0.01726022287263689 0.01300010517284953
7 0.4746217083365016 0.31972719748008227 0.018786361436318445 0.006795569279472158
7 0.2953841811109427 0.24761181974169055 0.017242042154477666 0.00987510517284953
7 0.5515508052366848 0.6572750100956368 0.015679542154477664 0.009829641066226812
7 0.5986712449318345 0.6137235868969564 0.018822722872636886 0.013045569279472247
7 0.6923859252572102 0.3485412046062183 0.006331813231716587 0.01424435642649069
7 0.7089876179774219 0.3144700814866801 0.012554542154477665 0.009738712852981469