3 0.7635146167990716 0.4208277300747543 0.014217036104353476 0.026971676959604098
3 0.6540855955254411 0.5490329495916534 0.009502265027114732 0.022147784639735945
3 0.6592548845566608 0.6317090572717853 0.01572499394987581 0.017642141066226812
3 0.7343048815315987 0.6381205301538966 0.009493174668035032 0.020585284639736124
3 0.7719907130118837 0.5346629095416409 0.012627265027114731 0.02223871285298138
3 0.7253106348512484 0.43522285068701 0.011082945745273775 0.025318248746358664
3 0.4649811471478886 0.27870739238637504 0.017278403590796288 0.01612510517284953
3 0.48343116529826113 0.22659932310690287 0.009484084308955332 0.019022784639736123
7 0.519986288834828 0.19740591660126988 0.0032159035907962873 0.015715928213245346
3 0.4362839754067197 0.3154859783588947 0.011073855386194254 0.02375574874635884
3 0.4856708970496927 0.3429601090002802 0.015706813231716587 0.014517141066226813
3 0.5200231711519936 0.3380536486545812 0.018813632513557367 0.011483069279472246
3 0.37248509582002864 0.3626625067304246 0.007939765027114642 0.022102320533113406
3 0.6560692345801019 0.21845053932509662 0.015752265027114732 0.022329641066226813
3 0.8234588060032418 0.785551808129715 0.0063681746680352095 0.02049435642649087
3 0.42999969749378975 0.8470087629986306 0.018822722872636886 0.013045569279471892
3 0.4947924087571575 0.5677327884671668 0.009502265027114732 0.022147784639735945
3 0.782559011707465 0.20226794668865944 0.015697722872636887 0.012954641066226813
3 0.35829234825591555 0.7436086298499627 0.01727840359079611 0.01612510517284953