5 0.2928278521079516 0.22890625 0.012900043502986147 0.0171875
4 0.6676278303564585 0.2203125 0.012827308320624908 0.0140625
4 0.3465568366247226 0.45625 0.006613675911805572 0.015625
4 0.5247350815907295 0.39140625 0.006613675911805572 0.015625
4 0.672354310789167 0.35625 0.011373911094166545 0.01875
4 0.6504429431979865 0.3546875 0.009738675911805572 0.015625
2 0.12162565254479188 0.2578125 0.04629442496187504 0.0421875
4 0.24478843597979177 0.1453125 0.009665940729444423 0.0125
4 0.2488213193385418 0.1171875 0.008103440729444421 0.0125
4 0.3078144596311459 0.10078125 0.006540940729444422 0.0125
4 0.3900100170018404 0.14140625 0.005014808320624997 0.0140625
4 0.4173368896270141 0.2078125 0.006613675911805572 0.015625
4 0.4322903956109377 0.24609375 0.011301175911805572 0.015625
4 0.570008601158021 0.25546875 0.009738675911805572 0.015625
4 0.5503318807932989 0.24921875 0.012863675911805572 0.015625
4 0.697478331306389 0.19375 0.008176175911805573 0.015625
4 0.6641222770698266 0.27109375 0.006650043502986059 0.0171875
1 0.5757877821038198 0.3359375 0.009775043502986237 0.0171875
4 0.516430312689028 0.303125 0.012790940729444599 0.0125
4 0.5034400034184725 0.315625 0.009665940729444423 0.0125
4 0.5003883918112155 0.35234375 0.0065409407294446 0.0125
4 0.3581443807932988 0.24921875 0.006613675911805572 0.015625
4 0.37231794319798645 0.3546875 0.012936411094166721 0.01875
4 0.3922667672861809 0.3390625 0.008176175911805573 0.015625
4 0.6808928561920141 0.3203125 0.009665940729444423 0.0125
4 0.5554045065526045 0.43359375 0.009738675911805572 0.015625
4 0.6354732130496183 0.41640625 0.009738675911805572 0.015625
1 0.4614739750174657 0.49296875 0.009593205547083272 0.009375