3 0.46719987976691446 0.13423568135047814 0.020967264427970277 0.019696069892376135
3 0.6443997860275166 0.08542353805106918 0.016334328130301046 0.021040246071058567
3 0.5954116706037544 0.2374612270500332 0.010248019237293704 0.02543664764263518
5 0.6292782391154088 0.22808407299725725 0.017896828130301044 0.021113020678164406
3 0.5386209788637897 0.36724292638807937 0.016443455534962938 0.024165246071058633
7 0.6493402240544663 0.36832592928356356 0.010084328130301046 0.02074914764263518
7 0.3578074884824366 0.3631847808123589 0.010138891832631992 0.022311647642635178
7 0.405007381496195 0.4187048806885244 0.008249009618646852 0.012863873035529317
7 0.30913188630551836 0.41693051902553463 0.006795637023308565 0.015916098428423453
7 0.29779757142206115 0.3394604904894873 0.010029764427970277 0.01918664764263518
3 0.30889378412860014 0.46842024441842867 0.017896828130301135 0.02111302067816432
7 0.49118295055600336 0.6089060415657258 0.011701391832631991 0.022384422249740864
3 0.3292385112631094 0.5782297380082879 0.019568455534962847 0.02431079528527036
7 0.3393302738769811 0.6019390657585469 0.009975200725639422 0.01762414764263518
5 0.4499304679791985 0.6287669313504781 0.01655258293962447 0.027290246071058632
3 0.6161085394860777 0.6498862983901514 0.013427582939624472 0.027144696856846905
5 0.6012895821370163 0.7168747452469983 0.011810519237293704 0.025509422249740864
5 0.21801329066720404 0.7479857739879334 0.013209328130301134 0.020894696856846907
3 0.41360853286265575 0.7084565854032541 0.015044646641955418 0.028779971463952593
7 0.4674180352249085 0.8650661503332315 0.014662700725639511 0.01784247146395259
7 0.43435505328107576 0.762088853600219 0.00997520072563951 0.01762414764263518
5 0.4261854000156985 0.8396873147250897 0.013318455534962937 0.024019696856846906
3 0.29174591262957017 0.8701282936326404 0.020967264427970277 0.019696069892376045
7 0.20247508150404414 0.8579065835412273 0.009920637023308565 0.01606164764263518
7 0.21203113077840477 0.8746210485950392 0.011428573320977709 0.01457192224974122
5 0.5294641674388936 0.8528165533525502 0.01153770072563951 0.01769692224974122
5 0.7438044974681113 0.45518376633944746 0.013209328130301045 0.020894696856846907
5 0.39307286588709833 0.3584223521524771 0.013154764427970278 0.019332196856846905
5 0.2971998267795387 0.5352631420610638 0.017624009618646852 0.013300520678164318
7 0.17200387542092715 0.6807105368082149 0.011537700725639422 0.017696922249741044
3 0.33063483095589 0.6499228014905233 0.010248019237293704 0.02543664764263518
3 0.320704270248784 0.6886043118296055 0.01499008293962456 0.02721747146395259
5 0.2796601187975052 0.7248350643108049 0.014553573320977708 0.01471747146395277
5 0.638893797375444 0.3547728515333045 0.013209328130301045 0.020894696856846817
2 0.3894220762313846 0.32895317597379464 0.016334328130301133 0.021040246071058543
7 0.2422767138028473 0.5222216406133218 0.014444445916315996 0.011592471463952769
4 0.3298486356725462 0.5384223753118409 0.011646828130301134 0.020821922249740867
4 0.6769939649839737 0.5815322506236817 0.020858137023308566 0.016571069892376045
4 0.2418575292344587 0.8022537429706867 0.019459328130301136 0.02118579528527036
4 0.28214771253690296 0.7652781277930403 0.014389882213985138 0.010029971463952769
2 0.34774798612018387 0.20453752688341745 0.021458337748947988 0.033758569892376133
3 0.24670135209210026 0.2615024644346394 0.01767857332097771 0.014863020678164496
3 0.45797366878965595 0.2867613678682428 0.017569445916315908 0.011738020678164495
2 0.43367307323615967 0.2902331242783836 0.016334328130301046 0.021040246071058633
2 0.4875346832176263 0.2666650376367844 0.02452877404661713 0.03234161910658786
3 0.501795590659355 0.3049997915657259 0.01767857332097762 0.014863020678164496
4 0.4334027439247322 0.2309672861890424 0.008358137023308565 0.015988873035529316
2 0.41535954973769673 0.5242999092245716 0.017733137023308566 0.01642552067816432
3 0.41413677860148645 0.9166864623677249 0.010248019237293704 0.025436647642634824
3 0.1660093688823232 0.4056570328792734 0.01466270072563942 0.01784247146395259
3 0.16772809238863537 0.6021317725401912 0.013100200725639421 0.017769696856846907
7 0.24505939638750135 0.9339211199351574 0.011537700725639422 0.01769692224974122
7 0.24698648413644936 0.9010722326316045 0.008249009618646852 0.012863873035529138
7 0.3592310237921631 0.92548357361643 0.014553573320977708 0.014717471463952591
3 0.19503460373656273 0.8699528192732036 0.017569445916315995 0.011738020678164674