5 0.5457520710509716 0.7727952146902736 0.014389808320624909 0.01455357332097762
5 0.6861049673274995 0.7558036660488852 0.012936411094166544 0.019186509618646853
5 0.6755155722852425 0.6060938427279075 0.020676175911805574 0.016334328130301046
5 0.7475185120647565 0.5695139911839613 0.0174784407294446 0.01310020072563951
5 0.8003356939604857 0.5174083433608796 0.019113675911805572 0.01627976442797028
5 0.8600925536678815 0.5030755140494522 0.017442073138263937 0.01153770072563951
5 0.892393947760208 0.6269594473518965 0.012827308320625263 0.014499009618646853
5 0.8906853241851035 0.666775915500731 0.0174784407294446 0.01310020072563951
5 0.5701962119122566 0.39443460171358213 0.018968205547083273 0.010029764427970277
5 0.7349315123490969 0.37125754045832193 0.009702308320625085 0.014389882213985138
5 0.715928245631597 0.3142982123280208 0.022129573138263935 0.011701391832631991
5 0.7169439253431247 0.40503233973268254 0.01740570554708327 0.009975200725639333
5 0.4716717121965971 0.19317714735974562 0.017442073138263937 0.011537700725639422
5 0.4998876311745485 0.190253044001701 0.012863675911805572 0.01606150961864685
5 0.6449208421368746 0.5432565368301249 0.015843205547083274 0.009920637023308565