4 0.4520281476797477 0.31912077800647254 0.012757605233436919 0.03144091477265239
4 0.41973856342241084 0.27051568263285514 0.023331084186749607 0.025381829545304768
5 0.5880349951618511 0.43615649919251637 0.013592063140062293 0.018968188311602675
4 0.2107150900131188 0.562932827923747 0.015518584186749607 0.025245461850553142
4 0.37596836369064207 0.5530242195644861 0.011938557878390377 0.017378414772652385
5 0.616494653153181 0.537118981335609 0.008904563140062294 0.018886367694751625
5 0.3132716716396196 0.611091864044599 0.013046031570031147 0.009593188311602673
3 0.662217405854604 0.609683728089198 0.013592063140062293 0.018968188311602675
7 0.4928318270707006 0.7843406290621326 0.016171031570031146 0.00964773538950343
4 0.294280205981661 0.7495640288172514 0.01341005261671846 0.015843188311602675
4 0.29067706384593384 0.7176282362035776 0.013137036831702887 0.011155688311602675
4 0.49665810821720874 0.3300485953769126 0.01386507892507769 0.023655688311602675
5 0.5964368422910189 0.18470309334831775 0.01341005261671846 0.015843188311602762
6 0.1358431636059375 0.46824366517968946 0.030855157850155468 0.04736592370110611
0 0.017777161116275923 0.6193715629062133 0.024605157850155473 0.04725682954530477