5 0.4417205547645028 0.655025871792675 0.016079641066226814 0.016352746071058633
5 0.47582277012476676 0.6660019131490038 0.020585284639735947 0.010321069892376045
5 0.4651175684880494 0.3079882059530748 0.01755121285298138 0.013300520678164406
5 0.7223761390211628 0.3121471288219883 0.014471676959604097 0.01471747146395277
0 0.3534382709161895 0.35520134615211185 0.0550344924781526 0.06809933664159917
6 0.20123927342347198 0.37001720926284365 0.05279003087881238 0.04458906203449331
2 0.1943694963055833 0.44479888544152607 0.016216033386094876 0.021040246071058633
6 0.4380907525737895 0.5109119987571458 0.08155152837152997 0.06777400496239867
2 0.6602779896416657 0.5642875175732833 0.04993781551854841 0.053818512820281585
7 0.3871443665221276 0.5679945986333113 0.02063074874635884 0.011883569892376222
2 0.6982877696625482 0.3603106470189534 0.020903533386094963 0.021258569892376133
7 0.7516257183297649 0.3823526209641055 0.02067621285298138 0.013446069892376133
2 0.5462826519532864 0.2609184609154735 0.02260242570596276 0.026018844499481997
2 0.5183395083797772 0.2533585179875681 0.03358538981258548 0.02809076674922295
7 0.24580762734268022 0.34392989826180764 0.020585284639736124 0.010321069892376222
2 0.44328070625557087 0.574520734489122 0.023983069279472247 0.01984161910658777
2 0.5777011703621936 0.5792168507002258 0.02380121285298138 0.01359161910658777
2 0.7994254061764285 0.6216184822128105 0.040108174452321774 0.037756865177646405
2 0.8760657771843956 0.434304726836127 0.03068771034569906 0.035757717535011224
7 0.6034011669969812 0.39500667059260197 0.01612510517284953 0.017915246071058634
7 0.3647405176174843 0.638923528740935 0.017642141066226812 0.01642552067816432
6 0.49781979057873793 0.6897133949520388 0.03514788981258547 0.028163541356328814
6 0.5333410680923378 0.46371597518349716 0.022466033386094965 0.021331344499482086
2 0.8720936795333936 0.5170444522290211 0.022329641066226813 0.016643844499482086
2 0.8516531474009399 0.5473847696401979 0.022420569279472245 0.019768844499482085
1 0.606009341449303 0.3591419451997078 0.01125574874635884 0.011446922249741042
1 0.5849851022698556 0.1406808895753553 0.02550010517284953 0.018351893713693723
2 0.4392945175509773 0.1737929884180635 0.02067621285298138 0.013446069892376133
2 0.5746159036026391 0.1206402173256143 0.02067621285298138 0.013446069892376133
2 0.33777146997911744 0.22147916356328862 0.014471676959604097 0.014717471463952681
2 0.2116348673135504 0.25471969499482006 0.020721676959604095 0.015008569892376223
2 0.6578623803121811 0.7010790421803892 0.023892141066226814 0.016716619106587772