7 0.38303499152071535 0.4500598701270884 0.02236632293077854 0.009756829545304768
7 0.4320612324756038 0.6933246749156268 0.02384693577564878 0.008221603084255059
4 0.2752623558359236 0.626466637173217 0.019732645861557076 0.01907728246740419
4 0.2658131919956852 0.4785103782447632 0.019241322930778536 0.009702282467404011
4 0.2255622489839472 0.6795546810047067 0.02253009724103805 0.012881829545304768
4 0.4433428912274596 0.7615525235356551 0.01948698439616763 0.014389782467404189
4 0.46142118385508474 0.7000928721556832 0.019978307326946165 0.02376478246740419
7 0.5542847925160835 0.5992764403369023 0.01628009724103805 0.012772735389503253
4 0.524905988241355 0.32429403124629286 0.01315509724103805 0.012718188311602674
4 0.3581744323847468 0.5215666773512588 0.01315509724103805 0.012718188311602674
4 0.38330722919624344 0.5642314642828897 0.021295145861557074 0.019104556006354478
3 0.8798524378118137 0.3852271716659207 0.021131371551297563 0.01597955600635448