5 0.8874455356489985 0.7216773932688876 0.022256945916316086 0.011319329545304768
3 0.7974182471744111 0.6732183482195817 0.028452382213985317 0.009865923701106283
5 0.8662327345605394 0.696250699275242 0.01924107332097762 0.014389782467404012
5 0.8987178192294444 0.4400592004930579 0.01299107332097762 0.014280688311602674
5 0.9655828822988031 0.3177245044708174 0.020694445916316084 0.011292056006354478
5 0.9669444856568479 0.28955859416239194 0.019077382213985316 0.0097022824674041
5 0.867738148540872 0.3811887609636392 0.01606150961864685 0.012772735389503432
3 0.9116915012659443 0.22954839448670347 0.02560020072563951 0.017623876623205435
3 0.745848246456621 0.22618938961543952 0.028506945916316084 0.011428423701106106
3 0.806245087833766 0.3439575422132273 0.014717264427970278 0.01899546185055314
3 0.5912103979927178 0.588482658283126 0.02549107332097762 0.014498876623205348
3 0.6037277561600858 0.566375833202048 0.01795139183263199 0.02217500892845372
5 0.5340501732204613 0.5410133689158629 0.023710318511654192 0.008221603084255059
5 0.5188691173226787 0.509227580766416 0.022256945916315905 0.011319329545304768
5 0.5343750662342196 0.48315995860743743 0.011483137023308564 0.015815914772652383
5 0.5012996714063627 0.49859008969486973 0.019131945916316083 0.01126478246740419
3 0.5152009694995969 0.5608855381527422 0.021021828130301047 0.02066705600635448
5 0.542165229666398 0.37045540706530994 0.022147818511654194 0.008194329545304769
5 0.41211068583433297 0.5189083181845143 0.016170637023308565 0.015897735389503433
5 0.374228739918017 0.5086253831193225 0.022256945916315996 0.011319329545304768
5 0.4279985806621898 0.5037781960255358 0.01767857332097762 0.014362508928453721
5 0.4001761702252363 0.5800912800350673 0.025381945916316085 0.011373876623205348
3 0.4353472891923776 0.49036057833078406 0.028506945916316084 0.011428423701106106
3 0.3865675380112512 0.5709481051161452 0.025381945916315995 0.011373876623205348
5 0.6629663137871489 0.31518943425770823 0.02220238221398514 0.009756829545304768
5 0.679092310791924 0.35164908563768 0.02220238221398514 0.009756829545304768
5 0.7863691305695226 0.6030558526838086 0.019131945916316083 0.01126478246740419
5 0.7087203349233591 0.7075990767092263 0.01907738221398514 0.009702282467404011
5 0.45978927240215456 0.6306446590939048 0.012936509618646851 0.012718188311602674
5 0.46177341305366026 0.7322344326328551 0.011483137023308564 0.015815914772652206
5 0.38529770389050033 0.624127652194046 0.022256945916315996 0.011319329545304768
5 0.41773071405730133 0.4336020637202875 0.025381945916316085 0.011373876623205348
3 0.42368064681159134 0.671142974028713 0.024146828130301046 0.020721603084255236
5 0.5923041281224519 0.44071731412732457 0.012936509618646851 0.012718188311602674
5 0.7776265584296713 0.5094013100701348 0.01924107332097762 0.014389782467404189
3 0.7467783848306919 0.8124678088523186 0.019295637023308564 0.01595228246740419
3 0.7631300711283611 0.8106189366933403 0.011592264427970279 0.018940914772652206
5 0.8113616629688423 0.4009342451353266 0.01924107332097762 0.014389782467404012
5 0.3130382687739576 0.547216324677336 0.019131945916315996 0.01126478246740419
5 0.37123765997361735 0.4453577698887976 0.016116073320977708 0.014335235389503254
5 0.3982465932760616 0.480064006496117 0.019131945916316083 0.01126478246740419
3 0.5982490493591787 0.2975576493546722 0.022584328130301045 0.020694329545304768
3 0.6875521076192138 0.16857748701765177 0.02549107332097762 0.014498876623205436
5 0.6357143992586621 0.833167866887268 0.017514882213985138 0.009675008928454076
3 0.8449355987183573 0.6012518449731707 0.025381945916316085 0.011373876623205348
3 0.7662401690441101 0.6534376822291132 0.025272818511654194 0.008248876623205347
3 0.7507540675001639 0.7248450779270422 0.014717264427970278 0.01899546185055314
3 0.6734227303841882 0.8160934151829847 0.02236607332097762 0.014444329545304769
3 0.40608889744456367 0.7941810535740177 0.019186509618646853 0.01282728246740401
3 0.4413443511654279 0.7740225121781599 0.028397818511654193 0.008303423701106104
3 0.8909598498146656 0.19551431372358274 0.025272818511654194 0.008248876623205437
3 0.8858011238612826 0.2268734078793841 0.02236607332097762 0.014444329545304769
3 0.8347470553496283 0.21994729789527018 0.014608137023308387 0.015870461850553054
3 0.7711483468194407 0.2343467629922341 0.025436509618646852 0.012936376623205436
3 0.7337203018062494 0.46091894562179386 0.01482639183263199 0.022120461850553143
3 0.6803770469969258 0.4555962459461055 0.02236607332097762 0.014444329545304769
3 0.7103968744942548 0.3526661148586732 0.011592264427970279 0.018940914772652383
3 0.8790476707733905 0.3692654594215116 0.023819445916316084 0.011346603084255058
3 0.8913939033501954 0.3870296578793841 0.01778770072563951 0.017487508928453722
3 0.9239237273889632 0.8484620357204055 0.02058531851165455 0.008167056006354301
3 0.43976442676384037 0.3034509135581317 0.01778770072563951 0.017487508928453722
3 0.5195511304847047 0.2825150763021892 0.02236607332097762 0.014444329545304769
3 0.5159598498146656 0.20205996307166432 0.022256945916315905 0.011319329545304768