7 0.8554078520448616 0.3701309108726923 0.02203863200190881 0.015081344499481997
3 0.833260679384134 0.41282567906965734 0.02681703866963616 0.023112168320799497
3 0.8758049047580867 0.7138637942473037 0.02512726933481808 0.012101893713693811
5 0.5134038074076784 0.5712716100058508 0.017351132001908985 0.014863020678164317
5 0.5823061593729981 0.31915049193272016 0.0221113573360908 0.021331344499481996
3 0.40048618407858727 0.5972454509906762 0.025163632001908985 0.015226893713693812
7 0.42000998543917695 0.7988272216688405 0.012718176002545434 0.019332196856846905
3 0.5155502994509491 0.8899488353987449 0.02207499466899989 0.018206344499482087
7 0.19538106074949618 0.6189255901562558 0.015788632001909032 0.014790246071058633
5 0.2373134747374058 0.5318643918516669 0.018859088001272718 0.010248295285270359
7 0.2608226053866794 0.4049037855653606 0.015788632001908987 0.014790246071058633
7 0.5367942120464524 0.36700364102309735 0.018840906667727177 0.00868579528527027
7 0.7149004833704529 0.30658633353671805 0.015752269334818082 0.011665246071058543
7 0.45157706409131393 0.6933242384180636 0.015752269334818082 0.011665246071058632
7 0.4065367367520415 0.6475001621155465 0.017351132001908985 0.014863020678164317
7 0.3222686353834977 0.384340882546042 0.006395450668363623 0.012791098428423454
7 0.30703398671227067 0.3500557737785363 0.012609088001272717 0.009957196856846906