5 0.53828125 0.2882878787029283 0.0125 0.018822722872636886
5 0.5171875 0.33582140885535344 0.0171875 0.01416249394987581
5 0.50078125 0.31931971008501747 0.0140625 0.023519313231716587
3 0.7140625 0.4486855440993853 0.0140625 0.02976931323171659
3 0.6484375 0.5920537490180413 0.0171875 0.02353749394987581
4 0.603125 0.4839776286047324 0.0140625 0.023519313231716587
5 0.425 0.807941327669656 0.009375 0.015679542154477845
5 0.42109375 0.7711998517719569 0.0109375 0.017251132513557366
4 0.346875 0.3793618097156751 0.009375 0.025054542154477666
3 0.30703125 0.5744425055591449 0.0171875 0.02353749394987581
3 0.68671875 0.932120212815492 0.0109375 0.025063632513557366
4 0.7390625 0.8488309898446591 0.01875 0.03135908430895569
5 0.40546875 0.5375151981811608 0.0171875 0.01259999394987581
5 0.3703125 0.5185606651018694 0.015625 0.01727840359079611
5 0.34296875 0.45121408381797606 0.0140625 0.020394313231716588
4 0.5484375 0.4836594660369459 0.0171875 0.01728749394987581
4 0.24765625 0.7803470719141193 0.0109375 0.025063632513557366
4 0.7734375 0.7919997277444107 0.0171875 0.03291249394987581
2 0.41640625 0.29773508069471816 0.0109375 0.018813632513557367
1 0.325 0.2823595446885605 0.009375 0.009429542154477666
1 0.73671875 0.3714736043060397 0.009375 0.014117042154477667
2 0.36484375 0.6013413488450907 0.0140625 0.023519313231716587
2 0.39765625 0.6499697463857628 0.0109375 0.017251132513557366
2 0.44140625 0.666630526439992 0.0109375 0.018813632513557367
2 0.425 0.648566327669656 0.0171875 0.021974993949875808
2 0.4671875 0.6167805173648058 0.0171875 0.029787493949875808
2 0.325 0.7518907946885605 0.021875 0.02668976502711473
2 0.2265625 0.7856931020665445 0.021875 0.03293976502711473
2 0.30234375 0.808790234481906 0.0203125 0.02355567466803521
2 0.40546875 0.8414214481811608 0.0234375 0.029823855386194253
2 0.38046875 0.907682252435887 0.025 0.039207945745273774
2 0.52421875 0.8022685654712116 0.0140625 0.01883181323171641
2 0.6265625 0.9255202339909268 0.021875 0.02981476502711473
2 0.7390625 0.6691434898446592 0.0234375 0.023573855386194255
2 0.728125 0.6487673573311019 0.015625 0.02977840359079629
2 0.5796875 0.6205600232185382 0.0296875 0.028297716822512697
2 0.52421875 0.5475810654712118 0.0125 0.01726022287263689
2 0.496875 0.5169532341873184 0.0078125 0.015670451795398145
2 0.53984375 0.4609532190620079 0.0140625 0.01726931323171659
2 0.36640625 0.48650668920417034 0.015625 0.023528403590796287
2 0.43515625 0.5611254150036735 0.0140625 0.02195681323171641
2 0.5203125 0.7452145895735127 0.0140625 0.01726931323171659
2 0.2234375 0.6317686713483853 0.0171875 0.02353749394987581