3 0.3175172913844298 0.1970247303374517 0.03050637155129756 0.016488818025830954
3 0.2314116157855463 0.36196175705962896 0.024174484396167806 0.01474446159934022
3 0.2601983570791191 0.3800130750854599 0.027463258706427317 0.017960389812585565
5 0.27122438828678347 0.4085017879384414 0.024174484396167806 0.01474446159934022
7 0.4380953850074231 0.2850368588672662 0.018006371551297563 0.01612510517284953
3 0.5089124960432712 0.3371736718785322 0.024338258706427317 0.01786946159934022
3 0.3759218543655856 0.456147329242095 0.016689533016686832 0.02076714106622681
3 0.5798967034156459 0.4010519669431096 0.028943871551297563 0.016443353919208193
7 0.2693874920865422 0.6525700366848002 0.013236984396167805 0.014426212852981379
5 0.7133709447092187 0.4221493801126601 0.021131371551297563 0.016216033386094786
5 0.7355491598835096 0.49164953787193433 0.024420145861557073 0.01943196159934022
7 0.6057211397571216 0.5950663913954312 0.024174484396167806 0.01474446159934022
7 0.5564337907070612 0.6546627002500621 0.021049484396167807 0.014653533386094963
7 0.5530974287667021 0.6287450579301941 0.02277575870642732 0.01782399749271768
7 0.7422694713943273 0.5724365366182932 0.017678822930778538 0.00987510517284953
5 0.16731481626051617 0.3906119427947218 0.017842597241038004 0.01300010517284953
3 0.37978940355193147 0.6510877562016992 0.016607645861557073 0.019204641066226814
2 0.5459377832438295 0.42197222070403323 0.024420145861557073 0.01943196159934022
2 0.5497079144060654 0.3649637027573446 0.011510710085908293 0.011255748746358752
2 0.5147563822938898 0.3600345103583343 0.012991322930778537 0.009738712852981469
4 0.4059712025111347 0.4202469331613033 0.021049484396167627 0.014653533386094786
4 0.3750720053155253 0.517153025402029 0.01956887155129756 0.016170569279472247
4 0.34953973880718187 0.5265818496960661 0.014799484396167805 0.014471676959604097
2 0.23942775441101416 0.5374618622324785 0.021131371551297563 0.016216033386094963
2 0.32001817164215457 0.16423496239076302 0.024338258706427317 0.01786946159934022
4 0.33717469414339174 0.21011576372354654 0.011510710085908293 0.011255748746358752
2 0.398156459747224 0.22597409593514248 0.014553822930778537 0.009784176959604096
4 0.4058660611721335 0.3177440587881239 0.01956887155129756 0.016170569279472156
4 0.43153444651824097 0.36543741270733215 0.014553822930778537 0.009784176959604096
4 0.42112589100031694 0.34009643190766203 0.01471759724103805 0.012909176959604095
7 0.6812954291053864 0.4071321338735839 0.01315509724103805 0.01286371285298138
7 0.6081268447546472 0.5043731952354972 0.016198210085908292 0.011392141066226814
3 0.5385712613084191 0.5774637027573446 0.02565509724103805 0.013227425705962937
3 0.4874646212126132 0.2238780500126353 0.016607645861557073 0.019204641066226814
3 0.45736660617460795 0.4100057666265404 0.013400758706427141 0.01755121285298138
3 0.3281471749215149 0.2927918714036785 0.014799484396167805 0.014471676959604097
3 0.4919507253510562 0.24278717438581468 0.019650758706427317 0.017733069279472158
3 0.5306016310506942 0.6100943463308539 0.022611984396167628 0.014698997492717681
3 0.5904148015611951 0.3645832695295343 0.02409259724103805 0.013181961599340219
3 0.6443365824301752 0.6196632261143096 0.026146420171816585 0.022602425705962936
3 0.6895970092722542 0.2039389377136498 0.024174484396167806 0.01474446159934022
7 0.7971694125970431 0.42067545981697363 0.020885710085908293 0.011528533386094964
3 0.5269200310961228 0.6952733283841652 0.021295145861557074 0.019341033386094962