3 0.19210426687382637 0.7946790746740409 0.025063632513557275 0.011373876623205348
3 0.19474293266306683 0.7111398717519415 0.0157159035907962 0.015897735389503433
3 0.21460545988862573 0.6341506777582959 0.02508181323171659 0.014498876623205348
3 0.22288559250037893 0.5803944322225227 0.02354658430895542 0.019159103084255235
3 0.27947648096586464 0.6399700296247349 0.01573408430895542 0.019022735389503255
3 0.30897814948557956 0.7428183400953163 0.025063632513557366 0.011373876623205348
3 0.2804981046006273 0.5470285531636854 0.02508181323171659 0.014498876623205348
3 0.37428498691779294 0.6892763287312306 0.02041249394987581 0.0175420560063543
3 0.37685547501393624 0.5940183758091312 0.02509999394987581 0.01762387662320535
3 0.3832731257760621 0.48867235673440773 0.025054542154477666 0.009811376623205349
3 0.3947964330558503 0.45528315827653537 0.028188632513557365 0.011428423701106106
3 0.41445494808296496 0.4774990775134146 0.01728749394987581 0.017487508928453722
3 0.4616940833269968 0.6751786469124497 0.014171584308955331 0.01899546185055314
3 0.524925336352059 0.6676894752399385 0.023501132513557364 0.011346603084255235
3 0.5000833758742579 0.4258741221556832 0.02508181323171659 0.014498876623205348
5 0.5036169211519936 0.36187980600305913 0.023482951795398145 0.008221603084255059
3 0.6049991766129426 0.7354866757264057 0.02353749394987581 0.017596603084255057
3 0.6189116856881289 0.7099508875769589 0.014171584308955331 0.01899546185055314
3 0.4916457246211528 0.8553707073830308 0.02195681323171659 0.014444329545304769
3 0.5610360740554187 0.8323656298663209 0.020430674668034852 0.020667056006354302
3 0.6030872186692244 0.8096645154179802 0.025063632513557366 0.011373876623205348
4 0.4110072403356385 0.42197578043551387 0.014098861436318444 0.006495461850553141
4 0.4867890112164856 0.5576599103051303 0.011028403590796288 0.015815914772652383
4 0.46616795988862575 0.6385417175293007 0.006304542154477666 0.009484094155801337
4 0.45640259532904925 0.7055519395261234 0.015652271077238922 0.004960235389503254
2 0.4207741675377563 0.7580496481302657 0.009429542154477666 0.009538641233702095
4 0.23029811670087574 0.5117807999172744 0.015752265027114642 0.02214773538950343
4 0.10889074931262895 0.4557608506486231 0.015670451795398055 0.008085235389503254
4 0.7351952158405541 0.6908890162287591 0.02041249394987581 0.0175420560063543
3 0.1188742824901162 0.4262506286518003 0.015697722872636977 0.012772735389503432
3 0.4079373033709633 0.5656575965881381 0.021938632513557366 0.011319329545304768
3 0.43267472471934865 0.7895041996723932 0.021938632513557366 0.011319329545304768
3 0.4310248245463981 0.5059104496723931 0.018822722872636886 0.012827282467404189
3 0.5722457639469601 0.7450701814084486 0.020394313231716588 0.0144170560063543
3 0.5662861345566608 0.6605997240221224 0.02666249394987581 0.017651150162155814
3 0.5421860801055429 0.8148508473989169 0.02666249394987581 0.017651150162155814
3 0.434255926318355 0.9270178364418683 0.026617042154477667 0.009838650162155816
7 0.21538164382823882 0.49902170129724627 0.012536361436318444 0.006468188311602674
3 0.5426117643397437 0.48520425770734243 0.018840903590796286 0.01595228246740401
3 0.6760111133812261 0.7226651217486462 0.01883181323171641 0.014389782467404189
3 0.7148231076256895 0.5460168469918798 0.02195681323171641 0.014444329545304769
3 0.6594998033709633 0.5700486363591428 0.014171584308955331 0.01899546185055314
3 0.6345275953290492 0.7086611229664621 0.01883181323171641 0.014389782467404189
3 0.3455974264165509 0.8606331314911742 0.01728749394987581 0.017487508928454076
3 0.3351002879510652 0.8018621034879969 0.021920451795398144 0.008194329545304769
3 0.39734121271729606 0.7584217950460105 0.01728749394987581 0.017487508928453722
2 0.23264589099956848 0.3782415969951751 0.012581813231716588 0.014280688311602674
3 0.4738713755796704 0.6199280852240523 0.011028403590796288 0.015815914772652383
7 0.2827338120533662 0.7970421899331604 0.012572722872636976 0.012718188311602674
3 0.45319123691779295 0.6906536424482227 0.02194772287263689 0.012881829545304768
3 0.479416872751 0.4989434293798537 0.025054542154477666 0.009811376623205349
3 0.46907881556940756 0.4675161513766765 0.018831813231716586 0.014389782467404189
3 0.5507106106507516 0.5345593754020942 0.012609084308955331 0.018968188311602675
3 0.7190980380492611 0.7437276440697806 0.026607951795397967 0.008276150162155816
3 0.600970727646215 0.8486861051095547 0.02194772287263689 0.012881829545304768
3 0.5800269685710286 0.8740991623337251 0.023501132513557364 0.011346603084255235
3 0.7559253514773694 0.6287572090045886 0.018831813231716586 0.014389782467404189
3 0.6243309595940382 0.8358139581938098 0.018804542154477667 0.009702282467404188
3 0.4988082639469601 0.7437883250777826 0.02508181323171659 0.014498876623205348
3 0.5934031464605175 0.7563758741842782 0.021929542154477667 0.009756829545304768