5 0.246875 0.18359375 0.009375 0.0203125
3 0.29921875 0.265625 0.0078125 0.02734375
5 0.2734375 0.2015625 0.0125 0.0171875
5 0.515625 0.14921875 0.01328125 0.01328125
5 0.628125 0.075 0.00859375 0.01953125
5 0.65546875 0.07109375 0.0078125 0.01796875
5 0.57421875 0.1734375 0.01015625 0.0140625
3 0.71640625 0.11953125 0.01484375 0.02265625
3 0.73046875 0.27734375 0.01015625 0.0265625
3 0.61328125 0.2296875 0.01796875 0.0125
3 0.39375 0.45625 0.01171875 0.02421875
3 0.41484375 0.44140625 0.01953125 0.0140625
5 0.44375 0.50625 0.00703125 0.02265625
5 0.475 0.5171875 0.00859375 0.021875
5 0.49921875 0.50078125 0.01484375 0.009375
5 0.4859375 0.53359375 0.009375 0.01875
3 0.42578125 0.52578125 0.0171875 0.01796875
5 0.60625 0.484375 0.00703125 0.02109375
5 0.4734375 0.62109375 0.01328125 0.015625
5 0.4859375 0.65625 0.01015625 0.0203125
5 0.4859375 0.6046875 0.01171875 0.01640625
5 0.41484375 0.6375 0.0078125 0.02421875
3 0.49921875 0.596875 0.00859375 0.0265625
3 0.425 0.64921875 0.009375 0.02421875
5 0.6515625 0.3640625 0.0078125 0.021875
5 0.615625 0.3515625 0.0078125 0.02109375
5 0.3671875 0.2703125 0.009375 0.01875
5 0.27265625 0.353125 0.0078125 0.01796875
5 0.3625 0.584375 0.0125 0.0125
5 0.265625 0.59140625 0.01484375 0.009375
5 0.3734375 0.65546875 0.00859375 0.02109375
5 0.553125 0.60859375 0.01015625 0.02265625
3 0.32734375 0.62265625 0.01796875 0.0203125
5 0.5359375 0.4421875 0.01171875 0.0125
5 0.4578125 0.27109375 0.0109375 0.0171875
3 0.16953125 0.32578125 0.01328125 0.01796875
3 0.17109375 0.309375 0.01796875 0.009375
5 0.559375 0.2296875 0.01171875 0.0171875
5 0.453125 0.7171875 0.009375 0.0171875
5 0.546875 0.65390625 0.01171875 0.0140625
5 0.5109375 0.63125 0.01015625 0.0171875
3 0.67265625 0.42421875 0.01875 0.01875
3 0.7890625 0.328125 0.0109375 0.025
5 0.15703125 0.4328125 0.0078125 0.01640625
3 0.365625 0.2140625 0.01015625 0.02265625
3 0.32109375 0.29375 0.00546875 0.0234375
3 0.25390625 0.31484375 0.01796875 0.01171875
3 0.171875 0.39609375 0.01171875 0.02109375
3 0.2109375 0.65 0.01015625 0.01875
3 0.22734375 0.61484375 0.00625 0.028125
3 0.75 0.1359375 0.00625 0.02265625
3 0.71953125 0.14375 0.0109375 0.0203125
3 0.73046875 0.1921875 0.01484375 0.01171875
3 0.72109375 0.25390625 0.01015625 0.0234375
3 0.50625 0.309375 0.021875 0.01171875
3 0.515625 0.359375 0.0109375 0.02109375
3 0.61171875 0.32109375 0.01796875 0.00859375
3 0.584375 0.1625 0.0078125 0.02265625
3 0.5671875 0.1515625 0.01484375 0.0140625
3 0.1234375 0.159375 0.00703125 0.01953125
3 0.6765625 0.57578125 0.015625 0.0140625
3 0.69140625 0.4984375 0.01171875 0.0203125
3 0.76875 0.4953125 0.01015625 0.02109375