5 0.8400988702535409 0.9103402199616373 0.015879573138263936 0.011210235389503253
5 0.9428439701772909 0.8277243632239344 0.015879573138263936 0.011210235389503253
4 0.556099957162604 0.25121108725264724 0.020603440729444422 0.012854556006354389
4 0.5686012635833679 0.1842145020252996 0.01740570554708327 0.00967500892845372
5 0.861314787234722 0.2338731773479635 0.018931837955902607 0.0081397824674041
2 0.795087762349097 0.3593310990204747 0.023837543502986235 0.017596603084255057
2 0.7435791605254858 0.3896947090045887 0.012681837955902785 0.008030688311602674
4 0.536216682942569 0.6017877857105197 0.017369337955902786 0.008112508928453721
4 0.5038243698722913 0.482424131084137 0.015806837955902785 0.008085235389503431
2 0.3164685338162495 0.5401160799490465 0.017369337955902786 0.008112508928453721
2 0.2666308815557981 0.599426850241586 0.01591594072944442 0.012772735389503253
4 0.23182404293430525 0.38232512499835236 0.017369337955902786 0.008112508928453721
7 0.8167776583412841 0.5355623624131554 0.0143534407294446 0.012745461850553141
4 0.7379960820688882 0.6631458457740639 0.015843205547083274 0.00964773538950343
4 0.570642315067048 0.8016883741842783 0.023764808320624907 0.014471603084255236