5 0.29664194860070947 0.4467875998270493 0.016397889812585564 0.026653403590796286
5 0.40093595816762095 0.6743444523845733 0.014653533386094786 0.02039431323171641
5 0.6325269389672911 0.6847178292407898 0.01474446159934022 0.023519313231716587
5 0.5907773596586889 0.7537223592950191 0.014789925705962936 0.02508181323171641
5 0.55071464931299 0.7195746182720096 0.019295569279472246 0.01885908430895533
3 0.2291756522824909 0.38388814490839335 0.01800585391920828 0.02822499394987581
3 0.529786035364652 0.779081428478664 0.022511497492717504 0.02200226502711473
3 0.46873252658916326 0.8560120880213885 0.0193864974927175 0.02198408430895533
3 0.6250172819994397 0.963714982831586 0.013091033386094963 0.020385222872636888
5 0.5239345036279097 0.9002297206331417 0.016216033386094963 0.020403403590795934
1 0.28919579077492824 0.8890932744950844 0.03082410266556703 0.0392352168225127