5 0.6384555294650541 0.44761410961048664 0.01415340359079611 0.015952308320625087
5 0.6534856318261862 0.47999085172670186 0.006368174668035032 0.0204579703647223
5 0.29591402634179614 0.5130689233463543 0.009465903590796198 0.015843205547083274
5 0.33490484523085345 0.7701917455346878 0.012581813231716588 0.0143534407294446
0 0.3288259994108248 0.3966633265567364 0.05962953005422929 0.04513196846486123
6 0.32324309904148246 0.24264797378319472 0.034647710772388506 0.0476750870059723
2 0.3957948099120669 0.2263703167730906 0.018822722872636886 0.012936411094166721
6 0.4948055234149299 0.46145579122187536 0.05354315651766246 0.07311149810013902
2 0.5765151074292978 0.676609972167674 0.04554884933607006 0.041679660144236054
7 0.5436788397699044 0.40322637034406295 0.007921584308955332 0.018931837955902787
2 0.3784730380492611 0.7399600380877434 0.01728749394987581 0.017587543502986237
7 0.40845142953980884 0.7906510223201739 0.009484084308955332 0.01896820554708345
2 0.26049013162979456 0.6005137187492016 0.02198408430895542 0.01925914627652787
2 0.24939809552544104 0.5736966456109377 0.0220477168225127 0.03019664627652787
7 0.30242660499341084 0.28981326130225715 0.006359084308955332 0.0188954703647223
2 0.5580640475172308 0.45902242866468795 0.015743174668035032 0.020676175911805574
2 0.5807162732185382 0.5931253249412158 0.009502265027114732 0.022093205547083272
2 0.6522786975919856 0.8096056165443407 0.029887487899751618 0.03506598423243048
2 0.4770974112912404 0.9086392625365282 0.031395445745273774 0.025727351823611144
7 0.40132875506816557 0.6405055519554518 0.015697722872636887 0.012863675911805572
7 0.6114566922292324 0.37199586056041717 0.012590903590796287 0.01591594072944442
6 0.6801572161351417 0.49935910077677137 0.0220568071815924 0.03175914627652787
6 0.4594588967551051 0.5621818366247225 0.01729658430895533 0.019150043502986235
2 0.5582565077004442 0.894905377277917 0.012618174668035031 0.0206034407294446
2 0.5854548119551704 0.8705418101235768 0.015734084308955332 0.019113675911805572
1 0.36543670686356367 0.647481597358299 0.009429542154477666 0.009593205547083272
1 0.14596908937712097 0.6533094507974306 0.014198855386194253 0.023764808320624907
2 0.15915891490547768 0.5036367591180557 0.00948408430895542 0.018968205547083273
2 0.12483443276126269 0.6457872383164931 0.00948408430895542 0.018968205547083273
2 0.19290213494944425 0.3958430961240279 0.012572722872636933 0.012790940729444422
2 0.20933513514583596 0.26655563962701406 0.011046584308955332 0.019004573138263935
2 0.7123253424021831 0.6578989526003826 0.012636355386194254 0.02372844072944442