7 0.5021041574266325 0.47565469819375067 0.01608002630835923 0.008358137023308565
7 0.5439114968044667 0.575180983040141 0.013137036831702887 0.011374009618646852
7 0.4735534941736308 0.5768550996450295 0.01608002630835923 0.008358137023308565
7 0.5808430784309675 0.5237896086307042 0.014699536831702886 0.01142857332097762
5 0.5019746257860142 0.5406348574495778 0.015154563140062294 0.01924107332097762
5 0.603019728247441 0.7163764127143881 0.01800654735504672 0.014662700725639511
5 0.5326540203408158 0.7313590611704421 0.020949536831702885 0.011646828130301046
7 0.7374291944700969 0.25528760137431006 0.014790542093374803 0.012991073320977709
7 0.7320962233387049 0.3384547654394606 0.021040542093374803 0.013209328130301134
7 0.5780009865634718 0.27338038086322275 0.017642526308359406 0.008412700725639422
5 0.6251189102692299 0.24903265609096623 0.020858531570031147 0.010084328130301135
5 0.597873870806691 0.23824148903059078 0.019296031570031145 0.010029764427970277
5 0.6497016813159173 0.254436918704838 0.008540542093374803 0.012772818511654283
7 0.6626574366481763 0.18118046797919854 0.01644404735504672 0.014608137023308565
5 0.3579824311041558 0.48773309065935494 0.024438557878390377 0.018005955534962936
5 0.332633820609047 0.4557390461943177 0.017824536831702886 0.011537700725639333
5 0.30211186270242174 0.4693303202409348 0.020858531570031057 0.010084328130301046
5 0.2969546548663837 0.40766613394326556 0.01800654735504672 0.014662700725639511
5 0.34213835224966516 0.3904315047245054 0.020858531570031147 0.010084328130301135
5 0.27467783646464966 0.3880902439247322 0.021040542093374803 0.013209328130301045
5 0.40897578370675686 0.5164830840359329 0.02122255261671846 0.016334328130301046
5 0.2994180441595134 0.5978099843060853 0.015063557878390376 0.01767857332097762
5 0.4676212835655825 0.6631745455613455 0.017733531570031148 0.00997520072563951
5 0.6005955943571575 0.37905746198874873 0.022512036831702886 0.011701391832631991
7 0.6767184786003767 0.341954276872206 0.014608531570031147 0.00986607332097771
7 0.6320430154320797 0.3544741242398008 0.008358531570031146 0.009647818511654282
7 0.44527178654935423 0.29288932741251095 0.021040542093374803 0.013209328130301134
5 0.46603931285771355 0.2999924992822098 0.017733531570031148 0.009975200725639422
5 0.41258736014217307 0.39031988811961693 0.01800654735504672 0.01466270072563942
7 0.15242965209437345 0.5606696267716895 0.017733531570031057 0.00997520072563951
5 0.401208057313693 0.5981695936545798 0.016262036831702888 0.011483137023308564
5 0.3239028336926394 0.53432783766413 0.01809755261671846 0.01622520072563951
5 0.8389139126883043 0.4654587203414513 0.01800654735504672 0.014662700725639511
2 0.7329600443006876 0.4339309565464532 0.04557010523343692 0.03277778366526398
7 0.49600753391851826 0.29033475708675816 0.016262036831702888 0.011483137023308564
7 0.7477513154179622 0.3653074421184829 0.011574536831702887 0.011319445916315996
7 0.7554427180770331 0.33607380990449776 0.011574536831702887 0.011319445916315996
2 0.7744356417827912 0.3127082317741966 0.017824536831702886 0.011537700725639422
7 0.6818742283886152 0.5648833453838603 0.01295502630835923 0.008249009618646852
7 0.7172278994635375 0.5401635983790851 0.009921031570031148 0.00970238221398514
7 0.5904246628294787 0.3253967486492376 0.01139252630835923 0.008194445916315907
7 0.590038984003223 0.19780746198874874 0.015989021046687313 0.006795637023308565