3 0.7440624801297341 0.11712792532478929 0.011810519237293704 0.025445668973360737
3 0.6600049386599218 0.13381535962118923 0.017733137023308566 0.016325336958138294
3 0.5847494783156355 0.16652704194042284 0.014990082939624472 0.027135502965749493
3 0.5318873731434925 0.18350363631293493 0.019568455534962937 0.024201503954332716
3 0.5950396483712359 0.22929895597086772 0.020858137023308566 0.016452670950527094
3 0.6991542294967619 0.24143951722584345 0.011810519237293704 0.025445668973360737
3 0.5023883569014236 0.2463365587463368 0.014990082939624472 0.02713550296574958
3 0.6505505491895425 0.315192693613578 0.017896828130301044 0.021012836958138336
3 0.5563094758685649 0.3330752133852415 0.018060519237293703 0.025700336958138337
3 0.45169389773826374 0.35762156863216854 0.010248019237293704 0.025382001977166356
3 0.4190897288637897 0.37533299205415355 0.011919646641955417 0.028570668973360823
3 0.4427355599893158 0.3907524036131405 0.017787700725639333 0.017887836958138337
3 0.6427529181566838 0.40444619460216114 0.02080357332097762 0.014890170950527092
3 0.6397618382122842 0.4677592781002584 0.011755955534962937 0.023883168973360826
3 0.3973288015517953 0.48465891251038906 0.01499008293962456 0.02713550296574958
5 0.3336656056354793 0.4981749258562619 0.008630955534962848 0.02375583498097189
3 0.7130604397562301 0.5357651787848303 0.018005955534962936 0.024137836958138335
3 0.6882142071794254 0.5547207672258435 0.02080357332097762 0.014890170950527092
3 0.8253471633473604 0.4032471560474174 0.014880955534962936 0.02401050296574958
3 0.8064309830401409 0.4757906595074585 0.021021828130301047 0.021140170950527094
3 0.7868798856725462 0.521835329963694 0.011810519237293704 0.025445668973360824
4 0.38713040073348864 0.3969188319780414 0.008303573320977708 0.01438083498097198
4 0.5280802937472469 0.4489058018262545 0.016006945916316084 0.01157416996194378
4 0.6064880359426986 0.4152855355146322 0.009593254809323427 0.006632001977166268
4 0.6735490503706689 0.3938296881763706 0.005233137023308565 0.015816000988583136
2 0.722678520333602 0.3497003447924416 0.00970238221398514 0.009757001977166358
4 0.46412695426901845 0.20264756714929377 0.023983137023308565 0.01658000494291585
4 0.4001413545391709 0.0913545814837498 0.008358137023308565 0.015943334980971956
4 0.6778446476534457 0.672944185210621 0.017896828130301044 0.021012836958138336
3 0.3707440312181932 0.10659492091334606 0.013045637023308566 0.016134335969555113
3 0.5300817925661205 0.36925013532435175 0.011701391832631991 0.022320668973360734
3 0.7552182018219478 0.3561758378723594 0.011701391832631991 0.022320668973360734
3 0.47198655037066894 0.40204273068544705 0.013154764427970278 0.019259335969555202
3 0.7212648093563436 0.5018849273019557 0.01482639183263199 0.02244800296574958
3 0.6359448682493511 0.51004227859455 0.018115082939624473 0.027262836958138338
3 0.7874726519146149 0.46018024695988835 0.018115082939624473 0.027262836958138338
3 0.8932911206964217 0.33416689220725293 0.008740082939624472 0.02688083498097198
7 0.45052824573883077 0.1899393201150433 0.008249009618646852 0.01281833498097198
3 0.4594096501005165 0.5164553991645162 0.016334328130301046 0.02094916996194396
3 0.7050544775978453 0.6086442632715107 0.014771828130301045 0.02088550296574958
3 0.5318327432069421 0.6765532993547966 0.014880955534962936 0.02401050296574958
3 0.5518203501931837 0.6180086288985611 0.02080357332097762 0.014890170950527092
3 0.6884498201561169 0.5703139337277463 0.014771828130301045 0.02088550296574958
3 0.81948408766413 0.2583803250207781 0.01778770072563951 0.017887836958138337
3 0.7602454969199571 0.256893420876165 0.00857639183263199 0.02219333498097189
3 0.7211532258685649 0.3263583452867332 0.01778770072563951 0.017887836958138337
2 0.33063240798988275 0.22759051182581702 0.016116073320977708 0.014699169961943958
3 0.5897544037287135 0.4253290389746732 0.016006945916316084 0.01157416996194378
7 0.75186256724571 0.20652600635142856 0.01455357332097762 0.014635502965749581
3 0.6571973640729998 0.3929356916364116 0.013263891832631991 0.022384335969555202
3 0.468705293747247 0.45132514768164145 0.010248019237293704 0.02538200197716627
3 0.4368922985565703 0.44638032110362647 0.014771828130301045 0.02088550296574958
3 0.5085738363981857 0.5160123887843928 0.019186509618646853 0.013264003954332715
3 0.7294443531884086 0.6474375078343033 0.008740082939624472 0.026880834980972067
3 0.8254339541842004 0.5124629885569314 0.013263891832632168 0.022384335969555025
3 0.8489086597191633 0.4881023171121127 0.011755955534962937 0.023883168973360826
3 0.6174875010114903 0.703488531066008 0.014771828130301045 0.02088550296574958
3 0.8136234349469067 0.537908657530292 0.010029764427970277 0.019132001977166267
3 0.7136730533658937 0.4288612627772192 0.014990082939624472 0.02713550296574958
3 0.7330827630772079 0.5209068413324005 0.010138891832631992 0.02225700197716627