3 0.5656618823171655 0.1307656156694521 0.018840903590796286 0.0159522824674041
3 0.3918380420562818 0.06738672849293983 0.012618174668035031 0.020530688311602718
3 0.4154215086824028 0.22636626217815992 0.0063954457452737755 0.025109094155801336
5 0.3825317406302261 0.213657756496117 0.015734084308955332 0.019022735389503432
3 0.452163505460949 0.36402022078230206 0.012627265027114731 0.022093188311602674
7 0.3372606681269315 0.3558685758951521 0.006377265027114642 0.021984094155801336
7 0.6389595235131258 0.37404228287773644 0.0063772650271147315 0.021984094155801336
7 0.5806657553627531 0.4266275405883742 0.0063227228726368875 0.012609094155801337
7 0.6791441619786115 0.43194055763450284 0.004778403590796287 0.015706820616851046
7 0.7052612343837101 0.35491440747234704 0.006359084308955332 0.018859094155801337
3 0.6708549390077787 0.48443431209872967 0.015734084308955332 0.019022735389503255
7 0.4583100080932276 0.614719650165451 0.009502265027114732 0.022038641233702094
3 0.6300941045024315 0.5960945608809137 0.015752265027114732 0.022147735389503254
7 0.6161588695295461 0.6182150227314667 0.00791249394987581 0.017323867694751627
5 0.49751340865896176 0.6382565616916926 0.012645445745273775 0.025218188311602673
3 0.3233264749157404 0.6467663112846556 0.009529536104353475 0.026726141233702094
5 0.32607474589478336 0.71625665097623 0.007948855386194253 0.023573867694751626
5 0.7163139265147468 0.7774206530081201 0.009484084308955332 0.018913641233702094
3 0.5206605380492612 0.7222360953769126 0.011101126463433175 0.028315914772652384
7 0.43874343841860347 0.8775878429412807 0.012590903590796287 0.015843188311602675
7 0.49049631507842834 0.7751116793864442 0.009465903590796288 0.015788641233702095
5 0.48549117339148873 0.8548946367727706 0.009502265027114732 0.022038641233702094
3 0.6185582034457181 0.8963263859619914 0.01884999394987581 0.017514782467404188
7 0.7130712727275588 0.8915513368554959 0.00789431323171641 0.014198867694751626
7 0.7006621763183551 0.9073945251670988 0.009447722872636889 0.012663641233702094
5 0.3769201492891878 0.860696397729819 0.011028403590796109 0.015815914772652206
5 0.224443026439992 0.4375334074690517 0.00948408430895542 0.018913641233702094
5 0.6029674813586481 0.3652945742735943 0.011037493949875809 0.017378414772652385
5 0.6712594599868217 0.5539655620987297 0.015697722872636887 0.012772735389503253
7 0.7745349717924824 0.7123353952974825 0.009465903590796288 0.015788641233702095
3 0.618012261020094 0.6681877491925163 0.0063954457452737755 0.025109094155801336
3 0.620592360356164 0.7087718388840909 0.011092036104353654 0.026753414772652383
5 0.6567707548717738 0.7495507974882332 0.012572722872636888 0.012718188311602674
5 0.35046465007475475 0.3423555008140742 0.01104658430895542 0.018940914772652383
2 0.6113885145361353 0.3354570698093674 0.012609084308955331 0.018968188311602675
7 0.7305890081914235 0.5451166676186168 0.012554542154477665 0.009593188311602673
4 0.6368844599868216 0.5545655799556372 0.007921584308955332 0.018886367694751625
4 0.27132309250037895 0.5718850880700167 0.018822722872636977 0.012827282467404189
4 0.6822479987234538 0.8311456708650276 0.015743174668035032 0.020585235389503253
4 0.6468508542078439 0.7903530754914103 0.012554542154477665 0.009593188311602673
2 0.6770857165279252 0.21242294440397796 0.01580680718159222 0.03152273538950343
3 0.7704498971478885 0.27876891883643273 0.01726931323171659 0.014362508928453721
3 0.5486067134046672 0.28811051136738103 0.017242042154477666 0.00967500892845372
2 0.5736385296614458 0.29314288474417555 0.012609084308955331 0.018968188311602675
2 0.521907858018473 0.2651366615295368 0.018931807181592396 0.0315772824674041
3 0.5002510266363837 0.3030184910748416 0.015697722872636887 0.012772735389503432
4 0.5842215056573407 0.2320144699715232 0.006340903590796287 0.015734094155801338
2 0.550819694959707 0.5341906245979058 0.01570681323171641 0.014335235389503431
3 0.48439228170454934 0.9346094103117208 0.007957945745273776 0.025136367694751627
3 0.8283810926967707 0.4324609346647453 0.012590903590796287 0.015843188311602675
3 0.7928259086589617 0.6331018628300783 0.011028403590796288 0.015815914772652383
7 0.6564627244247611 0.9652030710271834 0.009465903590796288 0.015788641233702095
7 0.6593922817045493 0.9315547739492829 0.0063227228726368875 0.01260909415580116
7 0.5391661401158057 0.9484985864484589 0.012572722872636888 0.012718188311602674
3 0.7186127456001958 0.9039558794691697 0.015679542154477664 0.009647735389503254