2 0.599056543431024 0.8125048790491242 0.04401362041330899 0.04684028366526398
4 0.40512279547412744 0.17956343739397748 0.015743174668035032 0.020858137023308566
4 0.6810615641154794 0.5456323483790851 0.009484084308955332 0.01907738221398514
2 0.39715770014507806 0.8773560966498046 0.017342036104353475 0.027162700725639154
2 0.26700413017586627 0.4249627613479274 0.03144089754067192 0.03390377404661713
2 0.21559616628021977 0.40020086352484563 0.023601126463433174 0.028943455534962935
2 0.19950807884800642 0.3460862823993196 0.023601126463433087 0.028943455534962848
2 0.5730960906536673 0.1729165893934105 0.03776362041330898 0.04662202885594056
2 0.5677404492613153 0.28792403050040305 0.026717036104353477 0.02749008293962447
2 0.5545728287498106 0.26885657197021534 0.032957945745273776 0.0261458377489479
2 0.6117126421779189 0.38246271498397366 0.026735216822512696 0.03061508293962456
2 0.5905461693052819 0.39569932496544025 0.020457945745273775 0.025709328130301135
2 0.5778689073032293 0.426604584584087 0.02518180718159222 0.0321230192372937
2 0.5576018590986275 0.4195014127143882 0.028279536104353475 0.02754464664195542
2 0.5583058410464506 0.4327553808632228 0.015779536104353654 0.027108137023308564
2 0.5067069796101322 0.44080598304014096 0.025181807181592398 0.0321230192372937
2 0.49959846155795545 0.45433276970062986 0.022038626463433176 0.02888889183263199
2 0.5355718021134268 0.5811755226958548 0.014198855386194253 0.02392857332097762
2 0.4654173416356258 0.8249825755984125 0.03145907825883114 0.03702877404661713
1 0.4620757356602564 0.45954854855657035 0.02049430718159222 0.03195932813030104