7 0.5292439035916316 0.3820177805935943 0.013045513867708358 0.023582950668363623
7 0.31636008425308987 0.5016506699554566 0.013045513867708358 0.023582950668363623
4 0.34047299753145804 0.3381330626193658 0.022384146276527784 0.022129538669636163
4 0.473740745631597 0.2834717399347757 0.014535278685347208 0.020476132001908988
4 0.28102591555947887 0.3083642939608654 0.01773301386770836 0.023637494668999892
4 0.2578202324294787 0.533573379296638 0.019259146276527785 0.022093176002545435
4 0.3188122838162496 0.5305205572883657 0.02554551386770836 0.023728401336727066
7 0.4339093005337495 0.5854160479392301 0.014462543502986059 0.017351132001908985
4 0.6794237819163885 0.47321385057291343 0.015988675911805573 0.01580681333545435
4 0.4566422049784024 0.3805194626034575 0.015988675911805573 0.015806813335454438
4 0.42377450038124964 0.416829679941139 0.023983013867708357 0.023710220003181702
3 0.7096677942654853 0.8180809079010501 0.020821646276527873 0.022111357336090976