5 0.26551341651222127 0.16974422986402757 0.013100200725639421 0.017478440729444423
5 0.3257812831171098 0.23871112899034697 0.016225200725639422 0.01755117591180557
5 0.36631202467958934 0.14550533643729135 0.01767857332097762 0.014462543502986147
5 0.34748017912609297 0.14359799753145802 0.017624009618646852 0.012900043502986147
5 0.37827136605673434 0.26407349848138856 0.013100200725639421 0.017478440729444423
5 0.42614587086605776 0.26921428695038163 0.014499009618646853 0.012827308320624998
5 0.31866320916315993 0.10204693037711779 0.011646828130301134 0.020567073138263937
7 0.274841287293461 0.12339590672576368 0.009975200725639422 0.01740570554708336
5 0.23477928248413762 0.11807328030086786 0.014499009618646853 0.012827308320624998
5 0.2814434621583848 0.0661646349742706 0.014499009618646853 0.012827308320625019
5 0.48705854509800933 0.08796298052961765 0.01627976442797028 0.019113675911805572
5 0.4397123191446264 0.12034037585621493 0.010084328130301046 0.02053070554708336
5 0.4574107398331989 0.17935169994440936 0.01455357332097762 0.014389808320624997
5 0.45449158175849824 0.09575794994440935 0.01455357332097762 0.01438980832062502
5 0.527616601628764 0.24183220972805514 0.013154764427970278 0.01904094072944442
5 0.5535144135169964 0.1997895268823954 0.01638889183263199 0.02223867591180557
5 0.47064734981466555 0.2001545092149649 0.00830357332097762 0.014244337955902787
7 0.4701959712288774 0.276789744397326 0.014444445916316084 0.011264808320624996
5 0.32617564191745 0.33956511417270807 0.016170637023308565 0.015988675911805573
5 0.37591274708959316 0.3532632850505205 0.013100200725639333 0.017478440729444423
5 0.3958259430059091 0.3637461901607636 0.01767857332097771 0.014462543502986147
3 0.34256453375008195 0.3610764382609025 0.01800595553496276 0.02383754350298615
5 0.2732688967267734 0.347051612272847 0.01482639183263199 0.022202308320624996
5 0.3236086918247828 0.4451793345374303 0.011646828130301134 0.020567073138263937
5 0.36232645144342956 0.4567883285535066 0.014499009618646853 0.012827308320624908
5 0.37733389255042216 0.46113033643729134 0.014499009618646853 0.012827308320624908
5 0.43661712331312846 0.4347301841768399 0.013154764427970278 0.0190409407294446
5 0.41401294781523257 0.3695779628621872 0.016170637023308565 0.015988675911805573
5 0.4665129544386545 0.4176147661488191 0.01310020072563951 0.017478440729444423
5 0.5099082903735039 0.4064402235957635 0.016170637023308388 0.015988675911805573
5 0.5600347759455337 0.3865082768823954 0.01655258293962447 0.026926175911805572
5 0.35354421768549843 0.5187616516917706 0.013045637023308566 0.01591594072944442
3 0.38257944245775494 0.5665627188461109 0.014990082939624472 0.02688980832062491
4 0.4252555265785059 0.512401242497465 0.01310020072563951 0.0174784407294446
3 0.4681225836574148 0.4637085161488191 0.014990082939624472 0.026889808320625087
5 0.2568056269413256 0.5249226923449651 0.013100200725639421 0.0174784407294446
5 0.2294098024392215 0.5912386765773957 0.011646828130301134 0.020567073138263937
5 0.35028035234655425 0.6939798572388539 0.011701391832631991 0.022129573138263935
5 0.3269767724021546 0.6311895697197913 0.014880955534962848 0.023764808320624907
7 0.6262574543538365 0.08863251491454809 0.01310020072563951 0.017478440729444468
2 0.512058611332229 0.5799686425737148 0.019568455534962937 0.023873911094166544
2 0.5789013709508758 0.5909230199485412 0.017842264427970277 0.019150043502986235
2 0.21232150616008577 0.5720892862847915 0.014553573320977708 0.014389808320624909
2 0.243013456252753 0.4658204492788192 0.01800595553496276 0.023837543502986235
2 0.25296880961079765 0.4374408761405554 0.016170637023308565 0.015988675911805573
2 0.2663095685964723 0.3268845826375692 0.022638891832631992 0.02238414627652787
2 0.20766374409436822 0.39392791869361093 0.01638889183263199 0.02223867591180557
2 0.22503229336872882 0.37632219139503453 0.014880955534962848 0.023764808320624997
2 0.15934280598260056 0.35361269642902765 0.01800595553496285 0.02383754350298606
2 0.2730506088003402 0.09450784052135394 0.013100200725639421 0.017478440729444444
7 0.3278546706885725 0.05179235723885389 0.008303573320977708 0.014244337955902787
2 0.5474281377410988 0.45091626899861065 0.016334328130301046 0.020676175911805574
2 0.509645395545647 0.42130215739135374 0.01455357332097762 0.014389808320625086
2 0.34927337993655044 0.48602188687413167 0.01811508293962456 0.026962543502986235
2 0.32958092802978467 0.5490310331506595 0.008303573320977708 0.014244337955902787
3 0.22377238293177532 0.45219436037298594 0.016170637023308565 0.015988675911805573
3 0.27885918701545936 0.43996581088607617 0.01940476442797028 0.019186411094166723
3 0.3824107729503088 0.42739111607256913 0.01800595553496285 0.02383754350298606
3 0.4984028498994835 0.5247726495075691 0.02091270072563951 0.017660278685347208
3 0.5065055596956156 0.7568038995075691 0.011810519237293704 0.025254573138263937
7 0.5123537664117048 0.7003720615516663 0.00830357332097762 0.014244337955902787
7 0.28571931142489615 0.4796822743169442 0.011374009618646852 0.012754573138263937
3 0.3922842476377473 0.15037402118281218 0.02074900961864685 0.012972778685347252