3 0.813315599047596 0.2570071042078439 0.022893844499482084 0.022002265027114644
5 0.812429495242489 0.32182812831014485 0.022384422249741222 0.011064765027114643
5 0.7781272698495949 0.3231906404103933 0.013227746071058633 0.015697722872636887
5 0.8253447181541839 0.28050823672140124 0.020894696856846907 0.012618174668035031
7 0.8866910947043699 0.4237951492891878 0.01769692224974122 0.011037493949875809
5 0.6827740744404901 0.2546855592246958 0.02543664764263518 0.009520445745273864
7 0.5877676354415261 0.21039468285945856 0.01918664764263518 0.00948408430895542
4 0.742016333746115 0.16833496876742032 0.03190497146395277 0.014244307181592353
3 0.7635553475998539 0.3121713271786767 0.016571069892376222 0.020403403590796197
3 0.6999894613297583 0.4063071465587133 0.03041524607105863 0.015797716822512697
3 0.781823812239381 0.4528645048717738 0.027363020678164495 0.017342036104353475
7 0.8552955454901582 0.4204883421075955 0.02082192224974122 0.011055674668035032
4 0.8470186267550737 0.544625278875879 0.026018844499482087 0.022020445745273953
4 0.8916804633966728 0.5979957185710286 0.022457196856846905 0.012627265027114731
7 0.8575965618250964 0.604045730671277 0.021040246071058633 0.015743174668035032
5 0.7699659751834972 0.5504253061014378 0.025582196856846907 0.012645445745273775
5 0.8053106238595896 0.6552900681034904 0.02423802067816432 0.017323855386194253
7 0.839124851733683 0.6937576704646226 0.021258569892376046 0.020430674668035033
5 0.6662501621155466 0.40298670383850155 0.024165246071058633 0.015761355386194255
7 0.42528475206691463 0.1930475806947181 0.015988873035529316 0.007903403590796198
5 0.45303307051154873 0.2689697312604522 0.021040246071058633 0.015743174668035032
3 0.4218922324222074 0.27113167407885985 0.027144696856846905 0.012654536104353475
4 0.40428520140496077 0.2452549753085239 0.02899829528527036 0.018913626463433177
4 0.39256214329940897 0.17801747833358597 0.03346747146395268 0.014253397540671963
4 0.3421768455329393 0.11914647238165763 0.027290246071058545 0.015779536104353474
5 0.28491446319178515 0.19769819837755254 0.020894696856846907 0.012618174668035031
5 0.31903906017246647 0.2595987555591449 0.024019696856846906 0.012636355386194254
7 0.27049239826180765 0.25697320442767674 0.024019696856846906 0.012636355386194254
7 0.257234727045524 0.3412482104778009 0.017769696856846907 0.01259999394987581
7 0.26807371960192594 0.22181240924813692 0.01471747146395277 0.014144313231716587
7 0.1706636803125116 0.37745335518980255 0.022457196856846818 0.012627265027114642
7 0.3457258004525568 0.49718965914994107 0.019259422249741042 0.011046584308955332
7 0.34403702191650953 0.5112385236113216 0.008613020678164407 0.017232951795397966
3 0.24897061683027627 0.3818141231437834 0.02118579528527027 0.01886817466803503
5 0.4260318846129566 0.5109345174630016 0.014863020678164317 0.01726931323171659
5 0.3779090618250963 0.6012549904338343 0.011738020678164495 0.017251132513557366
4 0.4594501602535198 0.6079776891059745 0.03041524607105863 0.015797716822512697
4 0.38470917948394207 0.6801794211519936 0.027290246071058632 0.015779536104353474
7 0.3640178438758003 0.7222351109453392 0.024165246071058633 0.015761355386194255
5 0.24168477150222473 0.6613834484757484 0.017696922249741044 0.011037493949875809
5 0.1937781184829061 0.7228067618056608 0.016352746071058542 0.015715903590796287
7 0.39387447187372826 0.809885101870153 0.024165246071058633 0.015761355386194255
7 0.4106060535529287 0.7834271409995684 0.021040246071058633 0.015743174668035032
3 0.3178920146777992 0.7883550146343312 0.028707196856846907 0.012663626463433175
7 0.3806829973094037 0.5098896470496926 0.024019696856846906 0.012636355386194254
7 0.3749788068626976 0.5215720356133742 0.01762414764263518 0.00947499394987581
7 0.104788277293193 0.43877212939029936 0.020749147642635135 0.009493174668035032
7 0.0781337320079227 0.41987213846548566 0.02089469685684686 0.012618174668035031
4 0.1599874693925289 0.7686914335468297 0.017988020678164407 0.01728749394987581
7 0.539910409839235 0.7591861859827166 0.024165246071058633 0.015761355386194255
5 0.7091440992524838 0.653168511020094 0.028707196856846907 0.012663626463433175
5 0.6437973891610704 0.7426077400410509 0.013300520678164318 0.01726022287263689
5 0.7796257272504118 0.7410548512809776 0.021113020678164496 0.01730567466803503
4 0.8143624462331651 0.7154826795398088 0.024092471463952592 0.014198855386194253
7 0.536444999790603 0.550628797419035 0.024019696856846906 0.012636355386194254
7 0.5714706631490039 0.49772196603694585 0.022675520678164494 0.01731476502711473
5 0.5031144613297582 0.4051617613146815 0.021040246071058633 0.015743174668035032
5 0.4723610750596626 0.49948847823539005 0.021040246071058633 0.015743174668035032
4 0.4499016083532209 0.1681975716195318 0.02587329528527036 0.018895445745273864
4 0.45485458974197107 0.3416168909013726 0.021040246071058633 0.015743174668035032
0 0.7286880419755015 0.2846321344584649 0.03255994292790554 0.028306807181592397
6 0.5581958753073317 0.5983986769075302 0.07845463978475227 0.041070427594901204
4 0.4874874230738014 0.6565651800307881 0.03085189371369381 0.025172716822512698
4 0.6634634181114025 0.5779230713249441 0.027363020678164318 0.017342036104353652
4 0.8799637516526297 0.3464332185710286 0.024019696856846906 0.012636355386194254
4 0.871534821545006 0.3666911764165509 0.02423802067816432 0.017323855386194253
4 0.7796148411897131 0.28805257112855254 0.022748295285270358 0.01887726502711473
1 0.44107253370333377 0.4649407614128774 0.014571922249740864 0.011019313231716588
1 0.40485889784752294 0.4084953186926656 0.01918664764263518 0.009484084308955332
1 0.4290198358130296 0.3570873547970191 0.012863873035529317 0.007885222872636887
1 0.4942339210068868 0.4660310836215844 0.01598887303552914 0.007903403590796287
1 0.633797342842343 0.6285179689638121 0.012863873035529138 0.007885222872636887
1 0.5585426317174724 0.6226128817279905 0.011446922249741042 0.011001132513557365
1 0.6553726282028158 0.4880565954272452 0.01449914764263518 0.009456813231716588
1 0.7303362408992629 0.48771168266306686 0.01449914764263518 0.00945681323171641
4 0.7174680597581817 0.41265714050858915 0.020967471463952593 0.01418067466803503
1 0.7747819077723204 0.5699792819991369 0.011446922249741042 0.011001132513557365
1 0.08493384966676851 0.49879656918364484 0.011228598428423432 0.0063136325135573655
1 0.1727870682352371 0.6242738130353248 0.011228598428423452 0.0063136325135573655
1 0.33633572208312523 0.26204249950902064 0.01449914764263518 0.009456813231716588
4 0.8214706631490039 0.49917642348968466 0.011738020678164318 0.017251132513557366
7 0.8455310554149555 0.5797633481577197 0.014790246071058633 0.015706813231716587
1 0.32034911889719087 0.5728027375069681 0.012863873035529317 0.007885222872636887
1 0.6322627297316111 0.7800304719888741 0.014571922249741043 0.01101931323171641
1 0.556588487589494 0.7483486799325924 0.011301373035529139 0.007876132513557366
1 0.78970704859053 0.7059667789740749 0.011446922249740865 0.011001132513557365
1 0.8298247803935649 0.7288502879510652 0.00981164764263518 0.009429542154477666
1 0.9149873767550737 0.5450207094958424 0.011446922249740865 0.011001132513557365
1 0.7501670897419711 0.34333496876742037 0.01293664764263518 0.009447722872636889
7 0.759340882546042 0.3223003061014379 0.017696922249740864 0.011037493949875809
1 0.7033412855653606 0.26027248389273083 0.012863873035529317 0.007885222872636887
7 0.5650965386657326 0.5453282190620079 0.026018844499482087 0.022020445745273776
3 0.9155780740262053 0.4067803661117006 0.016571069892376045 0.020403403590796287
3 0.7028490957378271 0.5180122610200939 0.027144696856846905 0.012654536104353653
3 0.9840691705926019 0.6196212545771862 0.014863020678164317 0.01726931323171659
3 0.5399511052483398 0.8271367552645572 0.01493579528527036 0.01883181323171641
7 0.17712985008105328 0.34859255698520064 0.00846747146395268 0.014107951795398144
7 0.4580953296077766 0.7298117824901162 0.012863873035529317 0.007885222872636887