4 0.6624528045470202 0.5501725129823483 0.03324900961864685 0.013072744317957153
4 0.7135415893934105 0.5870236765371846 0.02732639183263199 0.022338650162155815
5 0.540265324417286 0.4002934695578956 0.01924107332097762 0.014389782467404189
4 0.4070931488345721 0.7888320438281945 0.027108137023308564 0.016088650162155816
4 0.41705596979329707 0.6154627276755704 0.019186509618646853 0.012827282467404189
5 0.4336532258685649 0.36403659537032207 0.020585318511654193 0.008167056006354478
5 0.356225107997732 0.6785024699649327 0.009866073320977619 0.014226141233702094
3 0.3580827961943177 0.3119053051922802 0.019241073320977707 0.014389782467404012
7 0.17401035264025438 0.47910862175194147 0.009975200725639422 0.017351141233702093
4 0.2104215346767543 0.690028530842551 0.01606150961864685 0.012772735389503432
4 0.24385159356976174 0.6953024119299833 0.012991073320977709 0.014280688311602674
4 0.6516169974681112 0.5022980746707455 0.025436509618646852 0.012936376623205348
5 0.8034647288637897 0.4072328108710278 0.01606150961864685 0.012772735389503432
6 0.5057910544622022 0.8726360738599667 0.051145837748947896 0.033685253246410696
0 0.3477652449362226 0.9874910018250762 0.050873019237293704 0.025017996349847492