3 0.6803295471472971 0.2195936017336831 0.01962329528527036 0.01962329528527027
5 0.6195183256833443 0.2308542793601076 0.008685795285270359 0.019113873035529316
5 0.6210422843270156 0.26537482857431927 0.01293664764263518 0.009957196856846906
5 0.6571831455757206 0.21225198262709527 0.010248295285270359 0.01918664764263518
7 0.5131805885036259 0.1773589441662505 0.010102746071058632 0.016061647642635134
5 0.6980178531859345 0.34412272084027096 0.008904119106587772 0.023801373035529316
7 0.751228436312877 0.42881024399963474 0.007123295285270359 0.019041098428423452
4 0.7733496470234626 0.27325160276714044 0.012247442927905361 0.028634422249741043
3 0.6338504993808275 0.27614966273471914 0.019332196856846905 0.01337329528527036
3 0.55190483250777 0.35454218237942625 0.015299668320799497 0.02721747146395277
3 0.4965495525239806 0.28228188461295656 0.016789393713693812 0.025727746071058544
7 0.5196103709686147 0.20741031720177983 0.008685795285270359 0.019113873035529316
4 0.4008218296122858 0.23632722166884051 0.018133569892376224 0.021113020678164496
4 0.34531884636150884 0.2008584485094767 0.010248295285270359 0.01918664764263518
7 0.34371780500517995 0.2352334485094767 0.01337329528527036 0.019332196856846905
5 0.4059951730783105 0.3101649820079227 0.010393844499482085 0.022311647642635178
5 0.30103584532805155 0.2943151960282774 0.013446069892376223 0.020894696856846907
7 0.26075760173819235 0.2681679189399721 0.017915246071058634 0.016425520678164406
5 0.5582618403656529 0.38615605541495557 0.011883569892376045 0.020821922249741043
7 0.7871380494236087 0.5823740456950459 0.006977746071058633 0.015916098428423453
5 0.7126474716733497 0.5679433645539647 0.013300520678164318 0.017769696856846907
3 0.7127908668347855 0.5984848891610706 0.012101893713693811 0.025509422249741044
4 0.7411876945850444 0.6107687193925289 0.018351893713693813 0.025800520678164317
4 0.8069218564957034 0.6114815028909749 0.012392992142117264 0.03175942224974104
4 0.8685292905322687 0.6503663744787621 0.015226893713693812 0.02565497146395277
5 0.800410683212505 0.7176587282838691 0.010248295285270359 0.01918664764263518
5 0.7364402284977751 0.695888582088976 0.010393844499482085 0.022311647642635178
7 0.7444860148917053 0.7416741170351641 0.008758569892376045 0.020676373035529317
7 0.6665044100531412 0.7685769112869771 0.011665246071058632 0.016134422249740866
7 0.779115726016576 0.7378064083914928 0.013009422249740865 0.011519696856846905
7 0.6419345955374485 0.8590370913946008 0.010321069892376045 0.02074914764263518
7 0.5063695847840816 0.7102271021479678 0.010102746071058632 0.01606164764263518
7 0.4929063982663169 0.7135147679875681 0.017478598428423454 0.007050520678164318
3 0.6274590266785296 0.7832001834128836 0.01493579528527036 0.01940497146395277
5 0.48322749131805687 0.6355524338271683 0.016207196856846906 0.013227746071058633
5 0.4036448451231637 0.6968302280789812 0.01449914764263518 0.010029971463952592
4 0.38689830087135074 0.6193216581866052 0.01537244292790536 0.028779971463952593
4 0.3266093101769757 0.7034205223307943 0.01515411910658786 0.02409247146395277
7 0.2885442299455173 0.7306165690638066 0.013446069892376223 0.020894696856846907
5 0.3610120812694249 0.8389064121155465 0.010102746071058632 0.01606164764263518
5 0.30831942080650815 0.8943901246881591 0.01315497146395268 0.014644696856846906
7 0.20069962758815246 0.7171298037623257 0.011956344499481996 0.02238442224974104
7 0.22437472208763448 0.6963100355653606 0.01337329528527027 0.019332196856846905
3 0.23034643217904766 0.7866268205115488 0.012101893713693723 0.025509422249741044
7 0.49060118962264576 0.6789578314698035 0.008831344499482086 0.022238873035529315
7 0.47929981658711646 0.6862609092200624 0.008540246071058633 0.01598887303552914
7 0.5900039143963673 0.9317810785743192 0.007196069892376223 0.020603598428423454
7 0.6116777072004382 0.9539300603773542 0.010248295285270359 0.01918664764263518
4 0.26885450641465003 0.9348310341176186 0.016352746071058633 0.016352746071058633
7 0.23190473987031476 0.5682578101724665 0.013518844499481996 0.022457196856846905
5 0.31396603081235885 0.3865219667064418 0.012101893713693723 0.025509422249741044
5 0.23592661393930134 0.4650964228689135 0.016134422249741043 0.011665246071058632
5 0.22169079363264044 0.3336816029765374 0.013300520678164406 0.017769696856846907
4 0.2422601588102869 0.2954923982618077 0.011956344499481996 0.02238442224974104
7 0.43305201695861995 0.5361303225784633 0.010393844499482085 0.022311647642635178
7 0.47891248056468977 0.4928555115774273 0.015008569892376044 0.02096747146395277
5 0.5760207669586199 0.5427891991286492 0.013300520678164318 0.017769696856846907
5 0.4893169795312325 0.588859370344933 0.01337329528527036 0.019332196856846905
4 0.8087968796550671 0.554413865587422 0.01827911910658777 0.024238020678164496
4 0.6423884756022911 0.5803298945377541 0.01337329528527036 0.019332196856846905
0 0.6645354191493691 0.3065477921803892 0.027945217535011224 0.030924668320799587
6 0.384342689208361 0.5229004224546288 0.037795406533975305 0.07503854135632881
4 0.33766243424596226 0.6005866207592178 0.024601893713693722 0.02609161910658777
4 0.39156233788445344 0.4183220843652876 0.015226893713693724 0.02565497146395259
4 0.5870911234498141 0.17062310070022582 0.010393844499482085 0.022311647642635178
4 0.5693214265929673 0.1823225800220614 0.013518844499482086 0.022457196856846863
4 0.6551090692732036 0.25678323262709524 0.01649829528527036 0.019477746071058632
1 0.5257617477281976 0.6132622109154735 0.009884422249741042 0.011374147642635179
1 0.5841179032287156 0.6379026459854961 0.007050520678164318 0.017478598428423454
1 0.6309950572814916 0.6064193595915659 0.006832196856846906 0.012791098428423454
1 0.517970672459138 0.5620079259692854 0.006904971463952592 0.014353598428423453
1 0.346774222706807 0.45538328266987643 0.006832196856846817 0.012791098428423454
1 0.3606868653870434 0.526496303348041 0.00981164764263518 0.00981164764263518
1 0.47804564743774736 0.4106059377561097 0.006759422249740865 0.011228598428423452
1 0.46963814206106386 0.3389663782028158 0.008394696856846906 0.012863873035529317
4 0.5432939658823814 0.33769928473679106 0.011738020678164318 0.017696922249741044
1 0.3864639230783105 0.30925529941909946 0.00981164764263518 0.00981164764263518
1 0.5353870349506973 0.9613379919327201 0.005124147642635179 0.009593323821317768
1 0.40519442080650814 0.8989021503287222 0.005196922249741043 0.011155823821317768
1 0.7325168618723867 0.6792640082676584 0.008321922249741043 0.011301373035529316
4 0.4485679708447802 0.2534269844891221 0.01606164764263518 0.010102746071058632
7 0.3684267065767565 0.24264784222317043 0.013082196856846817 0.013082196856846907
1 0.4373263323028821 0.746941544042416 0.006832196856846906 0.012791098428423454
1 0.20224081865403107 0.4823181561196906 0.009884422249740954 0.011374147642635179
1 0.24062692245913803 0.5490904332079958 0.00668664764263518 0.009666098428423453
1 0.2537413143108049 0.31794959511865456 0.00981164764263518 0.00981164764263518
1 0.2279258310600279 0.28386353949430204 0.008103598428423453 0.006613873035529317
1 0.3929408631107318 0.17019279941909948 0.00981164764263518 0.00981164764263518
1 0.6063419294884513 0.29522499441391953 0.008321922249741043 0.011301373035529316
7 0.6248928763452982 0.2835619023956369 0.010102746071058632 0.01606164764263518
1 0.6910058738640987 0.3265713478047417 0.006832196856846906 0.012791098428423454
7 0.4336170971900783 0.5071876852749103 0.018206344499482087 0.022675520678164317
3 0.5248287179492961 0.14580072911243858 0.019332196856846905 0.01337329528527027
3 0.4438911253118409 0.37065087179267503 0.012101893713693811 0.025509422249741044
3 0.3132020132345663 0.11715338254604198 0.016207196856846906 0.013227746071058543
3 0.16800490570991497 0.5785916885846791 0.01620719685684686 0.013227746071058633
7 0.6690792923942954 0.8477742597154005 0.012791098428423454 0.006832196856846906
7 0.2699997452469982 0.6412800872607717 0.006832196856846906 0.012791098428423454