3 0.34052340868357245 0.23561543193046153 0.02998750892845372 0.01874335594746528
3 0.19540319236549722 0.6861842407277459 0.028425008928453722 0.01866146879233561
4 0.6408151038917387 0.67050052351729 0.022065914772652385 0.012083920171816587
3 0.7791667175293007 0.5029113110565325 0.02373750892845372 0.018415807326946344
1 0.4284751964259822 0.400234531885033 0.030151150162155815 0.02811835594746519
1 0.981079413955283 0.8912722054477517 0.03319432954530477 0.0235946302577247
2 0.9924103269061544 0.4485867384644383 0.015179346187691322 0.02746325870642714
2 0.7791007134721109 0.3202625853667921 0.03163182954530477 0.023512743102595036
1 0.31639834172016934 0.10556276175864499 0.025300008928453722 0.01849769448207601
1 0.6876922836819247 0.4942146624814421 0.009538641233702095 0.009866322930778538
1 0.6532882357932452 0.3565984758012822 0.012636367694751627 0.00846759724103805
2 0.888112843745469 0.7076574440277907 0.023901150162155816 0.027790807326946165
5 0.8076735470746053 0.526260279848868 0.015788641233702095 0.010193871551297562
5 0.3783115551922802 0.3882391429208809 0.011101141233702094 0.009948210085908293
5 0.20227298092198126 0.4984352572360892 0.012663641233702005 0.010030097241038049
5 0.19000480600305913 0.5110614099950512 0.01266364123370205 0.010030097241038049
5 0.2139605032431156 0.5419772173219976 0.015815914772652383 0.011756371551297561
5 0.15631164447681764 0.5483223925821967 0.017487508928453722 0.018088258706427142
5 0.17354618871534452 0.32833411917644834 0.015815914772652383 0.011756371551297561
5 0.24580083847046322 0.5327184040021574 0.012663641233702005 0.010030097241038049
5 0.5832674310014114 0.7720763116223595 0.012663641233702094 0.010030097241038049
5 0.600531023128618 0.6879027074839165 0.014226141233702094 0.010111984396167627
5 0.39188490584090335 0.4951032965843541 0.014198867694751715 0.008549484396167806
5 0.3145530182606493 0.357578963138126 0.015815914772652383 0.011756371551297561
5 0.47935981209213907 0.3193840015818797 0.017378414772652385 0.011838258706427318
5 0.3060041327089901 0.31498202736247727 0.015815914772652383 0.011756371551297561
5 0.027237799103200278 0.5766820087064273 0.02055796185055305 0.015127033016686654
5 0.7267776976405029 0.8553092927391669 0.015788641233702095 0.010193871551297562
5 0.45178383157060437 0.6176643713241549 0.015788641233702095 0.010193871551297562
5 0.42545097686149613 0.8082960153766896 0.014171594155801336 0.006986984396167628
5 0.489888209007884 0.29651971166778796 0.018913641233702094 0.010357645861557074
5 0.7978564419617554 0.4110070940732193 0.015815914772652383 0.011756371551297561
5 0.16159165949435134 0.3589290219354103 0.011128414772652384 0.011510710085908293
5 0.8147377991032002 0.6179531348918222 0.022065914772652205 0.012083920171816587
5 0.15133381817792374 0.5761607875392425 0.01110114123370205 0.009948210085908116
5 0.16760765462308735 0.5247177962456698 0.012636367694751715 0.00846759724103805
5 0.24558047036867442 0.6989608796918979 0.015761367694751716 0.008631371551297562
5 0.6802106148487874 0.781059565240404 0.015815914772652383 0.011756371551297561
5 0.2779838672844193 0.6772430099496226 0.017378414772652385 0.01183825870642714
5 0.6726404334403387 0.21321364597309866 0.015815914772652383 0.011756371551297561
5 0.4123883206135558 0.5071053296010408 0.018913641233702094 0.010357645861557074
5 0.735710592527653 0.7410387528250751 0.015788641233702095 0.010193871551297562
5 0.6184786335197691 0.464049127655733 0.017323867694751627 0.008713258706427317