5 0.3153624213483853 0.2398968181810801 0.01259999394987581 0.01784259724103805
4 0.7068732104778009 0.278378300541083 0.014144313231716587 0.014799484396167805
4 0.3511373366466465 0.48232333559393464 0.00634999394987581 0.017515048620519023
4 0.5430112192583996 0.43848920567489413 0.00634999394987581 0.017515048620519023
4 0.6991066831540461 0.4201154211878693 0.012609084308955331 0.01940509724103805
4 0.6764322524358869 0.41580305743848794 0.00946590359079611 0.016116322930778536
2 0.13499821047780095 0.2484076017635938 0.048682939695149675 0.04472600180902227
4 0.2734334757013073 0.1478830585701417 0.009447722872636977 0.012991322930778492
4 0.28029655405833437 0.11934530076822561 0.007894313231716587 0.014471935775648781
4 0.34350508118569745 0.11016173055098055 0.006331813231716587 0.014390048620519024
4 0.4250323371376258 0.16207611261772764 0.004778403590796287 0.01587066146538927
4 0.44731640329620853 0.23353503278954416 0.006340903590796287 0.015952548620519025
4 0.45928059299135826 0.27633668645301734 0.01259999394987581 0.01784259724103805
4 0.6023629724798536 0.30336061114738955 0.011028403590796288 0.016198210085908292
4 0.5827817255049156 0.2937432717082677 0.01259999394987581 0.01784259724103805
4 0.741102764732527 0.2551798179539375 0.00946590359079611 0.016116322930778536
4 0.6978118278660478 0.33179322761030444 0.006359084308955332 0.019077548620519025
1 0.601286806690613 0.3868724739922598 0.009484084308955332 0.019241322930778536
4 0.5424748880727022 0.34630170567489416 0.012581813231716588 0.01471759724103805
4 0.5276993157657993 0.35724252770116155 0.011010222872636888 0.013073210085908293
4 0.52089077956325 0.39515528550307766 0.0063227228726368875 0.012827548620519024
4 0.38192320745273883 0.26993952227409457 0.00634090359079611 0.015952548620519025
4 0.3872515777678519 0.3803414337394838 0.012618174668035031 0.020967597241038048
4 0.4098214693565955 0.3666850474888652 0.007903403590796287 0.01603443577564878
4 0.7113930597156751 0.38405176842890737 0.009447722872636889 0.012991322930778537
4 0.5706185896717086 0.4852347308896648 0.009465903590796288 0.016116322930778536
4 0.6564879119786114 0.4780197744218011 0.009465903590796288 0.016116322930778536
1 0.4678117522394952 0.5345176786511011 0.009429542154477843 0.009866322930778538