1 0.4962477120996878 0.4259994385751039 0.10995818787965277 0.09595239546082901
4 0.04647952896968768 0.2165228118882323 0.024310322188333365 0.038318455534962846
4 0.02947452013597244 0.2585565444650372 0.03350348423243058 0.030833337748947986
4 0.050947517001840394 0.1397420570789089 0.024273954597152824 0.036755955534962845
4 0.02440385400781265 0.17507192186969886 0.019477351823611135 0.03190476442797028
4 0.1300375645888891 0.24566218566469694 0.030560322188333357 0.038536710344286275
4 0.06999172378319471 0.31969245190676576 0.02580008700597225 0.035248019237293704
4 0.07008002991961822 0.18911457450210406 0.03655574905006946 0.027817465153609656
4 0.11622898451677102 0.22346972713450924 0.03815461664125004 0.029434528855940556
4 0.15938087889343774 0.2970237890227415 0.026091027735416716 0.0477480192372937
4 0.16703037794350722 0.32334075236225274 0.030196646276527784 0.022911710344286185
4 0.21088882750666693 0.2928794368458233 0.038300087005972296 0.035684528855940555
4 0.16682839656086826 0.2138839068087564 0.02888871941479172 0.03379464664195542
4 0.20118521276527795 0.2119022553574776 0.02605466014423614 0.04618551923729371
4 0.16726546086541688 0.2662549386599219 0.028961454597152825 0.03691964664195542
4 0.1933746723964239 0.3130381694226282 0.03666485182361114 0.0325049651536097
4 0.23336454597152806 0.35151782686435673 0.025800087005972295 0.035248019237293704
4 0.15798072663298632 0.23686753902274155 0.02725348423243057 0.03061508293962447
4 0.18694414086128502 0.3726859879342824 0.02576371941479172 0.0336855192372937
4 0.23209429312173652 0.43131445426901854 0.02427395459715278 0.036755955534962935
4 0.19481249866881983 0.44199898312495894 0.017769381458888935 0.02560020072563951
4 0.20787619633211846 0.4657812235063122 0.02420121941479163 0.03363095553496276
4 0.1621818366247226 0.450957320873907 0.024310322188333355 0.038318455534962936
4 0.18305803428802125 0.4744667427436059 0.02263871941479172 0.03357639183263199
4 0.092867485751042 0.3955183419252992 0.022638719414791675 0.03357639183263199
4 0.08494522976711835 0.35748262858578805 0.03346711664125004 0.029270837748947988
4 0.2376331654625697 0.29976435390619877 0.03059668977951393 0.040099210344286276
4 0.2572748246568753 0.3710118713293939 0.017805749050069507 0.02716270072563933
4 0.28145851348645873 0.43584569764559655 0.03684668977951393 0.04031746515360979
4 0.2999714709334031 0.39141365136646084 0.027108013867708357 0.024365082939624562
4 0.2764755002843405 0.1881621657944311 0.019622822188333444 0.03815476442797028
4 0.2644826869297223 0.10961057985958164 0.025581881458888935 0.025873019237293703
4 0.21924292211208343 0.11431792722717646 0.019368249050069508 0.02721726442797028
4 0.265575021085903 0.22372764356191252 0.024492160144236143 0.046130955534962756
4 0.2960983224726738 0.22500740136646083 0.022675087005972296 0.03513889183263199
4 0.29068281743868074 0.16030006062228797 0.019477351823611145 0.03190476442797028
4 0.30434592714607656 0.17624251915247569 0.027398954597152782 0.03686508293962456
4 0.2985868896270141 0.19755452396179912 0.025654616641249996 0.028998019237293705
4 0.3188084706490627 0.19293894583149798 0.02896145459715278 0.03691964664195542
4 0.3024918332062501 0.1301760510036411 0.03037848423243057 0.030724210344286275
4 0.3287094943004168 0.14802574991518197 0.02732621941479163 0.03374008293962456
4 0.34200827488562513 0.11472217659420428 0.024310322188333355 0.038318455534962846
4 0.35425304853697925 0.06972713512439202 0.028888719414791632 0.03379464664195542
4 0.3348854526972917 0.0774404314035277 0.02114895459715278 0.03664682813030114
4 0.4224244331300001 0.2104314914776615 0.025800087005972118 0.035248019237293704
4 0.40953996058107645 0.05997762369164663 0.025727351823611144 0.0321230192372937
4 0.42710932028847226 0.07578367296600722 0.02405574905006951 0.027380955534962847
4 0.4665738234226044 0.1924701759612321 0.024310322188333445 0.038318455534962846
4 0.4577449905006947 0.24985609002638265 0.02725348423243048 0.03061508293962447
4 0.4081281566288545 0.3352504422033009 0.025945557370694417 0.0414980192372937
4 0.37724183254066 0.35196671624991804 0.02285692496187508 0.04295139183263199
4 0.35900097881718784 0.3744964806778883 0.028670513867708358 0.024419646641955416
4 0.33990483349059053 0.32668646325469314 0.03695579255305557 0.0450049651536097
4 0.3337100380877434 0.36286949991518197 0.027580792553055566 0.04467758293962456
4 0.3403243672099309 0.411897276957024 0.02114895459715278 0.03664682813030122
4 0.3689396764804865 0.3983878484639032 0.027435322188333354 0.03842758293962447
4 0.3968120629733685 0.487331297375444 0.02888871941479172 0.03379464664195542
4 0.3761352338511809 0.43879459365457973 0.02754442496187508 0.043115082939624474
4 0.4099108218070837 0.4454339740544663 0.024310322188333445 0.038318455534962936
4 0.4336204255305559 0.42271323666833804 0.03557513050895835 0.05276290145127884
4 0.39106924961875034 0.4085614566312712 0.024237587005972294 0.03519345553496276
4 0.4032445541396532 0.528546574417286 0.030633057370694418 0.04166171034428636
4 0.35378876158659767 0.4864880491895426 0.028670513867708358 0.024419646641955416
4 0.332132620344063 0.53024797287334 0.025945557370694417 0.0414980192372937
4 0.2985031559632644 0.5634796243246187 0.027580792553055566 0.04467758293962447
4 0.26861628742215327 0.5895436165200705 0.027435322188333354 0.03842758293962447
4 0.2897470582237158 0.6239905383897695 0.027508057370694415 0.04155258293962447
4 0.24937336531006987 0.4682415353945445 0.02285692496187508 0.04295139183263199
4 0.2485752379352435 0.5347296309480407 0.029216027735416716 0.047857146641955416
4 0.23878266384704908 0.5507092950131913 0.018060322188333356 0.03810020072563951
4 0.25849575180295187 0.5578397487340556 0.025509146276527783 0.022748019237293703
4 0.22693793369868107 0.6128918364830036 0.03037848423243057 0.030724210344286185
4 0.21616343464861165 0.5866840005481542 0.025800087005972295 0.035248019237293704
4 0.16463664902941016 0.556426070873907 0.03550239532659729 0.049637901451278846
4 0.11854159260864625 0.49079363639033635 0.02554551386770836 0.024310519237293705
4 0.19370589997934073 0.5288268605296207 0.03593880642076397 0.06838790145127885
4 0.13614666669684067 0.47454115381353157 0.02580008700597225 0.035248019237293704
4 0.2911406783803475 0.3479364698781151 0.03052395459715278 0.036974210344286274
4 0.27824128808774334 0.3648065113479274 0.03059668977951393 0.040099210344286186
4 0.3182103650257294 0.26802079138499424 0.024201219414791718 0.03363095553496285
4 0.3454813798433683 0.26394092659420426 0.035247822188333354 0.03870040145127884
4 0.38499847473312526 0.2821080840359329 0.024310322188333355 0.038318455534962846
4 0.36702972473312523 0.2827355666127377 0.03332164627652778 0.0230208377489479
4 0.38138185904180577 0.22750242958942915 0.031904616641249994 0.02921627404661713
4 0.3657912670018404 0.12874747105924145 0.029143292553055568 0.04473214664195542
4 0.3885397424005557 0.1991046110777749 0.025800087005972295 0.035248019237293704
4 0.4231154173624308 0.2401189914776615 0.03353985182361115 0.032395837748947984
4 0.45173072663298636 0.22660956298454069 0.03201371941479181 0.03390377404661713
4 0.49620415919430555 0.05460558821228414 0.027326219414791807 0.03374008293962456
2 0.5012020901401042 0.13496521080762242 0.028706881458888844 0.025982146641955417
4 0.51928124933441 0.20626729193314844 0.03513871941479181 0.034012901451278846
4 0.5428096683123613 0.2093550863981856 0.022675087005972296 0.03513889183263199
4 0.5351783530578821 0.18381937305867443 0.034956881458888846 0.026200401451278842
4 0.5831619113785071 0.19621768013758334 0.02903418977951393 0.040044646641955374
4 0.5700267849536113 0.23655250345856108 0.025872822188333443 0.03837301923729371
4 0.5752416150257295 0.2590450623515685 0.027435322188333444 0.03842758293962447
4 0.5738070548052433 0.29818940790506476 0.028888719414791632 0.03379464664195542
4 0.5926479737831947 0.30144089347709446 0.038663762917777865 0.051309528855940555
4 0.5565111052420837 0.32772314048186957 0.02554551386770836 0.024310519237293705
4 0.524697407578785 0.30459566452848674 0.03517508700597212 0.03557540145127884
4 0.5057480390376738 0.3302777108076224 0.034884146276527875 0.023075401451278843
4 0.5187571853142017 0.35171620118897556 0.022602351823611144 0.032013891832631994
4 0.48599988991135457 0.388826820789089 0.02107621941479181 0.033521828130301135
4 0.46690374458475714 0.34101680336589385 0.033867160144236054 0.0464583377489479
4 0.47670862357510424 0.0232291026402544 0.03379442496187508 0.04333333774894797
4 0.45946657218833337 0.021485553365893813 0.02896145459715278 0.036919646641955406
4 0.5392697070656947 0.35960062305867446 0.030560322188333443 0.038536710344286275
4 0.16276698413552138 0.6440624801297341 0.025945557370694462 0.0414980192372937
4 0.10297375683694496 0.6281671508183067 0.02580008700597225 0.035248019237293704
4 0.169126740119445 0.6821527571715762 0.028961454597152825 0.03691964664195542
4 0.1924557905562853 0.7102678334877787 0.027289851823611145 0.03217758293962447
4 0.1882761304120492 0.6650644608924404 0.022856924961875035 0.04295139183263199
4 0.18017203647222274 0.6192162475529293 0.022529616641249993 0.02888889183263199
4 0.22619435771062557 0.6817236820364998 0.02271145459715278 0.03670139183263181
4 0.27499488041204917 0.6620361754130779 0.02271145459715278 0.03670139183263199
4 0.31075380850805623 0.8210738695152953 0.025872822188333356 0.03837301923729371
4 0.4280510644919799 0.8552901236916466 0.022893292553055566 0.04451389183263217
4 0.3195462738387854 0.7621254554501448 0.03357621941479163 0.033958337748947895
4 0.3021580988769103 0.7205108743246187 0.030342116641249993 0.029161710344286364
4 0.35355759792697977 0.745300053998866 0.02554551386770836 0.024310519237293705
4 0.36500424420350763 0.7667931080825501 0.025800087005972295 0.035248019237293704
4 0.3769035257386465 0.7069543166127377 0.025654616641249996 0.028998019237293705
2 0.2585003242756257 0.7931869716922136 0.03037848423243057 0.03072421034428636
4 0.35037412727791717 0.5413392402965351 0.03655574905006951 0.027817465153609788
4 0.3481765008530213 0.5812921177011969 0.03982621941479163 0.034176592558271324
4 0.350376086909063 0.6422023358500315 0.024455792553055567 0.044568455534962935
4 0.3493415701915631 0.6985341814035277 0.02598192496187508 0.043060519237293704
4 0.38991136559441025 0.66115074329176 0.02434668977951393 0.03988095553496294
4 0.4223965572737852 0.6459424055428121 0.02896145459715278 0.03691964664195524
2 0.4067345364722227 0.6113045107149552 0.012863675911805572 0.01606150961864685
4 0.4031393706284033 0.7255852655242786 0.034956881458888846 0.026200401451278842
4 0.5176408945640979 0.8748362426587878 0.02114895459715278 0.03664682813030105
4 0.4503254547845841 0.8380927000078492 0.025727351823611144 0.0321230192372937
4 0.460607684932952 0.7759647222403678 0.030378484232430482 0.03072421034428636
4 0.4901315307726396 0.7678967618960815 0.03346711664125017 0.029270837748947898
4 0.48091822530180617 0.6743922985565703 0.02114895459715278 0.03664682813030105
4 0.4688728201915631 0.6943600581752172 0.030705792553055566 0.044786710344286364
4 0.45297441004732697 0.6495659133473604 0.03172277868534721 0.02140377404661713
4 0.4549356471295491 0.5994567859426987 0.02285692496187508 0.04295139183263199
4 0.4483791354460423 0.7208779181566838 0.027108013867708357 0.02436508293962447
4 0.4799746275622576 0.7346303941100667 0.03492051386770818 0.024637901451278844
4 0.46173377383878533 0.757160158538037 0.03328527868534721 0.021458337748947898
4 0.42328560362656303 0.5833605599893158 0.024346689779513753 0.03988095553496276
4 0.40193728048829913 0.5731596699707823 0.035247822188333264 0.03870040145127884
4 0.460331008736806 0.5625197811333752 0.034956881458888846 0.026200401451278842
4 0.4664160481557296 0.488028212621721 0.03368532218833344 0.0386458377489479
4 0.5158900245043755 0.5308679878494644 0.03655574905006951 0.027817465153609788
4 0.5140197064001046 0.5848833652541261 0.025618249050069507 0.027435519237293704
4 0.4983395018029519 0.5494642204262693 0.025727351823611144 0.0321230192372937
4 0.5247390008530213 0.5751264193378102 0.02427395459715278 0.036755955534962935
4 0.5026107341355214 0.6321948748727729 0.03052395459715278 0.036974210344286364
4 0.5319715790252783 0.6507166963796521 0.024310322188333445 0.038318455534962756
4 0.5819345582237159 0.6137871260538994 0.03691942496187508 0.04344246515360979
4 0.5625838397588547 0.5550396086307042 0.03023301386770836 0.024474210344286363
4 0.6004845364722227 0.604538611625929 0.027580792553055743 0.04467758293962447
4 0.5577352984400701 0.6826561771423585 0.03052395459715278 0.036974210344286364
4 0.5443455988769104 0.7120535004633362 0.024310322188333445 0.038318455534962756
4 0.5152594705521535 0.8061135245099532 0.03517508700597212 0.03557540145127902
4 0.5406043094579868 0.7864632234214941 0.025800087005972295 0.035248019237293704
4 0.5582093835461812 0.7702107408446894 0.024092116641249994 0.028943455534962935
2 0.6429110386564243 0.7477057690676576 0.02910692496187508 0.04316964664195542
4 0.3373526760992368 0.8217087865756708 0.02903418977951393 0.04004464664195524
4 0.3370994093817369 0.8780133502780018 0.02605466014423614 0.04618551923729371
4 0.2960743658787507 0.8622445065386038 0.03183188145888884 0.02609127404661713
4 0.2830652196022229 0.8408060161572507 0.03045121941479172 0.03384921034428601
4 0.2596277196022229 0.8416244716922137 0.025945557370694504 0.0414980192372937
4 0.3471842306201397 0.941775749915182 0.034230836056041714 0.0620833377489479
4 0.3047421574818758 0.9323114698781151 0.025945557370694504 0.0414980192372937
4 0.2853927454377786 0.9408060161572507 0.029216027735416716 0.04785714664195524
4 0.6084561181598614 0.3759498201561168 0.03175914627652787 0.02296627404661713
4 0.6020613010055211 0.40353910681660565 0.03052395459715278 0.03697421034428618
4 0.6378156566288544 0.3272295779606651 0.025472778685347208 0.021185519237293705
4 0.6372155913743753 0.3014483279606651 0.022529616641249993 0.02888889183263199
4 0.6110570541396532 0.5212896020072822 0.03066942496187508 0.04322421034428636
4 0.6406926155944103 0.6523932690676577 0.03212282218833344 0.03859127404661713
4 0.6018145663918409 0.7960539890305908 0.029143292553055568 0.04473214664195524
4 0.6051415477744799 0.9054017071794253 0.03059668977951393 0.040099210344286006
4 0.5939851890170147 0.862787621244576 0.033467116641249996 0.029270837748947898
4 0.6381521098948271 0.8119865238769812 0.024237587005972117 0.035193455534962934
4 0.5993065090211465 0.7554835527329217 0.035247822188333444 0.03870040145127884
4 0.6571910909931257 0.7229686638955146 0.02598192496187508 0.043060519237293704
4 0.697123800339931 0.6246204439325814 0.032268292553055744 0.04484127404661713
4 0.401561952884723 0.8929637384824367 0.02278418977951393 0.03982639183263217
4 0.4239454459508688 0.8804538147986392 0.03052395459715278 0.036974210344286364
4 0.6672330125365281 0.44895824502104065 0.030705792553055743 0.044786710344286364
4 0.6893983000555906 0.4270733213372431 0.027362587005972116 0.035302582939624474
4 0.6747707959715281 0.33610358095589 0.03052395459715278 0.03697421034428618
4 0.6843101033422225 0.37642848059307027 0.028925087005972294 0.03535714664195542
4 0.7396912004161811 0.538690378416152 0.033867160144236054 0.0464583377489479
4 0.7130195976426393 0.5349304613557766 0.03194098423243066 0.03077877404661713
4 0.7217984516504521 0.7105480202487839 0.02725348423243048 0.03061508293962447
4 0.7880585780753477 0.6683580310485573 0.036883057370694416 0.04187996515360979
4 0.8199443577106255 0.6609894751507747 0.029143292553055745 0.04473214664195542
4 0.7806974069131949 0.5200569403043843 0.04153418977951393 0.040481156260602266
4 0.7176330560395143 0.46439970654645324 0.02434668977951393 0.03988095553496294
4 0.7315682694703824 0.4584398832254754 0.02441942496187508 0.043005955534962934
4 0.7598900251699655 0.2979463273276929 0.03517508700597229 0.03557540145127884
4 0.7492603432742364 0.24436745954167804 0.027508057370694415 0.04155258293962456
4 0.739212542837396 0.21578859175566317 0.028888719414791632 0.03379464664195542
4 0.7081982789696877 0.1934150839511149 0.029216027735416716 0.047857146641955416
4 0.7228777215989932 0.1522444469278063 0.02896145459715278 0.03691964664195542
4 0.7034192067813543 0.15605149320694203 0.021039851823611143 0.03195932813030113
4 0.8428506083762157 0.4357885785088193 0.03183188145888884 0.02609127404661713
4 0.7798758700597225 0.31679553104855723 0.03201371941479163 0.03390377404661713
4 0.7534049422480559 0.3552503958393472 0.025727351823611144 0.0321230192372937
4 0.7521528731938545 0.4358282732440089 0.028925087005972294 0.03535714664195542
4 0.8278861039109036 0.7670485021926167 0.038554660144236405 0.04662202885594056
4 0.8425291789490285 0.7243153651693082 0.024310322188333445 0.038318455534962756
4 0.7626052896063549 0.7169418639881818 0.02896145459715278 0.03691964664195542
4 0.8642008911456255 0.546852564080849 0.03353985182361115 0.0323958377489479
4 0.9153821846486118 0.5622667437550961 0.03542966014423641 0.04651290145127884
4 0.8994305295383687 0.5823709126295702 0.03848192496187508 0.043497028855940555
4 0.8293667237831948 0.2931744925739698 0.02896145459715278 0.03691964664195542
4 0.816104963999549 0.36166159774611295 0.03372168977951375 0.040208337748947984
4 0.8208827297671185 0.33178312478795496 0.03826371941479181 0.03412202885594055
4 0.8516047464846184 0.2744145688901724 0.02285692496187508 0.04295139183263199
4 0.8108511534947225 0.20312241144844384 0.022638719414791807 0.03357639183263199
4 0.7859589498475001 0.1414408669834067 0.03975348423243048 0.03105159255827141
4 0.7851952304327086 0.10862836698340665 0.03183188145888884 0.02609127404661713
4 0.8124298776591669 0.1029860021926167 0.02423758700597247 0.03519345553496285
4 0.8296543984607293 0.1375693333181427 0.02427395459715278 0.036755955534962845
4 0.8152996513105208 0.058318342936789544 0.03372168977951375 0.040208337748947984
4 0.8367590368534724 0.17406982850881927 0.026998911094166543 0.01967758293962456
4 0.8644340144363891 0.38890365482502187 0.02107621941479181 0.033521828130301225
4 0.6324410916587156 0.49943196017465025 0.024346689779513753 0.03988095553496276
4 0.6504591673624308 0.23217997278852195 0.03059668977951393 0.040099210344286276
4 0.6559441415268751 0.13190715427686767 0.02725348423243048 0.03061508293962456
4 0.6296355614547571 0.11015120536532681 0.03230466014423605 0.04640377404661713
4 0.5824676610941667 0.008846688026949667 0.030560322188333443 0.017693376053899333
4 0.6115206878796529 0.07090765609096623 0.024237587005972294 0.03519345553496285
4 0.5603407007974306 0.12273554011904989 0.028706881458888844 0.025982146641955417
4 0.542716136492882 0.07096470899352389 0.03175914627652787 0.022966274046617108
4 0.9760832953059382 0.5499825093641928 0.02892508700597247 0.03535714664195542
4 0.9296797675705213 0.5046898567317877 0.031977351823611146 0.03234127404661713
4 0.9729972757386465 0.6861382641735162 0.03066942496187508 0.04322421034428636
4 0.9275769793858686 0.7502751752434419 0.024310322188333088 0.038318455534962936
4 0.9300005437873267 0.18254203822013335 0.02888871941479181 0.03379464664195542
4 0.9420667455346876 0.2978396560061482 0.03659211664124982 0.0293799651536097
4 0.9038744548814932 0.20221962115975792 0.022820557370694418 0.04138889183263199
4 0.9908847988213196 0.5390896493827263 0.01823040235736073 0.029161710344286364
4 0.6495317937873265 0.19233622278852197 0.02114895459715278 0.03664682813030114
4 0.6801830349536113 0.23270576244423574 0.02434668977951393 0.03988095553496276
4 0.6724075557551739 0.2681621128070554 0.031868249050069505 0.02765377404661713
4 0.6368148946610072 0.25063979610949966 0.019404616641249994 0.028779764427970277
4 0.6508780478713891 0.2837697546396874 0.025872822188333443 0.03837301923729371
4 0.886719403210382 0.00822786797527394 0.030305749050069507 0.01645573595054788
4 0.9034724517473613 0.08416902560626162 0.03332164627652787 0.023020837748947965
4 0.6962405267854862 0.04918393431393458 0.022675087005972115 0.03513889183263198
4 0.6669887846692709 0.03534961280705542 0.03833645459715278 0.037247028855940535
4 0.6934805091180557 0.13216012542092717 0.03201371941479181 0.03390377404661713
4 0.7021807490500696 0.011029219561629004 0.027471689779513753 0.022058439123258007
4 0.6292453161075006 0.5972791831328083 0.034956881458888846 0.026200401451278665
4 0.6106239090973965 0.6706447612631093 0.02107621941479181 0.033521828130301044
4 0.6059006947165978 0.7028669842212674 0.01944098423243048 0.030342264427970278