2 0.8173992458661707 0.40555056498982306 0.04415241439185813 0.04341503087881247
2 0.8371702444184287 0.3505819201626726 0.03939213978475209 0.041716138558944314
2 0.7308024662966662 0.4843909673388209 0.049713209677128486 0.06230142319868044
2 0.5700126695636538 0.4429439502500621 0.03583049214211709 0.03225021034569906
4 0.3793426660489972 0.5727354356685858 0.026237168320799586 0.02728992570596276
3 0.3174955992569929 0.30495089060400843 0.042298815963434676 0.03711956677218975
4 0.26066124834737014 0.34945339687221455 0.035976041356328814 0.035375210345698974
4 0.38351870554329925 0.3319058471887837 0.02787244292790545 0.028897889812585564
4 0.4249399181159118 0.3831788421742187 0.035976041356328994 0.03537521034569906
4 0.6006527016143577 0.322577625956025 0.032268844499482086 0.022784282132453627
4 0.7673115086864524 0.35559001741796326 0.040736315963434674 0.03707410266556703
4 0.7602460254356753 0.3225274648315385 0.03285104135632899 0.035284282132453625
4 0.5334138517381923 0.2713357232113157 0.029653266749222952 0.03363085391920819
4 0.5318920471472971 0.2032305808914477 0.04215326674922295 0.03399456677218966
4 0.6301260701017731 0.5463932106749034 0.03768409057054054 0.03854567445232178
2 0.4984993885464072 0.46667931545204144 0.02787244292790536 0.028897889812585474
4 0.4539488678682428 0.4825938204666064 0.01984161910658777 0.023983069279472247
4 0.5549547880510692 0.6654638079301941 0.029580492142117266 0.03206835391920819
2 0.38713374131805683 0.6238122023616332 0.033831344499481907 0.022829746239076344
2 0.48111918176476287 0.6382815308123053 0.05926799214211727 0.0329321719450391
4 0.4061447988044362 0.8035140742275301 0.03136131596343468 0.036801318025830906
4 0.5873756439230907 0.5404554477427796 0.028163541356328814 0.03514788981258547
4 0.6991757847413004 0.4075867749398106 0.04215326674922295 0.03399456677218975
4 0.6145824609199828 0.40981921318218584 0.03888271753501123 0.030778638558944315
4 0.6796316104246447 0.6088537582467632 0.04015411910658777 0.024574102665567032
4 0.676836250209397 0.5680923659268953 0.05174659057054054 0.038954851411925874
4 0.6730840498378935 0.7158395441401405 0.03539384449948209 0.02287521034569906
4 0.43843937614041034 0.6644204819868044 0.045569365177646405 0.040335494985435004
2 0.4096422880510692 0.6612356460142848 0.030997442927905537 0.02898881802583091
4 0.2828614642297516 0.6622405533778476 0.03434076674922304 0.03376724623907634
4 0.2976217851555851 0.5468883380175836 0.03368579528527036 0.019704746239076344
4 0.2905006439230907 0.5318172674844702 0.033540246071058544 0.01657974623907634
4 0.5698947756450724 0.8653872515828457 0.026819365177646402 0.03978992570596276
4 0.6878036753546221 0.668547006993122 0.026455492142117266 0.03197742570596294
4 0.6277373165871165 0.6816631209414601 0.03241439371369381 0.025909282132453627
4 0.4715728997140589 0.7592616205457487 0.04015411910658777 0.024574102665567032
2 0.27121129652812453 0.44207280588513004 0.03673802067816449 0.018233174452321598
1 0.37226641253434056 0.7078689536152745 0.03212329528527027 0.019659282132453625
4 0.620721029159729 0.7315267286215921 0.027363020678164495 0.017960389812585475
2 0.4791479210113959 0.49584397822588067 0.027363020678164318 0.017960389812585652
2 0.4607511395798645 0.3701392845732291 0.030706344499482084 0.022738818025830908
1 0.5843898467757936 0.3526144669431096 0.026382717535011223 0.030414925705962936
4 0.5016435434277527 0.7351027065182683 0.030633569892376044 0.02117631802583091
4 0.5363460291597291 0.7290716668639673 0.01984161910658777 0.023983069279472247
4 0.5493532973566941 0.7521370938235714 0.02005994292790536 0.028670569279472247
2 0.5835249361079891 0.8078930003292044 0.02347604135632899 0.03501149749271768
4 0.6183173130724599 0.8167284427282148 0.03485018899896399 0.044704746239076346
2 0.49410921753952053 0.930460670624891 0.05821491439185813 0.04382420783841638
1 0.3737967175395205 0.9269599344149444 0.033831344499482 0.022829746239076344
1 0.3992442512428543 0.4645735946815012 0.027290246071058632 0.016397889812585477
4 0.19679122353537654 0.7465724377801568 0.027435795285270313 0.019522889812585476
2 0.33438326882064684 0.7318005471096415 0.022893844499481997 0.02251149749271768
4 0.366885399714059 0.756215525402029 0.028017992142117178 0.03202288981258548
2 0.5281718101769757 0.7030176322242312 0.02750856989237622 0.021085389812585474
2 0.5572064927657989 0.6843047361434395 0.01627997146395277 0.014517141066226813
2 0.6001773968185748 0.6519157849689405 0.03368579528527036 0.019704746239076344
4 0.649117972706807 0.4577626196878189 0.023184942927905537 0.028761497492717503
4 0.7638760237830455 0.664502016164322 0.03390411910658777 0.02439224623907634
2 0.49146383044085534 0.5337531551854848 0.017915246071058634 0.01612510517284953
2 0.45069328122664365 0.5356960884132951 0.016352746071058633 0.016079641066226814
1 0.3367314427230177 0.3790476201500373 0.016207196856846906 0.012954641066226813
4 0.2122257866033271 0.5999474903665816 0.024019696856846906 0.013181961599340219
4 0.5780755725829725 0.5049809489964209 0.04015411910658777 0.024574102665567032