2 0.021875 0.78828125 0.04375 0.03125
4 0.03515625 0.74921875 0.04296875 0.015625
4 0.06796875 0.78828125 0.03203125 0.0109375
4 0.09140625 0.8 0.0203125 0.0140625
4 0.0890625 0.8203125 0.0203125 0.0234375
4 0.1125 0.7859375 0.021875 0.01328125
4 0.165625 0.77890625 0.03984375 0.0140625
4 0.1796875 0.765625 0.04375 0.0109375
5 0.19921875 0.81015625 0.0265625 0.02421875
4 0.06015625 0.85234375 0.01015625 0.01328125
4 0.18359375 0.71953125 0.03125 0.02578125
4 0.13125 0.6234375 0.02890625 0.0109375
4 0.1703125 0.62421875 0.01171875 0.0171875
2 0.1390625 0.66484375 0.021875 0.021875
2 0.11484375 0.6875 0.03359375 0.01796875
2 0.14140625 0.69765625 0.0265625 0.01328125
4 0.08125 0.68515625 0.025 0.01484375
2 0.0484375 0.69375 0.034375 0.01953125
2 0.05546875 0.6765625 0.02265625 0.015625
4 0.0734375 0.721875 0.0296875 0.0125
4 0.28828125 0.83828125 0.03125 0.01796875
4 0.26328125 0.82421875 0.034375 0.015625
4 0.18515625 0.83125 0.025 0.04375
4 0.165625 0.8703125 0.015625 0.0234375
4 0.09296875 0.878125 0.02265625 0.01953125
2 0.2453125 0.77265625 0.0296875 0.03125
4 0.225 0.7328125 0.05234375 0.021875
4 0.3265625 0.76796875 0.03125 0.01875
2 0.30390625 0.78984375 0.03203125 0.0265625
7 0.3359375 0.83671875 0.03125 0.01328125
2 0.27578125 0.85078125 0.03125 0.015625
2 0.3125 0.8546875 0.01796875 0.01640625
4 0.4015625 0.865625 0.0359375 0.01875
2 0.36796875 0.834375 0.01796875 0.01484375
4 0.38046875 0.84453125 0.0390625 0.0125
4 0.34765625 0.86328125 0.0265625 0.0171875
2 0.22265625 0.81953125 0.01484375 0.0140625
2 0.39765625 0.825 0.04140625 0.0171875
2 0.36796875 0.76796875 0.0234375 0.02265625
2 0.3921875 0.765625 0.03046875 0.01796875
2 0.459375 0.8 0.02109375 0.01171875
2 0.48515625 0.78671875 0.02734375 0.00859375
4 0.45703125 0.78203125 0.02578125 0.02421875
2 0.40859375 0.7421875 0.021875 0.01484375
4 0.38515625 0.74609375 0.025 0.02109375
2 0.46953125 0.7578125 0.02109375 0.0140625
2 0.45625 0.73671875 0.03046875 0.01171875
2 0.5078125 0.75859375 0.025 0.0203125
2 0.48125 0.71953125 0.01953125 0.01171875
2 0.4984375 0.7375 0.0515625 0.01796875
4 0.44765625 0.67421875 0.01484375 0.0171875
4 0.47109375 0.665625 0.01640625 0.02109375
4 0.3875 0.665625 0.02890625 0.01171875
2 0.36796875 0.675 0.0203125 0.02265625
2 0.31875 0.68984375 0.0234375 0.01953125
2 0.309375 0.6734375 0.0265625 0.009375
2 0.36171875 0.6375 0.02421875 0.01015625
2 0.35078125 0.6171875 0.0296875 0.0171875
4 0.3046875 0.64140625 0.02578125 0.01875
4 0.428125 0.6375 0.0359375 0.01328125
4 0.4375 0.82265625 0.015625 0.0078125
4 0.6265625 0.6984375 0.0296875 0.021875
4 0.6453125 0.65625 0.04296875 0.01875
4 0.57421875 0.684375 0.0125 0.02109375
2 0.7109375 0.61171875 0.028125 0.0328125
2 0.515625 0.42734375 0.02265625 0.021875
4 0.40703125 0.4125 0.03359375 0.025
2 0.2953125 0.42578125 0.03515625 0.0171875
3 0.33828125 0.42734375 0.03984375 0.01484375
4 0.234375 0.428125 0.02421875 0.01171875
4 0.1875 0.428125 0.03125 0.0171875
4 0.125 0.43125 0.02109375 0.0140625
4 0.10859375 0.44765625 0.03515625 0.01328125
4 0.16015625 0.4375 0.028125 0.0125
4 0.2578125 0.45234375 0.04609375 0.0109375
4 0.13515625 0.48984375 0.0265625 0.02421875
4 0.31171875 0.5234375 0.03828125 0.0140625
2 0.34140625 0.5109375 0.0375 0.0265625
2 0.30390625 0.50546875 0.02890625 0.01328125
2 0.41953125 0.51640625 0.015625 0.01484375
4 0.43515625 0.48828125 0.01171875 0.01484375
4 0.24140625 0.61875 0.021875 0.01171875
2 0.22890625 0.59375 0.0234375 0.0203125
2 0.1984375 0.5953125 0.05546875 0.034375
2 0.31328125 0.5890625 0.0234375 0.0203125
2 0.2421875 0.5578125 0.0296875 0.02265625
4 0.47734375 0.5640625 0.04375 0.01875
4 0.37109375 0.55390625 0.02265625 0.0203125
4 0.2921875 0.5546875 0.01640625 0.0140625
2 0.4015625 0.5515625 0.03203125 0.03046875
2 0.465625 0.4890625 0.028125 0.02421875
4 0.45390625 0.515625 0.0390625 0.009375
2 0.66171875 0.6 0.03046875 0.0109375
2 0.64375 0.61875 0.034375 0.01640625
2 0.584375 0.65546875 0.01796875 0.01171875
2 0.603125 0.63359375 0.01875 0.015625
2 0.66875 0.7625 0.02734375 0.021875
2 0.609375 0.78359375 0.0453125 0.02578125
2 0.715625 0.7984375 0.04609375 0.01640625
2 0.68359375 0.83984375 0.03671875 0.0140625
2 0.68046875 0.825 0.03046875 0.01171875
4 0.53203125 0.83828125 0.01640625 0.02265625
4 0.6125 0.4625 0.02734375 0.0171875
2 0.6078125 0.57265625 0.0203125 0.0203125
2 0.625 0.56171875 0.0171875 0.02109375
4 0.121875 0.5890625 0.04921875 0.02734375
4 0.234375 0.5234375 0.0484375 0.02109375
4 0.18046875 0.4890625 0.0328125 0.0203125
4 0.21015625 0.48125 0.03359375 0.0140625
2 0.0484375 0.596875 0.0359375 0.0171875
4 0.03046875 0.66015625 0.01484375 0.025
2 0.28984375 0.3484375 0.059375 0.03203125
4 0.45859375 0.3484375 0.03125 0.01328125
4 0.36328125 0.16953125 0.02890625 0.0234375
4 0.35703125 0.1984375 0.025 0.01796875
4 0.35234375 0.04765625 0.04453125 0.01328125
2 0.7046875 0.65625 0.0421875 0.03515625
2 0.4984375 0.26484375 0.02578125 0.028125
2 0.4859375 0.16875 0.0234375 0.0359375
2 0.3140625 0.290625 0.0421875 0.01796875
2 0.3671875 0.28125 0.02265625 0.028125
2 0.0796875 0.36875 0.028125 0.02421875
4 0.05234375 0.49609375 0.03046875 0.0078125
2 0.084375 0.5078125 0.03125 0.02578125
4 0.29140625 0.1171875 0.02109375 0.0296875
4 0.28125 0.0890625 0.0265625 0.0125
4 0.2328125 0.0984375 0.0234375 0.02578125
2 0.1625 0.12734375 0.02578125 0.02421875
2 0.08984375 0.1296875 0.021875 0.021875
5 0.3328125 0.5515625 0.0359375 0.021875
4 0.16015625 0.07890625 0.03203125 0.01015625
2 0.01796875 0.1671875 0.0359375 0.021875
4 0.01171875 0.3125 0.02265625 0.0109375
4 0.02109375 0.303125 0.0265625 0.00859375
4 0.0421875 0.2140625 0.02265625 0.01484375
2 0.015625 0.47265625 0.02890625 0.02109375
4 0.19296875 0.86640625 0.02578125 0.01328125
2 0.36171875 0.87421875 0.0171875 0.01953125
2 0.45859375 0.86953125 0.02578125 0.009375
2 0.72890625 0.81484375 0.0234375 0.01484375
3 0.7921875 0.85234375 0.0515625 0.0078125
4 0.76796875 0.73984375 0.02890625 0.01640625
2 0.71484375 0.68671875 0.0171875 0.0171875
4 0.675 0.4890625 0.0296875 0.0078125
2 0.6890625 0.4484375 0.02578125 0.0171875
4 0.20546875 0.2796875 0.028125 0.0109375
3 0.25078125 0.20859375 0.03125 0.040625
4 0.09453125 0.1875 0.02890625 0.01171875
4 0.0515625 0.24609375 0.0171875 0.01484375
4 0.04140625 0.3390625 0.02734375 0.01328125
2 0.0203125 0.8734375 0.03046875 0.00859375
3 0.0296875 0.84765625 0.0140625 0.00625
7 0.1875 0.884375 0.04375 0.0109375
4 0.53515625 0.4875 0.0265625 0.01484375
4 0.64609375 0.40390625 0.02734375 0.0125
4 0.73671875 0.2828125 0.0140625 0.015625
4 0.75546875 0.30546875 0.025 0.01328125
4 0.66171875 0.134375 0.05 0.0203125
5 0.43203125 0.31328125 0.02265625 0.01796875
4 0.346875 0.32421875 0.02265625 0.0078125
4 0.315625 0.325 0.01875 0.0140625
4 0.46640625 0.3859375 0.0234375 0.01640625
4 0.38046875 0.371875 0.021875 0.01640625
4 0.071875 0.33125 0.02421875 0.0171875
2 0.6515625 0.246875 0.02578125 0.02421875
2 0.6328125 0.3171875 0.0125 0.02265625
5 0.59453125 0.4140625 0.0296875 0.021875
5 0.63046875 0.4171875 0.0328125 0.0203125
2 0.675 0.38984375 0.02421875 0.0125
4 0.70859375 0.371875 0.028125 0.0078125
2 0.77734375 0.384375 0.03125 0.0140625
5 0.6578125 0.46484375 0.0234375 0.01640625
1 0.578125 0.53125 0.0234375 0.0078125
1 0.61640625 0.5265625 0.021875 0.00859375
4 0.6796875 0.52109375 0.02578125 0.01015625
4 0.6921875 0.55078125 0.01796875 0.0125
2 0.71484375 0.5625 0.015625 0.01328125
2 0.68515625 0.7015625 0.0171875 0.01640625
5 0.74609375 0.6375 0.0359375 0.01640625
2 0.56796875 0.8328125 0.02265625 0.01796875
3 0.44453125 0.85625 0.025 0.0109375
7 0.26328125 0.67890625 0.01875 0.0109375
4 0.18671875 0.50546875 0.0328125 0.0125
4 0.103125 0.0671875 0.01953125 0.0234375
4 0.1671875 0.0515625 0.03515625 0.02578125
2 0.45234375 0.0765625 0.01328125 0.01796875
4 0.521875 0.08125 0.0359375 0.01484375
1 0.61015625 0.1171875 0.02421875 0.009375
1 0.61875 0.14140625 0.01171875 0.0109375
2 0.521875 0.128125 0.015625 0.02734375
4 0.53359375 0.23359375 0.015625 0.0234375
2 0.50390625 0.4109375 0.01640625 0.0140625
4 0.72265625 0.4875 0.0296875 0.0125
4 0.48359375 0.52578125 0.02109375 0.0171875
2 0.55703125 0.59453125 0.0234375 0.01484375
2 0.57578125 0.59453125 0.02109375 0.01171875
1 0.5328125 0.7 0.01953125 0.015625
3 0.5484375 0.72734375 0.034375 0.0234375
2 0.0921875 0.76953125 0.0140625 0.00625
2 0.0078125 0.6109375 0.015625 0.0140625
2 0.01171875 0.50703125 0.0234375 0.01171875
4 0.15703125 0.3890625 0.0125 0.01328125
4 0.14140625 0.4015625 0.02265625 0.00625
4 0.24140625 0.37265625 0.0390625 0.028125
2 0.55625 0.4 0.01875 0.01796875
2 0.54609375 0.3859375 0.01953125 0.01328125
2 0.56640625 0.4765625 0.01953125 0.009375
4 0.4703125 0.46640625 0.03203125 0.02421875
2 0.42578125 0.4671875 0.02109375 0.01484375
2 0.4328125 0.4578125 0.01953125 0.00859375
4 0.709375 0.18984375 0.0265625 0.01171875
4 0.671875 0.20546875 0.0203125 0.0078125
4 0.6578125 0.1953125 0.025 0.01640625
2 0.2421875 0.653125 0.028125 0.02109375
4 0.6515625 0.50078125 0.02578125 0.01796875
4 0.19609375 0.2484375 0.01171875 0.0171875
4 0.07265625 0.07890625 0.0171875 0.01484375
1 0.3328125 0.01640625 0.01875 0.015625
1 0.228125 0.00546875 0.025 0.0109375
2 0.7625 0.0453125 0.028125 0.01796875
2 0.70234375 0.03671875 0.02578125 0.01640625
2 0.7171875 0.13359375 0.02109375 0.01875
2 0.66796875 0.07421875 0.01796875 0.015625
2 0.609375 0.0734375 0.03125 0.01875
1 0.53515625 0.04921875 0.021875 0.00703125
2 0.17734375 0.3203125 0.02890625 0.0609375
2 0.24921875 0.2734375 0.03671875 0.028125
4 0.2171875 0.3453125 0.0375 0.0109375
4 0.08671875 0.41484375 0.01875 0.01328125
2 0.465625 0.596875 0.01328125 0.009375
2 0.1328125 0.01640625 0.01796875 0.015625
2 0.15546875 0.0171875 0.02265625 0.01171875
2 0.38359375 0.0234375 0.028125 0.01640625
2 0.459375 0.196875 0.02109375 0.0203125