2 0.29028596786527155 0.5739336126241199 0.05778167889684287 0.055353344866803766
2 0.1679805154320797 0.3698283858558244 0.028473610495108836 0.03389483893530461
2 0.16441517065139927 0.4161768038406019 0.039411110495108835 0.03434050790866543
3 0.3378086260683629 0.24700901528585817 0.05807010523343692 0.03354201186299814
2 0.5952038971150503 0.24278579441188075 0.037848610495108834 0.03427684091247105
2 0.6438527706937516 0.3520042855146322 0.03463260523343692 0.03258700692008221
2 0.5252168917827913 0.31846622673111435 0.03252407366340595 0.023148339923887918
3 0.717125128769786 0.15794126772013506 0.03407116311182747 0.04971083992388783
3 0.6630746656014889 0.17110711258693875 0.058798147326811726 0.0460420118629981
1 0.7668345153614926 0.4198218438038584 0.02636507892507787 0.024456171939110406
2 0.8371323338338137 0.36292324498272205 0.06780912628012459 0.04017401384016441
2 0.9095687759554234 0.3427433961615856 0.039866136803468066 0.04215300790866543
2 0.6071178811182733 0.46078637790997795 0.03968412628012441 0.03902800790866543
2 0.46646278903901583 0.4391089905712787 0.03913809471009326 0.02965300790866543
2 0.5379583574407499 0.4565564757425312 0.03610409997176518 0.031088173916276673
2 0.41119843636582765 0.48521466943047126 0.03583108418674961 0.026400673916276672
3 0.31889754430068773 0.4466880217116488 0.05687162628012441 0.039728344866803766
2 0.3101287600292335 0.511259857681204 0.036468121018452496 0.037338173916276675
2 0.7637682414722077 0.6360835137658023 0.05200211575678075 0.036412343878220454
2 0.7517827229151819 0.7798799347163294 0.03545165258848364 0.046649506920082115
2 0.42574313865784513 0.8425005874152489 0.04409861049510884 0.03453150889724839
2 0.5390621860128918 0.8519790636892527 0.03040013154179615 0.04020850593149916
2 0.2540971098598243 0.6920907050194656 0.04740562101845249 0.0377838428896375
2 0.35331107067963413 0.3787219303048862 0.03297909997176518 0.030960839923887828
2 0.3586664286144942 0.3362160953239142 0.03766659997176518 0.03115184091247105
2 0.6719252918110261 0.2827303620926472 0.02672909997176518 0.030706171939110228
2 0.7641505891660728 0.2930683428152753 0.030870568401734032 0.02152217292769345
1 0.38336404977412103 0.22244275540002642 0.031598610495108835 0.03402217292769345
2 0.8584444336644046 0.5406025760093612 0.035087631541796324 0.040399506920082116
2 0.5479971552193195 0.023873968328157368 0.028473610495108836 0.03389483893530465
3 0.26312016823232487 0.18818711361270296 0.056689615756780755 0.03660334486680372
3 0.2738096413592682 0.7750796185556188 0.045463689420186526 0.05796900889724874
2 0.6903454229998865 0.6931094465793276 0.028200594710093264 0.029207338935304604
2 0.22124056527678793 0.5313269599623813 0.04915013154179624 0.0409725098858317
7 0.5910488912180939 0.9109428868072265 0.044280621018452496 0.037656508897248385
5 0.5935515359140697 0.9539116368072265 0.03472361049510884 0.03414950692008247
5 0.58205259379246 0.9716084727767818 0.03988154735504672 0.015654174904859985
7 0.22476519660682265 0.7935232124338393 0.04326415258848364 0.046967841901054186
7 0.4708666518826119 0.7701825770351255 0.02057010523343692 0.032014003954332716
7 0.3408158598598243 0.6885571867306768 0.023877115756780663 0.035266337946721474
5 0.5694035914439729 0.6737612217881985 0.03526964206513981 0.04352450692008229
4 0.6070092782333234 0.7278292978719219 0.044933068401734035 0.022095175893442943
4 0.47765570720075345 0.7119562415598619 0.04197466837349921 0.05159167490485981
4 0.13277657572954443 0.6124588962359476 0.038956084186749604 0.02652800790866543
7 0.416847009817472 0.7300960879095404 0.04024556840173403 0.021904174904859807
7 0.6511379808076897 0.7863302059708677 0.04308214206513998 0.04384284190105418
4 0.6782233965503529 0.8345621175298547 0.04299113680346807 0.04228034190105419
2 0.6092011097892371 0.7520162143738247 0.029490078925077868 0.02458350593149916
4 0.6767155625047777 0.6607744490507855 0.061286110495108834 0.035231845855386724
4 0.5549631178935064 0.5333908897729761 0.06632222099021767 0.06817167984777565
7 0.5641722469456412 0.42259796981103215 0.048224668373499216 0.05184634288963732
7 0.5927298864505323 0.3885439633852415 0.05429265785015538 0.04897601087441501
5 0.342648773536349 0.14187584631249742 0.04740562101845249 0.03778384288963736
5 0.33959936824644227 0.17019184730108058 0.03637711575678067 0.03577567391627663
5 0.3305058183311469 0.08128851479156657 0.035360647326811726 0.04508700692008223
7 0.25113756577089813 0.01481989228161503 0.03977513154179624 0.02963978456323006
4 0.5486250287274337 0.20944405380342093 0.04226309471009326 0.029780341901054184
3 0.6955847867611158 0.057015437682078965 0.05530912628012441 0.03966467787060932
7 0.9130137524190743 0.1867653101920305 0.04235409997176518 0.031342841901054186
7 0.8107000944983318 0.2183429154389575 0.06441111049510902 0.03535917984777566
5 0.7530975100292335 0.493210264260094 0.050530621018452494 0.037911176882026255
7 0.6058507837067568 0.5062580454004639 0.04740562101845249 0.0377838428896375
7 0.9322298151356136 0.6511461451730025 0.043719178896842695 0.054780341901054186
5 0.8654279939618693 0.781514077492236 0.0447356473268119 0.04546900889724874