2 0.8220397266868172 0.1770834437236993 0.04573067067154533 0.03751984736759484
2 0.9006914380171811 0.15796391069140753 0.027089758672817866 0.04624008293962456
2 0.8684425593570898 0.20525557294245952 0.028379538669636162 0.022857146641955418
2 0.6301527660327713 0.26331357648583864 0.05336135733609062 0.02216766587924912
2 0.6841044693666348 0.26910227421625316 0.018986357336090796 0.020967264427970277
2 0.843099303389543 0.4433359263005041 0.02532726400381833 0.028998019237293705
2 0.8963595687062256 0.32258940588208407 0.02699885200509087 0.03842758293962447
2 0.5425794933561352 0.18684779100647614 0.028379538669636162 0.022857146641955418
7 0.5604044347151341 0.37645592802978467 0.04394999466899989 0.018715283665263982
2 0.9190254567154522 0.39132204771471607 0.028270450668363624 0.013482146641955416
2 0.9912988040260897 0.4306325735754317 0.01740239194782056 0.02420139183263199
2 0.9863294933561353 0.38437513246843913 0.02734101328772951 0.02921627404661713
2 0.7481129727084527 0.3338121041606528 0.031504538669636165 0.02296627404661713
3 0.4791095287237246 0.4368725836574147 0.037881808004454245 0.03412202885594055
2 0.5249129247294516 0.4806424310250096 0.05813976400381797 0.030143856986241602
2 0.5033288260661788 0.5048785391923776 0.028343176002545434 0.01973214664195542
2 0.41008735606299707 0.47819449890369164 0.02530908267027261 0.027435519237293704
2 0.7332355967536324 0.6659698397326825 0.0301965773392725 0.04478671034428618
2 0.7203446980824053 0.6319395801140357 0.025327264003817972 0.028998019237293705
2 0.7506407254137236 0.6181598223094873 0.03782726400381797 0.029434528855940556
2 0.9429196794239049 0.6998438758450172 0.03462953866963616 0.023075401451278843
2 0.9839355780951319 0.7348562821056195 0.02839772000318135 0.024419646641955416
2 0.5105895321053133 0.7932961984482046 0.025363626670908877 0.0321230192372937
2 0.5571463587682681 0.7675893595181303 0.031504538669636165 0.02296627404661713
2 0.6135958060948138 0.7195809346532067 0.022129538669636163 0.022638891832631992
3 0.6331634187619046 0.7233879809323424 0.03168635200509069 0.03859127404661713
2 0.3982247974219959 0.666765925582714 0.03799089600572696 0.043497028855940555
2 0.31352362810308615 0.7700149219545169 0.04247840133672707 0.026473219962933215
2 0.30081454276731356 0.7516096623358701 0.059720445337363426 0.03176092068857237
1 0.6306612960295895 0.23990335833700405 0.028288632001908988 0.015044646641955418
2 0.8600344540897232 0.6907019996214819 0.07229317067154498 0.03844743030721922
2 0.9058100307526779 0.664967878840242 0.03626476400381797 0.02937996515360979
2 0.958898668085587 0.6636980447194911 0.02986931333545435 0.016661710344286363
2 0.9447270800843143 0.6538319713985136 0.014317038669636161 0.02236607332097762
2 0.7671566107574505 0.695267959332796 0.020457950668363624 0.013209328130301045
2 0.8601259080999044 0.7656747177703165 0.025218176002545434 0.019623019237293704
2 0.4711270427673135 0.7575571058899333 0.03459317600254543 0.019950401451278844
2 0.3884327214353589 0.7648214796663979 0.031722714672181594 0.04171627404661713
2 0.42966624876667725 0.7514236677781657 0.025199994668999894 0.018060519237293703
2 0.44988784209894994 0.7443204959084667 0.012736357336090798 0.02074900961864685
2 0.9887706110558383 0.8725472550637775 0.02245877788832331 0.03217758293962447
3 0.9052753234404497 0.8203547832867457 0.020712489337999785 0.0350843281303014
2 0.9968512857256335 0.9165427917242663 0.006297428548732853 0.026889882213985316
2 0.9575025367997666 0.9995449538480912 0.02063976400381797 0.0009100923038175779
2 0.5835014154598579 0.9520288469042587 0.037790901336727245 0.026309528855940557
2 0.5861355194541308 0.9099504743089202 0.022129538669636163 0.02263889183263217
2 0.4530684807844946 0.8834375596107975 0.022020450668363622 0.013263891832632168
2 0.32837756345476715 0.9056349634243291 0.01900453866963616 0.022529764427970278
2 0.37935880812376704 0.924595783750082 0.018968176002545255 0.01940476442797028
3 0.2192425380330894 0.25130707277282355 0.04097044533736342 0.03110615626060227
2 0.4657340880012727 0.025634983294595036 0.015843176002545433 0.019295637023308564
2 0.34553067600254533 0.030808578215119137 0.025218176002545344 0.019623019237293694
2 0.4411437153484993 0.12707843220613593 0.031577264003817974 0.02921627404661713
2 0.6293164246896807 0.19143857648583862 0.022093176002545435 0.01951389183263199
2 0.9546805987030439 0.3011980447194912 0.04260567067154497 0.037410719962933124
3 0.5882027180537703 0.41647329282057466 0.02231135200509069 0.03826389183263199
2 0.5546907840547247 0.4223314232204613 0.03295795066836362 0.013645837748947898
2 0.44883168272595186 0.45221484146196306 0.01893181333545435 0.01627976442797028
1 0.5972237293920882 0.45349214318339437 0.031468176002545256 0.01984127404661713
1 0.6593606500636334 0.49158490942546323 0.029851132001908986 0.015099210344286362
2 0.5654043014401314 0.8061434280297848 0.03940794533736351 0.031051592558271324
2 0.4612493193825432 0.3784598829317753 0.0377727200031817 0.024747028855940555
2 0.7915362560470888 0.3743751059747513 0.05648635733609062 0.022276793283910835
7 0.4144197727164068 0.38072922186184965 0.03455681333545435 0.016825401451278844