2 0.0675544444807356 0.8895338907731745 0.045461322139851344 0.09596095318850359
2 0.7196353658870983 0.4157488257558536 0.09184524881887376 0.08435506784239592
4 0.04146565963434529 0.8521633655584037 0.023983137023308565 0.01685330732694652
4 0.03422607850881927 0.835347679782755 0.027544646641955405 0.029517081637205678
4 0.06545872034145125 0.8150694793077851 0.025654764427970277 0.020060194482076098
4 0.08596219329960926 0.810665262324472 0.021130955534962848 0.02450203301668665
4 0.0750693333181427 0.8312267458161285 0.02080357332097771 0.015127033016686654
4 0.04101428104855722 0.7754370912481441 0.030451391832631968 0.02343085594746519
4 0.03531735255543639 0.804097679782755 0.027108137023308554 0.017017081637205677
4 0.06572410436953492 0.7626438421526555 0.03346726442797028 0.020469630257724702
4 0.0402156728811892 0.7534802040930144 0.030451391832631992 0.02343085594746519
4 0.012162594750888076 0.7723596788782439 0.017787700725639413 0.01808825870642732
4 0.012931498101083452 0.7472368481455491 0.025862996202166904 0.02030585594746519
4 0.03578363322547547 0.7235060990500604 0.027053573320977697 0.015454581637205677
2 0.019732047290626026 0.7124900339211979 0.02074900961864685 0.013564533016686652
4 0.02187738984889742 0.6734684774987627 0.025436509618646852 0.013810194482076099
4 0.019652690937356544 0.6475234531885032 0.013536710344286263 0.03034259724103805
4 0.07000486580228031 0.70729792288535 0.02592758293962456 0.027872694482076098
4 0.050865485402393704 0.6726396398686632 0.024037700725639422 0.018415807326946164
4 0.03937491389551454 0.6430782926276252 0.015044646641955395 0.028861984396167807
4 0.010745249324618811 0.5804621059474653 0.021490498649237622 0.018415807326946344
1 0.03444685563547929 0.5152432196968467 0.011374009618646852 0.013073210085908116
4 0.035934944565553614 0.5622819940071062 0.01499008293962455 0.027299484396167806
4 0.02441958040773582 0.4661915660333735 0.01984127404661712 0.03223264586155707
4 0.03906243376578041 0.49513543758467105 0.027271828130301136 0.021704581637205678
4 0.06380202813815035 0.41425060775648764 0.024037700725639422 0.018415807326946164
4 0.08067950409153324 0.44644231004047974 0.02592758293962456 0.027872694482076098
4 0.09814725708675812 0.4841437059020368 0.02716270072563942 0.01857958163720568
4 0.006742284803981311 0.4110979522839921 0.013484569607962621 0.027545145861557076
4 0.11608129075202207 0.44125352103089915 0.02861607332097771 0.015536468792335612
4 0.13893594819375069 0.4815852719354103 0.025545637023308566 0.0169351944820761
4 0.12713286344002758 0.5506251990046318 0.023928573320977708 0.015290807326946165
4 0.12345479193314843 0.5214732875392425 0.024037700725639422 0.018415807326946164
4 0.0942385178865313 0.5512493187469071 0.030233137023308564 0.01718085594746519
4 0.10112097886378976 0.3989874559020367 0.02107639183263199 0.02293953301668683
4 0.12241562550574517 0.37192698891872356 0.027271828130301136 0.021704581637205855
4 0.11730897405446634 0.40609727103089915 0.023928573320977708 0.015290807326946343
4 0.15248258222183436 0.4298556755988834 0.030342264427970278 0.02030585594746519
4 0.1804711729660072 0.435235894391219 0.02716270072563942 0.01857958163720568
4 0.15163684483570608 0.4540744255988834 0.021130955534962848 0.02450203301668665
4 0.18442206298454064 0.45657530585660827 0.024365082939624562 0.027790807326946165
4 0.1694394145284867 0.5270139586155702 0.01967758293962456 0.027545145861557076
4 0.18011153050040304 0.5800128058566083 0.02560020072563942 0.0184976944820761
4 0.15959813385844765 0.6071142164174864 0.033358137023308566 0.017344630257724702
4 0.1916913820443491 0.651843540252776 0.02861607332097771 0.015536468792335612
4 0.17773552024878403 0.7152918865893028 0.024365082939624562 0.027790807326946165
4 0.20132678767197917 0.734529887493814 0.030451391832631992 0.02343085594746519
4 0.15205347396964833 0.7335129421072268 0.024146828130301133 0.021540807326946167
4 0.08102670055600339 0.6382170522385635 0.021185519237293705 0.026064533016686653
4 0.09116559238863538 0.6168333751693421 0.027108137023308564 0.017017081637205677
4 0.12413185981183053 0.6365626990046318 0.019786710344286272 0.030670145861557075
4 0.23431539166299595 0.6415544934412793 0.024146828130301133 0.021540807326946344
4 0.23128216090028966 0.616349775553455 0.02716270072563942 0.01857958163720568
4 0.20862591090028965 0.6151624118040735 0.02420139183263199 0.023103307326946165
4 0.20738335863070417 0.5610923874938141 0.01342758293962456 0.02721759724103805
4 0.20287690790506474 0.5780751696059896 0.023928573320977708 0.015290807326946343
4 0.20207086525412615 0.5115051452957301 0.017896828130301135 0.021213258706427318
4 0.16542901552427863 0.3953135792623566 0.030342264427970278 0.020305855947465278
4 0.1960961729660072 0.4360547659425166 0.026036710344286274 0.0309976944820761
4 0.17804806661273773 0.37014648292582975 0.01800595553496285 0.024338258706427317
4 0.18113835027800168 0.3264783700809595 0.021294646641955416 0.029189533016686742
4 0.1643675125290537 0.35847199852966194 0.016661710344286273 0.03050637155129756
4 0.15533725291040687 0.3705216191764483 0.01811508293962456 0.027463258706427317
4 0.21165416326254233 0.7749877911572872 0.014771828130301135 0.021049484396167627
4 0.18813481770904605 0.7761032338303409 0.024146828130301133 0.021540807326946167
4 0.16092747696487322 0.7707639586155702 0.022256945916315996 0.012083920171816587
4 0.17591507070427098 0.8122487737444326 0.02296627404661713 0.032396420171816584
4 0.20140614402524867 0.7994964682265087 0.026036710344286184 0.0309976944820761
2 0.19934264702047355 0.8361742746489437 0.01967758293962456 0.027545145861557076
4 0.24371020591348097 0.8431955585701416 0.022420637023308564 0.016771420171816587
4 0.27037688803479887 0.729539172319523 0.021130955534962848 0.02450203301668665
4 0.2905157732440089 0.7579883989137748 0.02080357332097771 0.01512703301668683
4 0.3030604132625424 0.7797781897323777 0.02269345553496276 0.024583920171816587
4 0.30314474801626545 0.7101241089996829 0.02549107332097771 0.015372694482076099
4 0.29766607433246806 0.7325346975342938 0.026944445916315996 0.012329581637205855
4 0.25684515609096625 0.6239509136130958 0.02560020072563942 0.0184976944820761
4 0.26917154130017623 0.6519907044316987 0.027271828130301136 0.021704581637205678
4 0.2589904986492376 0.5849293571906606 0.029107146641955416 0.02959896879233561
4 0.28203612904912423 0.6197923580951719 0.024365082939624562 0.027790807326946165
4 0.2692112360353659 0.5612019301214393 0.011810519237293704 0.025573210085908293
4 0.29203117714235843 0.5577017938708206 0.02080357332097771 0.015127033016686654
4 0.29102174864923763 0.5866080438708206 0.033358137023308566 0.017344630257724702
4 0.3041765130772079 0.5685131411118587 0.024037700725639422 0.018415807326946344
1 0.2935416026402544 0.4920358502932557 0.011374009618646852 0.013073210085908293
4 0.2832588670682247 0.4727126402073475 0.03977182813030104 0.02235967887824373
4 0.2535986489193901 0.47037553425988216 0.030451391832631992 0.02343085594746519
4 0.28733129737544405 0.40091952736247727 0.023928573320977708 0.015290807326946165
4 0.2823089806778883 0.36543572874195823 0.03195932813030113 0.021950243102595034
4 0.2800123598966485 0.31913726085413385 0.030233137023308564 0.017180855947465278
4 0.28393596806401655 0.3412579223195231 0.027053573320977707 0.015454581637205856
4 0.32368794882672286 0.3683869883528966 0.030233137023308564 0.017180855947465278
4 0.3057365569940909 0.38936122964646935 0.02716270072563942 0.018579581637205765
4 0.2750718887525891 0.28130971223361484 0.028670637023308566 0.017098968792335523
4 0.22043895245491996 0.2768811618040735 0.02749008293962447 0.027954581637205857
4 0.16977924274360584 0.18108730495209707 0.028725200725639423 0.018661468792335524
4 0.385575368334169 0.23231336951513262 0.030560519237293703 0.026555855947465366
4 0.3883655516366133 0.19723900667026234 0.030342264427970278 0.020305855947465278
4 0.3637797246874385 0.2961335300760107 0.024037700725639422 0.018415807326946344
4 0.3502479596264961 0.4370894007227971 0.025709328130301135 0.0216226944820761
4 0.334136864705972 0.31571236770611033 0.032395837748947984 0.034450243102595035
4 0.3068576020921002 0.29001964891377474 0.01800595553496285 0.024338258706427317
4 0.3328124668828902 0.2639860933958508 0.02716270072563942 0.018579581637205765
4 0.38985609664980464 0.4235115796010408 0.028943455534962848 0.024911468792335613
4 0.41453614891939006 0.4788099112382467 0.031160719962933216 0.04374335594746519
4 0.4302454505560034 0.6565188314100631 0.02549107332097762 0.015372694482076099
4 0.4102107143510015 0.7595652662812007 0.0308333377489479 0.03436835594746519
4 0.40734117469528774 0.7296730483933764 0.030233137023308564 0.01718085594746519
4 0.3723386921184829 0.7458402809805218 0.03277778366526398 0.04538774310259512
4 0.33225932914179146 0.7280862149471483 0.027053573320977707 0.015454581637205677
4 0.32133918730915945 0.7494289484388049 0.02124008293962456 0.02762703301668683
4 0.3631596103599847 0.8518036759375678 0.031795637023308565 0.017262743102595124
4 0.37259660854588617 0.895345636023476 0.024255955534962757 0.02466580732694652
4 0.32189720409938244 0.890340553481759 0.025927582939624473 0.027872694482076098
4 0.32139869629483414 0.8597899163266293 0.027380955534962847 0.024829581637205677
4 0.34424840845321897 0.7881981993433161 0.030724210344286185 0.03124335594746519
4 0.3821849180718658 0.7776634910664301 0.032395837748947984 0.034450243102595125
4 0.41182279965287877 0.8927053149017198 0.029379965153609612 0.03741146879233561
4 0.2084795448435553 0.8883099847348521 0.030396828130301135 0.021868355947465546
4 0.23278014039705158 0.8872354856393632 0.024037700725639332 0.01841580732694652
4 0.16670870709460733 0.9189934187014785 0.023020837748947986 0.033958920171816585
4 0.14443440301092333 0.9068685549520972 0.024365082939624562 0.02779080732694652
4 0.1072072215225776 0.897090763228983 0.02247520072563942 0.01833392017181623
4 0.11448649738329326 0.8231176746943725 0.030233137023308564 0.017180855947465545
4 0.13633670473235462 0.7577350141334942 0.021130955534962848 0.024502033016686832
4 0.11597956471382118 0.7355357875392425 0.01935020072563942 0.018170145861557074
4 0.2506472637101801 0.4428270663720578 0.027380955534962847 0.024829581637205677
4 0.22461055336589383 0.47120437188998177 0.019786710344286185 0.030670145861557075
4 0.37456342414713356 0.5252411759375677 0.028725200725639423 0.01866146879233561
4 0.35834565790506473 0.5862229415414 0.026036710344286184 0.0309976944820761
4 0.36302323422126737 0.6091657965843542 0.03384921034428627 0.0314071302577247
4 0.3786854397562302 0.5865062245580868 0.02732639183263199 0.02326708163720568
4 0.31211798784946443 0.5204031897323776 0.02716270072563942 0.01857958163720568
4 0.3203322811333752 0.4644807383528967 0.026999009618646853 0.013892081637205678
2 0.3580530251429255 0.392885699343316 0.017896828130301135 0.021213258706427318
4 0.47051329729062596 0.7361144781761313 0.02872520072563951 0.01866146879233561
4 0.5179314451137078 0.7902564235627185 0.021130955534962935 0.02450203301668665
4 0.44686248776464643 0.8530596387370094 0.02705357332097762 0.015454581637205677
4 0.46341510382138085 0.5807718809350934 0.02280258293962447 0.027708920171816587
4 0.4283134175237116 0.5773669199446739 0.024255955534962938 0.024665807326946343
4 0.4714409133473604 0.46300784882291773 0.030451391832631992 0.02343085594746519
4 0.4494443730586745 0.5549939529613607 0.013318455534962937 0.02409259724103805
4 0.4288838803150686 0.3817268713241549 0.025654764427970277 0.020060194482076098
4 0.41475689292894036 0.40524958050555193 0.02856150961864685 0.013973968792335612
4 0.4389880558129645 0.3165113070998037 0.02716270072563951 0.018579581637205765
4 0.3864359746874385 0.29732089382539206 0.028725200725639423 0.018661468792335524
4 0.35268845726424336 0.2775506264125376 0.021294646641955416 0.02918953301668683
4 0.43612100535747755 0.21930875847928463 0.03346726442797028 0.020469630257724792
4 0.467797591292327 0.23114369515944455 0.027271828130301046 0.021704581637205855
4 0.49024302096657413 0.28319419606395574 0.02705357332097762 0.015454581637205766
4 0.48982138031506856 0.38492047037421523 0.035520837748947896 0.034614017412854546
4 0.5043551062684515 0.4169893419255127 0.030560519237293703 0.02655585594746519
4 0.5158159067239384 0.5146422698992454 0.030233137023308564 0.01718085594746519
4 0.5156274229660072 0.4528006891665507 0.0321230192372937 0.026637743102595125
4 0.5723932889379235 0.5082152074839165 0.030342264427970278 0.02030585594746519
4 0.5374255558129646 0.321670197872978 0.027271828130301046 0.021704581637205768
4 0.5503843688823232 0.4436647065794054 0.030342264427970278 0.02030585594746519
4 0.5786557018219478 0.418535231794176 0.043060519237293704 0.02721095318850324
4 0.5651686098966485 0.3340816666653136 0.028725200725639333 0.018661468792335524
4 0.5490798184268362 0.34654404511401604 0.02549107332097762 0.01537269448207601
4 0.6242558893007433 0.5023237336031983 0.030560519237293703 0.02655585594746519
4 0.5655058826773213 0.5485536024409623 0.02861607332097762 0.015536468792335612
4 0.6407861356725462 0.5892848230423201 0.027380955534962937 0.024829581637205677
4 0.5923015064537859 0.6329219583884276 0.02576389183263199 0.0231851944820761
4 0.6157390064537859 0.6341502657153739 0.030342264427970278 0.02030585594746519
4 0.5283208520072822 0.6272208350281078 0.030233137023308564 0.01718085594746519
4 0.4970237227885219 0.6717587290806424 0.01967758293962447 0.027545145861557076
4 0.5132737161651 0.7219191813646347 0.02732639183263199 0.02326708163720568
4 0.49442451244423574 0.7013643419255128 0.01984127404661713 0.03223264586155707
4 0.5178694469278063 0.7472057864075887 0.027380955534962937 0.024829581637205677
4 0.5327057624442357 0.7033705772261916 0.02549107332097762 0.015372694482076099
4 0.5820510311333752 0.47819683683713005 0.026999009618646853 0.013892081637205678
4 0.5637673118034143 0.3966226102428784 0.025709328130301044 0.0216226944820761
4 0.6752677738769811 0.6552716711878693 0.028834328130301047 0.02178646879233561
4 0.6373858279606651 0.6642438794647554 0.02091270072563951 0.018252033016686653
4 0.597440385039574 0.7098938941640764 0.02403770072563951 0.018415807326946164
4 0.6167161746952876 0.7406459271807632 0.02436508293962447 0.027790807326946342
4 0.6338391873091596 0.7658063794647554 0.02392857332097762 0.015290807326946165
4 0.6296774769648732 0.7953301051544959 0.02705357332097762 0.015454581637205677
4 0.6084919577275795 0.819265572137809 0.02716270072563951 0.01857958163720568
4 0.805215679504611 0.7442633293738983 0.03341270072563951 0.018907130257724704
4 0.7373163621740833 0.8283650124360136 0.031795637023308565 0.017262743102595124
4 0.6798486025554363 0.8378761312737776 0.020967264427970277 0.019814533016686654
4 0.7052082450210406 0.6944094142904644 0.022584328130301045 0.021458920171816588
4 0.712194855002507 0.6736432129109834 0.02247520072563951 0.018333920171816585
4 0.7391492246026206 0.6414006009706243 0.02749008293962447 0.027954581637205676
4 0.7084721434770944 0.6233566078680293 0.022584328130301045 0.021458920171816588
4 0.6699577697006298 0.5383740982570908 0.03379464664195542 0.029844630257724703
4 0.6716393207890891 0.5126337918346557 0.02436508293962447 0.027790807326946165
4 0.6615897089935239 0.576286856059007 0.027108137023308564 0.017017081637205677
4 0.7728173856725462 0.5962042876507843 0.024146828130301046 0.021540807326946167
4 0.7876685701561168 0.6415953527796466 0.030451391832631992 0.02343085594746519
4 0.8230678676163787 0.7037168945027605 0.0257093281303014 0.0216226944820761
4 0.7993005624363866 0.28608565920208173 0.030560519237293703 0.02655585594746528
4 0.8706398490968754 0.2827802747604854 0.02603671034428636 0.03099769448207601
4 0.8365351784083028 0.3404765880803255 0.03330357332097762 0.01578213025772479
4 0.8253967817663475 0.36806932157198213 0.02861607332097762 0.015536468792335523
4 0.7090054338505984 0.20465087347186145 0.03659226442797028 0.020633404567984303
4 0.6898362823993196 0.23808417118786931 0.02861607332097762 0.015536468792335612
4 0.7060689176085295 0.26632867989429665 0.02716270072563951 0.018579581637205855
4 0.7365376676085297 0.26792547941932676 0.03346726442797028 0.020469630257724702
2 0.634585787208643 0.22892717718076314 0.019786710344286185 0.030670145861556985
4 0.8076933826773214 0.561246111486074 0.029052582939624472 0.028036468792335612
4 0.8743302672535591 0.7150129206220425 0.022748019237293703 0.026146420171816585
4 0.8115251884902858 0.8549518458822416 0.0241468281303014 0.02154080732694652
4 0.7835812377646464 0.8707063206674711 0.02387400961864685 0.01372830732694652
4 0.7941839210670907 0.8360413935982495 0.030560519237293703 0.02655585594746519
4 0.7522717287789717 0.7587076096770515 0.019786710344286185 0.030670145861557075
4 0.7227826362207004 0.796296140884716 0.025927582939624473 0.027872694482076098
4 0.6678223177090461 0.8012425904551748 0.018169646641955417 0.02902575870642714
4 0.7155802606301371 0.7560020115315024 0.02296627404661713 0.032396420171816584
4 0.7100172521926167 0.8480666807988078 0.03061508293962447 0.02811835594746519
4 0.7006868922111501 0.8687100514455942 0.0261458377489479 0.034122694482076096
4 0.6762399637180293 0.8963879941186479 0.02247520072563951 0.018333920171816585
4 0.6076090148064883 0.866962765715374 0.02705357332097762 0.015454581637205677
2 0.530947311085624 0.8433781015364513 0.02716270072563951 0.01857958163720568
2 0.5373982077275794 0.8155397065794052 0.02091270072563951 0.018252033016686653
2 0.555619928871639 0.8540632960185273 0.025873019237293703 0.0263101944820761
2 0.5270311374018266 0.8658705772261917 0.023075401451278666 0.03552142017181659
4 0.1553496657944311 0.28051409486618883 0.016989092558271413 0.03988137155129756
4 0.1676785402038679 0.2412435549520971 0.01800595553496285 0.02433825870642723
4 0.18455601615725079 0.27343525723608925 0.024146828130301133 0.021540807326946253
4 0.1681572006408214 0.31718857926235655 0.019786710344286272 0.030670145861557075
4 0.09164431905980845 0.19969014077317437 0.02749008293962456 0.027954581637205766
4 0.053328352725072414 0.15385201831736567 0.02118551923729368 0.026064533016686743
4 0.05708329138499426 0.3152808412481442 0.023928573320977708 0.015290807326946343
4 0.17581337778317985 0.8599869108995624 0.03653770072563942 0.01907090456798457
4 0.185510847830931 0.4926356365893028 0.016661710344286273 0.03050637155129756
4 0.19718744701262433 0.4048047659425166 0.02716270072563942 0.01857958163720568
4 0.17210311225890124 0.47314865219313507 0.01811508293962456 0.027463258706427317
4 0.8103322877567972 0.44085172433094416 0.035520837748947896 0.034614017412854636
4 0.09268597468743851 0.28192610866099876 0.020912700725639423 0.01825203301668683
4 0.15338042722717646 0.22484062697836443 0.027053573320977707 0.015454581637205766
4 0.1277157391154088 0.26497762607385333 0.014880955534962848 0.024174484396167806
4 0.12153766098510768 0.28500352103089915 0.023075401451278843 0.03552142017181659
4 0.6852802132546932 0.3685529211878693 0.02705357332097762 0.015454581637205856
4 0.6885317319438327 0.1409635097224801 0.033576391832631815 0.02359463025772479
4 0.6810986886599218 0.19692690467952595 0.025818455534962936 0.02474769448207601
4 0.7528199212367267 0.18268402023792968 0.035029764427970275 0.020551517412854547
4 0.8436334049946579 0.2492750559681499 0.03066964664195524 0.02968085594746528
4 0.8386582175158624 0.16761562019250112 0.02603671034428636 0.03099769448207601
4 0.7797395745021041 0.1066095211424408 0.023239092558271324 0.0402089201718165
4 0.7315748930137583 0.09625851933341849 0.032013891832631994 0.023512743102595036
4 0.7231001941022175 0.06998594640264 0.0016170637023307677 0.0016443871551297562
4 0.6255357133395112 0.039827055629465626 0.02705357332097762 0.015454581637205778
4 0.6319568389300743 0.08008024140511438 0.02560020072563951 0.018497694482076034
4 0.2815376874787955 0.09615346223361484 0.030669646641955418 0.02968085594746528
4 0.31696675599044977 0.09018342322403425 0.030342264427970278 0.020305855947465278
4 0.2528472030878921 0.15569888059640907 0.027380955534962847 0.024829581637205767
4 0.20248510453917096 0.11862160447712725 0.024037700725639422 0.018415807326946254
2 0.11984373012973412 0.15420722241038015 0.013318455534962848 0.02409259724103805
4 0.15847964419488467 0.14605720771105907 0.027271828130301136 0.021704581637205768
4 0.6528471699707824 0.42320612166283916 0.027271828130301046 0.021704581637205678
4 0.6567633436545798 0.40071364597309866 0.03357639183263199 0.02359463025772488
4 0.6131869584453697 0.37103611205190073 0.024310519237293705 0.026228307326946254
2 0.8692261050025071 0.6818728720015235 0.02129464664195524 0.02918953301668683
4 0.8375842685195035 0.4673256931232796 0.03045139183263217 0.02343085594746519
4 0.84474449329176 0.4191747981662338 0.030396828130301045 0.02186835594746519
4 0.8124602721477006 0.3799142243309441 0.02403770072563951 0.018415807326946344
4 0.7924205906593549 0.37103719131425733 0.017624009618646852 0.013400758706427318
4 0.7419964608076224 0.5374534073930594 0.02080357332097762 0.015127033016686654
1 0.8606447678865312 0.5914149683380503 0.06662699400955034 0.07679487336031983
4 0.8695634109002895 0.6498006784239585 0.03379464664195524 0.029844630257724703
4 0.6354215346767542 0.7204938794647553 0.021021828130301047 0.021377033016686652
4 0.600185895206375 0.9002289670948549 0.011701391832631991 0.02244821008590847
4 0.7696352996528788 0.911457473426433 0.019786710344286362 0.030670145861557075
4 0.6409745863133676 0.8976705331282284 0.016825401451278844 0.035193871551297565
4 0.24800344646447017 0.20475385628614956 0.032395837748947984 0.034450243102595035
4 0.21252724873405562 0.2568995324508599 0.03061508293962456 0.028118355947465278
4 0.008519338930074326 0.10443851650834338 0.017038677860148652 0.021377033016686742
4 0.043147310074133784 0.08679067107632768 0.02247520072563942 0.018333920171816544
4 0.00012399637180292945 0.18219502431025952 0.0002479927436058589 0.020640048620519026
4 0.001775776408869822 0.26282754862051905 0.003551552817739644 0.01315509724103805
4 0.0025743845762378403 0.3105656857756488 0.005148769152475681 0.021131371551297563
4 0.009905734939057548 0.29555483943912186 0.019811469878115096 0.024502033016686832
4 0.03657981842683626 0.31968505823145743 0.019568455534962847 0.024420145861556986
4 0.024481611710747076 0.26269807383528965 0.021021828130301123 0.021377033016686742
4 0.03732635209210023 0.2758941146538926 0.021021828130301123 0.021377033016686742
4 0.07367307985958164 0.2660587692218768 0.01778770072563942 0.01808825870642732
2 0.06748756724570992 0.24147152702379296 0.027271828130301136 0.021704581637205768
4 0.10982637858578806 0.08245837516934214 0.020967264427970277 0.019814533016686786
4 0.08372767005560033 0.06778504353213635 0.019568455534962847 0.02442014586155703
4 0.14768104265093865 0.07426741689245617 0.01967758293962456 0.02754514586155703
4 0.17541666225105204 0.04206574852966196 0.026999009618646853 0.013892081637205789
2 0.17787697413928436 0.08367671641748634 0.024255955534962848 0.024665807326946277
4 0.23578124337657808 0.06166559757972229 0.02420139183263199 0.023103307326946276
4 0.2227529645206375 0.09855144391624915 0.01778770072563942 0.018088258706427274
4 0.31607388938556125 0.16057781037916402 0.017896828130301135 0.021213258706427273
4 0.3538318389300743 0.06550432779201856 0.019131945916315906 0.01192014586155703
4 0.4749082307627063 0.04993463873700944 0.02549107332097762 0.015372694482076033
4 0.5066939441022175 0.05864457541716935 0.024310519237293705 0.026228307326946275
4 0.49579364963718026 0.034592921753696215 0.02403770072563951 0.018415807326946275
4 0.5793799320364998 0.24090487675122185 0.025709328130301044 0.0216226944820761
2 0.47719731770904605 0.7912523575293451 0.021349210344286364 0.030752033016686654
4 0.2690574354950609 0.789736365897088 0.013427582939624472 0.02721759724103805
4 0.258536597746113 0.8220575429663095 0.016225200725639422 0.018006371551297563
4 0.286522699290059 0.8947480924913396 0.02409226442797028 0.019978307326946165
4 0.30615315301092333 0.9153438755080263 0.01800595553496285 0.024338258706427494
4 0.7773634980162655 0.7349768605815628 0.03061508293962447 0.028118355947465368