2 0.05105908002921768 0.3863159582768859 0.03401290145127882 0.03609463025772488
2 0.08882194173996474 0.12292184362299341 0.0315426658792491 0.05468085594746528
2 0.11334328130301126 0.1975566734511769 0.03773810217691827 0.0534459045679843
2 0.25640628974053176 0.2824152730670641 0.04667659255827141 0.04143722749876275
2 0.19635667794496667 0.22138259780686492 0.02581845553496285 0.02474769448207601
2 0.1648487946346732 0.6190698253056277 0.024583337748947987 0.034040807326946164
2 0.34813252058805605 0.578157141000317 0.02184028366526398 0.044814533016686656
2 0.24771582521989424 0.36974817673053717 0.018060519237293703 0.02590075870642732
2 0.2542014381965857 0.35375468453245335 0.021185519237293705 0.026064533016686743
2 0.14595495089527546 0.6607593583223145 0.022276793283910835 0.05731453301668683
2 0.09766378383489999 0.6899013037089017 0.021349210344286253 0.030752033016686654
2 0.054332935286178816 0.7266100876300996 0.024474210344286252 0.03091580732694634
2 0.5561062224948218 0.5046433186353653 0.045223219962933214 0.04448034034363317
2 0.6216022477225653 0.45268467096478593 0.035520837748947896 0.034614017412854636
2 0.6108482861971527 0.503339768205824 0.034012901451278846 0.036094630257724705
2 0.40816723029937013 0.48187196121756204 0.024747028855940555 0.03872830732694617
2 0.42629220380568233 0.283686766735486 0.020114092558271325 0.04004514586155707
2 0.43358883783376595 0.33574391169253187 0.01940476442797028 0.019732645861557076
2 0.4344122386520727 0.24725794380470748 0.012301592558271323 0.03963571008590829
1 0.7738095884667382 0.44079442333963514 0.018060519237293703 0.025900758706427142
2 0.7315997518989166 0.33030065864031416 0.02173115626060227 0.04168953301668674
2 0.7581820992665114 0.3743029641582381 0.022638891832631812 0.023021420171816586
2 0.6491840998994836 0.5028960329051451 0.024747028855940555 0.03872830732694617
2 0.7416468413771451 0.08009926277875712 0.025292665879248943 0.05435330732694625
2 0.701577402084251 0.12055052238969555 0.018060519237293703 0.025900758706427274
2 0.7455828624285372 0.14798612562362737 0.021349210344286364 0.03075203301668674
2 0.7012078690519592 0.19962054669995505 0.02485615626060227 0.041853307326946254
2 0.5578497055349628 0.004358332485946109 0.016607146641955416 0.008716664971892218
2 0.5845039747722566 0.017893591136602553 0.01951389183263199 0.022857645861557023
2 0.5087524958236488 0.08995669889309015 0.016334328130301046 0.021131371551297518
2 0.4731721490890262 0.16930668419376907 0.018005955534962936 0.024338258706427272
2 0.31516124164729753 0.21672167401700376 0.016825401451278844 0.035193871551297565
2 0.18173124898850967 0.7214987844870248 0.0336855192372937 0.026719630257724704
2 0.05038699055098918 0.6360260312076644 0.02340278366526396 0.04489642017181659
2 0.39742568165798176 0.6225345827688595 0.029161710344286183 0.03116146879233561
2 0.3636211113322289 0.5734320194490194 0.028035719962933126 0.043579581637205676
2 0.46162953619715275 0.5111599915207152 0.02749008293962447 0.027954581637205676
2 0.4996329892850448 0.36672059475464713 0.013154764427970278 0.01940509724103805
2 0.4914211852013608 0.3781084741078608 0.013263891832631991 0.02253009724103805
2 0.48342020144342956 0.44035949061620416 0.009811509618646852 0.012991322930778537
2 0.5547296839354164 0.12902916497189224 0.016170637023308565 0.016443871551297517
2 0.48998019237293694 0.22477875622003643 0.01627976442797028 0.01956887155129756
2 0.48771330952597963 0.0926246754873418 0.007013891832631991 0.022202548620519003
2 0.6461037068009072 0.23538098428462612 0.022748019237293703 0.026146420171816585
2 0.6108705565307547 0.12295622738722116 0.01202877404661713 0.03182321008590829
2 0.5932316779449667 0.2005832604039079 0.010029764427970277 0.019241322930778536
2 0.6873587116950486 0.5650751283371609 0.016170637023308565 0.016443871551297562
2 0.731572503164861 0.5760635379935277 0.01310020072563951 0.01784259724103805
2 0.7492560217691825 0.47730181139927613 0.01778770072563951 0.01808825870642732
2 0.7541964929132419 0.4394742627787571 0.01984127404661713 0.03223264586155707
2 0.7513467675080132 0.2682167384684976 0.009975200725639333 0.017678822930778538
2 0.6196503010884591 0.002679645805786196 0.011755955534962937 0.005359291611572392
2 0.40680804990733277 0.08434186397652402 0.01800595553496276 0.024338258706427272
2 0.3956076881965857 0.3463438969932108 0.014935519237293703 0.025736984396167804
2 0.4182912200477511 0.3459377832438294 0.011592264427970279 0.019323210085908295
2 0.36362605661557273 0.4615085515611951 0.011919646641955417 0.028698210085908293
1 0.09441468811176768 0.03653396426977976 0.024637901451278844 0.035603307326946276
2 0.4758879544386545 0.4039682892367232 0.012247028855940556 0.03807321008590829
2 0.6291295494439966 0.6009993402320915 0.021622028855940556 0.03856453301668683
2 0.6687649683184705 0.6153584113538476 0.010029764427970277 0.019241322930778536
2 0.6539187291182438 0.5488260085948856 0.01822421034428636 0.03058825870642732
2 0.6983408185964723 0.296823095320474 0.011646828130301046 0.020885710085908293
2 0.7187004478152326 0.341934199458917 0.012137901451278844 0.034948210085908295
2 0.7011434147829407 0.42190498247560376 0.007013891832631991 0.022202548620519024
2 0.7839236545313217 0.28216305178833767 0.024583337748947897 0.034040807326946344
2 0.7708680607071059 0.007013602725905422 0.01827877404661713 0.014027205451810843
2 0.7921056875636134 0.20268359170242944 0.01622520072563951 0.018006371551297473
2 0.774541253164861 0.5738116412274596 0.04080853847458741 0.05204717887824373
2 0.8164831833872622 0.31802530868574264 0.023020837748948253 0.033958920171816495
2 0.6592386569783925 0.454625629241672 0.028943455534962935 0.024911468792335613
2 0.6559003474524128 0.3366159356641071 0.014717264427970278 0.019486984396167806
2 0.7742857928205746 0.5440831976498947 0.024310519237293705 0.026228307326946164
2 0.5865352777596322 0.4122577448000757 0.01515377404661713 0.0319869843961678
2 0.41954372911824384 0.5611090818643485 0.01827877404661713 0.03215075870642714
2 0.289107206252753 0.4568044414298583 0.018387901451278842 0.03527575870642714
2 0.15649311369448166 0.4246204624607575 0.022748019237293703 0.026146420171816585
2 0.1497991695922642 0.4570611482364062 0.021294646641955416 0.02918953301668683
2 0.078134989918017 0.5116910945275046 0.01940476442797028 0.019732645861557076
2 0.8147743835647475 0.5380478816165212 0.01142857332097762 0.014635710085908294
2 0.06845245507162667 0.5482018046134127 0.013263891832631991 0.02253009724103805
2 0.5182044623280209 0.6968208525565632 0.01795139183263199 0.02277575870642714
7 0.6344321522538869 0.7752590338096563 0.01924107332097762 0.015045145861557075
3 0.6406870313030113 0.16991975859488562 0.02452877404661713 0.0324783073269463
2 0.6437103383819202 0.12201784712949637 0.014717264427970278 0.019486984396167806
2 0.6664013047166562 0.0769985962249852 0.011592264427970279 0.01932321008590827
2 0.62860618275429 0.20499079941348847 0.014444445916316084 0.011674484396167806
2 0.45298613466105586 0.15158027363289098 0.011483137023308564 0.016198210085908292
2 0.4304365228654907 0.08858230664957774 0.011264882213985139 0.009948210085908248
4 0.42833090815951885 0.38689365389061575 0.014662700725639511 0.017924484396167804
4 0.4897272543459873 0.5089047727283799 0.017842264427970277 0.01965075870642714
4 0.3064385831092606 0.6617409249215148 0.027599210344286185 0.03107958163720568
4 0.1136037531648609 0.6084499078473447 0.022748019237293703 0.026146420171816585
2 0.18142617022523636 0.5782843730216356 0.016170637023308565 0.016443871551297562
4 0.43768114862568996 0.6994755410457455 0.018660719962933038 0.04308825870642732
4 0.5228447999921508 0.40385542458283064 0.015372028855940556 0.03823698439616781
4 0.5720337789407586 0.33318439846354886 0.008630955534962936 0.02384693577564878
4 0.5587252470895931 0.3330991892821517 0.013154764427970278 0.01940509724103805
4 0.8553472759455337 0.3551225169626286 0.022529764427970278 0.019896420171816587
5 0.5179365890997103 0.577084884668739 0.013918656260602269 0.04128009724103805
4 0.618268949714149 0.715839768205824 0.02937996515360979 0.03741146879233561
4 0.5525868305773718 0.1573179392821517 0.02576389183263199 0.02318519448207601
5 0.6043130216843644 0.1593031631628699 0.013154764427970278 0.01940509724103805
4 0.7216939838427493 0.22594070726083312 0.012083337748947898 0.03338571008590829
5 0.7643601442797027 0.14778472976207033 0.02888889183263199 0.02334896879233552
5 0.5192733666897065 0.3688220053155253 0.02173115626060227 0.04168953301668683
5 0.46800847785229943 0.31280770070211245 0.0308333377489479 0.034368355947465366
7 0.5010541016287641 0.22811179613412813 0.0181349303072194 0.07269387155129756
7 0.44249506796350013 0.1873506772963641 0.021185519237293705 0.026064533016686743
4 0.24244302657850586 0.5101241932388806 0.027708337748947987 0.034204581637205855