2 0.7156338478047417 0.7205801373459033 0.05410961124870504 0.055887630508958355
2 0.5687525014432329 0.9013365620234379 0.032487168320799495 0.027289851823611145
2 0.6135555791934919 0.8914537221676742 0.036194365177646404 0.03986258700597247
3 0.38565955748187014 0.7737713404244447 0.0338698858558109 0.05697735182361115
2 0.2820464441662505 0.5263131525447919 0.03455909057054054 0.03826371941479181
2 0.367288277293193 0.44635485524208357 0.0344135413563289 0.03513871941479181
2 0.3809227458616616 0.5715366931979864 0.021695217535011226 0.030160278685347208
3 0.15446079156121667 0.43437761284152787 0.049892992142117176 0.03237739532659738
3 0.1879668043814982 0.483542464665139 0.04480738585581086 0.05723192496187508
1 0.38421244995721876 0.307056619109792 0.023039393713693724 0.025509146276527783
2 0.3022689371369372 0.25676437195958357 0.040629308105551855 0.06806032218833336
2 0.254753928245597 0.1916653956109377 0.0408818651776464 0.03997168977951393
2 0.485257027293193 0.4491006083762157 0.03761131596343468 0.03677395459715278
2 0.518442016539826 0.5919063574262852 0.02987159057054072 0.03815461664125017
2 0.5079175853987449 0.5167427032659726 0.03128854135632899 0.03506598423243048
2 0.5835062444139195 0.6316604948690977 0.025038541356328815 0.03492051386770836
3 0.5834763192686945 0.731551392095556 0.03855738585581072 0.05708645459715278
2 0.6477378724118475 0.7205606471295491 0.03746576674922295 0.03364895459715278
2 0.5912030045481139 0.2439793101235769 0.035141287427387445 0.05076371941479163
2 0.7324979385846792 0.21136944471659783 0.04520549214211726 0.032268292553055564
2 0.9180181774170275 0.508338629746459 0.03321491439185813 0.04291485182361114
2 0.8846897930089586 0.3959652631052091 0.041934942927905186 0.029070557370694416
2 0.8427956612869771 0.7196378460271188 0.03648546360606986 0.046112587005972296
2 0.5056595343225063 0.7195949463321185 0.032705492142117085 0.031977351823611146
2 0.4622734073580356 0.7263891537790629 0.03128854135632882 0.03506598423243048
2 0.29050745347187545 0.43988534327423634 0.032487168320799495 0.027289851823611145
2 0.26515638895618276 0.3479881307932988 0.021767992142117176 0.03172277868534721
1 0.3441783788219883 0.7376877168493405 0.03419521753501122 0.03045121941479163
2 0.46340118217453846 0.18091365282913233 0.04066354135632881 0.03528418977951393
2 0.0921920396991898 0.6389547036472223 0.034049668320799586 0.027326219414791807
3 0.3586668719975628 0.8644502386008337 0.0369948858558109 0.05705008700597247
3 0.9125965849844601 0.6767795052214243 0.05665241439185813 0.0434603656913195
2 0.6740733165826074 0.2974147410693756 0.02772689371369381 0.025618249050069507
2 0.7022306273742462 0.8014300938429173 0.041172963606069854 0.046221689779513755
7 0.9197325729927481 0.3273250190891327 0.037902414391858485 0.04302395459715278
5 0.9595934396181367 0.3118643264598272 0.03434076674922295 0.03357621941479172
5 0.9808327388323482 0.31548028894076474 0.015736315963434677 0.036264808320625085
7 0.9496449747692125 0.7182227760229869 0.04720463978475209 0.041679660144236054
7 0.8319158575246514 0.48604409602711873 0.03361302067816432 0.01795121941479181
7 0.8054176317174726 0.6376059428167368 0.03375856989237604 0.02107621941479181
5 0.7016611232404171 0.4205801373459034 0.04520549214211709 0.032268292553055564
4 0.7382492865988179 0.3683643271254173 0.022422963606069858 0.04578527868534721
4 0.7739406916850512 0.49796156135784786 0.050329639784752266 0.041752395326597205
4 0.813517037837163 0.861770141429966 0.026819365177646402 0.03964438145888884
7 0.8154411410230974 0.5512145011373618 0.020569365177646404 0.03949891109416672
7 0.7783070523145836 0.3068644358828826 0.04571491439185813 0.043205792553055566
4 0.8138785252262783 0.26633100807121596 0.0408818651776464 0.03997168977951393
2 0.7612137516526298 0.35875359099312565 0.02474744292790554 0.028670513867708358
4 0.6477847983856422 0.3194345582237158 0.03401543507002262 0.06010235182361114
4 0.5739941956139927 0.4776996934823268 0.06697348428423418 0.06399107123840295
7 0.46511150123834505 0.5024795283040976 0.05367296360606986 0.046512630508958354
7 0.42134223056018066 0.48429191954663225 0.047786836641599176 0.05417966014423605
5 0.28473491232043435 0.8018580132021181 0.03655823821317572 0.04767508700597247
5 0.31178756389201095 0.796244446047778 0.03746576674922295 0.03364895459715278
5 0.2315392917661044 0.8326163975107989 0.04520549214211718 0.032268292553055744
5 0.11951448076506843 0.8737115633546182 0.04178939371369372 0.025945557370694417
7 0.19233770471022052 0.9292543549577431 0.04080909057054054 0.038409189779513755
7 0.1633608341558906 0.9605764369297223 0.03255994292790545 0.028852351823611143
4 0.2682600800220614 0.5821812928373961 0.03001713978475227 0.041279616641249996
3 0.06634651550636872 0.4861745425530556 0.04004711124870501 0.05556032218833344
7 0.1054474410658786 0.23657523926642368 0.03157963978475227 0.04131598423243057
7 0.17592906906380662 0.32562086189159734 0.034160984284234266 0.06322735182361114
5 0.4594842777074778 0.29788294728204895 0.038193512820281585 0.04927395459715278
7 0.5275708058292403 0.4360382171336809 0.03648546360606986 0.046112587005972115
7 0.5396661215877872 0.07577351757052128 0.053381865177646405 0.0402626305089584
5 0.6899037160872692 0.10112162252826447 0.047350188998963996 0.04480466014423614