0 0.5031464653882702 0.3988876545990031 0.1074681493475449 0.10592383068109026
6 0.4843226453691802 0.258462649268003 0.08837270401018138 0.07601815467854492
4 0.4324152473742709 0.2965717239417754 0.04556703866963616 0.022402258672817865
6 0.7932554867520415 0.6197610392266413 0.12603633601209036 0.09051700668363552
2 0.45644583008431433 0.6158666166056846 0.08693747334499946 0.08693747334499946
1 0.7553265833863613 0.3818888692314138 0.034720445337363515 0.030087489337999783
1 0.7365129487189521 0.37663829523395914 0.031540901336727066 0.025363626670908877
1 0.6938169187221338 0.40057578190645887 0.03481135200509069 0.03789998933799978
1 0.6865584020528157 0.38112634790741334 0.03306703866963616 0.022256808004454332
1 0.8152106607256335 0.4249479785566869 0.026926126670908702 0.03155908267027243
1 0.5559351107176795 0.369363239258458 0.03477498933799979 0.03477498933799979
1 0.5821794373806342 0.3417104065881854 0.03786362667090888 0.03168635200509069
2 0.30881466271481595 0.3511421399586383 0.05824885200509069 0.038172709341181485
2 0.6249561886934988 0.19041098858214026 0.05205339600572696 0.04278748400699968
7 0.9615958594048148 0.5154446145369606 0.025563621339908593 0.04872840133672707
2 0.500738533378407 0.3262495859325486 0.030087489337999783 0.034720445337363515
1 0.48465045671545237 0.3537842399347757 0.020694308004454244 0.033048857336090795
4 0.6429174900540884 0.39101042524668583 0.047202264003817974 0.028670440006363318
2 0.39641466004931597 0.3587177352800934 0.031613626670908876 0.031613626670908876
1 0.5135038047421784 0.5503501572645032 0.09607611600890867 0.06673406134627217
2 0.3209339493952699 0.45257737062382014 0.025290901336727067 0.025290901336727244
2 0.2277470233927245 0.4349091599697742 0.029905676002545345 0.019095445337363515
2 0.5629669080601336 0.43647801392427626 0.03317612667090888 0.03163180800445424
3 0.47704068809672273 0.7070455999363665 0.025545440006363405 0.047165901336727066
1 0.46183331142581385 0.6759683226050482 0.025272720003181703 0.023728401336727246
1 0.40939974944299495 0.8031580786123662 0.022129538669636163 0.022129538669636163
4 0.6791929867520415 0.6210882765754586 0.019022720003181705 0.023655676002545433
1 0.2820687073519991 0.13423645062859266 0.028415901336727067 0.025327264003818017
2 0.6813521867043164 0.26945305124127694 0.042769302673454135 0.05049089600572696
3 0.838021999403224 0.5051621898870506 0.030287484006999675 0.051907945337363516
4 0.6383610907860854 0.8723786039147312 0.036392033338636054 0.03948067067154533
4 0.5597980967536323 0.6341978985916853 0.022165901336727068 0.025254538669636162
4 0.9250765567313607 0.46586278520850577 0.034556813335454704 0.016024989337999784
4 0.8785919080601335 0.4328053845480964 0.02988749466899989 0.017532945337363513
1 0.7975686273869975 0.38608547322568676 0.018986357336090977 0.020530676002545344
4 0.698922589393679 0.4364587379058225 0.014262494668999893 0.017351132001908985
4 0.3922095127307243 0.4673751199475024 0.03452045066836353 0.012899989337999785
2 0.25592602005090676 0.3720728052991834 0.023655676002545346 0.019022720003181705