5 0.32703047908381044 0.3549043424913396 0.04010817445232169 0.03798467887824382
5 0.33626072657652795 0.3772297218445533 0.04148881802583091 0.03181656603337348
5 0.21747728582687031 0.47709252374443256 0.04277853338609487 0.02252345318850324
5 0.1538490433487177 0.40823298111680745 0.03711956677218975 0.042508404567984215
3 0.5146645228947466 0.44976422037421526 0.03146060015828454 0.06249335594746519
7 0.5738803985215671 0.44740718226914583 0.02439224623907634 0.034040807326946164
7 0.6231409494586393 0.3173788455435574 0.02581835391920819 0.0294351944820761
5 0.3096598079967011 0.13323738240543137 0.04148881802583091 0.03181656603337357
5 0.25492684389007836 0.12880883197589005 0.01657974623907634 0.033631371551297515
3 0.572989151424561 0.5776302708037566 0.03716503087881229 0.044070904567984216
4 0.577175231591093 0.3461722308896648 0.030142141066226813 0.017180855947465278
7 0.2636128367639424 0.3469004127085847 0.030596782132453627 0.03280585594746528
7 0.15145381756361254 0.35272328753924254 0.04286946159934022 0.02564845318850333
2 0.620358244918928 0.5434500226127789 0.03836381802583091 0.03165279172311415
2 0.5671961409997198 0.5125818029159321 0.043324102665567035 0.04127345318850324
2 0.4998147612162641 0.39516192955561236 0.04654003087881246 0.04456222749876275
3 0.8953388952228618 0.18187287200152344 0.05100021034569906 0.03699538896415207
2 0.8064632294795219 0.5321417876507842 0.046994671945039104 0.06018722749876275
4 0.6508005996960662 0.4100952900256334 0.03693771034569906 0.03625840456798439
4 0.6831751790046681 0.3431468074384879 0.027108069279472246 0.020142081637205766
4 0.6197000492212125 0.2259316519659925 0.024528638558944316 0.03872830732694634
2 0.5480379978884289 0.20267453640758876 0.02742631802583091 0.031079581637205766
4 0.6669076698334682 0.2666285730423202 0.03854567445232178 0.03790279172311406
4 0.6875517565974105 0.6007955331282284 0.04277853338609496 0.02252345318850324
4 0.8873996777510269 0.36477058118292055 0.038091033386094965 0.02227779172311406
4 0.9260075366848002 0.35119276006116434 0.03340353338609496 0.02203213025772479
4 0.835148170624891 0.5796685628655549 0.028852425705962758 0.02647396879233561
4 0.46720816435668483 0.6149897506773685 0.04157974623907634 0.034941566033373485
4 0.46616014139543116 0.6593981699446739 0.03050585391920819 0.02968085594746537
4 0.3934129631821858 0.6524654172311404 0.0363466769596041 0.015945904567984216
4 0.400634429796091 0.6325623530067892 0.03032399749271768 0.02343085594746519
4 0.3722677373970807 0.5959730777920186 0.03023306927947216 0.02030585594746519
2 0.4183350921742187 0.46343721675617056 0.025727425705962936 0.0263101944820761
4 0.4746436134861197 0.2807342593837958 0.04019910266556703 0.041109678878243815
4 0.38534176959604133 0.16060546585165944 0.025727425705962936 0.02631019448207601
4 0.42900084138279587 0.1597733061952925 0.03344899749271768 0.02359463025772479
4 0.3312142107414104 0.20379222184455328 0.030142141066226813 0.017180855947465278
2 0.3357940621533362 0.2539559961548128 0.038272889812585566 0.028527791723113972
2 0.27939930964605375 0.2728421149925768 0.03206835391920828 0.029762743102595034
2 0.26398256129540637 0.413224775553455 0.03818196159934022 0.02540279172311415
3 0.1824501018076372 0.21159699852966196 0.04640363855894432 0.03987472749876284
4 0.16965223660565787 0.2811315705559293 0.03992631802583091 0.03173467887824381
4 0.17920542986259802 0.1537026113745322 0.02710806927947216 0.020142081637205766
2 0.2171924778301692 0.3600687980546921 0.02269335391920819 0.029271420171816498
4 0.22314461262818988 0.43058601594251655 0.028852425705962935 0.02647396879233561
4 0.21799176286561672 0.5215828301668678 0.025591033386094874 0.0216226944820761
4 0.33261420401098585 0.5736133989137748 0.028852425705962935 0.02647396879233561
4 0.34000315518548474 0.5326575282669884 0.02461956677218975 0.041853307326946164
4 0.294727759104693 0.5583668571906607 0.02287521034569897 0.03552142017181659
4 0.3694118588672662 0.47101402136958337 0.04006271034569897 0.03642217887824373
4 0.3924689256394559 0.5127854415413999 0.04755696159934022 0.02589411465389251
7 0.3980453242275301 0.4631539337394838 0.04019910266556703 0.041109678878243724
2 0.4413142879384413 0.31487024197094127 0.029125210345699058 0.035848968792335525
4 0.43655023159109285 0.33880238692798714 0.041034176959604096 0.016191566033373482
4 0.7959385696086766 0.6798013596770515 0.041897994985435005 0.04587906603337366
4 0.7933651505666313 0.7522119482116623 0.024073997492717502 0.02310330732694634
4 0.7394278083259055 0.7751271477821209 0.025909282132453627 0.0325601944820761
5 0.9474556055020539 0.6861819137246374 0.035329746239076344 0.034614017412854636
2 0.9830346065910931 0.7006881490253164 0.0339307868178139 0.03642217887824373
2 0.9754047607540457 0.7352302453618433 0.03225021034569906 0.03601274310259513
5 0.9219411284633076 0.6403814128201264 0.05228992570596276 0.027702276119281777
4 0.835340735747728 0.4790510871758144 0.027153533386094962 0.021704581637205678
4 0.8576620166265403 0.522344063770066 0.022647889812585476 0.027708920171816587
4 0.8703869886507218 0.6111575802784094 0.027108069279472246 0.020142081637205676
2 0.8250695108205527 0.26009636928798996 0.03197742570596276 0.026637743102595035
2 0.8163082762599589 0.2806987963572115 0.022511497492717324 0.023021420171816586
2 0.7812824069013444 0.22971947252192182 0.05279003087881229 0.04488977611928178
2 0.8386258939692206 0.1898214908392875 0.04300585391920819 0.03033595318850333
4 0.7435096222616083 0.21837918079880775 0.022829746239076344 0.033958920171816495
4 0.5865034528238515 0.13058485244096235 0.03643760517284953 0.019070904567984305
2 0.5378530041566351 0.14753665705437516 0.030323997492717504 0.02343085594746528
4 0.3448220696751836 0.18890420624072105 0.04425010517284953 0.019480340343633086
4 0.3406239661516867 0.3127135204650723 0.03661946159934022 0.025320904567984304
2 0.39671719028743924 0.22984678878243797 0.03487510517284953 0.018989017412854546
4 0.4482569582341279 0.23176781490171977 0.02094899749271768 0.02293953301668683
3 0.2245610454602888 0.23798575814060036 0.03592077962517113 0.05492651741285455
4 0.5961224937317938 0.08584556252687059 0.030778638558944315 0.03905585594746528
4 0.7059056368430847 0.4005022840327396 0.030142141066226813 0.01718085594746519
4 0.6772123355103012 0.37949706524040405 0.025545569279472248 0.020060194482076098
4 0.5357117749398107 0.7441693176152532 0.03344899749271768 0.0235946302577247
4 0.5466061593421199 0.6628341084338562 0.03340353338609496 0.022032130257724703
4 0.5204983004083467 0.6770670267966503 0.03367631802583091 0.0314071302577247
4 0.47048759171200033 0.7813141135222388 0.03234113855894431 0.03913774310259512
4 0.3520952928864993 0.7337663268875074 0.030778638558944315 0.03905585594746519
4 0.3190100082467632 0.7226716966297826 0.0365739974927175 0.023758404567984216
4 0.4559871710206024 0.7119090162812007 0.035102425705962934 0.026801517412854636
4 0.2870265708623178 0.6422095906823173 0.02292067445232169 0.03708392017181659
4 0.2500123041692704 0.6301289925367681 0.05421613855894432 0.04028416327441153
4 0.2030069235278848 0.676809240727746 0.038772994985435 0.04571529172311415
4 0.15573711843417765 0.6875929324962884 0.0197047462390763 0.033795145861557074
4 0.14094719272821474 0.6618559481001206 0.03023306927947216 0.02030585594746519
2 0.16845241561032603 0.588411804047586 0.035284282132453625 0.033051517412854635
4 0.1544722028238516 0.10794305404758593 0.0228297462390763 0.033958920171816544
4 0.42048965940862687 0.188969483264514 0.01943196159934022 0.024420145861557073
4 0.4353584899708702 0.11018274197094127 0.01805131802583091 0.030588258706427274
2 0.8009968279884537 0.45150926334052477 0.02898881802583091 0.03116146879233561