2 0.3931993845762379 0.14536375994591158 0.045277783665263985 0.04425907733927246
2 0.3400297445577044 0.12489726595322943 0.043497028855940555 0.037990896005727005
2 0.4643625672457099 0.23200014660250295 0.0642460384745874 0.050727253341817755
2 0.41194935145912803 0.3911393366088663 0.03406746515360979 0.03631930800445442
4 0.5255232342212673 0.582708123925867 0.02749008293962447 0.02687158267027261
3 0.2548635046396874 0.6405228132956836 0.038973219962933126 0.042623852005090515
4 0.2942236158022803 0.6986347579567292 0.0371924651536097 0.036355670671545326
4 0.2867881164352525 0.5761148679583201 0.030669646641955418 0.028470445337363516
4 0.3413044908446893 0.535652952617775 0.0371924651536097 0.036355670671545326
4 0.2943179073569106 0.36048986795832005 0.024583337748947897 0.0330852200031817
4 0.3399181279528159 0.19518249395291126 0.03730159255827141 0.03948067067154524
4 0.3045436231434925 0.20184157395768376 0.03708333774894799 0.03323067067154524
4 0.23892851371018006 0.4259517832988653 0.03384921034428627 0.030069308004454242
4 0.1702057955613455 0.4259705119748648 0.03584821996293312 0.04258748933799979
4 0.5193823947430388 0.3336620965945488 0.04037202885594056 0.037954533338636055
2 0.4281621393007432 0.46357741060632096 0.030669646641955418 0.028470445337363516
4 0.44147810563547923 0.5071546879376392 0.025654764427970277 0.019040901336727246
4 0.630771273328827 0.4088973592457313 0.03384921034428636 0.030069308004454242
2 0.5773039890305908 0.5758581399188674 0.026200401451278842 0.03466590133672707
2 0.5977380293192767 0.4826893952498675 0.036393856986241604 0.05821248933799979
4 0.756728594202734 0.5589326272279139 0.0386458377489479 0.03324885200509069
4 0.5085068929289402 0.37673993459582145 0.03541171034428636 0.030087489337999783
4 0.38517357505025823 0.2633779632797752 0.03584821996293304 0.04258748933799979
4 0.38225441697555745 0.34697171327977516 0.03261409255827132 0.039426126670908876
4 0.5843551195152954 0.2844882525859583 0.026418656260602268 0.04091590133672707
4 0.5436755558129646 0.2865234672581398 0.04086310217691817 0.052017033338636144
4 0.6894964873013103 0.29263601257164074 0.02469246515360961 0.036210220003181706
4 0.6204562775051782 0.5253763345799131 0.04382441106992552 0.04736589600572696
2 0.6163491308632227 0.553537697247004 0.03077877404661713 0.03159544533736351
4 0.6072419709744235 0.6801547412476403 0.034012901451278846 0.03475680800445424
4 0.4938069535512283 0.6635132285964578 0.023075401451278843 0.03462953866963616
4 0.478690385039574 0.6714984512651394 0.019895837748947896 0.03303067600254543
4 0.8310986555428121 0.3971951485519144 0.04155258293962447 0.027035214672181597
4 0.6439483743246187 0.2775473619112313 0.03217758293962447 0.02692612667090888
4 0.6527851717848809 0.3375763425764132 0.02765377404661713 0.03155908267027261
4 0.7183952697006298 0.49378034190009557 0.026418656260602268 0.04091590133672725
2 0.38830099801626544 0.6881688779440026 0.0200049651536097 0.036155676002545434
1 0.6595708520072823 0.5905195292409589 0.02140377404661713 0.0314863573360908
4 0.7025123532732266 0.344807039902959 0.01967758293962447 0.026780676002545346
2 0.45719487487277294 0.4819819652689574 0.01967758293962447 0.026780676002545432
2 0.330059455998299 0.49986090328613847 0.02452877404661713 0.0315227200031817
1 0.32186998848243664 0.3765688539545021 0.03061508293962456 0.026907945337363515
4 0.696049043747247 0.46280306190327725 0.02296627404661713 0.031504538669636165
4 0.6925619451985259 0.4284826059039135 0.025654764427970277 0.01904090133672707
4 0.7172172048171725 0.41570079523395903 0.030396828130301045 0.020657945337363516
2 0.7738045107149552 0.3830241078930958 0.035248019237293704 0.025399989337999786
4 0.785942412166234 0.3485218385582777 0.04656746515360979 0.036464758672817864
2 0.8901437841286001 0.4730394858768693 0.047331356986241954 0.05833975867281786
1 0.8765946609002896 0.5926798238781419 0.02620040145127902 0.03466590133672724
1 0.41925587605389936 0.56207854527373 0.018115082939624473 0.02676249466899989
4 0.6854636854950609 0.7659280619032771 0.021294646641955416 0.028361357336090798
2 0.6793005094490108 0.6293365812380953 0.02420139183263199 0.022147720003181704
4 0.7077628153467934 0.59698715790105 0.03379464664195524 0.028506808004454244
2 0.6665351585380369 0.43581384790741334 0.022857146641955418 0.028379538669636162
2 0.6503298051799924 0.4078888425764132 0.016170637023308565 0.015806813335454528
2 0.6206348706964218 0.36372121924732215 0.023075401451278843 0.03462953866963616
4 0.4318377547245055 0.3135955919398664 0.030505955534962936 0.023782945337363515
4 0.6457861820364998 0.2025564525780041 0.027762901451278667 0.034684082670272606
2 0.49507682078908893 0.4706081132638668 0.017842264427970277 0.01894999466899989
2 0.4944666963796521 0.5104427725970941 0.017787700725639333 0.017387494668999894
1 0.3296551735141614 0.6232529499522749 0.014608137023308565 0.015788632001908987
4 0.5408332317741966 0.7480876759230035 0.014880955534962936 0.023601132001908987
4 0.4731051062684514 0.38418026460059396 0.026418656260602268 0.04091590133672707