5 0.4238913015517952 0.5246956213241549 0.032013891832631994 0.023512743102595123
7 0.30850191452848674 0.5343019154221181 0.023348219962933126 0.04333392017181659
6 0.5222965081830664 0.9118005529159323 0.10461806733052796 0.09282266508343398
6 0.6798982209744235 0.7243901633859532 0.09299108656782167 0.11716756784239593
6 0.018767325050258226 0.5928802187923355 0.03753465010051645 0.11388543758467104
7 0.20075635799773198 0.6836258067611194 0.0325049651536097 0.03757524310259512
3 0.30912694102217453 0.33709936680159913 0.04555060217691827 0.05385534034363308
3 0.4812821940173995 0.38290759102100164 0.04431548439090349 0.06314845318850323
4 0.12414679501319133 0.23270071460846403 0.03880952885594056 0.03946529172311406
1 0.2627033527250724 0.16482489710475243 0.02576389183263199 0.02318519448207601
4 0.2094816050873251 0.321702338873295 0.021294646641955416 0.02918953301668683
4 0.1637598773198437 0.3310463613745322 0.02749008293962456 0.027954581637205766
4 0.22308529201796645 0.20109991180407355 0.02296627404661713 0.0323964201718165
4 0.23617553594269863 0.45380883197589006 0.03217758293962456 0.028200243102595123
4 0.3620535004633362 0.5472832722740947 0.03595734736759484 0.047114017412854634
4 0.3933184025475872 0.39160316033373543 0.026691474772256463 0.049747694482076096
4 0.4437201958314979 0.3378916621427578 0.03110615626060209 0.042180855947465276
4 0.3789880624363865 0.26405801447217847 0.034012901451278846 0.03609463025772479
4 0.34891612731984367 0.34074998925740785 0.026636911069925696 0.0481851944820761
4 0.4653273557202973 0.21222992084918507 0.02965278366526398 0.04522396879233552
4 0.7157092685195036 0.460938495023159 0.03535714664195524 0.029926517412854636
1 0.6060663952911931 0.5749423620519007 0.024310519237293705 0.026228307326946164
1 0.6132241308632228 0.5941017978275495 0.0261458377489479 0.034122694482076096
1 0.5663888587155222 0.2543122795101838 0.02151290145127884 0.03543953301668683
4 0.48667158766412993 0.3182276153312611 0.03557540145127884 0.03617651741285455
1 0.4535093688823232 0.4385877029613606 0.02581845553496276 0.0247476944820761
1 0.46183773485423957 0.4914637194697041 0.016443455534962938 0.024256371551297562
4 0.47212295962649603 0.44347659882291773 0.019732146641955238 0.029107645861557074
4 0.6474800797747636 0.621725508817969 0.025654764427970277 0.020060194482076098
4 0.5981720166205869 0.8234208056294656 0.02296627404661713 0.032396420171816584
3 0.7654736555428121 0.4478929404097462 0.03488592068857237 0.0610946302577247
1 0.22321420055600338 0.645668783355371 0.0293799651536097 0.03741146879233561
4 0.2535887252355927 0.4930727278374471 0.03379464664195542 0.029844630257724703
4 0.0972593688823232 0.4199174315917773 0.0321230192372937 0.026637743102595125
4 0.12519585200728223 0.6060939490046318 0.027599210344286272 0.03107958163720568
4 0.1746055749654402 0.603204644391219 0.03061508293962456 0.02811835594746519
2 0.2040971898410482 0.25176165309764625 0.0325049651536097 0.03757524310259504
3 0.6500941922033009 0.43480204093014463 0.049637901451278846 0.03691350180902227
4 0.2832786813187097 0.6738623824054313 0.028690484390903315 0.06232958163720568
4 0.2521204505560034 0.6471836957252715 0.03670139183263199 0.023758404567984216
4 0.6193923184268362 0.35022896709485485 0.021512901451278665 0.03543953301668683
4 0.7628992378494643 0.544027633987311 0.032013891832631994 0.023512743102595123
4 0.6859721501005165 0.572868606963518 0.0321230192372937 0.026637743102595125
4 0.6104885443802192 0.3810695313192061 0.02765377404661713 0.032642081637205764
4 0.48623504492837333 0.5772717446844748 0.021185519237293705 0.026064533016686653
4 0.3531720629845406 0.4654191186106214 0.024637901451278844 0.035603307326946165
2 0.3293551062684515 0.4078179805509805 0.02581845553496285 0.0247476944820761
4 0.3524801261387173 0.2611034328349727 0.03077877404661713 0.032805855947465365
4 0.6406075755984124 0.5047460487320606 0.02156746515360979 0.037002033016686656
4 0.3980827365835201 0.7706698626177276 0.034012901451278846 0.036094630257724705
4 0.37804803349562793 0.6271721681356516 0.032395837748947984 0.034450243102595125
4 0.3405753484639032 0.37788149705932395 0.018169646641955417 0.029025758706427318
4 0.23524048540239367 0.682302324173974 0.022638891832631992 0.023021420171816586
2 0.25596964765344576 0.7162612443457904 0.02749008293962456 0.027954581637205676
2 0.32996270836055175 0.6817877470593239 0.03061508293962447 0.028118355947465368
4 0.4511060767795387 0.5746480336940554 0.0504563569862416 0.06035100180902227
1 0.4505083652541261 0.5245252029613606 0.025709328130301044 0.0216226944820761
4 0.5985316922033009 0.43209976481086276 0.022638891832631992 0.023021420171816586
4 0.3010018615411111 0.9283794640426372 0.030833337748947986 0.03436835594746519
2 0.22730644511370776 0.7750254127085847 0.016334328130301133 0.021131371551297563
2 0.10209067950461118 0.7074141095655099 0.0321230192372937 0.026637743102595125
2 0.012155226501537053 0.48732958163720586 0.024310453003074106 0.03897396879233561
4 0.25415420962649604 0.4320533406823174 0.03751984736759484 0.04719590456798421
4 0.5689929812260426 0.5831742639063515 0.019786710344286362 0.030670145861557075
4 0.2152901170682247 0.4691505489592032 0.02609127404661713 0.0325601944820761
4 0.4443129620735668 0.27609102498762805 0.04905754809323426 0.0649566146538925
4 0.5513962865756709 0.3474481258467107 0.017624009618646852 0.01340075870642723
4 0.541758391747814 0.3320721093383673 0.026527783665263982 0.0450601944820761
2 0.5247147354872117 0.37187823778706974 0.024419646641955416 0.029353307326946344
4 0.306287172417853 0.2391155681810801 0.023184528855940557 0.03864642017181659
4 0.22341516343217838 0.1244145810713789 0.027435519237293704 0.026392081637205765
4 0.16666665562763008 0.09091600633157808 0.033958337748947985 0.034532130257724794
4 0.18652279864138838 0.1498749265033946 0.024801592558271413 0.04029080732694625
2 0.30911705045548693 0.11325243102595037 0.014499009618646853 0.013236984396167762
4 0.35535464419488466 0.1563749892574078 0.02151290145127884 0.035439533016686786
4 0.509776760166801 0.216907454770383 0.020858137023308566 0.016689533016686832
4 0.490019820873907 0.17752072817613135 0.03384921034428636 0.03140713025772479
4 0.3822965346767543 0.7072281603337356 0.024419646641955416 0.029353307326946167
3 0.26526031289972263 0.7864066480092635 0.03606647477225646 0.050239017412854636
4 0.08391857677953876 0.5554045522385636 0.022748019237293703 0.026146420171816585
4 0.11256193195168188 0.5420347710308991 0.026527783665263982 0.0450601944820761
4 0.13809767840830284 0.30387302973732644 0.034613102176918265 0.05328213025772479
4 0.5309597239696483 0.7533705772261916 0.040699411069925695 0.048922178878243724
2 0.47515615727209254 0.7152254460639558 0.016334328130301046 0.021131371551297563
2 0.4704785809558899 0.6922825910210015 0.01967758293962447 0.027545145861557076
4 0.4010639590783419 0.23703849106643013 0.03217758293962447 0.028200243102595036
1 0.7569568058129645 0.33317534316870817 0.02609127404661713 0.03256019448207601
4 0.7192162475529292 0.20362063998020488 0.03406746515360979 0.03765713025772479
2 0.6817236820364998 0.24626848541222057 0.03384921034428636 0.03140713025772479
4 0.6279289824071688 0.6660963065339768 0.021240082939624472 0.027627033016686654
4 0.28514874928220985 0.46341952736247727 0.040262901451278844 0.03642217887824373
4 0.1682514259612321 0.4713814343053107 0.030451391832631992 0.02343085594746519
4 0.6818551128918735 0.3769828968776098 0.01973214664195542 0.029107645861557074
4 0.7244890461943176 0.34399665648854827 0.02452877404661713 0.03247830732694625
2 0.6638491573569106 0.3995196381711826 0.022638891832631992 0.023021420171816586
2 0.6614062036360464 0.37982461386092303 0.029270837748947898 0.034286468792335524
2 0.747070885124392 0.3921409073930594 0.04042659255827132 0.041109678878243815
4 0.69422364891939 0.49346771200647216 0.03870040145127884 0.03634029172311415
2 0.5064682216922136 0.2668255676152532 0.025818455534962936 0.02474769448207601
4 0.5506621326773213 0.5477756744672296 0.02409226442797028 0.019978307326946165
2 0.5960118382122841 0.5266719583884276 0.03557540145127884 0.03617651741285464
2 0.3637325623515685 0.588853296584354 0.03557540145127884 0.03617651741285446
2 0.46720973721649217 0.6514119295556122 0.03439484736759475 0.0470321302577247
4 0.5375222372164922 0.6550968515364511 0.036974210344286364 0.03157090456798421
4 0.41742805826003526 0.149453281885033 0.03299603847458741 0.051637743102595036
4 0.4566641399337154 0.3706598965389255 0.021240082939624472 0.02762703301668683
4 0.6659572281459996 0.8770647840327396 0.02403770072563951 0.018415807326946164
4 0.6492335196158118 0.8628827753263124 0.03061508293962447 0.028118355947465545
4 0.6345236896714121 0.9255089280852744 0.02603671034428636 0.0309976944820761
4 0.6254165628997226 0.8052816372666716 0.02749008293962447 0.027954581637205676
4 0.3323213604448027 0.5245927227490644 0.046349210344286275 0.03206222749876275
1 0.33892851371018007 0.4474536906368888 0.021294646641955416 0.02918953301668683
4 0.4240946873939775 0.42921934701389547 0.01800595553496276 0.02433825870642714
4 0.37652771743104435 0.46899117593756773 0.02124008293962456 0.027627033016686654
1 0.24874500172928055 0.29558357417397396 0.028943455534962848 0.024911468792335523
4 0.561847658538037 0.4740073038204433 0.027435519237293704 0.026392081637205855
0 0.5250371393007432 0.49712389925245903 0.027380955534962937 0.024829581637205677
4 0.19994785926367636 0.4378219838303409 0.016552582939624562 0.02738137155129756