2 0.8216925088337153 0.04140625 0.03510235182361114 0.03125
4 0.7794322736513541 0.04453125 0.019804660144236052 0.0453125
4 0.8168588852586112 0.08125 0.014862587005972473 0.034375
4 0.826433253799722 0.10625 0.016170513867708534 0.0234375
4 0.8475451875953123 0.10546875 0.027108013867708537 0.0234375
4 0.8095542251143748 0.1265625 0.016170513867708534 0.0234375
4 0.7965626094230555 0.18125 0.01816942496187508 0.0421875
4 0.7806466686936109 0.19375 0.016716027735416715 0.046875
5 0.8238329710303123 0.21796875 0.02881598423243048 0.0296875
4 0.8841191204409722 0.078125 0.014317073138263936 0.0109375
4 0.7321909848980207 0.19453125 0.03045121941479163 0.0328125
4 0.6399138723408332 0.13125 0.014789851823611144 0.03125
4 0.6358433149701387 0.171875 0.020639808320624908 0.0140625
2 0.681828615406979 0.14296875 0.023983013867708357 0.0234375
2 0.7073559454790972 0.1203125 0.02271145459715278 0.0359375
2 0.715295078837847 0.1484375 0.01787848423243048 0.0296875
4 0.7089372824850694 0.0859375 0.017805749050069507 0.0265625
2 0.7222191856954513 0.05234375 0.02427395459715278 0.0359375
2 0.7025606491263193 0.0578125 0.017805749050069507 0.0265625
4 0.7481270690542013 0.08046875 0.01638871941479163 0.0328125
4 0.8435077317638886 0.3125 0.022638719414791807 0.0328125
4 0.8316077970183677 0.28671875 0.01962282218833309 0.0375
4 0.8475432279641666 0.20625 0.04756598423243048 0.0296875
4 0.8909120214671526 0.1890625 0.026962543502986235 0.0171875
4 0.9066837982526387 0.115625 0.0224568814588892 0.025
2 0.7805908108860762 0.26328125 0.036737587005972294 0.034375
4 0.7413471261405553 0.2375 0.027835365691319502 0.0546875
4 0.7669445785535066 0.34609375 0.022675087005972115 0.034375
2 0.7916542910344442 0.325 0.03208645459715278 0.0359375
7 0.8360939688461109 0.3625 0.017987587005972472 0.034375
2 0.8578248049021525 0.3015625 0.019550087005972473 0.034375
2 0.8577150489182289 0.33984375 0.01922277868534721 0.0203125
4 0.8578949272429857 0.4328125 0.022784189779513752 0.0390625
2 0.829861499431319 0.3953125 0.017660278685347208 0.0203125
4 0.8397086249062845 0.40859375 0.01660692496187508 0.0421875
4 0.8623291605254858 0.3765625 0.022565984232430482 0.0296875
2 0.8310635895714235 0.24296875 0.01602504350298588 0.0171875
2 0.8174517651988886 0.425 0.02292966014423641 0.0453125
2 0.7620382197960414 0.3890625 0.025618249050069507 0.0265625
2 0.7567688383371525 0.4140625 0.02263871941479163 0.0328125
2 0.7840021791428468 0.4859375 0.014608013867708358 0.0234375
2 0.7677771138883676 0.51171875 0.013154616641249995 0.028125
4 0.7661243481207982 0.48203125 0.02881598423243048 0.0296875
2 0.7306420962209371 0.42890625 0.017733013867708182 0.0234375
4 0.7374557938842358 0.4046875 0.02405574905006951 0.0265625
2 0.7400885249825343 0.49296875 0.01773301386770836 0.0234375
2 0.7193402670987495 0.478125 0.016388719414791808 0.0328125
2 0.7360361514074301 0.5328125 0.02405574905006951 0.0265625
2 0.6992635032310413 0.5015625 0.014571646276527872 0.021875
2 0.7152333421368746 0.5203125 0.024710365691319503 0.0546875
4 0.6556414430105552 0.4625 0.020712543502986236 0.0171875
4 0.6441584291428468 0.4859375 0.023837543502986235 0.0171875
4 0.6547523966577774 0.4 0.016352351823611146 0.03125
2 0.6653632415475343 0.38046875 0.02554551386770836 0.0234375
2 0.6868213206697219 0.33125 0.022493249050069507 0.0265625
2 0.6714508938079858 0.3203125 0.013154616641249995 0.028125
2 0.628099630890208 0.3703125 0.013118249050069508 0.0265625
2 0.6080780716196525 0.3578125 0.022638719414791807 0.0328125
4 0.6388384155594788 0.31171875 0.020967116641249995 0.028125
4 0.6202494568782635 0.4390625 0.01809668977951393 0.0390625
4 0.8094567740326039 0.46640625 0.011301175911805572 0.015625
4 0.6606705158644786 0.64921875 0.02576371941479181 0.0328125
4 0.6149761561570827 0.665625 0.02292966014423605 0.0453125
4 0.6517871315557981 0.59453125 0.023764808320624907 0.0140625
2 0.5611595187142703 0.72890625 0.03666485182361114 0.03125
2 0.39357654768395794 0.5109375 0.024019381458888843 0.025
4 0.3907626318401386 0.396875 0.03052395459715278 0.0359375
2 0.4168549659963192 0.2828125 0.02278418977951393 0.0390625
3 0.4142559896476733 0.32734375 0.01973192496187508 0.0421875
4 0.4269034196435415 0.2203125 0.014680749050069507 0.0265625
4 0.43117399876572904 0.17109375 0.022638719414791807 0.0328125
4 0.44202188620854155 0.1078125 0.01773301386770836 0.0234375
4 0.4611537459159374 0.09140625 0.01653418977951393 0.0390625
4 0.4443104316113888 0.14375 0.016352351823611146 0.03125
4 0.448941420593472 0.246875 0.01831489532659738 0.0484375
4 0.501814460296736 0.1234375 0.02881598423243048 0.0296875
4 0.5162367169462497 0.309375 0.01973192496187508 0.0421875
2 0.49993891650940947 0.33828125 0.03215918977951393 0.0390625
2 0.4977049224933331 0.3 0.017914851823611144 0.03125
2 0.4964853017680205 0.41953125 0.017587543502986237 0.0171875
4 0.4657074272429858 0.4328125 0.01751480832062491 0.0140625
4 0.6224334719802428 0.24453125 0.014608013867708358 0.0234375
2 0.5985783978920484 0.22890625 0.02405574905006951 0.0265625
2 0.6024307497156596 0.19765625 0.04200696846486114 0.059375
2 0.5832787465815275 0.315625 0.02405574905006951 0.0265625
2 0.5592613247537844 0.23984375 0.027326219414791807 0.0328125
4 0.5387442305296177 0.48359375 0.022966027735416717 0.046875
4 0.5397638295034373 0.37265625 0.024019381458888843 0.025
4 0.5502668780404164 0.290625 0.01606141109416672 0.01875
2 0.534348977679826 0.40390625 0.03521145459715278 0.0359375
2 0.4633993916237843 0.46484375 0.02881598423243048 0.0296875
4 0.4917607809664579 0.4546875 0.013445557370694416 0.040625
2 0.5545289654276383 0.678125 0.014826219414791808 0.0328125
2 0.5768221927262147 0.66015625 0.021185322188333446 0.0375
2 0.6211365435998953 0.60234375 0.014535278685347208 0.0203125
2 0.5957365000969093 0.61953125 0.017660278685347208 0.0203125
2 0.7220067529467007 0.69921875 0.02569098423243048 0.0296875
2 0.750732471411562 0.63984375 0.032377395326597204 0.0484375
2 0.7528560562333327 0.75 0.023002395326597203 0.0484375
2 0.800403856670173 0.72109375 0.019659189779513753 0.0390625
2 0.7848697756481243 0.7171875 0.016388719414791808 0.0328125
4 0.8149781157882288 0.56484375 0.02540004350298588 0.0171875
4 0.4193012866660412 0.6140625 0.022565984232430482 0.0296875
2 0.5324734338924995 0.61875 0.023983013867708357 0.0234375
2 0.5195915741851037 0.63515625 0.02391027868534721 0.0203125
4 0.605847996865868 0.11796875 0.03401263050895835 0.0515625
4 0.5243596478920484 0.22890625 0.02776263050895835 0.0515625
4 0.4960359325613193 0.1703125 0.02583645459715278 0.0359375
4 0.4836261983288887 0.2 0.019586454597152782 0.0359375
2 0.6224192074469445 0.04375 0.02278418977951393 0.0390625
4 0.6883533319719792 0.03046875 0.026962543502986235 0.0171875
2 0.3382396567257636 0.2703125 0.040589938829583436 0.065625
4 0.3193409203091316 0.44453125 0.01795121941479172 0.0328125
4 0.1454514382609025 0.3296875 0.028852351823611143 0.03125
4 0.17599292344326362 0.3265625 0.02093074905006951 0.0265625
4 0.020978768333020578 0.30703125 0.019877395326597262 0.0484375
2 0.6073078201010411 0.7265625 0.041716027735416716 0.046875
2 0.2279340170987496 0.478125 0.03037848423243057 0.0296875
2 0.1299874795796871 0.45703125 0.039717116641249994 0.028125
2 0.27526687804041644 0.290625 0.02292966014423614 0.0453125
2 0.2599678799402775 0.34375 0.031868249050069505 0.0265625
2 0.38308395051309024 0.05546875 0.028852351823611143 0.03125
4 0.5178589940160764 0.03828125 0.013227351823611145 0.03125
2 0.5264520908056944 0.071875 0.030451219414791807 0.0328125
4 0.09963175161552063 0.25078125 0.033394381458888886 0.025
4 0.0717795085493748 0.2390625 0.01631598423243057 0.0296875
4 0.08700577146715263 0.1890625 0.028743249050069464 0.0265625
2 0.12457981307027768 0.11875 0.02721711664125004 0.028125
2 0.1349192074469444 0.04375 0.023983013867708357 0.0234375
5 0.5422537030785414 0.3328125 0.02590918977951393 0.0390625
4 0.07474346723059018 0.11171875 0.014898954597152824 0.0359375
4 0.2271800958396875 0.00703125 0.017514808320625 0.0140625
2 0.49593009583968756 0.00703125 0.023764808320624907 0.0140625
4 0.8824449048259027 0.2171875 0.016279616641249817 0.028125
2 0.8721399184092705 0.39140625 0.022347778685347208 0.0203125
2 0.8565129587781246 0.4921875 0.013154616641249816 0.028125
2 0.7688804465259368 0.76640625 0.017805749050069507 0.0265625
3 0.8001109563095825 0.834375 0.015298998100139016 0.053125
4 0.6876479771111452 0.79921875 0.021039851823611143 0.03125
2 0.638230511780416 0.740625 0.020785278685347207 0.0203125
4 0.4396306640408675 0.68046875 0.013227351823611145 0.03125
2 0.3956260909026036 0.69140625 0.020967116641249995 0.028125
4 0.27714046219659705 0.1765625 0.016352351823611146 0.03125
3 0.19805172103031232 0.21796875 0.04614895459715278 0.0359375
4 0.19405781810427078 0.05390625 0.016352351823611146 0.03125
4 0.25981075788378466 0.01484375 0.017623911094166722 0.01875
4 0.356703941679375 0.0140625 0.017842116641249996 0.028125
2 0.9091197736513541 0.04453125 0.011410278685347209 0.0203125
3 0.8817214722645833 0.046875 0.008176175911805573 0.015625
7 0.9028665075994443 0.2125 0.016679660144236053 0.0453125
4 0.4539139824294788 0.53671875 0.01944098423243048 0.0296875
4 0.3545659862292009 0.64296875 0.01631598423243057 0.0296875
4 0.21902657010104107 0.7265625 0.01758754350298606 0.0171875
4 0.2404287914156938 0.746875 0.01624324905006951 0.0265625
4 0.07506032418510364 0.63515625 0.027798998100138927 0.053125
5 0.28645633833715245 0.4140625 0.020894381458888934 0.025
4 0.3064434896476733 0.32734375 0.009920513867708359 0.0234375
4 0.31109527526687475 0.2953125 0.017660278685347208 0.0203125
4 0.3565681633752774 0.45625 0.017805749050069507 0.0265625
4 0.3516462336637497 0.365625 0.019295513867708357 0.0234375
4 0.3458567074469444 0.04375 0.02093074905006951 0.0265625
2 0.19224782418510364 0.63515625 0.027217116641249994 0.028125
2 0.26677569871013834 0.621875 0.025327308320625 0.0140625
5 0.37060986673815927 0.59140625 0.02576371941479163 0.0328125
5 0.36973704454982587 0.62890625 0.02583645459715278 0.0359375
2 0.3367056857923606 0.671875 0.014680749050069507 0.0265625
4 0.31404878258197855 0.70546875 0.011592116641249994 0.028125
2 0.31940712338767296 0.77734375 0.01795121941479172 0.0328125
5 0.41664775893062445 0.6609375 0.017805749050069507 0.0265625
1 0.49342977089847173 0.584375 0.011519381458888844 0.025
1 0.48468989732336754 0.62421875 0.011446646276527871 0.021875
4 0.4714618922893744 0.6890625 0.013154616641249995 0.028125
4 0.5000226501731591 0.70390625 0.014535278685347208 0.0203125
2 0.5111777025098605 0.728125 0.014462543502986059 0.0171875
2 0.6568902460128466 0.7109375 0.01922277868534721 0.0203125
5 0.5836878289347563 0.76796875 0.02122168977951393 0.0390625
2 0.8047484773954856 0.6015625 0.02093074905006951 0.0265625
3 0.8436135684855204 0.47578125 0.014680749050069507 0.0265625
7 0.6811538553389929 0.27265625 0.014535278685347208 0.0203125
4 0.5122785284010067 0.17734375 0.01646145459715278 0.0359375
4 0.06911236949104163 0.0515625 0.027071646276527785 0.021875
4 0.04570993066145823 0.1171875 0.03059668977951393 0.0390625
2 0.03959952213274271 0.41328125 0.020639808320625008 0.0140625
4 0.03634592914284681 0.4859375 0.01965918977951393 0.0390625
1 0.06383318987642313 0.58046875 0.011519381458888912 0.025
1 0.08779736673815923 0.59140625 0.012827308320624998 0.0140625
2 0.08469251016489543 0.48984375 0.030123911094166678 0.01875
4 0.19199586388836762 0.51171875 0.026962543502986103 0.0171875
2 0.3782606722089926 0.49765625 0.01606141109416672 0.01875
4 0.43145383491867995 0.7296875 0.016388719414791808 0.0328125
4 0.49962717914284677 0.4859375 0.019295513867708357 0.0234375
2 0.5617621968102773 0.56875 0.017805749050069507 0.0265625
2 0.5597451019205203 0.58828125 0.014608013867708358 0.0234375
1 0.6722821227220829 0.553125 0.017696646276527873 0.021875
3 0.6991894616279162 0.571875 0.028997822188333446 0.0375
2 0.795237805186493 0.10390625 0.008176175911805573 0.015625
2 0.5327033972264583 0.0046875 0.012718205547083273 0.009375
4 0.3952553357717013 0.13671875 0.015952308320624997 0.0140625
4 0.4104627616835068 0.12109375 0.008358013867708357 0.0234375
4 0.36825511825677065 0.22265625 0.033830792553055565 0.04375
2 0.360636107904444 0.55 0.020785278685347207 0.0203125
2 0.3468281810427079 0.5390625 0.016134146276527782 0.021875
2 0.43836106440145783 0.5671875 0.011410278685347209 0.0203125
4 0.4391260902370135 0.4671875 0.02896145459715278 0.0359375
2 0.44486825038124966 0.421875 0.01773301386770836 0.0234375
2 0.4353477800165274 0.428125 0.011410278685347209 0.0203125
4 0.12613120849378415 0.68984375 0.01631598423243057 0.0296875
4 0.14655346447770778 0.6515625 0.011446646276527783 0.021875
4 0.13752395659392308 0.63671875 0.019368249050069463 0.0265625
2 0.6574806192067012 0.24921875 0.025690984232430658 0.0296875
4 0.4534392441129856 0.6578125 0.020967116641249995 0.028125
4 0.24540015292604153 0.1640625 0.020639808320624998 0.0140625
4 0.08466528751906248 0.02109375 0.017660278685347232 0.0203125
2 0.06746472331142303 0.69296875 0.020858013867708358 0.0234375
2 0.012542140389513356 0.6359375 0.017660278685347242 0.0203125
2 0.017866726445555075 0.575 0.02267508700597225 0.034375
1 0.002938589571423408 0.496875 0.005877179142846816 0.021875
2 0.322253593655486 0.1515625 0.06646145459715277 0.0359375
2 0.26514830205236095 0.221875 0.03215918977951393 0.0390625
4 0.3431103011024304 0.1953125 0.016570557370694506 0.040625
4 0.4297225611704166 0.065625 0.01609777868534721 0.0203125
2 0.5733374360767011 0.47421875 0.0112284407294446 0.0125
2 0.1618375448341663 0.43125 0.023983013867708357 0.0234375