5 0.5739753938282388 0.48202014542350646 0.02821590359079611 0.016279616641249994
7 0.6838862041330891 0.43726873024527724 0.012736349336070063 0.04091594072944442
6 0.371902791958086 0.13042519709461775 0.09104315651766245 0.07398432028847228
6 0.2669936199223296 0.3633669432948956 0.07246587334017515 0.10323540919430556
6 0.9726204094445287 0.2828481082856936 0.05475918111094273 0.09974673328249999
7 0.750032858018473 0.25679867382451327 0.025181807181592398 0.03183188145888884
3 0.7373662490180413 0.6313629159407286 0.03621021077238851 0.04771145459715278
3 0.5553577249157404 0.6395059903132634 0.03157725292686635 0.05697735182361115
4 0.9485991856881288 0.6772345411313534 0.034556807181592576 0.0320500870059723
1 0.8296951704646226 0.787829161856666 0.02198408430895533 0.01925914627652787
4 0.8396372761454044 0.6164808387184021 0.015770445745273774 0.02536367591180557
4 0.8824787611182898 0.5936057299609367 0.023564765027114732 0.02242051386770836
4 0.8598866645126944 0.7394637438286451 0.015797716822513054 0.03005117591180557
4 0.7772003877781145 0.494479858570034 0.028252265027114733 0.022529616641250173
4 0.6284356348512483 0.44168477973218695 0.028379530054229284 0.04440461664124999
4 0.6395372821955286 0.6039483903895133 0.01591589149054773 0.05036367591180557
4 0.6047719176359522 0.6719541611910758 0.02209316861791084 0.03800914627652787
4 0.6886838302037388 0.724695995062916 0.028306807181592397 0.031904616641249994
4 0.6975679508134395 0.6401027895158328 0.015888620413308983 0.045676175911805575
4 0.6180309626191003 0.8021319704616314 0.020557939695149584 0.042660278685347205
4 0.30373159240218306 0.6344236724933331 0.031377265027114645 0.022602351823611144
1 0.3802344841873184 0.48809222672989555 0.018886355386194254 0.02387391109416672
1 0.3684157402374426 0.47117748366374973 0.018931807181592396 0.03168641109416655
1 0.5070207397464633 0.792214069435451 0.01580680718159222 0.03161367591180557
4 0.5674537248175445 0.7040769833794093 0.0298693071815924 0.03194098423243066
1 0.5682708153730159 0.5759156157882288 0.02198408430895533 0.01925914627652787
1 0.5453236738824682 0.5264429458603468 0.012627265027114731 0.022165940729444424
4 0.5479628605525557 0.577169644473576 0.012663626463433175 0.0284159407294446
4 0.32769074628756684 0.4549355410344441 0.02195681323171659 0.014571646276527872
4 0.32176241227319907 0.24176339380798587 0.017351126463433175 0.02852504350298606
3 0.2577923785065366 0.6620590164331596 0.02064884328594587 0.058285278685347205
1 0.7385731832522421 0.30160268075836744 0.0220658975406721 0.03332164627652778
4 0.7504378998783631 0.46072310762010354 0.02981476502711473 0.022565984232430482
4 0.9240435715213359 0.48559255499906173 0.029805674668035208 0.02100348423243048
4 0.8456680657657994 0.3100490007624993 0.022020445745273776 0.025509146276527783
4 0.7981118097156751 0.3283457122935063 0.025136355386194253 0.024019381458888933
2 0.8642514567653677 0.6838858910551033 0.025181807181592575 0.03183188145888884
3 0.37564749901804134 0.6397820132990274 0.04545794574527386 0.026054660144236054
4 0.6713220507386847 0.29222898717913137 0.014407933645025395 0.059702308320624994
4 0.7097032946885605 0.30852548119520773 0.034456813231716586 0.014862587005972294
4 0.428427586253863 0.7135636989944787 0.01426248789975162 0.03470230832062491
4 0.2337958214231401 0.5665107803008679 0.02821590359079611 0.01627961664125017
4 0.30225492993259234 0.5149106062889233 0.02823408430895542 0.01940461664125017
4 0.4290133935336512 0.6799517651988886 0.0220477168225127 0.03019664627652787
4 0.4979896107489473 0.44862772359576353 0.015752265027114732 0.02223867591180557
4 0.6585776528052293 0.5191187954997564 0.018931807181592396 0.03168641109416672
2 0.698712294295777 0.5681914219246522 0.023546584308955332 0.019295513867708357
4 0.7160003091264999 0.7193720622172564 0.025163626463433175 0.028706881458888844
4 0.36585434250037896 0.5681252188461108 0.01269998789975162 0.03466594072944442
4 0.5318868460164203 0.23140320279420096 0.028306807181592397 0.031904616641249994
4 0.5904992976154266 0.36755760192052034 0.026726126463433177 0.02874324905006951
4 0.695778191836449 0.6010766571070134 0.011101126463433175 0.028379573138263937
4 0.7157214905320302 0.2685362608304855 0.01885908430895533 0.019186411094166723
2 0.6866561592481369 0.24186531126732583 0.023564765027114732 0.02242051386770836
2 0.6229163669954634 0.2988251325057286 0.02512726502711473 0.022456881458888932
4 0.5331049541330891 0.4407782027942009 0.03779998184962743 0.052435322188333446
1 0.5474583456236368 0.490450894473576 0.02196590359079629 0.016134146276527872
4 0.4255793213249442 0.6268995003812496 0.01885908430895533 0.019186411094166723
4 0.5855062288245654 0.04653658710288146 0.025163626463433175 0.02870688145888891
2 0.6995510689872532 0.17514993674229107 0.012609084308955331 0.01904094072944442
2 0.8411436713483853 0.20388991974045068 0.02979658430895533 0.01944098423243057
2 0.9902192481928814 0.3918230647827075 0.019561503614237096 0.034884146276527875
4 0.7656361738824681 0.5213151155038883 0.02836134933607006 0.04127961664125017
4 0.4152816498783631 0.468523955928333 0.012663626463433175 0.028415940729444422
4 0.7934839179305397 0.4730042488626382 0.020485216822512697 0.030160278685347208
4 0.6215326916400572 0.7325098014836801 0.03627384328594587 0.05864895459715278
4 0.495519637483527 0.6955936425737149 0.015679542154477664 0.009738675911805572
4 0.5096548603561639 0.7077663342530898 0.015861349336070064 0.04098867591180557
2 0.5148645351223948 0.6631077976839579 0.018895445745273777 0.025436411094166545
4 0.7668361012809777 0.7275651155038882 0.01428066861791084 0.037827308320624906
4 0.8798587969280558 0.8147903989388882 0.021993174668035208 0.020821646276527873
4 0.9448025408779316 0.830468643904895 0.02828862646343282 0.028779616641249818
4 0.9085559686692244 0.7781800985020478 0.01739657825883114 0.036337543502986236
2 0.7988178751868868 0.8526190136802771 0.012554542154477844 0.0096659407294446
4 0.7416139083643742 0.8242589307583674 0.01269998789975162 0.0346659407294446
4 0.5727639144144984 0.8109991306058675 0.01883181323171641 0.014498911094166544
4 0.6026468571347101 0.8439018963734369 0.028270445745273775 0.025654616641249815
4 0.5642635296614458 0.2900326671749995 0.018895445745273777 0.025436411094166722
3 0.6589215238077133 0.17531424411298555 0.026817030054229286 0.04436824905006946
4 0.89979702956325 0.3470755688667701 0.017323855386194253 0.02383754350298606
4 0.8764867945903646 0.3694960827344784 0.015861349336070064 0.04098867591180557
4 0.9146236406067849 0.6123914443417353 0.025272710772388508 0.04745688145888884
4 0.4056515989432866 0.290598977679826 0.033048849336070066 0.04138871941479163
2 0.4713993187908615 0.3101652888502427 0.012609084308955331 0.01904094072944442
2 0.48246408381797606 0.33178571571197873 0.015770445745273774 0.02536367591180557
4 0.6748167729239506 0.758617053383541 0.02980567466803503 0.02100348423243048
1 0.29750483918072923 0.7728685766536456 0.020485216822512697 0.030160278685347208
4 0.37006616129124037 0.8891644174593398 0.028306807181592397 0.031904616641249814
2 0.39553833908253344 0.8354393522048607 0.028261355386194252 0.024092116641249817
4 0.3344356499765589 0.4055531368741317 0.015770445745273864 0.02536367591180557
4 0.7272276588553535 0.5003311214878119 0.03610112646343318 0.02896145459715278
4 0.8394867643397437 0.4563064049228118 0.028215903590796287 0.016279616641249994
4 0.3596321344584649 0.7073513730064234 0.014207945745273953 0.02532730832062491
4 0.3270741645126942 0.7518650924212149 0.017351126463433175 0.028525043502986236
2 0.371182712815492 0.6781723660725691 0.01886817466803503 0.02074891109416672
2 0.37910884230398717 0.6975217781166664 0.022038626463433176 0.028634146276527873
2 0.29089576999708433 0.7112952970183678 0.03457498789975162 0.03517508700597229
4 0.3152276286047324 0.5958696655594788 0.03453862646343318 0.028925087005972294
2 0.5615355229239507 0.7612537037441316 0.02198408430895533 0.01925914627652787
4 0.44202141188041555 0.4983744568782635 0.02196590359079629 0.016134146276527872
2 0.4031543546006273 0.5328773966577774 0.028288626463433175 0.028779616641249995
2 0.6149134903356386 0.4005876542572217 0.028288626463433175 0.028779616641249995
2 0.4959725927949665 0.370539091186944 0.026798849336070064 0.04124324905006951
4 0.4257555415653025 0.3885818827900691 0.032957945745273776 0.02576371941479172
4 0.6823798089301082 0.8498596492232284 0.023719301131468206 0.048983013867708536
4 0.5827287459929792 0.6435570574676037 0.017332945745273776 0.02540004350298606
4 0.23874992437344744 0.20931587614055536 0.023510222872636977 0.013045513867708358
4 0.25989821652792516 0.21819991365961783 0.025127265027114643 0.022456881458888845
4 0.2579493762670414 0.1518300312507984 0.020476126463433175 0.028597778685347252
4 0.29925160801847295 0.26729072388010394 0.023573855386194255 0.023983013867708357
4 0.6636691529034251 0.4541477589306244 0.04386817466803503 0.021330792553055568
1 0.6781907160369458 0.5327267006099994 0.015770445745273774 0.02536367591180557
4 0.5995253605525557 0.5759695139646175 0.012627265027114731 0.022165940729444424
4 0.6351537883438487 0.5220080593674647 0.015770445745273774 0.02536367591180557
1 0.8078196495837755 0.6539451243376035 0.02510908430895533 0.019331881458888846
4 0.451837294295777 0.5739375013311803 0.02200226502711473 0.02238414627652787
0 0.4813338967551051 0.5404340170987496 0.023546584308955332 0.019295513867708357
4 0.8178572040348933 0.49900305119933963 0.011092036104353298 0.026817073138263935