2 0.09977125330525968 0.6820216119907732 0.04458906203449329 0.052053396005727136
2 0.15931095740081685 0.4163415206476827 0.03169095574818703 0.07688976400381797
2 0.1915948802697304 0.6731364133115919 0.03372433664159917 0.05348862667090888
0 0.3220207808078497 0.5700012279599109 0.07726462903138528 0.18361247867599956
4 0.1218283056198433 0.9709841146562731 0.03343323821317572 0.0472386266709087
4 0.1948761997478218 0.8442847073122284 0.02249573821317572 0.047111357336090974
4 0.2660254919327202 0.5761245059675469 0.03612159057054054 0.03789998933799978
4 0.7708158074818702 0.7570706825668683 0.032487168320799495 0.02692612667090888
4 0.6998033325032608 0.6085973672422315 0.022422963606069858 0.0455488573360908
2 0.6532194309316841 0.6153928072485948 0.02340326674922295 0.03306703866963616
2 0.6515007272504117 0.7295371232495492 0.019987168320799498 0.026780676002545432
4 0.5228941918899389 0.8717348086012304 0.02652826674922295 0.03310340133672725
4 0.4763101745215434 0.5932194572724573 0.021006012820281583 0.04865567600254543
4 0.45202726612554134 0.7263864932765935 0.026018844499482087 0.022165901336727245
4 0.553664694785423 0.7603791379296851 0.021258569892376046 0.02054885733609062
4 0.5424896002859411 0.7386223165977304 0.026455492142117266 0.031540901336727246
4 0.4696663763407889 0.6855342266072755 0.026164393713693813 0.025290901336727244
4 0.43221126405862675 0.5358887626114116 0.02027826674922295 0.03303067600254543
4 0.4434463246453779 0.6428472872772298 0.01937073821317572 0.04707499466899989
4 0.616472909839235 0.7494865439210946 0.019297963606069855 0.04551249466899989
4 0.5780783056198433 0.9656751652610034 0.0244948858558109 0.05650453866963616
4 0.5495465831224333 0.8565728852641851 0.02340326674922295 0.03306703866963616
4 0.6048932468951189 0.651912109922049 0.03187073821317572 0.04722044533736351
4 0.6782152386229512 0.8331888345799131 0.01642552067816432 0.01736931333545435
2 0.6734421554960088 0.915320081914413 0.02809076674922295 0.03312158267027243
2 0.6647007022290211 0.8786831479153676 0.025256865177646404 0.03933522000318135
2 0.6604091544625514 0.820107579248913 0.01991439371369381 0.025218176002545434
2 0.5563186980951919 0.49848766526100335 0.0246746683207995 0.026835220003181705
2 0.40440309532354235 0.6604984112826386 0.01969606989237622 0.020530676002545434
2 0.3826566437091845 0.965604081954184 0.017298815963434678 0.036119313335454706
2 0.3991913262980077 0.9849535186187295 0.019768844499482085 0.022093176002545435
2 0.5000751602535198 0.5999779872692756 0.024456344499482086 0.022147720003181704
2 0.7386475086819432 0.6034553339035954 0.02220463978475227 0.04086135733609062
2 0.6911283074818702 0.7579979305776859 0.01984161910658777 0.023655676002545433
2 0.5853169933804623 0.5169104012571853 0.015881865177646403 0.039226132001909164
2 0.7255890064056316 0.9608320292409587 0.0168621683207995 0.026744313335454704
4 0.7637739030148094 0.874403633235232 0.026819365177646402 0.039353401336727246
2 0.7622135570675853 0.9080337459023227 0.016279971463952592 0.01424431333545435
4 0.6921277655063687 0.4773655485757769 0.018861315963434676 0.03613749466899989
4 0.6575151710068867 0.45588144724700397 0.02198631596343468 0.0361738573360908
2 0.5804924445805353 0.36297687925686717 0.019987168320799498 0.026780676002545346
2 0.5407472020241333 0.4830353879296851 0.02427656203449331 0.05181703866963616
2 0.5034826424708394 0.47174389926800303 0.02049659057054054 0.037718176002545435
2 0.4956915672017798 0.5226433279360484 0.015881865177646403 0.039226132001908984
2 0.5077741902373092 0.5303194679344575 0.018244885855810723 0.05643181333545435
4 0.7806530721641785 0.5990581878978684 0.02111302067816432 0.0174238573360908
2 0.8039815260503389 0.881752509229823 0.019952935070022448 0.05957499466899989
4 0.694360315339753 0.7266933865770496 0.021622442927905362 0.028361357336090798
4 0.5031509644301302 0.6827995779360483 0.01402826674922295 0.03295795066836362
4 0.48713432030215176 0.8088353666056847 0.023257717535011223 0.029942038669636163
2 0.4190007504097755 0.7893046639481388 0.018133569892376043 0.020512494668999893
4 0.2981339404421969 0.9298489426320925 0.02027826674922295 0.03303067600254543
4 0.09776575930111571 0.8571397906588185 0.018351893713693723 0.025199994668999894
4 0.2098695754739474 0.34383926464036485 0.02431079528527027 0.019022720003181705
4 0.21589694354707795 0.2718551766390922 0.0166823858558109 0.056413632001908985
4 0.21064220926284366 0.20938244863941033 0.021258569892376133 0.020548857336090798
4 0.2162952814270222 0.8174585779758192 0.01806079528527027 0.01894999466899989
2 0.9196878010717293 0.7311065245465056 0.021476893713693813 0.0252363573360908
2 0.866714812444269 0.835685483887687 0.01893409057054072 0.03769999466899989
4 0.7993301817602537 0.3119667205601867 0.03350601282028158 0.04880112667090888
2 0.757027173488086 0.4945888639004137 0.011738020678164318 0.01731476933481808
2 0.556858045490158 0.409370621260367 0.013737168320799497 0.026707950668363623
4 0.3342916867226524 0.3971086206238202 0.023548815963434677 0.03619203866963625
4 0.2509697644729114 0.3871347313017287 0.01806079528527027 0.01894999466899989
4 0.17965349834286096 0.6013614106460918 0.02354881596343472 0.03619203866963616
4 0.24179824151843538 0.7272693826384559 0.02096747146395277 0.014298857336090797
4 0.11041346256810336 0.8937312713240004 0.01642552067816445 0.01736931333545435
4 0.036813065134865194 0.3372545519971365 0.02111302067816443 0.0174238573360908
7 0.40528273697032147 0.4947734139481387 0.020132717535011224 0.029905676002545435
2 0.47875674007069335 0.7800109326066391 0.020132717535011224 0.029905676002545435
2 0.4375324265884579 0.7843989879455935 0.02340326674922295 0.03306703866963616
2 0.3856381327509298 0.7107438592855022 0.024674668320799585 0.026835220003181705
1 0.5251138174066676 0.9193910586012304 0.021258569892376223 0.020548857336090975
1 0.5116891722452317 0.950032531269912 0.01380994292790554 0.028270450668363624
4 0.5327314565722473 0.7137223139322304 0.010830492142117265 0.03135908800127254
4 0.5147882078151016 0.2613422012651395 0.0182448858558109 0.05643181333545444
4 0.49431519602827734 0.30848083060154846 0.022131865177646405 0.0392988573360908
4 0.8320058645539646 0.7282184292250504 0.020132717535011578 0.029905676002545435
4 0.8419479830413799 0.5053258218889597 0.021113020678164673 0.0174238573360908
2 0.844668414596746 0.42947184655477794 0.020132717535011224 0.029905676002545435
2 0.025755748757145713 0.45228920599936373 0.011922111248705014 0.05479658800127254