5 0.2209800483901514 0.6456807483844793 0.025946069892376133 0.020894381458888844
2 0.5001389712590649 0.3948683564763546 0.07940070967712849 0.0627195119678472
2 0.6710079352794196 0.5044284604841673 0.07086046360606986 0.046912674011944586
4 0.5538375519048081 0.5181253249412158 0.02987159057054072 0.03815461664124999
4 0.667970672459138 0.552847776688577 0.04952911910658777 0.024564895326597204
5 0.4758624092245716 0.44592171019982685 0.020423815963434677 0.036373911094166725
4 0.46636532299725725 0.6498279601998268 0.04476884449948208 0.022893292553055566
7 0.4884116050479612 0.5291160699072226 0.043570217535011224 0.03066942496187508
4 0.5995011164205006 0.4276828161075005 0.07620293507002245 0.061084276785486225
4 0.7380178068672067 0.4426382817225701 0.048112168320799495 0.027653527735416718
4 0.7660143742783836 0.4628423321594104 0.03880994292790554 0.028997822188333446
2 0.9152266621200557 0.5672057898906953 0.06130568114108144 0.07634560087368066
4 0.5739616532287156 0.6233947064001046 0.06693494292790554 0.02965243882958344
4 0.5260314214256807 0.644959928664688 0.08114299214211726 0.03310474715020835
4 0.5258730636916324 0.5644002596867366 0.042080492142117266 0.03219555737069442
4 0.5286855405322685 0.6215587962558684 0.0387371683207995 0.027435322188333444
4 0.4855370080672799 0.5908348199072226 0.056142992142117265 0.0325228656913195
4 0.4061234898703148 0.566305638961424 0.05487159057054054 0.038736498100139016
4 0.34324250020939695 0.5562390015186114 0.031070217535011314 0.030378484232430482
4 0.37174633581753885 0.5991356695466322 0.027726893713693725 0.025618249050069507
4 0.40001257692619874 0.6639255213702434 0.08121576674922296 0.034667247150208524
4 0.2778079371414464 0.7017502168493406 0.05734161910658786 0.02474673328249999
5 0.2534094046764577 0.6714626515948614 0.018133569892376133 0.02071254350298606
2 0.2975083151393744 0.614613892761146 0.09509848428423436 0.06464568787965277
2 0.21525024090377207 0.4664471900638544 0.18580056699689199 0.1354322729857639
4 0.38359998056468986 0.4789686399113545 0.07064213978475227 0.04222517401194459
4 0.3590195115819365 0.45258732465687534 0.038809942927905364 0.028997822188333446
7 0.3264981100103599 0.44557360524208367 0.048548815963434674 0.03702852773541672
4 0.3297879299027361 0.4253156566288544 0.04647689371369372 0.026054660144236054
4 0.42390395699104133 0.38605509450850733 0.02198631596343468 0.03641027868534721
4 0.45177639991894675 0.3585483435585768 0.038955492142117264 0.03212282218833336
4 0.4594647754356753 0.3110193801277087 0.08426799214211726 0.033177482332569494
7 0.34874775330976887 0.27011966356270867 0.07794521753501131 0.03146951196784729
4 0.23874986104381724 0.3481154173624308 0.033831344499482 0.02263871941479163
7 0.032874388546407216 0.45281718189572917 0.053891287427387434 0.05120013050895835
7 0.09807351116765173 0.2955690327694098 0.04640411910658786 0.024492160144236143
4 0.0621916691493691 0.2767456443766667 0.03285104135632886 0.03510235182361114
2 0.17593733788445345 0.40374651510197934 0.05530823821317572 0.04811149810013902
7 0.09737138213626642 0.47856337072531263 0.05421661910658786 0.024673998100139018
4 0.15637173883685745 0.6559084271460766 0.045278266749222994 0.033830792553055565
2 0.09514529446120998 0.6271099734988542 0.1491738622821623 0.1533094507974308
7 0.005136840365652798 0.7342847342324306 0.010273680731305596 0.030342116641249993
4 0.050132393303918166 0.7707502175149307 0.039246590570540585 0.03837282218833345
4 0.19294278556986982 0.6935181831300001 0.04386131596343477 0.03691942496187508
4 0.22731347746431796 0.7615785053183336 0.029143844499481996 0.022529616641249993
4 0.3738973790358945 0.7712470588893059 0.03917381596343468 0.036810322188333446
4 0.46177836869681227 0.7818955777910074 0.04044521753501122 0.03059668977951393
4 0.3252543637344136 0.8584918325406601 0.07049659057054054 0.03910017401194423
4 0.550915797356694 0.7487759128971185 0.06424659057054054 0.03895470364722229
4 0.5926731118723868 0.6582424850854519 0.04782106989237604 0.021403527735416716
4 0.7295930690683159 0.6403127155181604 0.024529119106587772 0.02398301386770818
2 0.8718533436754218 0.6420596663155911 0.09146406203449331 0.053635452697291794
2 0.8221594046764578 0.6847004547845841 0.08023546360606985 0.04713087955902786
2 0.7721208633201287 0.7179480594579868 0.06944351282028158 0.050001306420763926
4 0.7331632171252357 0.781955354860834 0.03833906203449331 0.05239895459715278
4 0.6000403480186478 0.802319793406077 0.0479323858558109 0.057304660144236054
4 0.5638823701445543 0.8398009564001047 0.0715496683207995 0.0281990416031249
4 0.48630102564507227 0.8598939444322575 0.03880994292790554 0.028997822188333088
4 0.4134992264308607 0.8613278514423616 0.04462329528527018 0.019768292553055743
4 0.3670929532714968 0.9173408088893058 0.03604881596343468 0.036737587005972475
2 0.7005476162156129 0.8273399368328131 0.054255160462916764 0.05901263050895835
2 0.4316627214684619 0.9415244977188892 0.08023546360606985 0.04713087955902786
4 0.3033408223780847 0.8923940538553128 0.03263271753501122 0.030414851823611144
4 0.26644013586032006 0.8954456654625698 0.027290246071058545 0.01624324905006915
4 0.16119617183996543 0.7874130002843405 0.06780823821317572 0.04840243882958326
2 0.08370256452020186 0.8559980397032639 0.07620293507002258 0.061084276785486225
7 0.10504887159229641 0.8846503697753821 0.0643193651776464 0.04051720364722229
7 0.8746124323839354 0.39810964456409803 0.06849744292790519 0.029688806420763925
4 0.8538247433849715 0.4414232334699313 0.06075771753501158 0.03106946846486114
4 0.6239787698541042 0.6409829031134728 0.04840326674922295 0.033903527735416716
4 0.6637454371414464 0.7107330118709381 0.042080492142117266 0.03219555737069442
4 0.7232831029810466 0.7254144141313895 0.06424659057054054 0.03895470364722229
4 0.67248904446121 0.64054779844007 0.029143844499482086 0.022529616641250173
4 0.6725425483901514 0.6561909822356603 0.021404119106587773 0.02391027868534721
4 0.5631718564957033 0.5863850156706603 0.03710189371369381 0.02583645459715278
4 0.35765175661953774 0.5323293760436462 0.026455492142117176 0.03183188145888884
4 0.3595974003332315 0.5073475598392364 0.03993579528527027 0.01965918977951393
4 0.2645824609199827 0.39798878400368076 0.052945217535011316 0.030887630508958354