2 0.8162171095770768 0.12817357708048083 0.043087526785361166 0.05180793969514967
2 0.824146612012709 0.04541561923495854 0.04901024431795733 0.03309430113146815
2 0.7818733372559425 0.08500938436026904 0.02710797077900686 0.031404536104353495
2 0.7589206270269473 0.3364128030763758 0.02910684740221221 0.056413626463433175
2 0.7447120767026357 0.283210535024199 0.023819329545304767 0.022011355386194253
2 0.548671099430807 0.1508333304983264 0.03335797077900686 0.03144089754067196
2 0.6614381063306659 0.07727817671113849 0.042760244317956976 0.033057939695149675
2 0.8461672568965636 0.4119127728257547 0.02710797077900686 0.031404536104353474
7 0.6542388555165918 0.4256384086589618 0.025818206168510115 0.047020445745273774
2 0.5885773047885385 0.06513672501393626 0.017705697240056394 0.029787493949875808
2 0.5391170470779006 0.006261173882468116 0.02823409415580134 0.0064136264634331195
2 0.5867869338473758 0.0073196798343964555 0.032948867694751624 0.008003397540671971
2 0.6703200028393738 0.22809578814745696 0.02716251785690744 0.03452953610435348
3 0.605861631084137 0.518316267168414 0.04136138555165925 0.04242384933607006
2 0.5551661558409033 0.47818162567786626 0.03861821509696384 0.06428066861791085
2 0.534522419233584 0.5038401558302914 0.023982970779006862 0.031386355386194255
2 0.5743718977232286 0.5939066196277419 0.031768197240056396 0.029869307181592218
2 0.34111947240056456 0.2988294272021178 0.0490920649348082 0.03778180113146821
2 0.3771933400953163 0.306851005460949 0.03333069724005648 0.029878397540671918
2 0.385981959007884 0.27331179761542673 0.03511138555165925 0.04238748789975162
2 0.27814436525911973 0.09223399355709234 0.0287795649348082 0.03766362646343313
2 0.23768696063273706 0.05684593940056208 0.028670470779006772 0.03141362646343313
2 0.24619630478524313 0.5443459394005621 0.03489319724005639 0.029887487899751618
2 0.2640326412304067 0.4921112737095175 0.02716251785690744 0.03452953610435348
2 0.304334312902918 0.42907091822512733 0.025436376623205435 0.025145445745273776
3 0.2977433936660387 0.40950330678880886 0.0428420649348082 0.03774543969514976
2 0.38843044358331325 0.6373515717177277 0.050790932629559825 0.04560339149054773
2 0.29726174715403564 0.7399356953524905 0.03363070616851012 0.04706589754067192
2 0.31618902515721287 0.7502010296614459 0.0417977621748646 0.06742384933607007
1 0.781481419640621 0.3310758632830302 0.019268197240056396 0.02979658430895533
2 0.29832622605401254 0.17437432786604776 0.04821140340856669 0.0768352107723885
2 0.31776597280760166 0.1244925025340828 0.03511138555165925 0.04238748789975162
2 0.3113426489443398 0.06977318627730413 0.02088524431795715 0.03293067466803503
2 0.3232795872559425 0.08234136397040126 0.02373750892845372 0.017323855386194253
2 0.30700752516050817 0.268946484481906 0.01603410308425506 0.02352840359079611
2 0.2243256643656153 0.18644253580976594 0.023928423701106104 0.028261355386194252
2 0.2874076858726754 0.5781760387366321 0.0256545649348082 0.03764544574527395
2 0.2912242069759938 0.6625646742752516 0.0459670649348082 0.03776362041330898
2 0.2990679346548594 0.6196459212501895 0.023928423701106104 0.028261355386194252
2 0.3025923551095547 0.5977936471478885 0.023710235389503433 0.015761355386194255
2 0.09973299310014114 0.07479144262201591 0.034838650162155774 0.026762487899751573
3 0.16355575973923264 0.15093630698520064 0.03796365016215577 0.02678066861791084
2 0.05440685633066598 0.073746572208707 0.02672614123370205 0.009529536104353498
2 0.07740934861673295 0.49649372579950324 0.031959112012708846 0.04080680718159222
2 0.11785707061355573 0.4865738251355733 0.025436376623205435 0.025145445745273776
2 0.16387077434643396 0.6165158551898026 0.016034103084255104 0.023528403590796287
2 0.15910322807931215 0.7461624485739442 0.025381829545304768 0.022020445745273776
2 0.1332713851413268 0.6983607528286704 0.02225682954530477 0.02200226502711473
3 0.827839591309837 0.7492718722600207 0.03829093262956 0.045530668617910844
2 0.9212138956946336 0.5045275197024968 0.03343979139585755 0.0361283975406721
2 0.8297961887153444 0.32432641441449833 0.022338650162155815 0.02668976502711464
2 0.6737511456979289 0.02188669476331524 0.04437729139585791 0.036192030054229295
3 0.610888275971287 0.40351342378427224 0.042678423701106284 0.028370439695149584
2 0.6099394305976696 0.43866058342519254 0.01935001785690744 0.03448408430895533
2 0.594701988632619 0.5502793394753167 0.01913182954530477 0.02198408430895533
1 0.5725661156628614 0.40094695998682167 0.024037517856907442 0.03451135538619425
1 0.5255041550301245 0.3452100443939729 0.01929547077900686 0.03135908430895533
2 0.22495650446093157 0.49110276473252706 0.03829093262955983 0.045530668617910844
2 0.6669218620094135 0.5257020411725191 0.030396612012708955 0.040797716822512695
2 0.6235853246740408 0.19110887255460823 0.02916139448011279 0.05953862646343313
7 0.6716599549473988 0.5733810170702182 0.02250229139585791 0.03606476502711473