2 0.764001624264831 0.1236497090534467 0.041109678878243724 0.0408818651776464
2 0.988588866462915 0.25674911517313725 0.0228222670741701 0.04215326674922304
2 0.9289825723649517 0.2529113316746912 0.06026911465389233 0.04956766046291676
2 0.8041640360689046 0.35464715198135216 0.049577276119281775 0.05374573821317572
2 0.8819271879233554 0.3216399069437509 0.029680855947465546 0.03099744292790545
2 0.5023990609449909 0.1434184377561097 0.040700243102595124 0.0330693651776464
2 0.4880067695605611 0.3297904313459689 0.04843085594746519 0.03187073821317572
2 0.7225112443457904 0.3134356470189534 0.029271420171816588 0.02318494292790536
2 0.7348850915868285 0.3264814565722473 0.0309976944820761 0.026382717535011313
2 0.46790787426483094 0.10985892100688673 0.0610946302577247 0.03557793507002258
2 0.4532821302577248 0.053844361453592796 0.034204581637205855 0.028090766749222996
2 0.4973319391665507 0.5523375194353102 0.05278416327441171 0.05545378742738745
2 0.528892877655733 0.6340798250596626 0.041109678878243724 0.0408818651776464
2 0.4836689088633975 0.6039171360606986 0.041109678878243724 0.0408818651776464
2 0.5638090309805218 0.4229454259692854 0.04538774310259512 0.03328768899896399
2 0.7525649937799636 0.5151265796077766 0.04514208163720586 0.028600188998963993
2 0.6988258401164904 0.5009334929661774 0.024665807326946166 0.024529119106587772
2 0.7855788896415207 0.5353684590534467 0.04325203301668683 0.02227741439185813
1 0.4953068509706243 0.7813700479713575 0.029271420171816588 0.023184942927905537
2 0.616154939505235 0.7823225800220615 0.04686835594746519 0.03179796360606986
2 0.5652065931687081 0.7916397679875681 0.027954581637205857 0.027799668320799498
2 0.47231200700894665 0.6400173019002988 0.04382524310259513 0.03321491439185813
2 0.8569647252354553 0.8862802956950457 0.058051517412854636 0.03699488585581108
2 0.8292215055386085 0.8327721519813522 0.029271420171816588 0.023184942927905183
2 0.7903570793738982 0.8644737621965998 0.035767081637205676 0.028163541356328637
2 0.7528703674789676 0.8034977208402709 0.04695024310259512 0.033360463606069854
2 0.9899311177061103 0.7436840349416789 0.020137764587779473 0.021331344499482086
2 0.9650118413596858 0.7619417293173264 0.02779080732694652 0.0246746683207995
2 0.9161848377416412 0.6630290403183624 0.02450203301668665 0.021404119106587773
2 0.8497918758467107 0.6007066687305752 0.027708920171816587 0.023112168320799497
2 0.850445893825392 0.4347370663732103 0.03864642017181659 0.02362159057054054
2 0.3975101650834339 0.1198289263835702 0.03313340456798421 0.03739299214211718
2 0.5208447665083433 0.03439019416625051 0.04793953301668665 0.02249573821317572
2 0.43035139981828596 0.3598374962759464 0.0376571302577247 0.034486315963434676
2 0.4881262782669884 0.346941544042416 0.048676517412854635 0.03655823821317572
2 0.5198852905914603 0.46220482505966265 0.032887743102595124 0.032705492142117085
2 0.6500884469684669 0.5524381809316841 0.02277575870642714 0.018206344499482087
2 0.6415799061498639 0.538793057896155 0.02590075870642732 0.018351893713693813
2 0.5823343809350934 0.5087566474332382 0.01471759724103805 0.013154971463952591
2 0.8663010244218011 0.6926587282838691 0.019732645861557076 0.01962329528527036
2 0.7918156015364513 0.5948890082676584 0.02293953301668683 0.021331344499482086
2 0.9205890547249546 0.6429712514432329 0.024010710085908472 0.012029119106587771
2 0.7346692441186479 0.7387438620727653 0.032642081637205854 0.028017992142117264
2 0.8551045748513424 0.7466912568199163 0.0352757587064275 0.018788541356328993
2 0.784965815240404 0.7021193114108115 0.021049484396167807 0.015008569892376044
2 0.399734322137809 0.6530031453663236 0.019732645861557076 0.01962329528527036
2 0.37600025101605283 0.6908648643490769 0.021213258706427318 0.018133569892376043
2 0.46842344640263994 0.7442681542576637 0.021377033016686652 0.021258569892376046
2 0.5021367051090673 0.7629839210068867 0.0356851944820761 0.026601041356328993
2 0.6713680619610437 0.8246406666636605 0.01956887155129756 0.01649829528527036
2 0.963709370192501 0.885796606281797 0.016525758706427494 0.017915246071058634
2 0.9765159073930594 0.8030033769599616 0.02417448439616763 0.01515411910658777
2 0.9526369148562912 0.5704263174066676 0.029271420171816588 0.02318494292790536
2 0.7006439676606817 0.46127167948394215 0.029107645861557074 0.020059942927905538
2 0.6939369442549335 0.48200155644841286 0.021131371551297563 0.016571069892376045
2 0.5978631264125376 0.38868174193272015 0.03058825870642714 0.018570217535011313
2 0.6200800424004826 0.5151907380037788 0.04004514586155707 0.020569365177646404
2 0.38215067446722967 0.5851606739023708 0.04366146879233561 0.03008991439185813
2 0.35730780472495444 0.6167360055815714 0.022611984396167805 0.015081344499482086
2 0.42568599050060324 0.6277142009906761 0.034040807326946344 0.02496576674922295
2 0.6588404064885482 0.7640477690210254 0.024256371551297562 0.016716619106587772
2 0.6098673179539376 0.7664428688971909 0.03683825870642732 0.018861315963434676
2 0.5357404211878694 0.7201264869703214 0.024010710085908292 0.012029119106587771
2 0.6485823371758144 0.8508564102535198 0.040700243102595124 0.0330693651776464
2 0.9293620256649966 0.9442062657112565 0.035603307326946165 0.02503854135632899
2 0.7229582174335392 0.8870529294839422 0.021377033016686652 0.021258569892376046
2 0.3664924542045561 0.732506554795783 0.06035100180902227 0.05113016046291676
2 0.6026490394598065 0.8666419220403441 0.04061835594746519 0.031506865177646406
2 0.5158506450685876 0.667763466292157 0.0314071302577247 0.03419521753501122
2 0.6326187432141367 0.7098311499144374 0.022939533016686654 0.021331344499482086
2 0.39506783355776975 0.7424102477236885 0.03124335594746528 0.031070217535011223
2 0.5793908446390462 0.616168887094156 0.03387703301668665 0.021840766749222952
2 0.4840839094292243 0.4036453083104396 0.035603307326946346 0.02503854135632899
2 0.6246469544316987 0.31978834677128437 0.03872830732694634 0.02518409057054054
2 0.6951907485296619 0.2085105525194714 0.03116146879233561 0.029507717535011312
2 0.6653427962456698 0.18919547228801303 0.034204581637205855 0.028090766749222996
2 0.6334543091359686 0.10120316666366054 0.024665807326946166 0.02452911910658786
2 0.3886031495911433 0.7826349873846062 0.017924484396167804 0.014863020678164317
2 0.6003585261192818 0.07939878721799046 0.025900758706427142 0.018351893713693723
2 0.32099741123824665 0.44436869995721884 0.027790807326946255 0.0246746683207995
7 0.210657454770383 0.5249572663349383 0.019896420171816587 0.022748295285270358
3 0.9709143605815627 0.8448270039244322 0.023348968792335258 0.029143844499482086
3 0.8003728092475104 0.7581702582676584 0.039055855947465544 0.03143409057054054
2 0.8458457615315023 0.7782130845701752 0.022857645861557075 0.019768844499482085
2 0.8828854160994867 0.8157880132300571 0.02269387155129756 0.016643844499482086
2 0.7686757519205639 0.7333136534290942 0.014963258706427318 0.01784247146395277
2 0.8740548914505428 0.5878085624442688 0.017924484396167627 0.014863020678164317
2 0.9419826978729781 0.5901930078533736 0.01315509724103805 0.013082196856846907
4 0.6516266135222388 0.47769289205655474 0.021295145861557074 0.019696069892376045
4 0.5135058158062309 0.48918470202413344 0.024665807326946166 0.024529119106587772
4 0.41886062188998174 0.2595463978475229 0.03601274310259513 0.03285104135632881
4 0.5281083898686632 0.09863463068401515 0.03107958163720568 0.02794521753501129
2 0.5374667797373265 0.17310809180888564 0.019732645861557076 0.01962329528527027
4 0.34272524705932395 0.3682257309744654 0.04834896879233552 0.03030823821317572
4 0.6076110198992455 0.5598118792362732 0.040208920171816584 0.023694365177646403
4 0.6604737483025194 0.6316355293601076 0.02565509724103805 0.013664393713693813
4 0.6652874010614813 0.6193902404849781 0.024420145861557073 0.01984161910658777
4 0.5547404839418826 0.8893495219165096 0.024829581637205854 0.027654119106588125
5 0.4387105336940554 0.4895977708830522 0.04489642017181659 0.02391268899896417
4 0.2726218662357723 0.5325193633156197 0.042508404567984215 0.03782963978475244
4 0.8383431207583281 0.6796664226595166 0.02811835594746519 0.030924668320799497
5 0.8206100661449153 0.7279391027671404 0.022857645861557075 0.019768844499482085
4 0.720631077564876 0.8129069540910479 0.03527575870642714 0.018788541356328636
5 0.7842675316578903 0.8821150264646235 0.028282130257724702 0.034049668320799496
5 0.6416142056748942 0.569189033289049 0.04522396879233561 0.030162688998963995
5 0.7126736561498641 0.5421043025194714 0.03946529172311415 0.03924659057054054
7 0.7845353680447945 0.6046813852321291 0.07507524310259495 0.03467040653397539
7 0.8416584712787264 0.5644780703021517 0.03107958163720568 0.027945217535011224
4 0.5862561618040735 0.2564321681114026 0.0376571302577247 0.034486315963434676