2 0.6270928285725953 0.722551627788531 0.06344542934436319 0.08416098428423417
7 0.14821330323045928 0.7651263480141386 0.05385225334181776 0.06497433664159917
2 0.36335014393700293 0.48123730727698233 0.05561474801081765 0.08223461124870504
2 0.40865410061268437 0.4169051335794993 0.06164657200827221 0.06377570967712849
5 0.27203589528963834 0.33471971815418383 0.050581802673454225 0.052328787427387446
5 0.23522514393700292 0.47526978949430204 0.025545440006363405 0.04803939371369381
7 0.48136325258595825 0.6172733147205804 0.025472714672181596 0.04178939371369381
7 0.27878259790741333 0.6953853904039249 0.039462489337999784 0.036194365177646404
7 0.7393773892823206 0.4104219629823881 0.025272720003181703 0.024601893713693812
7 0.6740598299252307 0.5824745913946009 0.023782945337363515 0.03077911910658777
7 0.5809808972390498 0.7219672768789083 0.023837489337999784 0.03546661910658777
7 0.6480036705522325 0.8736068595915659 0.022238626670908878 0.032268844499482086
4 0.3814263399109132 0.6743708771693585 0.03470226400381797 0.029726041356328992
4 0.2931905432447768 0.6663528618678776 0.03642839600572696 0.04386131596343468
4 0.33069963391154955 0.6673182024384181 0.03012385200509069 0.03888271753501123
7 0.5606171372931381 0.3223653831652145 0.030160214672181596 0.04200771753501122
4 0.42049157662318387 0.34007080582924026 0.020694308004454244 0.033758569892376133
4 0.5622063619510023 0.3873182950758733 0.047165901336727066 0.02718323821317572
4 0.5075632205999576 0.5153127084342741 0.0442227146721816 0.04266268899896399
4 0.5281564365850038 0.6264878029337562 0.03017839600572696 0.043570217535011224
7 0.43367009257641326 0.6854025765074047 0.05078179734245421 0.06951628742738744
2 0.7732218465547779 0.8606788281600345 0.05857611600890866 0.06831766046291676
2 0.7168991212205962 0.8643089423042237 0.059974984006999674 0.05432793507002245
2 0.8376848832352317 0.7620636997478218 0.059974984006999674 0.05432793507002245
2 0.8201064845640047 0.7948569290696573 0.04596702800763595 0.058360463606069855
2 0.8433894432288686 0.8092297981762453 0.042860209341181135 0.05977741439185813
7 0.4594000826305017 0.2879475337033338 0.031577264003817974 0.029580492142117176
4 0.16171327657545873 0.6797710448709855 0.04258748933799979 0.03633991439185813
4 0.20282917258118577 0.6394756846557378 0.03993520401018138 0.0768193651776464
4 0.20549799721518727 0.8803553957806084 0.036537484006999674 0.05323631596343503
4 0.1871843492202779 0.8419821004953381 0.023892033338636143 0.04015411910658777
4 0.4309985312301411 0.7806423019002988 0.038027258672817865 0.04705909057054072
7 0.5403820745544597 0.8521791617012617 0.03624658267027261 0.02823631596343503
7 0.7107133032304592 0.7913252065722473 0.0616829346753633 0.0669007096771285
7 0.7256972446292289 0.3097306042148825 0.025436352005090514 0.03866439371369372
4 0.48083818328295685 0.3936902655063687 0.02999658267027261 0.027945217535011314
4 0.3001421666136388 0.40481604838564217 0.03482953333863614 0.04066354135632881
2 0.4325926819700923 0.24058022807898133 0.03166817067154533 0.03739299214211709
4 0.4103240465865946 0.6092745700972639 0.03948067067154533 0.037756865177646405
7 0.6638234059516386 0.38736114453775405 0.04567612667090888 0.033360463606069854
2 0.36997866788673245 0.8520592295267233 0.05848520934118149 0.06050516046291676
2 0.4456321012094602 0.9337501852749103 0.06308180267345413 0.05291098428423453
2 0.624383809874324 0.955364127788531 0.07899770401018139 0.07863873035529281
2 0.9747881779519567 0.3994995413518197 0.04289657200827222 0.06290241439185813
4 0.3768506646244565 0.3286581168302763 0.036355670671545236 0.03761131596343468
4 0.6550831105983668 0.5339086588057776 0.05043635200509069 0.03982878742738745
4 0.685479135264185 0.541577763644342 0.03797271467218159 0.04237159057054054
4 0.7024120965945488 0.5642532843225063 0.039662484006999676 0.053381865177646405
4 0.7188087085853219 0.6330225550006707 0.0364102146721816 0.042298815963434676
4 0.762395623925867 0.5818988566960819 0.03940794533736351 0.031506865177646406
4 0.8000501652610034 0.5703641972666225 0.04104317067154532 0.03782963978475227
4 0.8431756459659561 0.29018869974782174 0.05824885200509087 0.040192660462916766
4 0.6934392753023652 0.2605460874656595 0.06488066000954511 0.07329625889134021
4 0.5431012786044119 0.48413763709415597 0.052017033338636054 0.04146406203449331
4 0.5818097899427299 0.44920186496824943 0.030142033338636055 0.04044521753501122
7 0.539412109922049 0.5996534751834972 0.028415901336727244 0.02630994292790536
7 0.5127217932447767 0.6765776941662505 0.025472714672181596 0.04178939371369381
4 0.49940363323523174 0.7463079973094036 0.052144302673454136 0.05240156203449331
4 0.6089673478676424 0.9953864674303128 0.026853401336727246 0.009227065139374347
7 0.5041440352085058 0.9435104830413799 0.017551126670908877 0.032050520678164676
4 0.2668996685630502 0.7761259681541839 0.03949885200509069 0.039319365177646406
4 0.11464627788832331 0.8284418312649157 0.049292022676635926 0.07569351282028158
2 0.24967054662636548 0.30866448635114885 0.06162839067472685 0.06221320967712849
2 0.3069648786203203 0.35588839681406564 0.07103975334181775 0.06577485731976358
4 0.29901492393382123 0.5016910483856422 0.04760225334181776 0.06468323821317572
4 0.19703425326227597 0.5328981989237616 0.02387385200509069 0.038591619106587774
7 0.46303415996977415 0.24434308291754547 0.04287839067472703 0.06133991439185813
7 0.44585629797900095 0.17553742493582813 0.03493862133990877 0.0500385413563289
4 0.37172900198918235 0.09704424379474699 0.03486589600572696 0.043788541356328856
4 0.5843733579726376 0.22888936496824944 0.036464758672817864 0.04698631596343468
4 0.5976449699634108 0.2975130864322022 0.039662484006999676 0.053381865177646405
4 0.6470449859564111 0.3514043738595896 0.03181362133990877 0.049892992142117176
3 0.7465466413112738 0.1973590368037057 0.06784202800763595 0.05937930810555185
3 0.5882801553150918 0.16184741418246115 0.058539753341817755 0.06519266046291676
7 0.7969086259548203 0.3701094861417519 0.03317612667090906 0.03277826674922295
7 0.9030682666295473 0.3156467721213973 0.02530908267027243 0.027726893713693634
4 0.8843728106301836 0.310085976836127 0.03186816534054522 0.054580492142117173
7 0.80831993531191 0.19554613378438707 0.036446577339272326 0.04542381596343472
7 0.8993234592616396 0.5702978848178443 0.0300693080044546 0.03419521753501122
4 0.8580802939210944 0.621530745033092 0.05070907200827222 0.06326628742738727
4 0.8262394005808676 0.670856502890975 0.03479317067154497 0.037538541356328815
7 0.6628463258673243 0.9939074544028887 0.027035214672181597 0.012185091194222508
1 0.7468309745385514 0.9790456844463409 0.04258748933799979 0.03633991439185813
4 0.3325883032304593 0.7737137516526298 0.031540901336727066 0.026455492142117266