7 0.006019016297336017 0.30203553494618807 0.012038032594672034 0.035321069892376135
2 0.046275325614185334 0.5067444596771284 0.053244671945039214 0.06021406203449331
2 0.09779471001649458 0.5912864336222805 0.06610838479802066 0.07329625889134021
2 0.1117244808661771 0.4620719685684686 0.05784124373179385 0.0573073858558109
7 0.13977527302776058 0.51970468610348 0.05582410266556703 0.041609611248705033
7 0.09863109897115033 0.40122435980096294 0.029898100158284556 0.06224744292790554
7 0.00893707930860203 0.154415672249741 0.01787415861720406 0.033831344499482
4 0.06360288110360396 0.36830054383752825 0.0337672462390763 0.03434076674922295
2 0.0483536173135504 0.24711474855225796 0.08654055674305985 0.1319820541766104
2 0.1811326765638927 0.1469050409420441 0.04860263605166191 0.06155823821317572
2 0.24410403800494834 0.18738879983338425 0.0988419799417403 0.17936647642635145
2 0.2819988430986556 0.20245302770747778 0.06142088479802066 0.07307793507002262
4 0.27906171120362877 0.1420784538861602 0.0378469924781526 0.06729881596343472
4 0.35909855219071335 0.16067009615211186 0.026409387305303157 0.04960189371369372
2 0.3440789574427051 0.11224971277750036 0.05793217194503928 0.0604323858558109
1 0.4011891122989855 0.21973903515107587 0.0454321719450391 0.059850188998963993
4 0.4124796164556206 0.10057165818660514 0.05365384890464338 0.07427656203449332
4 0.38125836018741444 0.04435589143738213 0.02898881802583091 0.030997442927905426
4 0.5075026114410557 0.06118813461295658 0.029579851411925873 0.05130994292790545
2 0.6299315409079422 0.07471344127076639 0.06826191818411545 0.09368153349844602
2 0.5803992391794474 0.24451436496824946 0.07249477711788863 0.07827485731976358
4 0.5420989202956866 0.1089557005763913 0.03523881802583091 0.03128854135632886
2 0.44370556974169056 0.31794324875714575 0.05016513605166182 0.061631012820281585
4 0.5269152233443297 0.41569585214796784 0.0579321719450391 0.0604323858558109
4 0.46868884936686167 0.2659098678637336 0.029397994985435005 0.04505994292790545
2 0.45916073667216484 0.21696294561399254 0.033858174452321775 0.03746576674922295
1 0.44723007185326163 0.49256225909622786 0.03707410266556703 0.040736315963434674
4 0.44301628180324926 0.610494621792675 0.030733174452321776 0.037320217535011226
4 0.39661865492278736 0.5919051335794994 0.033341348904643374 0.07333049214211726
2 0.47779444708437085 0.6520121877561097 0.06900606426490725 0.06562930810555194
5 0.5167372751393315 0.711716827540862 0.027380853919208192 0.0293621683207995
2 0.5277549946562307 0.6019244505763913 0.03655727711788863 0.07660104135632881
2 0.5100052050019297 0.566676155291121 0.050710705331134066 0.08038101282028158
1 0.5062102667595545 0.48201005686269766 0.026136602665567034 0.04022689371369381
2 0.6406163590002801 0.5140863103773542 0.050574313011265914 0.07569351282028158
2 0.6718161978757937 0.3559484786981538 0.06624477711788863 0.07798375889134021
2 0.5978498489711503 0.42447584677128436 0.029216138558944317 0.03880994292790554
4 0.6113477108079174 0.31010513171747245 0.03234113855894449 0.03895549214211709
5 0.5197535927029442 0.36607684180888567 0.03560253087881229 0.043788541356328814
5 0.43398695962078315 0.7594950479713575 0.025727425705962936 0.026164393713693813
4 0.2988116407370224 0.6194243579389361 0.05949467194503919 0.06050516046291676
3 0.31991609943336874 0.7275836143490769 0.06918792069139794 0.07187930810555195
4 0.24225541534762868 0.5197839228689135 0.034903848904643375 0.07340326674922296
4 0.1997245860390266 0.4489598465663966 0.033949102665567034 0.04059076674922295
4 0.1836054925446596 0.4114405758882322 0.031233279625171174 0.05450771753501123
2 0.010650860418523627 0.40083690798171734 0.021301720837047254 0.06380994292790554
2 0.1666667304704657 0.6171811536384911 0.061239028371529926 0.06682793507002263
2 0.21193141785491107 0.5402762053339022 0.05245506175762475 0.08670378742738745
2 0.19339436652212758 0.5589705473521849 0.04502299498543505 0.045787688998963995
4 0.2308656227903337 0.6154774125298313 0.04502299498543501 0.04578768899896417
2 0.39096569998736475 0.51732251054397 0.06266513605166191 0.06221320967712849
4 0.3756051244396864 0.48062087716935853 0.03372178213245362 0.03277826674922295
4 0.3624890104913483 0.4205545184018528 0.023284387305303154 0.04945634449948209
4 0.20525683518109678 0.28571498386994953 0.02480142319868044 0.04796661910658786
4 0.19236804176587208 0.21783612510244388 0.026545779625171174 0.05428939371369372
2 0.2907540659807669 0.27796244995721875 0.03881845909205772 0.04705909057054054
2 0.30606081723440814 0.28962769602827737 0.03376724623907634 0.03434076674922295
2 0.33667431974169054 0.3129581881703945 0.04484113855894432 0.039537688998963996
4 0.34324858016653187 0.24833276199171203 0.028943353919208194 0.029434942927905362
4 0.3310955726446845 0.18205279052775933 0.02930706677218975 0.04193494292790541
4 0.3709560430195133 0.23710631761606454 0.03220474623907634 0.034267992142117086
4 0.37878526339434215 0.2906679652586997 0.02163095909205772 0.04625856989237613
4 0.3907086018741442 0.28418252481199363 0.018596887305303157 0.0492380206781645
2 0.40419444035394625 0.2777698589723934 0.029125210345699058 0.03568494292790545
4 0.4151366373718101 0.4394351050434519 0.0229206744523216 0.03695634449948208
2 0.7482914328320989 0.22808249792857618 0.07442098997087002 0.09084763192686944
2 0.6372379240566103 0.14624383891340154 0.06808006175762475 0.08743153349844598
2 0.8888829920824411 0.12823666335389167 0.1047449874635877 0.11410534946188075
4 0.9240091836900287 0.39976921504930274 0.059949313011265916 0.07613016046291668