4 0.16175094401739945 0.3651456186923031 0.03988095553496285 0.025256865177646404
4 0.06662692777533064 0.4225342795695045 0.027872028855940555 0.0387371683207995
4 0.06146820182194775 0.39099318114108117 0.044623019237293705 0.027037688998963992
4 0.12390371443581949 0.41815930272886837 0.033958337748947985 0.03434076674922295
4 0.10684518920807602 0.3688485074435981 0.03530258293962456 0.028163541356328814
4 0.19045878657567084 0.3273566743166556 0.03623016587924912 0.0547260413563289
4 0.14048606842683625 0.3242466368892682 0.032286710344286276 0.031142992142117087
4 0.1249057084453697 0.3446490281217625 0.0321230192372937 0.026455492142117086
4 0.03809767840830282 0.2983497628202816 0.02765377404661712 0.032487168320799585
4 0.028878935031724777 0.24862159057054053 0.03848214664195541 0.029871590570540542
4 0.08668400054815417 0.20671022642635145 0.03988095553496285 0.025256865177646404
4 0.17203122350631217 0.20520769251362067 0.027762901451278844 0.03561216832079959
4 0.18899797949676192 0.27955487510244387 0.04618551923729371 0.027110463606069855
4 0.1890624668828902 0.255299737798891 0.03363095553496285 0.02496576674922295
4 0.06679805336589381 0.4624508041766104 0.04295139183263199 0.02383991439185813
4 0.11338038748664472 0.517831816996892 0.0414980192372937 0.026892139784752446
4 0.21628962187754808 0.4615882791552199 0.03190476442797028 0.020205492142117264
4 0.28117057741251095 0.44113453804655994 0.03519345553496285 0.02503854135632899
4 0.2672544103521355 0.4138806792790543 0.033521828130301135 0.021840766749222952
4 0.2702082847615723 0.37410970388616016 0.038100200725639334 0.01893409057054054
4 0.30492059065935484 0.34364310793893615 0.038482146641955414 0.029871590570540542
4 0.2799925125290537 0.36282760152879534 0.039608137023308565 0.017444365177646404
2 0.3600346765942043 0.35638285649119406 0.04796627404661713 0.03343323821317572
4 0.2931795040915332 0.4557792349034068 0.025873019237293703 0.026164393713693813
4 0.24656739891939009 0.46847613399378407 0.03977182813030104 0.022131865177646405
4 0.2439161140729998 0.4323566974760194 0.03077877404661713 0.03263271753501122
4 0.24835313212916713 0.32770558477957235 0.0293799651536097 0.03724744292790545
4 0.2855381627992062 0.2488378761359012 0.02932540145127884 0.03568494292790545
4 0.23843747350631217 0.20830061331561964 0.038536710344286275 0.03143409057054054
4 0.2704835924734534 0.2990005419755014 0.03670139183263199 0.023548815963434677
4 0.23638141098510768 0.2895870006191726 0.032232146641955416 0.02958049214211709
4 0.34114083285480656 0.3148117865988179 0.03519345553496285 0.025038541356328815
4 0.32211552514292546 0.3890476532242064 0.02754464664195542 0.0293621683207995
4 0.3499850647986392 0.4200814834556647 0.03837301923729371 0.02674659057054072
4 0.3380827763240518 0.4696084485094767 0.03357639183263199 0.02340326674922295
4 0.2535788015517953 0.5141888943328663 0.04166171034428627 0.03157963978475244
4 0.27983127750517817 0.5467124499572188 0.033958337748947985 0.03434076674922295
4 0.28802572342149413 0.5361388229927482 0.027708337748947987 0.034049668320799496
4 0.24048603530972645 0.5753982220831253 0.044623019237293705 0.027037688998963992
4 0.1924751212445759 0.5833348465663966 0.025982146641955417 0.029289393713693636
4 0.19392105935634357 0.5419285965663966 0.03908234736759484 0.04705909057054054
4 0.21026780037066892 0.4323545434232434 0.02888889183263199 0.023184942927905537
4 0.19082831960796262 0.4064084735308674 0.02592758293962456 0.02772689371369381
4 0.04075390853803694 0.4463698858558109 0.014880955534962836 0.024092471463952592
4 0.02016115554281206 0.40863229135632884 0.02905258293962455 0.027872442927905538
4 0.04830102450995328 0.4991502834984461 0.02765377404661712 0.032487168320799495
4 0.06631441452848671 0.5211173287837163 0.030342264427970278 0.020132717535011224
4 0.0985267138028473 0.5398330955329393 0.03664682813030114 0.02198631596343468
4 0.11157978530972648 0.569394316996892 0.025982146641955417 0.029289393713693813
4 0.03602422460262051 0.6042187731593638 0.032123019237293694 0.026455492142117266
4 0.13939476126310937 0.6019906472283504 0.04484127404661713 0.03328768899896399
4 0.08747016271438819 0.5651413105867512 0.030396828130301135 0.021695217535011226
4 0.06430299202581566 0.6235338533908221 0.03028770072563942 0.018570217535011223
4 0.0451983279606651 0.632816808105552 0.021294646641955406 0.029071069892376046
4 0.24531737904912423 0.6163143205115487 0.03988095553496285 0.025256865177646404
4 0.2479240238769811 0.6313036197257604 0.03346726442797028 0.02027826674922295
4 0.17288681834201824 0.6512843258882322 0.03217758293962456 0.028017992142117264
4 0.1895559631698751 0.6669285965663966 0.038318455534962846 0.02518409057054054
4 0.2161928742398008 0.6212179902800903 0.024474210344286273 0.03077911910658777
4 0.09848701906765767 0.630603644747151 0.04300595553496285 0.02540241439185813
4 0.11777273240716882 0.6385445773359743 0.033521828130301135 0.021840766749222952
4 0.11407481353269482 0.6548052781217625 0.035248019237293704 0.026601041356328813
4 0.14161946017465024 0.6279174464425621 0.025982146641955417 0.029289393713693813
4 0.16293146498397365 0.6226499036384912 0.033958337748947985 0.03434076674922295
4 0.19316460200728222 0.6084076211735024 0.03642857332097771 0.015736315963434677
4 0.13011647578374685 0.6884182987999269 0.01967758293962456 0.02743579528527036
4 0.14357134057453683 0.6616567456567738 0.038318455534962846 0.02518409057054054
4 0.15217252505810747 0.7066610306029618 0.03971726442797028 0.020569365177646404
4 0.11507182914179145 0.7158883273359743 0.02581845553496285 0.024601893713693812
4 0.10776032614656657 0.678769316996892 0.03670139183263199 0.023548815963434677
4 0.06712540246276916 0.6995698145156927 0.03653770072563942 0.018861315963434676
4 0.11947658694633975 0.7466117884608447 0.03341270072563942 0.01871576674922295
4 0.13232132732769292 0.7597303726212445 0.019623019237293704 0.02587329528527036
4 0.1577032732440089 0.7499572663349382 0.04155258293962456 0.028454639784752267
4 0.1609993988345721 0.7900193401562559 0.0477480192372937 0.02718323821317572
4 0.1796576295972784 0.8159290227450791 0.033958337748947985 0.03434076674922295
4 0.10699394511370779 0.7679409789075509 0.03217758293962456 0.028017992142117264
4 0.0773064451137078 0.7665582613725395 0.024637901451278844 0.03546661910658777
2 0.19160704729062603 0.7202355330841612 0.04160714664195542 0.03001713978475227
2 0.2214135983790851 0.6958006133156196 0.039191474772256464 0.05018409057054072
4 0.21859364402524867 0.7989620006191724 0.0321230192372937 0.026455492142117266
4 0.21171865064867063 0.7493429902800903 0.022638891832631992 0.022893844499482084
4 0.22415416326254234 0.7741803244404901 0.04596726442797028 0.020860463606069857
4 0.3045137858578807 0.7810532167064418 0.04015377404661713 0.0330693651776464
4 0.3118649835882952 0.7274016778313123 0.03977182813030113 0.022131865177646405
4 0.26379950582081374 0.7369008023145837 0.011428573320977709 0.014571922249741043
4 0.3068873069092729 0.7130844667064418 0.025436509618646852 0.013664393713693813
4 0.2729215346767543 0.699764675350113 0.025873019237293703 0.026164393713693813
4 0.27064970654645315 0.7200044007430071 0.022638891832631992 0.022893844499482084
4 0.29133422877897175 0.7327056079389361 0.027435519237293704 0.026237168320799496
4 0.34748751425833424 0.6484611945805353 0.03653770072563942 0.018861315963434676
4 0.3772395016444625 0.6255887748119936 0.04295139183263199 0.02383991439185813
4 0.2818798724257022 0.6673160483856422 0.03653770072563942 0.018861315963434676
4 0.3635564583605517 0.6812929652586996 0.03217758293962447 0.028017992142117264
4 0.3978868183420182 0.6617638693114756 0.028998019237293705 0.02630994292790554
4 0.4119046783234849 0.6412887034718754 0.034176592558271324 0.04059076674922295
4 0.4460142942954011 0.6953062694353103 0.025982146641955417 0.029289393713693813
4 0.42405744874190476 0.6966311749358282 0.019568455534962937 0.02431079528527036
4 0.37305794393258146 0.7005160002048878 0.04295139183263199 0.02383991439185813
4 0.3861110154394606 0.7300772216688405 0.04166171034428627 0.03157963978475227
4 0.34796617469528773 0.724387993794747 0.030124009618646853 0.013882717535011224
4 0.42975188803479886 0.7352399106678045 0.016334328130301046 0.021040246071058633
4 0.46852421135577665 0.722960388541898 0.021458337748947898 0.03375856989237604
4 0.48859117469528773 0.7309377084342742 0.028998019237293705 0.02630994292790554
4 0.3534795647138212 0.7457728422231704 0.03346726442797028 0.02027826674922295
4 0.11026278885310552 0.8087843027288685 0.03664682813030114 0.02198631596343468
4 0.13115564221115011 0.8379281472283504 0.028998019237293705 0.02630994292790554
4 0.1354339144436687 0.849865221049668 0.02721726442797028 0.019987168320799498
4 0.25651030627630067 0.8335938657968189 0.022857146641955418 0.02914384449948173
4 0.14301823595054788 0.8791717313887503 0.02409226442797028 0.019841619106588125
4 0.15655494629483413 0.850066428245597 0.016552582939624562 0.027290246071058632
4 0.2316194336809624 0.8293044720831253 0.02765377404661713 0.032487168320799495
4 0.3512523766020535 0.7871427049196175 0.026309528855940557 0.03866439371369381
4 0.3300197612631094 0.6108691492952649 0.043497028855940555 0.03946491439185813
4 0.3491343490120573 0.5788935572769823 0.03675595553496276 0.025111315963434678
4 0.4239160942027339 0.5886367384180635 0.035248019237293704 0.026601041356328993
4 0.44128464347709445 0.6066611463997809 0.038318455534962936 0.025184090570540718
4 0.45853414166299605 0.6505031916850511 0.03497520072563951 0.018788541356328993
4 0.4668178676163789 0.6821898393276863 0.035193455534962934 0.02503854135632899
4 0.49987590427686773 0.6766868560769093 0.022638891832631992 0.022893844499482084
4 0.48563978948607767 0.7034120219165094 0.02247520072563951 0.018206344499482087
4 0.5406273898488975 0.6973653831652145 0.03228671034428636 0.031142992142117264
4 0.3181298525554364 0.8169008254739474 0.04489583774894799 0.03485018899896417
4 0.5209201020921002 0.2981444791124386 0.04607639183263199 0.023985463606069856
4 0.5483829031805594 0.27360039743323816 0.018169646641955417 0.028925520678164406
4 0.4986805143431523 0.3299745219165095 0.0414980192372937 0.026892139784752266
4 0.5151091009109738 0.21805671877335636 0.038482146641955414 0.029871590570540542
4 0.5349032126217209 0.48034054900481477 0.02765377404661713 0.032487168320799495
4 0.5059597570867581 0.5024681060769093 0.035084328130301046 0.021913541356328815
4 0.5030356537287135 0.47416116955914467 0.021349210344286364 0.030633569892376044
4 0.49089280699409094 0.396126060791639 0.02280258293962447 0.027581344499481998
4 0.5022221765942043 0.3630053457378271 0.022857146641955418 0.029143844499481996
2 0.5044270281381504 0.43431741955914466 0.048511911069925515 0.04905823821317572
2 0.503035587494494 0.9671491902373092 0.05939484736759475 0.048005160462916766
5 0.31386153712382503 0.5357771040099947 0.0414980192372937 0.026892139784752266
4 0.2621676062684515 0.4026884681541838 0.04273313702330857 0.01758991439185813
4 0.512559442751455 0.6271962783266503 0.04295139183263199 0.02383991439185813
4 0.2190896626295702 0.8968001871369372 0.03390377404661713 0.03277826674922295
4 0.13729402560626164 0.9086409075674325 0.0387549651536097 0.037684090570540715
4 0.27498997696487326 0.7749829991714305 0.03234127404661713 0.032705492142117265
4 0.2910763123515685 0.5832321468140657 0.053090283665263985 0.04615156203449331