7 0.001556252772010263 0.31285466406515056 0.003112505544020526 0.035084328130301136
4 0.0013795529343607524 0.6705406784931208 0.002759105868721505 0.066388891832632
2 0.0377017952183209 0.5085962392002268 0.05492969468185842 0.059613102176918176
2 0.08779352950389252 0.5894122187818068 0.06981124203690507 0.0741666754978958
2 0.10136945306847638 0.46384922359113023 0.05952618942018657 0.05821429328391083
7 0.1287440241716335 0.5180382157865818 0.05696263154179624 0.04097222958158007
7 0.08764015301200663 0.40387402286549073 0.03314569994353027 0.060411710344286364
7 0.00417999480891532 0.16826885036281972 0.00835998961783064 0.03341270072563942
4 0.05334074772209992 0.37449405771188105 0.03472361049510884 0.033958337748947985
2 0.04127817640718128 0.25651538402808366 0.08255635281436256 0.12789187622353532
2 0.1672267554028462 0.15301341651222128 0.05024219468185844 0.0594494110699257
2 0.22846038701522958 0.19037949645662094 0.10532307878390341 0.1752033858421822
2 0.26454210018352664 0.20259924346139604 0.06494173151356133 0.0708779843909034
4 0.261704797496221 0.1437872386520726 0.03975972099021767 0.0668799651536097
4 0.34066425540284617 0.1590699874709463 0.02773015785015547 0.0477480192372937
2 0.32611590799132983 0.11315728674530687 0.05970819994353018 0.061339293283910835
1 0.3813200765060033 0.21372277113621024 0.04702618942018653 0.05777778366526398
4 0.39200621850055606 0.09745293039203738 0.057311242036904984 0.0737301658792491
4 0.360679894766563 0.04390877894075855 0.02994510523343692 0.032232146641955416
4 0.4853158737198756 0.05452387512722702 0.030855157850155378 0.047857146641955395
2 0.6045286053040242 0.0641667483555375 0.0721927893919517 0.08828373920022681
2 0.5564642896743004 0.2307986876484315 0.07311825256024881 0.07740080290255769
4 0.5179239763930639 0.09950155842967127 0.03775760523343692 0.0325049651536097
2 0.42360701606736423 0.3075744640573014 0.05024219468185844 0.0594494110699257
4 0.5059197161520688 0.39969253138782923 0.05970819994353036 0.061339293283910835
4 0.44770393970253525 0.2567485740387679 0.032144642065139985 0.04322421034428618
2 0.43797960018352666 0.20865581442012107 0.034905621018452494 0.03708333774894799
1 0.4277954451759687 0.47759678737827904 0.036650131541796326 0.040262901451278844
4 0.4242770610739236 0.5917684147829407 0.03178062101845249 0.036974210344286364
4 0.37978360842897024 0.576123567415346 0.03525423151356133 0.06984127404661714
2 0.45872067953212736 0.6321131617877158 0.06926521046687402 0.06479167549789597
5 0.49776849800444867 0.6874926317506489 0.02820059471009344 0.029052582939624472
2 0.5063916110598062 0.5797619773041452 0.0402147472985769 0.07469246515360979
2 0.48955272155491497 0.5462947128761749 0.0529877630835923 0.07981647477225665
1 0.48573674779268716 0.4639633625133553 0.027184126280124232 0.03837301923729371
2 0.6164939241292812 0.4904489953603126 0.05418624203690499 0.07362103847458741
2 0.646733702927302 0.3341543553417791 0.06686825256024882 0.07718254809323426
2 0.5745332082595611 0.40443708429038694 0.030218121018452494 0.03691964664195542
4 0.5865543370999342 0.2921280572485449 0.03187162628012441 0.038536710344286275
5 0.4977578766330602 0.35165433547151326 0.0383946420651398 0.0434424651536097
5 0.41659482173844165 0.7371081966341062 0.028109589448421346 0.02749008293962447
4 0.2839859900413536 0.6080059952754946 0.06265118942018652 0.05832342068857237
3 0.3053233927710116 0.7120858600662846 0.07119173151356133 0.07109623920022692
4 0.22846330311082869 0.5129092608845912 0.038470236775233244 0.07151290145127884
4 0.18619177410104631 0.44567463166583093 0.03352513154179624 0.04015377404661713
4 0.171006389857827 0.4106994309401915 0.03434417889684287 0.05421627404661713
2 0.007347738337706263 0.408576391832632 0.014695476675412525 0.06041171034428618
2 0.1554059637329944 0.6113442716843644 0.06301521046687393 0.06457342068857255
2 0.19975447418575093 0.5353918960938012 0.05803928413027983 0.08623016587924895
2 0.18142940841485283 0.5543229453681618 0.04620714206513989 0.04371528366526398
4 0.2174887347796818 0.6072495379264332 0.04473564732681181 0.045223219962933214
2 0.3738136004658753 0.5038939033501955 0.06283319994353018 0.06144842068857237
4 0.358628216222656 0.4689187026245559 0.03454159997176518 0.0308333377489479
4 0.3455436582736785 0.411314533750082 0.024696163111827298 0.04920139183263199
4 0.1906958055299031 0.2876984405588384 0.027639152588483595 0.04618551923729371
4 0.17889302652012073 0.22152780353552984 0.026440673635171042 0.052380955534962845
2 0.27437285551578566 0.27574656678237375 0.041610647326811724 0.04511409255827141
2 0.2894063213149186 0.2864484538056823 0.03472361049510884 0.033958337748947985
2 0.3186920029131846 0.307824946001134 0.04437162628012441 0.038973219962933126
4 0.32472146601089447 0.2446255415546303 0.031234589448421436 0.027599210344286272
4 0.3127821791086044 0.18079865453132174 0.032053636803468066 0.04166171034428627
4 0.35283876073510523 0.23229915634542025 0.031598610495108835 0.03384921034428619
4 0.3607730870999342 0.28424360226173623 0.021298147326811723 0.04440476442797028
4 0.37216561340829346 0.27681304817805225 0.021571163111827295 0.04909226442797028
2 0.38507513708581675 0.2702183077966991 0.030127115756780665 0.03535714664195542
4 0.3955058609186318 0.42715035407583474 0.022405621018452494 0.03664682813030105
2 0.7191763922769014 0.20594999898850969 0.0784427893919517 0.08850199400955025
2 0.6115073764212987 0.13251744427185347 0.07053928413027996 0.08666667549789593
2 0.857441502701423 0.10352938183546698 0.10949536831702958 0.11297620435383648
4 0.8922891266330601 0.36543167031005436 0.06199874203690499 0.0738938569862416