2 0.33106795697599384 0.6590785215682182 0.05136367694751698 0.07841589149054773
7 0.7986526976405031 0.8134053897420319 0.04782957386326192 0.05496021077238851
2 0.6381422970746053 0.480711585290914 0.0434966298696164 0.07524543969514959
2 0.6055968039744644 0.4066746424725064 0.05561480032431163 0.05344316256778665
5 0.7563001874975285 0.3565741276417835 0.04292388555165907 0.04243293969514968
5 0.765936060467286 0.5057519710259253 0.017951159090609535 0.04384999394987581
7 0.4954792844927036 0.5885836935057787 0.01784206493480802 0.03759999394987581
7 0.6820634411476811 0.7140735311343838 0.03799092370110628 0.028343168617910842
7 0.2790967593321955 0.3226279371610669 0.02379205600635448 0.020448855386194252
7 0.31046731046728604 0.5084018106976338 0.019240923701106104 0.028234084308955333
7 0.3773526217486462 0.6697478559753695 0.01776024431795715 0.03291249394987581
7 0.2820418960983754 0.8046910034178456 0.017678423701106106 0.02822499394987581
4 0.5843838717486461 0.6685433833973201 0.03168637662320535 0.02518180718159222
4 0.6729105835991993 0.6820922781093217 0.03036933847375849 0.0392352168225127
4 0.6352469423654972 0.6729354467272326 0.02406479139585791 0.03607385538619425
7 0.47285071347211083 0.27696493745565454 0.02568183847375849 0.039207945745273955
4 0.6081121034879968 0.32696441657480735 0.014635244317957152 0.032894313231716585
4 0.45913881533855 0.3418950458669109 0.04405000892845372 0.017442030054229285
4 0.48890991030513026 0.4807984645830176 0.03968979139585791 0.03616475897699054
4 0.4477821241842781 0.586517199457707 0.02261138555165907 0.04231476502711473
7 0.5296690982096959 0.6672990459651067 0.041688668019063256 0.06117384933607006
2 0.16019812377724107 0.7624267562465159 0.05106366801906326 0.06122839149054773
2 0.21595324593621967 0.7785102984991895 0.05547843262955983 0.04563066256778665
2 0.11445715543386625 0.6486187863007452 0.055451159090609534 0.04406816256778665
2 0.12681683359919926 0.6852693586076481 0.03842730032431154 0.053343168617910844
2 0.10043161160237646 0.6955801447120016 0.03532957386326192 0.05488748789975162
7 0.5797183222384088 0.2669672478587007 0.030096603084255234 0.023610216822512697
4 0.8010316294592841 0.725882663844333 0.039580697240056396 0.02991475897699054
4 0.7681276262128731 0.6760690162054651 0.02628185633066593 0.07358294574527377
4 0.7191754776722752 0.9154405884141721 0.028970479707460584 0.048601126463433175
4 0.7443567098153675 0.8809155974893583 0.01781479139585791 0.03603749394987581
4 0.5149265340856666 0.7627069947354427 0.03042388555165907 0.042360216822512696
7 0.39384246671522644 0.8087285427436528 0.03319432954530477 0.0220658975406721
7 0.23660093668345436 0.7080705334720749 0.05569662094116259 0.05813066256778647
7 0.31021829991727445 0.22556203962039492 0.01937729139585782 0.03604658430895542
4 0.5377001919617553 0.36644052791292997 0.026998876623205346 0.025154536104353475
4 0.7144360158250173 0.42010536251647296 0.03031479139585791 0.0361102168225127
2 0.6149330734562248 0.22535191959986944 0.027135244317957153 0.032967036104353475
4 0.5675042889569305 0.5967592869881162 0.03489319724005639 0.029887487899751618
7 0.35868880194586933 0.3166955788480064 0.04418637662320544 0.025254530054229285
2 0.5625203287279353 0.8483763291425941 0.05092730032431163 0.053415891490547554
2 0.4722186570554241 0.9121893651487516 0.05854888555165907 0.04252384328594587
2 0.2898055775101193 0.8913733919815272 0.0698954886359143 0.06602497579950324
2 0.03803933684890541 0.25449205727978824 0.0540795738632619 0.05499657220870695
4 0.6541922167185217 0.3259150009819586 0.031795470779006865 0.0314318071815924
4 0.33860990137667646 0.46448363905466084 0.045830697240056485 0.029951120413308985
4 0.3065786513766765 0.46466999141579296 0.0319045649348082 0.03768180718159222
4 0.28659343384408054 0.483538166083828 0.032095479707460586 0.04861930718159222
4 0.25803778571051966 0.5485546329063408 0.03031479139585782 0.0361102168225127
4 0.22416161769145643 0.4878080304470128 0.03790910308425506 0.023655668617910665
4 0.1878559249156268 0.46692335870584395 0.03648297077900677 0.03145907825883114
4 0.1976677069792891 0.1785557502945876 0.0567409237011061 0.02845225292686626
4 0.3524779379045656 0.18468705474570543 0.05736821509696392 0.06438975292686626
4 0.4601030718313718 0.4418995910464506 0.04898297077900686 0.03153180113146803
4 0.42808941274076223 0.39833139822804303 0.0240920649348082 0.037636355386194253
7 0.44180881371369696 0.5576427657144857 0.0269170560063543 0.02046703610435365
7 0.45341056127806495 0.6403961783804683 0.01784206493480802 0.03759999394987581
4 0.4531026440697806 0.7122802687395478 0.04604888555165907 0.042451120413308986
4 0.2961879910649557 0.9436853257247485 0.023819329545304767 0.022011355386194253
7 0.4120078599775233 0.909414343973317 0.013018197240056395 0.02976022287263689
4 0.6780401887120492 0.7969178473911624 0.03494774431795715 0.03301248789975162
4 0.8202061436627435 0.8843809650739969 0.037164809252764996 0.07052157825883114
2 0.784056994721699 0.33531675117835036 0.05561480032431163 0.05344316256778665
2 0.7182507625786064 0.37007809143923415 0.06342730032431163 0.05348861436318471
4 0.6981309517009879 0.5155224016458886 0.038509120941162676 0.05803066861791066
4 0.7936440491032004 0.5712224349215717 0.017787517856907444 0.03447499394987581
7 0.584396139608849 0.22162293160192198 0.03532957386326192 0.05488748789975162
7 0.613746674511885 0.15738316959986948 0.027380706168510117 0.047029536104353474
4 0.702540393262297 0.09670422395279145 0.028834112012708957 0.040788626463433106
4 0.46722623051823947 0.17855016335335355 0.028888659090609538 0.04391362646343309
4 0.4410143323846786 0.24355299463724683 0.033685253246410876 0.05019089754067192
4 0.3815808311668626 0.28530922346181214 0.025790932629559827 0.04545794574527395
3 0.312860284495999 0.10834726854315606 0.061782979707460585 0.048792024004105095
3 0.47540119480442444 0.10974562119887583 0.05100912094116268 0.05810339149054777
7 0.22971832223840885 0.26900348829253506 0.030151150162155815 0.026735216822512696
7 0.13457737175194148 0.1898614098373121 0.022284103084255057 0.023564765027114642
4 0.1540949849824663 0.18896653034881689 0.025927300324311543 0.05327044574527391
7 0.25085516233702043 0.09230008772680096 0.03036933847375849 0.03923521682251274
7 0.09057182183137172 0.4440494609687803 0.02708069724005646 0.029842036104353476
4 0.12132298985043496 0.5048142441462675 0.04157957386326192 0.054923849336070064
4 0.14420711079159756 0.5624994791191529 0.030232970779006774 0.0314227168225127
7 0.24213173660072881 0.9354051931129952 0.02099433847375849 0.03918067466803521
1 0.16469648335431794 0.8858506207078966 0.04114319724005648 0.029923849336070063
4 0.6136504062446452 0.7785405521134268 0.0300420560063543 0.020485216822512697