2 0.8109375 0.34765625 0.03671875 0.0359375
2 0.82109375 0.2921875 0.03125 0.03671875
2 0.74140625 0.43515625 0.0390625 0.0546875
2 0.58203125 0.41875 0.0296875 0.0265625
4 0.42109375 0.56953125 0.02109375 0.02265625
3 0.31875 0.3234375 0.03671875 0.0296875
4 0.27109375 0.37421875 0.03046875 0.0296875
4 0.38515625 0.33984375 0.02265625 0.02421875
4 0.4328125 0.3828125 0.0296875 0.0296875
4 0.590625 0.29921875 0.028125 0.01953125
4 0.7546875 0.30703125 0.034375 0.02890625
4 0.7421875 0.27578125 0.02734375 0.0296875
4 0.51875 0.2609375 0.0234375 0.028125
4 0.50625 0.19609375 0.0359375 0.028125
4 0.6546875 0.50859375 0.03046875 0.03203125
2 0.5171875 0.45078125 0.02265625 0.02421875
4 0.47734375 0.47265625 0.01484375 0.02109375
4 0.603125 0.63125 0.025 0.02734375
2 0.4359375 0.6171875 0.0296875 0.01875
2 0.528125 0.61640625 0.053125 0.025
4 0.48359375 0.784375 0.02578125 0.03125
4 0.6125 0.5078125 0.02265625 0.03046875
4 0.6984375 0.365625 0.0359375 0.02734375
4 0.61875 0.38046875 0.0328125 0.025
4 0.71328125 0.56015625 0.03671875 0.01796875
4 0.70390625 0.521875 0.0453125 0.03046875
4 0.7234375 0.6625 0.03125 0.0171875
4 0.49140625 0.64765625 0.03984375 0.03359375
2 0.4640625 0.64921875 0.02578125 0.02421875
4 0.34375 0.66875 0.02890625 0.028125
4 0.3390625 0.55703125 0.03125 0.015625
4 0.32890625 0.54375 0.03046875 0.0125
4 0.64921875 0.8203125 0.01953125 0.0359375
4 0.7296875 0.615625 0.021875 0.02734375
4 0.675 0.63671875 0.02734375 0.02109375
4 0.5390625 0.73359375 0.03671875 0.01875
2 0.296875 0.4609375 0.034375 0.0125
1 0.43671875 0.69921875 0.028125 0.015625
4 0.6765625 0.6859375 0.0234375 0.01328125
2 0.50390625 0.48203125 0.025 0.0140625
2 0.46484375 0.36484375 0.028125 0.01875
1 0.58046875 0.33046875 0.0203125 0.02578125
4 0.56328125 0.70546875 0.0265625 0.0171875
4 0.5953125 0.6953125 0.01484375 0.021875
4 0.61171875 0.715625 0.015625 0.02578125
2 0.653125 0.7625 0.01875 0.03125
4 0.6875 0.76640625 0.0265625 0.03984375
2 0.5875 0.89296875 0.05 0.03515625
1 0.47265625 0.90703125 0.0296875 0.01875
1 0.421875 0.46328125 0.02421875 0.0125
4 0.275 0.76171875 0.02421875 0.015625
2 0.40390625 0.7265625 0.01953125 0.01953125
4 0.43828125 0.7453125 0.02265625 0.02734375
2 0.58359375 0.671875 0.025 0.01640625
2 0.6078125 0.65 0.01328125 0.0125
2 0.64453125 0.61171875 0.03046875 0.015625
4 0.659375 0.4203125 0.01875 0.02578125
4 0.8015625 0.60078125 0.03046875 0.01953125
2 0.52109375 0.515625 0.01640625 0.0140625
2 0.4828125 0.5234375 0.0140625 0.0140625
1 0.3484375 0.39140625 0.01328125 0.01015625
4 0.26640625 0.6203125 0.021875 0.009375
4 0.59921875 0.47578125 0.0359375 0.01875