4 0.2993916846144655 0.979862805852083 0.019477425705962937 0.025436411094166545
4 0.28180937952075835 0.9669997831506596 0.019477425705962937 0.025436411094166545
4 0.26207354104095626 0.9744856280404164 0.030505853919208282 0.02881598423243048
4 0.2911078231734099 0.9425810113991664 0.021085389812585564 0.02703527868534721
4 0.2849320310118264 0.8865128493550692 0.024665030878812378 0.04273301386770854
4 0.29639236823798726 0.8682895262168053 0.02480142319868044 0.04742051386770818
5 0.2458157067177893 0.8624402229301733 0.03220474623907634 0.03353985182361115
4 0.3414009913575254 0.8508467998681596 0.035466138558944316 0.03830008700597247
4 0.4515656015449398 0.8748272008943399 0.021221782132453626 0.03172277868534721
4 0.44176470421050684 0.8360192740326038 0.02237510517284953 0.017696646276527873
2 0.4069206912783831 0.8797699272429857 0.027335389812585653 0.027180749050069508
2 0.39040914119924086 0.9106023531547912 0.029261602665567033 0.039717116641249814
2 0.3731223527985811 0.8875830804533678 0.021221782132453626 0.03172277868534721
4 0.4003691629068532 0.9439415300165275 0.02269335391920819 0.028634146276527873
2 0.40028659488102225 0.9736108462209373 0.030642246239076344 0.03350348423243048
2 0.416093451307513 0.9669971703091316 0.02269335391920819 0.028634146276527873
4 0.36547132568069235 0.9627103670224997 0.021267246239076342 0.03328527868534721
4 0.19585882231548007 0.781627287234722 0.02756271034569897 0.03499324905006951
4 0.21633880687607387 0.8022300747537845 0.026136602665567034 0.0396443814588892
4 0.22727865538500577 0.8823897002287499 0.051091138558944316 0.03866376291777769
4 0.1927983553058635 0.9136403534391316 0.028761497492717503 0.022529616641249816
4 0.20168997050784285 0.9836982803008679 0.0271989974927175 0.022493249050069507
2 0.27247514660951716 0.8048270914712845 0.04019910266556703 0.03997168977951411
4 0.318296111969781 0.8131292475314581 0.037619671945039276 0.05864895459715278
4 0.2577199763138306 0.7216333849742707 0.0276081744523216 0.03655574905006951
2 0.24123115828799965 0.7516845608860762 0.03711956677218975 0.04146145459715278
7 0.1855721916740945 0.7326812941685763 0.02292067445232169 0.03644664627652787
2 0.18524793124925326 0.7974886765773956 0.024483174452321687 0.03648301386770836
2 0.1730123557015749 0.7618603011024303 0.022511497492717504 0.02238414627652787
4 0.14116061361913373 0.6759416381084027 0.02930706677218975 0.041279616641249996
2 0.18027693791317081 0.7000142645332985 0.020948997492717548 0.022347778685347208
4 0.16726847255290692 0.6909483890583331 0.023102530878812377 0.042696646276527875
4 0.1559983519406512 0.7294660284010067 0.025909282132453627 0.03183188145888884
2 0.23004595421050683 0.8409470826375692 0.01929556927947216 0.019186411094166543
2 0.18277145209893578 0.6679466469421179 0.03105142319868044 0.04756598423243048
2 0.2479645430860203 0.6812629581125345 0.030551318025830908 0.030378484232430482
2 0.24402720084529453 0.6555908108860762 0.02756271034569906 0.03499324905006951
2 0.19414687279033374 0.5989784413950346 0.01791492570596289 0.025400043502986237
2 0.2004794408161647 0.5691636548259026 0.01648881802583091 0.03005117591180557
4 0.21218381895026778 0.5962164640964581 0.03225021034569897 0.03510235182361114
2 0.2642176803913234 0.6324799659963192 0.021039925705962935 0.025472778685347208
4 0.2666152546853605 0.657407230813958 0.02898881802583091 0.030342116641249993
2 0.23308735233636266 0.5754311854111108 0.021039925705962935 0.025472778685347208
2 0.25864128180324925 0.5826436201566316 0.021267246239076342 0.03328527868534721
2 0.22402224089530698 0.5381675747537845 0.02898881802583091 0.030342116641249993
2 0.2688573677757688 0.5535191646095484 0.01786946159934022 0.023837543502986235
2 0.24736881268206162 0.5407470608860762 0.03288670783841656 0.05697735182361115
4 0.3244936023363626 0.5733036813270483 0.022466033386094875 0.020821646276527873
4 0.32758751009563686 0.5474678799402775 0.025636497492717503 0.022456881458888845
4 0.34622619833801205 0.6313519174593399 0.021221782132453626 0.03172277868534721
2 0.3432232187919832 0.6540627188461108 0.028897889812585564 0.027217116641249994
2 0.33855243916681205 0.7072604540284719 0.02742631802583091 0.030305749050069507
2 0.357947296846944 0.7114933591387149 0.01648881802583091 0.03005117591180557
2 0.3816181290585399 0.6492654628621871 0.017960389812585565 0.026962543502986235
2 0.4049192367386718 0.6534074489944788 0.02756271034569906 0.03499324905006951
4 0.3916547071135007 0.706805205928333 0.025909282132453627 0.03183188145888884
4 0.3656043356433152 0.5824961901607636 0.02461956677218975 0.041170513867708355
4 0.17538250092443683 0.626740418693611 0.01300010517284953 0.017478440729444423
4 0.2560798861181689 0.40235670811253443 0.03073317445232169 0.03662848423243048
4 0.2944891682506225 0.37023388592420114 0.03105142319868044 0.047565984232430567
4 0.2835994808661771 0.44934015767569413 0.02550010517284953 0.017769381458888844
2 0.32408339152844523 0.29225370307854137 0.0416706744523216 0.03688305737069451
2 0.5581137475592245 0.4328013954235065 0.027380853919208192 0.02874324905006951
4 0.5987949203621936 0.5372518528704509 0.03555706677218975 0.04142508700597212
2 0.6126180764721152 0.6524768093674648 0.029307066772189572 0.041279616641249996
3 0.6005643573509275 0.6105984338924995 0.026272994985435005 0.04433188145888885
4 0.624080762207208 0.71466768484243 0.019568353919208192 0.02856141109416672
4 0.6367793390085275 0.761215376521805 0.02756271034569906 0.03499324905006951
4 0.6474153106369975 0.8249869357923606 0.021039925705962935 0.025472778685347208
4 0.6358640451975914 0.8463352589306243 0.02461956677218957 0.041170513867708536
4 0.6335490389293852 0.7917386779085758 0.021221782132453626 0.03172277868534721
4 0.5941121173800574 0.6981893528704509 0.026454851411925873 0.050581881458888846
4 0.5862959542105068 0.8326552718484022 0.03225021034569906 0.03510235182361114
4 0.5091975597790677 0.6650333203853815 0.026272994985435005 0.04433188145888885
2 0.514839806018144 0.6321117176118399 0.03881845909205772 0.04618532218833345
2 0.5294191315658223 0.6676855417000344 0.022829746239076344 0.03332164627652787
2 0.49055051134927813 0.5546049666619093 0.019295569279472246 0.019186411094166543
4 0.5154057588419956 0.5321662689986107 0.019204641066226814 0.016061411094166544
4 0.4298162851684615 0.7636903323532287 0.017914925705962936 0.025400043502986237
2 0.4577594287419708 0.7692857157119788 0.02898881802583091 0.030342116641249993
2 0.46390412866282843 0.7995908115516663 0.051909492478152686 0.06678876291777769
2 0.4430724546062182 0.6837482592149648 0.02898881802583091 0.030342116641249993
2 0.49125389034131095 0.7450844962971871 0.033858174452321775 0.036701219414791805
4 0.4285649883880245 0.5115466041047219 0.031096887305303154 0.04912848423243048
4 0.4646041252976162 0.6145436643252079 0.027380853919208192 0.02874324905006951
4 0.48257522380654816 0.6945396356398608 0.019341033386094962 0.020748911094166544
2 0.4592634074300698 0.5834391346899301 0.04024456677218975 0.04153418977951393
2 0.5069400409744492 0.501134474545694 0.03225021034569906 0.03510235182361114
4 0.4829342396416658 0.5212112384134023 0.02154003087881229 0.042660278685347205
2 0.3477649324363875 0.3369843216196525 0.019704746239076344 0.03324891109416672
2 0.3330204708370473 0.3607491299402775 0.027699102665567032 0.039680749050069505
2 0.309903568092338 0.43077134242121495 0.017823997492717503 0.022275043502986237
2 0.3285770117449895 0.4061343651226387 0.020948997492717503 0.022347778685347208
2 0.18104879387744313 0.3783392862847915 0.029079746239076297 0.033467116641249996
2 0.17369328345260185 0.44331032285392347 0.0390003155185485 0.052435322188333446
2 0.1337024324363875 0.34196668161138877 0.0311878155185485 0.05225348423243066
2 0.09885841950426374 0.38571733482177073 0.026182066772189705 0.041206881458888844
2 0.11450615155757508 0.3845724089099652 0.021267246239076297 0.03328527868534721
4 0.137371687055241 0.5378422260643054 0.02724446159934022 0.02405574905006951
4 0.49894098753009464 0.3467379152751385 0.025909282132453627 0.03183188145888893
2 0.38858850923770705 0.3828773966577774 0.027335389812585476 0.027180749050069508
2 0.39621079262380193 0.36240124249746497 0.02724446159934022 0.02405574905006951
4 0.48826161949162844 0.8747538125015968 0.04226170783841656 0.057195557370694414
4 0.5287993544479337 0.7426491741088537 0.03596624373179384 0.05548758700597212
4 0.5759411274091872 0.7860530287822565 0.03082410266556703 0.03975348423243048
4 0.5768504095416409 0.7548030287822565 0.024528638558944316 0.03804551386770836
2 0.4977526282671171 0.9510435555677426 0.02930706677218975 0.041279616641249815
4 0.43829506024128617 0.9820948402370135 0.028534176959604095 0.014717116641250172
2 0.6927147534317193 0.6365595622172563 0.052000420691397944 0.06991376291777769
4 0.6515765910535916 0.4673199061570827 0.022920674452321776 0.03644664627652787
4 0.8564626678549111 0.5093943841212493 0.033858174452321775 0.036701219414791805
4 0.8286870088419956 0.5248745669669089 0.02586381802583091 0.030269381458888845
4 0.9773889332943174 0.48550032960034634 0.017034387305302802 0.04880117591180557
2 0.2805918043022844 0.3112225618360067 0.048375315518548415 0.05265352773541672
2 0.7268553873718101 0.4023293793715966 0.03537521034569906 0.03517508700597229
2 0.8280230822781028 0.38670241974045066 0.04318771034569906 0.03535692496187508
2 0.745459320203909 0.594734431708298 0.03105142319868044 0.04756598423243048
2 0.7416272780423255 0.5386117182774299 0.03523881802583091 0.030487587005972296
2 0.722355474664478 0.8521293576201036 0.03225021034569906 0.03510235182361114
4 0.5994658924528821 0.9166665959365968 0.018142246239076343 0.03321254350298588
2 0.5799944784254016 0.888233124621944 0.035511602665567035 0.03986258700597247
4 0.9273912818032493 0.5670782911313534 0.036801318025830906 0.03052395459715278
4 0.9577918356433152 0.5687128731033325 0.01961381802583091 0.030123911094166723
4 0.9601977701247668 0.6201844541253811 0.03372178213245362 0.03201371941479181
2 0.9477683147936327 0.6985458434680547 0.03220474623907634 0.03353985182361115
2 0.9627962697290553 0.7723645499650686 0.027335389812585476 0.027180749050069508
5 0.47596752263204917 0.6533152235957636 0.034040030878812466 0.04295121941479181
2 0.9417048682379872 0.8532697110592353 0.03234113855894449 0.038227351823611144
4 0.7958324270926181 0.9027274632434368 0.016216033386094786 0.020676175911805574
4 0.8031819258389769 0.8916263090831243 0.01648881802583091 0.03005117591180557
4 0.8880941349310347 0.8443681429549645 0.022647889812585476 0.02707164627652787
2 0.633758324427051 0.9455358251350342 0.030596782132453627 0.03194098423243048
4 0.1905144412783831 0.8848068386214928 0.021221782132453626 0.03172277868534721
2 0.14147285068701 0.7188740205172222 0.02568196159934022 0.024019381458888843
2 0.12328880351086155 0.6193649829981596 0.01648881802583091 0.03005117591180557
2 0.11366271707612356 0.333064460296736 0.022693353919208282 0.028634146276527783
3 0.05973974670129471 0.2812305097836458 0.02498327962517115 0.05367051386770836
4 0.18101535312778544 0.2721620214671526 0.025954746239076343 0.033394381458888844
2 0.2462850004622184 0.30967889884197897 0.024119461599340218 0.023983013867708357
4 0.4568049633151999 0.2922874578281941 0.018142246239076343 0.03321254350298606
2 0.49427387107447407 0.265651569435451 0.025909282132453627 0.03183188145888893
4 0.7829927609535667 0.7000388743376036 0.021221782132453626 0.03172277868534721
3 0.844254521378408 0.6338131558727423 0.05122753087881229 0.04335126291777787
4 0.9031030209826966 0.7846840184299297 0.021267246239076342 0.03328527868534721
4 0.8537191349310348 0.8451682299609369 0.020948997492717326 0.022347778685347208
4 0.7620939245853358 0.8816525502494091 0.021221782132453626 0.03172277868534721
7 0.17225017458533567 0.8953813159200692 0.02323892319868044 0.04738414627652787
4 0.4917984257724699 0.43122201804868004 0.022784282132453627 0.03175914627652787
4 0.5496145889420205 0.2955923361529509 0.01961381802583091 0.030123911094166723
4 0.6516664854185237 0.16908242790857583 0.019295569279472246 0.01918641109416668
4 0.623905198271505 0.15723704454982584 0.021130853919208194 0.028597778685347207
4 0.8209333109662019 0.20105586046989515 0.03601170783841638 0.05705008700597221
5 0.693263985880742 0.4835254811952077 0.024255853919208193 0.028670513867708358
4 0.7031952638565606 0.5715157904657633 0.01478992570596276 0.025327308320625085
4 0.7100757496707957 0.6033652025098605 0.02099446159934022 0.02391027868534721
4 0.6116873769469688 0.46980977973218696 0.02269335391920819 0.028634146276527873
4 0.6475362972426554 0.5525125237482633 0.022602425705962936 0.025509146276527873
4 0.762267420824412 0.8488582340449995 0.02586381802583091 0.0302693814588892
2 0.7080552262473236 0.24349989323930496 0.03220474623907634 0.03353985182361115
2 0.6412936235817566 0.2840898320688884 0.027108069279472246 0.019368249050069508
5 0.5527108452102267 0.35017073337940924 0.030733174452321776 0.03662848423243057
5 0.540452537609237 0.315323607904444 0.03082410266556703 0.03975348423243066
2 0.5568193351810968 0.2626343657882287 0.019568353919208192 0.02856141109416672
4 0.5673309378466638 0.22335366024114536 0.01648881802583091 0.03005117591180557
2 0.5387716803248164 0.15843782826916622 0.0229206744523216 0.036446646276527786
5 0.4854156966221524 0.30177090739135376 0.02269335391920819 0.028634146276527783
1 0.4380202079049235 0.40124488373999967 0.016397889812585654 0.026926175911805572
1 0.4329295426238019 0.36154660410472184 0.016352425705962757 0.02536367591180557
4 0.42312028510195443 0.29619436103857605 0.01800585391920819 0.028525043502986146
4 0.3904214453685112 0.2930518304533677 0.017823997492717503 0.022275043502986147
2 0.37302099670129474 0.2739388077519441 0.017733069279472248 0.019150043502986058
2 0.23908025422314214 0.34263686920670117 0.022511497492717504 0.022384146276527784
5 0.28898697750096486 0.2641839076756942 0.027744566772189748 0.04124324905006951
2 0.13460203972080803 0.4988706450422568 0.025863818025830952 0.030269381458888845
3 0.13937680476450282 0.6299206232907638 0.019568353919208283 0.028561411094166544
7 0.36356915954164093 0.7597672049784026 0.017823997492717503 0.022275043502986237
4 0.55723659151581 0.7849269398764231 0.021358174452321778 0.03641027868534721
2 0.9285315476383669 0.39373171010930474 0.022375105172849175 0.017696646276527783
4 0.9070944683297647 0.32552722397701317 0.026182066772189927 0.041206881458888844
1 0.8500381377675215 0.24722169244187428 0.016397889812585477 0.026926175911805572
1 0.8235211018741442 0.24627744149194375 0.014517141066226813 0.015952308320624997
2 0.8606370054767833 0.33910006791683955 0.031886497492717325 0.022602351823611144
4 0.7500033823572452 0.3580702330950688 0.02876149749271768 0.022529616641249993
2 0.577417677026111 0.4401593005337495 0.020903533386094963 0.020785278685347207
4 0.4480808326738144 0.24330509717086768 0.021267246239076342 0.03328527868534721
4 0.46576111150756266 0.49428571571197877 0.022602425705962936 0.025509146276527873
2 0.37831258729266787 0.44088991840927055 0.02269335391920819 0.028634146276527873
2 0.37338940657214004 0.42226720497840253 0.017914925705962936 0.025400043502986237
1 0.277570789720808 0.4955430104492359 0.02099446159934022 0.02391027868534721
3 0.24576686025392142 0.48847604606843725 0.03399456677218975 0.04138871941479181
2 0.3125509141604944 0.9569156151226386 0.00987510517284953 0.01740570554708327
2 0.4928234358681067 0.986290724545694 0.018840928213245435 0.0035614110941665444
2 0.5974571115740697 0.9588722797321869 0.01782399749271768 0.022275043502986237
4 0.6830405735691213 0.7812180987863883 0.017642141066226812 0.016025043502986235
4 0.6746825042896492 0.8001499367422911 0.013227425705962937 0.0252909407294446
4 0.6794047596999254 0.6915198191511105 0.040426423198680436 0.04778418977951393
2 0.5759066528112162 0.3847632857161106 0.024164925705962757 0.02554551386770836
2 0.5929122963847255 0.3906132422131245 0.01943196159934022 0.02387391109416672
2 0.49592363611816886 0.396774282866319 0.014698997492717502 0.022202308320625086
4 0.529914539720808 0.48966964447357597 0.033949102665567034 0.03982621941479181
2 0.5395335806287502 0.534727571335312 0.021039925705962935 0.025472778685347208
2 0.5468376152684863 0.5251889171749996 0.014698997492717681 0.02220230832062491
4 0.7523795392585896 0.16908046827742992 0.01961381802583091 0.030123911094166723
4 0.7448792763264659 0.21219468864215213 0.01474446159934022 0.023764808320624997
4 0.7602087596334185 0.22198726273034658 0.024255853919208193 0.028670513867708358
2 0.3952139646353481 0.772302919359201 0.029079746239076342 0.033467116641249996
4 0.4513445735026143 0.31895906060173573 0.025909282132453627 0.03183188145888884
4 0.817322296846944 0.7008012873316313 0.02237510517284953 0.017696646276527873
2 0.8863119215493278 0.07383809061826314 0.027517246239076344 0.033430749050069465
2 0.9096070175509773 0.13184995915937422 0.024346782132453625 0.03179551386770836
2 0.8069450188046184 0.14516953638170071 0.024210389812585477 0.027108013867708357
2 0.880186290512231 0.17703582580062424 0.020948997492717326 0.022347778685347208
2 0.894864904460569 0.23602896609322838 0.027608174452321776 0.03655574905006951
1 0.9374184658224823 0.30296123974458256 0.013227425705962758 0.025290940729444423
2 0.7482396762346883 0.7406645275479855 0.07011392319868044 0.04847517401194459
2 0.7780612200456245 0.6548718447023256 0.038772994985435 0.044622822188333446
4 0.7133023865803872 0.7071259821451383 0.02305706677218957 0.04113414627652787
4 0.6737588502912986 0.8587255029467009 0.01943196159934022 0.023873911094166544
2 0.3982864550019297 0.5325500883371524 0.012909176959604095 0.014353440729444422
2 0.805929121932404 0.4215683822213882 0.027335389812585476 0.027180749050069508