2 0.5828125 0.27604695393669737 0.0515625 0.05498748184962743
2 0.375 0.15061918617910824 0.03125 0.026744307181592354
2 0.421875 0.14620439695149678 0.0328125 0.03925339754067196
3 0.246875 0.3248737767345796 0.0296875 0.056422716822512695
2 0.2390625 0.5888908249391814 0.0328125 0.0376908975406721
2 0.35078125 0.6379782856133742 0.0328125 0.034565897540672096
2 0.3171875 0.5166890928931623 0.0203125 0.02980567466803503
3 0.15078125 0.7133772196511832 0.0484375 0.03153180113146821
3 0.16484375 0.6572090328828997 0.0421875 0.056495439695149585
1 0.41796875 0.7641504210537977 0.021875 0.02512726502711473
2 0.35859375 0.8348987374087724 0.0359375 0.06739657825883114
2 0.3375 0.9105572675611974 0.0390625 0.037727258976990544
2 0.4625 0.6003469962875668 0.0359375 0.03614657825883114
2 0.44140625 0.456474276439992 0.0265625 0.03765453610435347
2 0.46015625 0.5300208607489474 0.0296875 0.034547716822512696
2 0.48984375 0.39894357757146015 0.0234375 0.03451135538619425
3 0.4515625 0.3057521137740095 0.0359375 0.05489657825883123
2 0.51796875 0.2952009540348933 0.0359375 0.03302157825883114
2 0.640625 0.7607582972226432 0.03125 0.050181807181592396
2 0.7875 0.7483315409761273 0.0453125 0.03151362041330898
2 0.85625 0.41435651677563057 0.03125 0.04236930718159222
2 0.865625 0.5300360589301082 0.040625 0.02836134933607006
2 0.7046875 0.23925600194490756 0.034375 0.043949987899751616
2 0.38203125 0.3397225927949665 0.0296875 0.0298602168225127
2 0.3375 0.3464947675611974 0.0296875 0.034547716822512696
2 0.2796875 0.6672521742752515 0.03125 0.02674430718159222
2 0.28984375 0.7610612616092691 0.0203125 0.03136817466803503
1 0.22109375 0.3715987858097659 0.03125 0.0298693071815924
2 0.54140625 0.8578373094210875 0.040625 0.033048849336070066
2 0.015625 0.5399346535907962 0.03125 0.026744307181592396
3 0.1859375 0.24795675273047452 0.0328125 0.05644089754067201
3 0.78828125 0.2577110861556672 0.0546875 0.04250566256778665
2 0.69921875 0.6853179356881289 0.028125 0.025163626463433175
2 0.53984375 0.2047032190620079 0.040625 0.04554884933607006
7 0.92421875 0.5835019473955938 0.0359375 0.04395907825883114
5 0.96953125 0.5868905678089028 0.0328125 0.034565897540672096
5 0.990625 0.5745132876564776 0.01875 0.037609084308955334
7 0.80859375 0.2086105108237022 0.0453125 0.040888620413308895
7 0.78203125 0.4607997247193486 0.0328125 0.017378397540672098
7 0.7 0.32672873086766874 0.0328125 0.020503397540672007
5 0.68125 0.5617758965587133 0.04375 0.031504530054229284
4 0.7359375 0.6003753091264998 0.01875 0.045421584308955334
4 0.721875 0.4682622458947834 0.0484375 0.03934430113146821
4 0.6234375 0.11456455327276749 0.0234375 0.037636355386194253
7 0.74140625 0.40509462538327856 0.01875 0.03917158430895533
7 0.796875 0.646042333130605 0.0421875 0.040870439695149585
4 0.84609375 0.6728911794416129 0.0390625 0.03928975897699054
2 0.7609375 0.6013020048717739 0.021875 0.028252265027114733
4 0.66640625 0.671845788147457 0.0296875 0.0595477168225127
4 0.5375 0.5468770835233885 0.065625 0.06131929508134384
7 0.42265625 0.5555839421310366 0.0515625 0.044049981849627426
7 0.3890625 0.5858572494108248 0.04375 0.05181703005422929
5 0.1390625 0.329715291958086 0.0359375 0.04708407825883114
5 0.16796875 0.3267584636010589 0.0359375 0.03302157825883114
5 0.07734375 0.31685622277444103 0.04375 0.031504530054229284
7 0.0109375 0.23678238251355732 0.021875 0.03606476502711464
4 0.20546875 0.5410391322189698 0.028125 0.04235112646343318
3 0.046875 0.6908977107723885 0.0375 0.05490566861791084
7 0.178125 0.9135363009350763 0.0296875 0.040797716822512695
7 0.21171875 0.8090442436552883 0.03125 0.06268180718159222
5 0.49375 0.7497475534691592 0.034375 0.04707498789975162
7 0.50859375 0.5990526618804155 0.034375 0.043949987899751616
7 0.65390625 0.93427306527482 0.0515625 0.03779998184962743
5 0.78984375 0.8655326765147467 0.04375 0.04400453005422946