2 0.8367612192583996 0.41986508211326756 0.04399543969514959 0.042696577339272325
2 0.8567646470496927 0.3669764394493583 0.03774543969514958 0.04262385200509069
2 0.7520231257760621 0.49074919943504075 0.048792024004105095 0.061501121339908774
2 0.5986299601832133 0.4428736787475872 0.034556807181592396 0.031649989337999784
4 0.4125929871141847 0.5578885093889066 0.025145445745273953 0.025290901336727244
3 0.3571686471478885 0.2963237533815887 0.04239657825883114 0.03642839600572696
4 0.30115499648395855 0.33629422537395265 0.036137487899751616 0.034793170671545234
4 0.41983681879086143 0.3259572567234065 0.026726126463433177 0.028434082670272608
4 0.458413505460949 0.3771839493952699 0.03457498789975162 0.03477498933799979
4 0.6292072736113217 0.32761230541849606 0.031386355386194255 0.02380112667090888
4 0.7888095325883121 0.36852930144013146 0.03926248789975162 0.03482953333863614
4 0.7823640898681002 0.3348628261059497 0.03301248789975162 0.03475680800445433
4 0.5656260417616943 0.27531346140990554 0.02831589754067192 0.033139764003817976
4 0.5652442466803503 0.20968846140990555 0.04082498789975162 0.0348477146721816
4 0.6531316287029283 0.545844684754905 0.03614657825883114 0.036355670671545326
2 0.5292077944921687 0.46081460940481483 0.026726126463433177 0.02843408267027243
4 0.48553960772388527 0.4743680320655425 0.018895445745273777 0.025218176002545434
4 0.5803349990180413 0.6551464120782692 0.0298783975406721 0.03315794533736351
2 0.41835262860473243 0.6079521440563156 0.032948855386194256 0.023819308004454243
2 0.5090730773750684 0.6254129114019514 0.05644998789975162 0.035029528007635945
4 0.4342008632830302 0.7807811167249973 0.03145907825883114 0.03630112667090888
4 0.6116708365484506 0.5359878794159507 0.02832498789975162 0.03470226400381797
4 0.7226759933607007 0.41463159476445 0.04082498789975162 0.0348477146721816
4 0.6414214481811608 0.4129049154200869 0.0376818071815924 0.03168635200509069
4 0.7011469478865733 0.6081179654280411 0.040770445745273776 0.025472714672181596
4 0.699352643730043 0.5682560340944957 0.05022725897699054 0.03964430267345413
4 0.6923673664062882 0.7103526274267684 0.03451135538619425 0.023837489337999784
4 0.46702193276126264 0.6483595153962243 0.047120439695149584 0.04273294000636341
2 0.4396600020431034 0.6449163420591791 0.0298602168225127 0.030032945337363514
4 0.3177622761454044 0.6395919480426343 0.03300339754067192 0.03319430800445424
4 0.33430436065075153 0.5288544427116343 0.03450226502711464 0.022274989337999783
4 0.3264055022394952 0.5139197860439071 0.03292158430895542 0.019131808004454243
4 0.5900604987234537 0.849777659412769 0.02522725897699054 0.039353401336727246
4 0.7069474959929792 0.6652128500954502 0.02674430718159222 0.03155908267027243
4 0.6491986285065365 0.6754776407542687 0.031404536104353474 0.02692612667090888
4 0.49803610430603984 0.7424640514003606 0.040770445745273776 0.025472714672181596
2 0.3102714421310366 0.4262379727084527 0.03604658430895542 0.019168170671545325
1 0.40397703209733277 0.6882481713876338 0.03136817466803503 0.02067612667090888
4 0.6416679296380047 0.7238242340865415 0.02509999394987581 0.017478401336727067
2 0.5098401709556019 0.4887123427354968 0.02667158430895533 0.01905908267027261
2 0.49350612294739166 0.36665552940004237 0.031386355386194255 0.02380112667090888
1 0.6137504452542946 0.3563367420830416 0.025163626463433175 0.028415901336727067
4 0.5268105440993853 0.7201441560709514 0.02981476502711473 0.022220445337363514
4 0.5603815682016863 0.7166288047421784 0.018895445745273954 0.025218176002545434
4 0.5730133784083407 0.7394305054105419 0.020476126463433175 0.028361357336090798
2 0.6045769957965875 0.7937003820814508 0.02519998789975162 0.03466590133672707
4 0.638234378310145 0.8050287807526779 0.034638620413308986 0.04571248933799978
2 0.5161871823684792 0.9082890460693605 0.056504530054229285 0.044404528007635946
1 0.4005167305730811 0.8991311273869975 0.032948855386194256 0.023819308004454243
1 0.43308222823539005 0.4542277073917701 0.02666249394987581 0.01749658267027243
4 0.2330605440993853 0.7167260653644076 0.028243174668035033 0.02063976400381797
2 0.36659520676536783 0.7081243193825432 0.02200226502711473 0.022129538669636163
4 0.3972094025106417 0.7334788553866793 0.026744307181592396 0.03155908267027243
2 0.5532003272768725 0.6907657387412238 0.028243174668035033 0.02063976400381797
2 0.5812298785065366 0.6746867527450419 0.014144313231716587 0.014226132001908986
2 0.624021366504484 0.6447179894175415 0.03450226502711473 0.022274989337999783
4 0.6745066589535493 0.46016172342454126 0.023601126463433174 0.028397720003181703
4 0.7803804508134394 0.6652861227720861 0.03452044574527395 0.025399989337999786
2 0.520991294393973 0.5255583620703149 0.01884999394987581 0.017405676002545434
2 0.4819287943939729 0.5251038287316788 0.01728749394987581 0.017387494668999894
1 0.3739975988450907 0.36917090738381586 0.014126132513557366 0.011101132001908987
4 0.2509924117822197 0.576319241366953 0.023519313231716587 0.014335220003181704
4 0.6052253938282388 0.502321404081769 0.039207945745273955 0.025454533338636055