4 0.22039322131604627 0.1363844634596036 0.03310340133672707 0.026337006920082208
4 0.27379094131922793 0.1151116413302129 0.0377363573360908 0.021840507908665385
4 0.30655798798536427 0.12035489825029513 0.017514764003817972 0.02882533695813829
4 0.29276820798854597 0.09634439528454561 0.034611357336090796 0.021713173916276605
4 0.3172869499920458 0.07154998372555867 0.03926249466899989 0.018779174904859787
4 0.2937579959818645 0.14562681228073998 0.0314863573360908 0.02158583992388783
4 0.2222915286441829 0.17476121395389516 0.017478401336727067 0.025700336958138337
4 0.20514039131127376 0.17093587699575688 0.03459317600254534 0.02015067391627663
4 0.15543983597231945 0.21033661661563352 0.037718176002545345 0.02027800790866543
4 0.18910631130650124 0.20545545703381296 0.0361738573360908 0.021776840912470962
4 0.2031051766390922 0.2114972099995625 0.03159544533736351 0.030960839923887828
4 0.27296369064291015 0.1862053913302129 0.03310340133672707 0.026337006920082208
4 0.31922107264481914 0.17402106771794745 0.036282945337363516 0.03115184091247101
4 0.32659776798218265 0.1446200692008222 0.029960220003181704 0.024647172927693452
4 0.34167787531827337 0.12491240566466892 0.04093408267027261 0.028217841901054187
4 0.3769977573201824 0.11228241307904274 0.034538632001908987 0.01546317391627663
4 0.4216017326543642 0.10784692247058289 0.040788632001908985 0.015717841901054186
4 0.3499721806572277 0.08382449064564089 0.023710220003181702 0.024392504942915873
4 0.4523522933243186 0.08486967889637353 0.03144999466899989 0.018460839923887827
4 0.4654971833227277 0.09712959836402586 0.03766363200190916 0.015590507908665386
4 0.5030062739895005 0.09787635627269126 0.028434082670272608 0.02770850593149905
4 0.434628443984728 0.1302630919382352 0.03769999466899989 0.01871550790866543
4 0.4359182239815462 0.15376425893442963 0.025418170671545327 0.03695617193911027
4 0.5143068533179553 0.1342913587441492 0.03768181333545435 0.017153007908665384
4 0.5504716199872733 0.1162244496566202 0.0408977200031817 0.025092841901054187
4 0.5326846833227277 0.0998672792003847 0.0377727200031817 0.024965507908665384
4 0.6217557266470464 0.1699343814815622 0.040861357336090795 0.021967841901054184
4 0.5663415206476827 0.16298670311666133 0.034611357336090796 0.021713173916276585
4 0.5280875426480008 0.1590831117098987 0.05684998400699968 0.053854511862998056
4 0.5253438033100011 0.19336261121560713 0.04084317600254543 0.020405341901054187
4 0.4772062953135009 0.165607684333581 0.03475680800445442 0.03421317391627663
4 0.6227091519732739 0.22234179847775662 0.03144999466899989 0.018460839923887827
4 0.46952960797263754 0.22078993285070622 0.017478401336727244 0.025700336958138337
4 0.47379039397677386 0.1904803503411922 0.017478401336727244 0.025700336958138337
4 0.5467915419716831 0.2309726991623286 0.03773635733609062 0.02184050790866543
4 0.5720006273074557 0.21402262110143888 0.03462953866963616 0.023275673916276586
4 0.5841193666454555 0.1801251235728968 0.028434082670272608 0.027708505931499074
4 0.27270006130650126 0.2088616413302129 0.034538632001908987 0.015463173916276584
4 0.31325233597231944 0.21676698323126709 0.04562158267027261 0.02840884288963732
4 0.35669325330204693 0.24511215912471007 0.028361357336090798 0.021458505931498985
4 0.39663700063654683 0.23814191752766703 0.034611357336090796 0.021713173916276585
4 0.34622846797422846 0.2040414901513493 0.03144999466899989 0.018460839923887827
4 0.16738530529918338 0.2585022025851887 0.034538632001908987 0.015463173916276584
4 0.17311768463559235 0.23606878707186904 0.03315794533736347 0.031024506920082205
4 0.19529212929663803 0.27839820851668773 0.0392988573360908 0.021904174904859807
4 0.23538132729950156 0.2589279669196447 0.023764764003817974 0.02908000494291585
4 0.2550580279678651 0.2472238043720746 0.02063976400381797 0.028952670950527094
4 0.320719390634956 0.246772818212239 0.0315227200031817 0.02471083992388783
4 0.3587006486314562 0.2741139096190016 0.040861357336090795 0.021967841901054184
4 0.45009780796468346 0.27861967889637357 0.03315794533736351 0.031024506920082295
4 0.43186542862827454 0.30054375844013803 0.03459317600254543 0.020150673916276583
4 0.3949375932925019 0.3170163340295698 0.03769999466899989 0.01871550790866543
4 0.37405292862827444 0.29818807958094556 0.03159544533736351 0.030960839923887828
4 0.5090097313017287 0.2536634412536632 0.028270450668363624 0.013646005931498983
4 0.4948557772915474 0.3281222717860109 0.040824994668999894 0.018842841901054185
4 0.5301756592934563 0.3154922792003847 0.0377727200031817 0.02496550790866543
4 0.565667716621593 0.3552378701128557 0.017551126670908877 0.031950336958138335
4 0.5613802059595928 0.32067186912427253 0.03940794533736351 0.031279174904859805
4 0.577423376631138 0.2853710390862164 0.03468408267027243 0.027963173916276583
4 0.5476449699634107 0.291973866158523 0.04240567600254543 0.020469008897248564
4 0.3429205599538657 0.3539778231551549 0.02687158267027261 0.027644838935304693
4 0.29427452196054726 0.3027535627750316 0.03766363200190899 0.01559050790866543
4 0.23526260128900206 0.3363035504177419 0.0377363573360908 0.02184050790866543
4 0.26878362595482025 0.3439223908359213 0.0377363573360908 0.02184050790866543
4 0.18930521129059286 0.3227066240300073 0.04084317600254535 0.020405341901054187
4 0.16968305462286565 0.3297232865775775 0.02369203866963625 0.02283000494291585
4 0.2955733926241383 0.325473479771226 0.03768181333545444 0.01715300790866543
4 0.3357262252944109 0.300534488174183 0.028324994668999893 0.018333505931498982
4 0.46397794728677483 0.36203701536022026 0.040788632001908985 0.015717841901054186
4 0.5084819252864567 0.3661952747517604 0.03462953866963616 0.023275673916276586
4 0.43991373862191113 0.3477689269192072 0.023764764003817974 0.02908000494291585
4 0.35911772461809316 0.372615076615196 0.0315227200031817 0.02471083992388783
4 0.28858704861554785 0.3885000617864484 0.030105670671545147 0.03714717292769345
4 0.3173114852800934 0.4053029012160446 0.033139764003817976 0.029462006920082294
4 0.32927568328295687 0.38468665368750254 0.02380112667090888 0.03220500494291585
4 0.24948818594845693 0.3900333868815887 0.023764764003817974 0.02908000494291585
4 0.1459364719525931 0.3553307816346616 0.03308522000318166 0.024774506920082207
4 0.11257907928868387 0.33364944121648216 0.04722044533736347 0.031597509885831696
4 0.12377966128263869 0.37865819368794007 0.03459317600254534 0.020150673916276673
4 0.10798193861395697 0.3928652737259962 0.040861357336090795 0.021967841901054184
4 0.25450240260982077 0.429318721368269 0.029942038669636163 0.02308467292769336
4 0.21682058927436634 0.4434157134596036 0.0439863573360908 0.022095175893442943
4 0.17244388060950264 0.42831995406806345 0.02218408267027252 0.02745383794672147
4 0.2911756992759572 0.43472114577883725 0.04255112667090888 0.03296900889724856
4 0.37364275393859375 0.46778299657713995 0.03624658267027261 0.028026840912470874
4 0.4427381992759572 0.4408968444096931 0.045767033338636055 0.04090884288963732
4 0.3858978532781844 0.4221667490485979 0.03937158267027252 0.02815417490485981
4 0.35970807061586596 0.3890531601132932 0.0377727200031817 0.02496550790866543
4 0.46116148261459333 0.40256651486592865 0.025272720003181703 0.024456171939110226
4 0.533045573281366 0.4047139466908707 0.034611357336090796 0.021713173916276675
4 0.47838479793923006 0.4673611853221642 0.04393181333545435 0.017407675893442942
4 0.5190097979392301 0.4690165272232184 0.03766363200190899 0.01559050790866543
4 0.6129785212842295 0.38686721349678466 0.023801126670909056 0.03220500494291585
4 0.5403949966184113 0.3776566981737454 0.028324994668999893 0.018333505931499072
4 0.6195370566120479 0.42777871497965947 0.026835220003181705 0.024519838935304607
4 0.6090626332750027 0.45470862950439583 0.025254538669636162 0.022893671939110228
4 0.525005806612048 0.4239268617098987 0.02687158267027261 0.027644838935304606
4 0.5086904632797752 0.4154458582498576 0.025199994668999894 0.018206171939110404
4 0.562696163271821 0.4762679531166613 0.039426126670908876 0.032841674904859806
4 0.5417296826066391 0.46447094866803706 0.037718176002545435 0.02027800790866543
4 0.48971319661045715 0.43421310429552495 0.0408977200031817 0.025092841901054187
4 0.39787968527213924 0.46720733501815304 0.04091590133672707 0.026655341901054185
4 0.13742344326863934 0.48238803015178683 0.04084317600254535 0.020405341901054187
4 0.08540640993000322 0.5193495192773719 0.02372840133672711 0.02595500494291585
4 0.08179106126673034 0.49419035178688586 0.03769999466899989 0.01871550790866543
2 0.11046150127309369 0.448461357718385 0.028324994668999893 0.018333505931499162
4 0.07062848396722879 0.2443985988211364 0.042605670671545234 0.037656508897248565
4 0.09582793129377457 0.29544910425834386 0.029978401336727113 0.02620967292769345
4 0.1286495219605473 0.2960048611784261 0.01587953866963625 0.02251166996194396
4 0.5334535586012302 0.503996363687065 0.036210220003181706 0.02490184091247105
4 0.45059560526736664 0.5045282628887623 0.034574994668999895 0.018588173916276672
4 0.3755410612667303 0.5061597470714315 0.0393352200031817 0.025029174904859806
2 0.3045109459341394 0.4977941487445867 0.061701116008908666 0.06810801285158127
4 0.3385683199395483 0.4593192391627661 0.03780908267027261 0.02809050790866543
4 0.22203425326227597 0.5327328814443811 0.02063976400381797 0.028952670950527094
4 0.19287346459263977 0.5534300420147849 0.01744203866963625 0.022575336958138337
4 0.15876209392904872 0.5293731180985083 0.03777272000318166 0.02496550790866543
4 0.13545186326386682 0.5174806131555924 0.03622840133672715 0.026464340912470873
4 0.3718615305935943 0.5536886630790427 0.03940794533736351 0.03127917490485963
4 0.34698879992841236 0.5417324911399325 0.017551126670908877 0.031950336958138335
4 0.35197574458945813 0.5833615756266128 0.03769999466899989 0.01871550790866543
4 0.4090069945894581 0.5856854209877081 0.040861357336090795 0.021967841901054184
4 0.4207717452657758 0.5150373399610688 0.020712489337999785 0.03520267095052709
4 0.246706989258458 0.5618765533834914 0.036282945337363426 0.031151840912470873
4 0.3868138212524128 0.6121378330409867 0.03610113200190899 0.015526840912471052
4 0.3408382499204582 0.600103406653252 0.034574994668999895 0.018588173916276672
4 0.30799847792014 0.6011101497331699 0.023710220003181702 0.02439250494291585
4 0.4431638185869128 0.6058360949039848 0.034538632001908987 0.015463173916276673
4 0.44987689524986746 0.6334663463868595 0.017551126670908877 0.031950336958138335
4 0.5223336979233217 0.5863950282118016 0.03769999466899989 0.01871550790866543
4 0.5872870832670485 0.5124428750557716 0.017587489337999786 0.03507533695813834
4 0.6055921879376392 0.4842687955120071 0.026962489337999784 0.0354573389353046
4 0.4806552752625942 0.540926019314553 0.0377363573360908 0.02184050790866543
4 0.46856380792491253 0.572479766843095 0.025327264003817972 0.029143671939110227
4 0.49695188991886735 0.6181888562726913 0.025345445337363513 0.030706171939110405
4 0.6422307639640471 0.29113821942828366 0.03926249466899989 0.018779174904859808
4 0.6152319119589564 0.327555880492979 0.031613626670908876 0.032523339923887826
4 0.6076375879615018 0.3084875455120071 0.0393352200031817 0.025029174904859806
4 0.6388234059516386 0.3824489689339921 0.01900453866963616 0.022639003954332715
4 0.6479438672820024 0.40470597091115845 0.040861357336090795 0.021967841901054184
4 0.40912626794241175 0.4410905039915137 0.020621582670272608 0.027390170950527093
4 0.12366312464195568 0.1871564431936485 0.03150453866963625 0.023148339923887828
4 0.10072506397200129 0.21045202174882985 0.03621022000318166 0.02490184091247096
4 0.15413187464195569 0.18839794961943915 0.034611357336090796 0.021713173916276585
4 0.05942735463081983 0.26660917984777566 0.034574994668999895 0.018588173916276585
4 0.4774870112985471 0.2758276013297754 0.033139764003817976 0.029462006920082207
4 0.49601029197168317 0.22890352178601087 0.02836135733609062 0.021458505931498985
4 0.46027169195577483 0.3446903478697343 0.029942038669636163 0.02308467292769336
4 0.07599559460536645 0.4548731838021084 0.03766363200190901 0.01559050790866543
4 0.19570811059836676 0.5113380425090766 0.01587953866963625 0.02251166996194378
4 0.09910528325909433 0.5511725222431214 0.040824994668999894 0.018842841901054185
4 0.14924109591823104 0.6087104496194392 0.03144999466899989 0.018460839923887917
4 0.15600926392427622 0.5644338676042168 0.0252363573360908 0.021331171939110403
4 0.23771324992045822 0.5959013849044222 0.033048857336090795 0.021649506920082117
4 0.33185360124923113 0.6333469881741829 0.028379538669636162 0.02302100593149916
4 0.4098876945815039 0.6443428379839025 0.031468176002545256 0.02002333992388792
4 0.4729876785885036 0.5953270178316782 0.012663632001908986 0.014571835969555025
4 0.28145361191123136 0.6656846442959624 0.015824994668999892 0.01782416996194396
4 0.5934312793205005 0.11875654205196598 0.04247840133672707 0.026719008897248563
4 0.11892162798377348 0.12443360870696814 0.03315794533736342 0.031024506920082205
4 0.0626807186505462 0.12136034684397004 0.04402272000318168 0.025220175893442942
4 0.14825459197963728 0.15611203163466159 0.028397720003181703 0.02458350593149907
4 0.6425403939767739 0.1973563859301865 0.015843176002545433 0.019386669961943916
4 0.7414676952975926 0.2936185736866276 0.020567038669636162 0.022702670950527092
4 0.708800098623502 0.3470009002646425 0.03155908267027261 0.02783583992388783
4 0.6844722606222293 0.35538906182362945 0.04093408267027243 0.028217841901054187
4 0.6702648572963199 0.3000967253597827 0.02374658267027243 0.027517504942915848
4 0.6709637439529113 0.37437914235597713 0.03295795066836362 0.013837006920082207
4 0.6903757205999577 0.5197698968046014 0.04247840133672707 0.026719008897248563
4 0.6549831132638668 0.5386498893902276 0.036210220003181706 0.024901840912470875
4 0.6281478932606851 0.561005050454923 0.033012494668999894 0.018524506920082118
4 0.5627677939210946 0.6044566201128557 0.043968176002545434 0.02053267589344294
4 0.6252132499204582 0.6116907999606314 0.03766363200190899 0.01559050790866543
4 0.6285109725891399 0.5969743839530202 0.01587953866963616 0.02251166996194378
4 0.41253997990932234 0.6850951719762912 0.03299431333545453 0.016962006920082116
4 0.37130590523554996 0.735783580075237 0.01598862667090888 0.03188666996194378
4 0.7692745219605472 0.32210832961812663 0.03769999466899989 0.01871550790866543
4 0.7712279206317743 0.288578246614321 0.0392988573360908 0.021904174904859807
7 0.7568841573042742 0.24500466015047423 0.01887726933481808 0.011701503954332716
4 0.6481251332750027 0.4563003044092556 0.029960220003181704 0.02464717292769336
4 0.6671478532781844 0.43362680836358836 0.04086135733609062 0.021967841901054184
4 0.7359256726209567 0.36686507269804436 0.020585220003181703 0.024265170950527094
4 0.7739251119510022 0.39264366410480694 0.03769999466899989 0.01871550790866543
4 0.734808067950366 0.39573948919994717 0.03146817600254544 0.02002333992388783
4 0.19868240066040938 0.05421129201478492 0.03139545066836358 0.013773339923887828
4 0.2752994446610457 0.0526434748283101 0.03137726933481808 0.012210839923887828
4 0.22455455732813662 0.047449297451992375 0.022129538669636163 0.022766337946721484
4 0.21090058999045497 0.07893937798434006 0.03613749466899989 0.018651840912471008
4 0.20916536732177327 0.09371946098814565 0.028288632001908988 0.015208505931499073
4 0.20973753198600065 0.11172004448624287 0.044022720003181706 0.025220175893442942
4 0.3271437553310001 0.030525735702725015 0.025272720003181703 0.02445617193911026
4 0.3803869339990455 0.022534163573334327 0.04540340666772717 0.009658842889637354
4 0.45814830732813655 0.056967513383053905 0.026907945337363515 0.03076983893530465
4 0.4856284173297274 0.04636293581645575 0.017551126670909058 0.031950336958138315
4 0.4521892086648637 0.03171284539827634 0.0377363573360908 0.021840507908665395
4 0.42955113999840916 0.02922717395345766 0.025163632001908985 0.015081171939110261
4 0.514680117998091 0.035040775246051994 0.017478401336727067 0.025700336958138302
4 0.5150613786600913 0.0694476087441492 0.023728401336727066 0.02595500494291587
4 0.5417420573281366 0.060373697679453844 0.03144999466899989 0.018460839923887827
4 0.5486005846594548 0.07550394916232861 0.031413632001908984 0.015335839923887828
4 0.5869636506604093 0.07003254056909121 0.017551126670908877 0.031950336958138294
4 0.6105829639958638 0.055362545512007075 0.028324994668999893 0.018333505931499027
4 0.6378448979949093 0.06350796794540892 0.03137726933481808 0.012210839923887828
4 0.6762261453294093 0.056474059352171514 0.030014764003817973 0.02933467292769345
4 0.5826397773313182 0.038591539580508025 0.034538632001908987 0.015463173916276607
4 0.6540960593173188 0.14467705490354724 0.0252363573360908 0.02133117193911027
4 0.6538966119907732 0.09464522140545004 0.02986931333545435 0.016834672927693427
4 0.7209119366645456 0.04500731874371168 0.034538632001908987 0.015463173916276607
4 0.6741187526655 0.036066058857879925 0.033012494668999894 0.01852450692008223
4 0.8183863733290911 0.06461150600586114 0.023782945337363515 0.03064250494291587
4 0.7858375026655 0.04061824908577892 0.009574994668999892 0.017569501977166356
4 0.7452943186664546 0.03193165718472474 0.043786362667090906 0.004907675893442964
4 0.8936767273233641 0.10988685532128913 0.02063976400381797 0.028952670950527094
4 0.7991363866565914 0.10681625205152845 0.026835220003181705 0.02451983893530465
4 0.7746267353198643 0.13082941361051537 0.026726132001908987 0.01514483893530465
4 0.781367083983137 0.15611591509339012 0.03769999466899989 0.018715507908665385
4 0.7692847073122282 0.1868884126219322 0.03143181333545435 0.01689833992388783
4 0.7990631139799556 0.18028558554962565 0.020567038669636162 0.022702670950527092
4 0.7146153886457738 0.18309756775512848 0.028397720003181703 0.02458350593149907
4 0.6841920919796373 0.17794981132933785 0.023764764003817974 0.02908000494291585
4 0.7283688059755011 0.21023307072087802 0.03312158267027261 0.027899506920082206
4 0.7408142619748649 0.2154299066904332 0.028379538669636162 0.023021005931498983
4 0.7022602919716832 0.23730756528367056 0.026835220003181705 0.024519838935304607
4 0.6837557399745465 0.21544981132933785 0.017532945337363513 0.030387836958138337
4 0.8900062873170007 0.15663452132890035 0.04080681333545435 0.017280341901054187
4 0.8609091333147735 0.1718629318993041 0.02530908267027243 0.02758117193911027
4 0.8239363919875915 0.1250224239906387 0.02981476933481808 0.012147172927693451
4 0.9238085753103192 0.20725394524517693 0.02530908267027243 0.02758117193911023
4 0.9510886906429101 0.21383686767857882 0.036082950668363624 0.013964340912471052
4 0.8499074513049105 0.24410534642404053 0.02985113200190881 0.015272172927693362
4 0.8363989346355923 0.2630954269563882 0.03139545066836362 0.013773339923887828
4 0.9769346699952275 0.07497995611959188 0.014317038669636161 0.022448002965749538
4 0.9291869659850462 0.14806994623376013 0.03461135733609098 0.02171317391627663
4 0.8957830253023651 0.26473352281177515 0.03773635733609097 0.02184050790866543
4 0.9465551846355924 0.2675839501880929 0.0377727200031817 0.02496550790866543
4 0.8139239506285927 0.31376658900966675 0.030032945337363514 0.03089717292769336
4 0.8424847552912291 0.34463192843926305 0.034574994668999895 0.018588173916276672
4 0.8995245486155479 0.41339385729845546 0.029978401336727245 0.026209672927693363
4 0.8984796692791388 0.4360182738003583 0.036228401336727244 0.026464340912471053
4 0.8915933226050482 0.49045110581558066 0.03782726400381797 0.02965300790866543
4 0.8556558226050484 0.4889867649031097 0.034720445337363515 0.031088173916276673
4 0.9531313539545021 0.37415228516906474 0.026780676002545432 0.019832338935304606
4 0.8819563352960017 0.3110673533441228 0.028288632001909165 0.015208505931499073
4 0.8864512892664121 0.5293226048269976 0.036210220003181706 0.02490184091247105
2 0.7491325552594125 0.5753142426599883 0.012699994668999893 0.017696835969555024
4 0.6688637999284124 0.5548478923559771 0.028324994668999893 0.018333505931498982
4 0.7008854119191856 0.6241536492760593 0.022093176002545435 0.01964133794672147
4 0.6452984832511401 0.6320497209111584 0.014371582670272432 0.02713550296574958
4 0.6801183785805495 0.6623884783255323 0.017514764003817972 0.028825336958138336
3 0.7582808359325486 0.5280081611390575 0.015861357336090797 0.02094916996194378
4 0.19453486724223149 0.6793386260071737 0.031468176002545346 0.02002333992388792
4 0.20968769991250405 0.6533809624710204 0.03613749466899989 0.018651840912471053
4 0.14674225724064063 0.6891155326232448 0.034538632001908987 0.015463173916276673
4 0.26052349391314034 0.6507626398473382 0.025272720003181703 0.024456171939110226
4 0.3252672465786404 0.6619985701894053 0.03144999466899989 0.018460839923887917
4 0.539475197247004 0.6582209486680369 0.012718176002545434 0.019259335969555025
4 0.48176269458150395 0.6472715198088446 0.028270450668363624 0.013646005931499162
4 0.5713700872454132 0.671244872090022 0.0392988573360908 0.021904174904859807
4 0.7006575979074133 0.7109042327741565 0.0408977200031817 0.025092841901054187
4 0.7019473779042317 0.734405399770351 0.029851132001908986 0.015272172927693362
4 0.7449615812380953 0.7322499921656966 0.030069308004454242 0.03402217292769336
4 0.8646757392584579 0.5870568503783733 0.029978401336727245 0.026209672927693363
4 0.7797916619191856 0.6273688325838761 0.018913632001909163 0.014826503954332715
4 0.8436723485837311 0.6456041794278462 0.0315227200031817 0.024710839923887916
4 0.8074803099140949 0.6660148385153752 0.02992385733609062 0.021522172927693362
4 0.9250865279280942 0.5676330297318574 0.04256930800445424 0.03453150889724856
4 0.7974865972310956 0.7859771700363061 0.036246582670272434 0.028026840912470874
4 0.8636297652371407 0.7441199338764705 0.03477498933799979 0.035775673916276673
4 0.6736951085694136 0.7441968938388519 0.02067612667090888 0.03207767095052709
4 0.3171087538988228 0.7585870687065306 0.01900453866963616 0.022639003954332538
4 0.3176627372295048 0.7781501522046279 0.023637494668999892 0.01814250494291585
4 0.3506843225652774 0.76151840912471 0.03937158267027261 0.02815417490485981
4 0.3032093385582777 0.8111708992388783 0.03624658267027261 0.028026840912470874
4 0.3710144565563687 0.8280029135733343 0.0377727200031817 0.02496550790866543
4 0.5522121019255489 0.571198451139495 0.0252363573360908 0.021331171939110227
4 0.7091171772756389 0.4540958172608369 0.037718176002545435 0.02027800790866543
4 0.1552365572485948 0.6308401176042168 0.026889764003817974 0.029207338935304604
4 0.2975609645926398 0.5576957307598092 0.03312158267027261 0.02789950692008212
4 0.0781313539545021 0.33849876730020556 0.02683522000318166 0.024519838935304607
4 0.06670350529122922 0.31302126482874765 0.028288632001908988 0.015208505931498983
4 0.07496035327818436 0.409497016805914 0.03929885733609077 0.021904174904859807
4 0.07840352661522965 0.3822806007983027 0.020603401336727112 0.02582767095052709
4 0.04626318861395697 0.39035042737631775 0.03455681333545444 0.017025673916276674
4 0.10040360658023126 0.6411117727374129 0.0408977200031817 0.025092841901054187
4 0.9166734965786404 0.6860965282489826 0.036210220003181706 0.02490184091247105
4 0.8904382605824583 0.6568891893136779 0.036210220003181345 0.024901840912470875
4 0.9452075765834129 0.6520862841804816 0.03929885733609062 0.021904174904859807
4 0.8377127025780041 0.6875688449411659 0.028288632001908808 0.015208505931499161
4 0.5346502425605049 0.8041873646756482 0.02374658267027243 0.027517504942915848
4 0.5642655645687773 0.7444277041052445 0.042605670671545325 0.037656508897248565
4 0.20398204523395913 0.7406899614824372 0.033048857336090795 0.021649506920082117