4 0.3709001600389311 0.43333997442915956 0.02496550790866543 0.037909103084255234
4 0.4929767954004639 0.5840139046230874 0.037019838935304604 0.02718979139585791
4 0.5870623764271032 0.596601453729583 0.05615184091247087 0.03689207386326192
7 0.47499611654127144 0.6415536692335839 0.045150673916276675 0.035138659090609536
7 0.4921690290888415 0.6613985649315129 0.0419620069200823 0.03352161201270896
4 0.43889937943003376 0.18434909537032204 0.03453150889724856 0.04276024431795715
4 0.2608394105332227 0.4290734399331605 0.04027217292769345 0.03036933847375849
3 0.17655991102751428 0.4252569188298422 0.05934050790866539 0.0385091209411625
2 0.31006606669218323 0.08437459455954316 0.07174234882113639 0.07463753571381496
4 0.6138118547154544 0.3046730523496112 0.04196200692008212 0.03352161201270878
4 0.530715511825817 0.3485673283241935 0.032268671939110226 0.025545470779006863
4 0.5979030118258171 0.3497400904990581 0.03395850593149916 0.02869774431795715
4 0.6016355068829011 0.37325941111590916 0.04221667490485981 0.039771612012708776
4 0.8198377257425312 0.5248294139552829 0.046615014828747546 0.07107615909060953
4 0.6100966753247892 0.7604009009696394 0.08599584980971961 0.07957049756436803
2 0.7341390117886359 0.7477117605467163 0.12231535178688588 0.08957278896022594
2 0.813265437682079 0.7053118007247581 0.07980951680591382 0.08102390340856669
3 0.7561041950964528 0.6691327930141203 0.0742943458553869 0.06062958279171564
2 0.8599839287848304 0.7483447804322185 0.08950285178688588 0.0890000446422686
4 0.832122867035563 0.6454419228837367 0.045214340912470875 0.03670115909060954
2 0.7667618052862957 0.5418845004004466 0.08379667984777565 0.06391822402541755
4 0.5683813606097724 0.6713287183400796 0.03533000494291585 0.024037517856907442
2 0.41984972422247535 0.9204775101429746 0.09686968281352523 0.07819891233702023
7 0.023966775418835694 0.5795335413958578 0.04793355083767139 0.06057503571381488
2 0.06414348266261341 0.47880288433384327 0.0929170118629981 0.05783186525911965
2 0.2717251723962208 0.3729734443973874 0.04891234387822054 0.050818206168510204
2 0.3093034268448451 0.3525206225627204 0.036094008897248564 0.042787517856907445
2 0.3124576017497049 0.3134853961016707 0.05796900889724856 0.04316934740221221
4 0.3790349480993834 0.2528848611986346 0.07703734387822055 0.05130912986961631
4 0.4200101165784525 0.24500022321134346 0.036094008897248564 0.042787517856907445
4 0.21126251627444131 0.3218825028393738 0.03663783695813834 0.017814791395857822
4 0.526407355209746 0.3008019841683921 0.05066584486680377 0.055532979707460496
4 0.664590446122217 0.2672509188265469 0.04371550790866543 0.03823638555165916
4 0.6912683512554134 0.3224429792971282 0.040335839923887916 0.03193183847375849
4 0.7461084070731816 0.4539617605467162 0.045214340912470875 0.03670115909060954
4 0.7109375696207517 0.4728929926898088 0.06421900889724856 0.043278441558013726
2 0.8253396037268711 0.3130561168773823 0.0990688527754692 0.0938511858759707
4 0.4136633215979181 0.458322383519769 0.05270850593149916 0.029025026785361164
2 0.4671265612177947 0.508509344152506 0.04534167490485981 0.039826159090609534
7 0.5297339905712788 0.44940312540209415 0.04208934091247087 0.03664661201270878
2 0.5271156679475965 0.3985400547852431 0.0748036818249421 0.07312958279171564
4 0.46032209878395536 0.330138882301953 0.07072367688202608 0.049637535713814976
2 0.49838712596999263 0.20180537661991016 0.10468218281352507 0.07833528003177212
4 0.44268756570360007 0.09138034537032207 0.038582338935304605 0.027217064934808154
4 0.08649066794759652 0.3908489168012473 0.05133700692008221 0.033685253246410876
2 0.28376355186343566 0.15427799147528806 0.04715884288963732 0.04610343262955987
2 0.08509926429727498 0.32906198295387146 0.050220175893442964 0.044595479707460584
4 0.19194619460216117 0.6616307954530477 0.037083505931499075 0.028752291395857908
2 0.29295689076155923 0.5234507313290183 0.06322951186299805 0.057313668019063256
2 0.49928385072394066 0.717030956165215 0.08787668479069151 0.08741027110331831
2 0.38208708045798556 0.8111473745913151 0.08293451680591399 0.08107845048646709
2 0.31201200239709587 0.7849064285690748 0.08599584980971961 0.07957049756436803
2 0.30344211011548083 0.6690496034879969 0.05009284190105419 0.04147047970746058
2 0.35248444657932754 0.6550513331954575 0.045723676882026165 0.049201159090609535
2 0.4000770295831331 0.6574456761334428 0.04872134288963732 0.046130706168510116
2 0.2893570468833387 0.573423457790068 0.044896005931498985 0.028888659090609538
2 0.3974043102292115 0.5119831716692159 0.04352450692008229 0.03354888555165925