4 0.8359699483288887 0.1804342359448604 0.03506598423243048 0.03048758700597225
4 0.7906399177436804 0.14869457988468682 0.04124324905006951 0.027508057370694505
4 0.7578819691304512 0.14711454929947854 0.022602351823611144 0.03175914627652778
4 0.7755240640202082 0.1271832557964924 0.03811824905006951 0.027435322188333354
4 0.757483232048229 0.09715091689065909 0.04117051386770818 0.02438305737069446
4 0.7634955362847915 0.1743128289347563 0.033394381458888844 0.025763719414791674
4 0.8257221261405554 0.21815244149194374 0.020967116641249818 0.028597778685347207
4 0.8436908761405555 0.21773421419336736 0.0380818814588892 0.025872822188333356
4 0.8831702970183677 0.2660074068226729 0.0412068814588892 0.025945557370694417
4 0.8514299877478123 0.2542529424418743 0.039680749050069505 0.02747168977951393
4 0.836513502565451 0.25772343455808955 0.036737587005972475 0.03521145459715278
4 0.7749772437317359 0.21777188820531182 0.03662848423243048 0.03052395459715278
4 0.7340801400082637 0.1968606293715966 0.0398625870059723 0.03528418977951393
4 0.7332086242406943 0.16720949696277715 0.033467116641249996 0.028888719414791673
4 0.7228166381084027 0.14402657010104106 0.04295121941479163 0.033794424961875034
4 0.6927842992025693 0.12598573812906194 0.03641027868534721 0.02114895459715278
4 0.6501610413187846 0.11214209688652724 0.04109777868534721 0.02125805737069446
4 0.7245434454790971 0.10338338630545078 0.027217116641249994 0.028743249050069464
4 0.6266332755512153 0.08301829454982586 0.034884146276527875 0.02267508700597225
4 0.6107900700041318 0.09275697046163142 0.03953527868534721 0.02122168977951393
4 0.5750344079600346 0.08578092505878424 0.030378484232430482 0.030378484232430593
4 0.632537130224618 0.13129214038951337 0.041170513867708355 0.02438305737069446
4 0.6265592339480901 0.1532944269586453 0.03215918977951393 0.039789851823611146
4 0.5555388723408333 0.11824858615295093 0.03957164627652787 0.02278418977951393
4 0.5256701875953125 0.09317650418097177 0.04444098423243048 0.03070579255305559
4 0.5454560107335762 0.08178440929121482 0.04287848423243048 0.030669424961875035
4 0.44436498299815963 0.13098693512677045 0.04280574905006951 0.027544424961875036
4 0.4997246302246179 0.1343833856398607 0.03811824905006951 0.027435322188333354
4 0.5370791598598957 0.13976056345152732 0.06391833605604162 0.06239220364722229
4 0.5316097566495137 0.173463416225069 0.04273301386770836 0.024419424961875037
4 0.5843171825613193 0.15662010192052034 0.03833645459715278 0.036810322188333355
4 0.4330267862847915 0.18200457446944407 0.034847778685347205 0.02111258700597225
4 0.5799193168699999 0.21138033710288145 0.020967116641250172 0.028597778685347207
4 0.5821909848980207 0.18087521951170088 0.020967116641249995 0.028597778685347207
4 0.5027574048259027 0.205368032866319 0.041206881458888844 0.025945557370694417
4 0.4821728011024303 0.18398399534725654 0.03651938145888885 0.025836454597152825
4 0.47910300569958314 0.14813741432520794 0.03194098423243048 0.030414851823611144
4 0.7705436636596178 0.24051905718326322 0.03641027868534721 0.02114895459715278
4 0.7299550312507984 0.2399021145539577 0.04923758700597229 0.03550239532659729
4 0.681880553952222 0.2589800760849647 0.03179551386770836 0.024164851823611146
4 0.6447442298640276 0.24422789827329808 0.03811824905006951 0.027435322188333354
4 0.7015215599361456 0.22026241499079804 0.034884146276527875 0.022675087005972296
4 0.8602951882609025 0.3094853030992007 0.03641027868534721 0.02114895459715278
4 0.8608043345374302 0.28761030309920066 0.03830008700597247 0.035247822188333444
4 0.8294991299402774 0.3242569711272215 0.04124324905006915 0.027508057370694415
4 0.7957787465815276 0.2969320581331938 0.027289851823611145 0.031868249050069505
4 0.7789549224933331 0.2817071016361799 0.025727351823611144 0.03183188145888893
4 0.7152560984051386 0.2675731728745827 0.03659211664124999 0.02896145459715278
4 0.674194687310972 0.2872687302452772 0.04440461664125017 0.029143292553055568
4 0.5855504146095484 0.2713729329425689 0.036701219414791805 0.03364895459715278
4 0.5982497831506595 0.2960638084175342 0.03808188145888884 0.025872822188333356
4 0.6288997178961803 0.3211177065939231 0.041170513867708355 0.024383057370694506
4 0.653427592421215 0.30727275893062445 0.03517508700597212 0.03517508700597229
4 0.5348425530022916 0.23585431345152733 0.030087543502986237 0.017878484232430568
4 0.5307713424212149 0.3101276148382982 0.04433188145888885 0.026018292553055565
4 0.4999577535153817 0.2921049666619093 0.04287848423243048 0.03066942496187508
4 0.45784233548736086 0.3235374578281941 0.022675087005972115 0.034884146276527875
4 0.4687623049021525 0.29048856848552046 0.04302395459715278 0.03691942496187508
4 0.4610595608860762 0.2524073402370135 0.03666485182361114 0.03208645459715278
4 0.4888754363610414 0.2650339735957635 0.04593074905006951 0.027617160144236142
4 0.6707592563651733 0.3677738478364578 0.030378484232430482 0.03037848423243066
4 0.7286996961446872 0.3273839307583674 0.03797277868534721 0.021185322188333355
4 0.777645036000451 0.3715326678405896 0.04124324905006951 0.027508057370694415
4 0.7440331022048607 0.37309582105097155 0.04124324905006951 0.027508057370694415
4 0.8245927711828122 0.3673166401051729 0.04436824905006951 0.027580792553055566
4 0.8414711466577774 0.3801978466021868 0.028706881458888844 0.025654616641249996
4 0.7219587336637497 0.34862315112308967 0.03957164627652787 0.02278418977951393
4 0.6891287030785413 0.31659255433347167 0.03172277868534721 0.021039851823611143
4 0.5524820350505205 0.3502252847661801 0.042696646276527875 0.02285692496187508
4 0.5096587554152427 0.34497539352364537 0.03651938145888885 0.02583645459715278
4 0.5792445568020137 0.34101328571611067 0.02888871941479181 0.033467116641249996
4 0.6516819480445483 0.3822727589306244 0.03659211664125017 0.02896145459715278
4 0.7150170962209371 0.41203168769222154 0.03528418977951375 0.03986258700597212
4 0.6835488906738538 0.4221340395158327 0.03666485182361114 0.03208645459715278
4 0.6770449707459718 0.39964144367614524 0.02896145459715278 0.03659211664124999
4 0.7522625230826733 0.4220963655038883 0.027289851823611145 0.031868249050069505
4 0.8595483462209372 0.40866768550802013 0.03815461664124982 0.028997822188333446
4 0.8957949707459718 0.3945499809108673 0.050872822188333444 0.038663762917777775
4 0.8745187295796871 0.43642900959621456 0.03808188145888884 0.025872822188333443
4 0.8866005022811108 0.4541068188667701 0.04440461664125017 0.029143292553055745
4 0.7389260684855203 0.4583248062333327 0.03343074905006951 0.02732621941479163
4 0.771974304617812 0.48098040302295075 0.047529616641250175 0.029216027735416716
4 0.8173959073913537 0.4752382428787145 0.02569098423243048 0.030269381458888845
4 0.7022800536678815 0.4560544446260758 0.04774782218833344 0.038591027735416714
4 0.6167964953472566 0.47209897834541614 0.03982621941479163 0.03372168977951393
4 0.5560596703091315 0.4313479981970481 0.05265352773541672 0.048075130508958355
4 0.6155619568782635 0.424497279732187 0.04295121941479181 0.03379442496187508
4 0.6466307721327427 0.3980068617041661 0.04287848423243048 0.03066942496187499
4 0.5476484114754163 0.3901599537441315 0.030305749050069507 0.02725348423243066
4 0.47764503600045105 0.37851524534725656 0.03811824905006951 0.027435322188333354
4 0.5165789430105552 0.450225937976562 0.04429551386770836 0.024455792553055567
4 0.47693521476204825 0.4425595615516663 0.03953527868534721 0.02122168977951393
4 0.40586160818878436 0.3427063383371524 0.027362587005972293 0.03499324905006951
4 0.47753658643729135 0.3496271791428468 0.03175914627652787 0.022602351823611144
4 0.3901086684092705 0.38211433045336773 0.03186824905006942 0.027289851823611145
4 0.39337848556361077 0.4093671614754163 0.030269381458888845 0.02569098423243048
4 0.48109669111069414 0.3979555763693051 0.02881598423243048 0.030342116641249993
4 0.49917454388423577 0.39284984907072873 0.028597778685347207 0.020967116641249995
4 0.4332397661488191 0.44123410410472186 0.044622822188333446 0.03851829255305557
4 0.4552784203091315 0.433693707828194 0.04117051386770818 0.024383057370694416
4 0.5127097138121177 0.4151787907501038 0.04444098423243048 0.030705792553055566
4 0.5927232157119787 0.4664126760087147 0.04444098423243048 0.030705792553055566
4 0.8394514389264927 0.5340677290110063 0.044368249050069156 0.027580792553055566
4 0.8797302935998953 0.5815414878447214 0.02725348423243048 0.030305749050069507
4 0.8904320574676039 0.5578675985020478 0.041170513867708536 0.024383057370694416
2 0.8728640041809719 0.5075227595962145 0.03175914627652787 0.022602351823611144
4 0.9553894827138191 0.3166418800371867 0.04629442496187508 0.04324216014423623
4 0.9207774401607637 0.36117378324756866 0.03186824905006915 0.027289851823611145
4 0.8889098443210759 0.3548880688667701 0.020858013867708535 0.02391027868534721
4 0.4551141129384371 0.47430052403260375 0.03975348423243048 0.03059668977951393
4 0.5335839518442704 0.4912139606779856 0.03804551386770836 0.024310322188333445
4 0.6057856069545134 0.5090541176880897 0.041279616641249996 0.029070557370694416
2 0.6751350189986106 0.515248259880555 0.07362064437666671 0.07667290919430556
4 0.6511896791428468 0.47051764133944385 0.03982621941479181 0.03372168977951375
4 0.747354204694062 0.5658827330950688 0.02569098423243048 0.030269381458888845
4 0.770137088052812 0.5934622192273604 0.022456881458888845 0.025509146276527873
4 0.808018947760208 0.5761831470390272 0.041279616641249815 0.029070557370694416
4 0.83316441812493 0.5693512655801382 0.03815461664125017 0.028997822188333446
4 0.5992258292190968 0.5560564042572217 0.04302395459715278 0.03691942496187508
4 0.6251525495838189 0.5492063390027425 0.022675087005972115 0.034884146276527875
4 0.6109621098043051 0.5885779635277772 0.041170513867708355 0.024383057370694416
4 0.5565291829425689 0.5789133292190968 0.04440461664124999 0.029143292553055745
4 0.560509474545694 0.5085462778323259 0.027435322188333444 0.03811824905006951
4 0.7163399408263537 0.5900294011230897 0.03986258700597212 0.03528418977951393
4 0.5714450149145481 0.6090184033072912 0.03641027868534721 0.02114895459715278
4 0.6183381987101384 0.6071461255718745 0.03804551386770836 0.024310322188333445
4 0.650151243163055 0.615775589952673 0.027180749050069508 0.027180749050069508
4 0.5187382422131245 0.59228615140743 0.03641027868534721 0.02114895459715278
4 0.5064376107542355 0.6175589083412844 0.022675087005972296 0.034884146276527875
4 0.44695481440145785 0.5564772443973259 0.041170513867708355 0.024383057370694416
4 0.40209821571197873 0.47084952213274267 0.024310322188333445 0.03804551386770836
4 0.3895261337399996 0.4406898966577774 0.03212282218833336 0.038227351823611144
4 0.4977730852030204 0.5201572314795482 0.041206881458888844 0.025945557370694417
4 0.501660498197048 0.5544231287060065 0.028852351823611143 0.031904616641249994
4 0.46406892600871474 0.5927777670987495 0.027289851823611145 0.031868249050069505
4 0.39877776643315954 0.24448704388423578 0.041170513867708355 0.024383057370694416
4 0.416582209062465 0.2846756327900691 0.036737587005972294 0.03521145459715278
4 0.42710213497427063 0.26881424344739546 0.041279616641249996 0.029070557370694507
4 0.38186106373586776 0.33389503600045106 0.024019381458888843 0.02554551386770836
4 0.36732578505052055 0.35453484432107607 0.04440461664124999 0.029143292553055568
4 0.5886903323532288 0.43839677878225647 0.02569098423243048 0.030269381458888845
4 0.9178726053389928 0.2511448198167006 0.03343074905006951 0.02732621941479163
4 0.9352231062889235 0.2772890925181242 0.04131598423243048 0.030633057370694505
4 0.888330575703715 0.24558580404913116 0.03648301386770854 0.02427395459715278
4 0.9618388512549302 0.34147822587687415 0.03804551386770853 0.024310322188333355
4 0.5591697525654512 0.26417868199263844 0.036701219414791805 0.03364895459715278
4 0.551739765483229 0.21437870374413145 0.03183188145888884 0.025727351823611144
4 0.5606582109623262 0.33441844681027727 0.03343074905006951 0.02732621941479163
4 0.904586129655937 0.5200584739770131 0.037936411094166546 0.019622822188333444
4 0.777369013014687 0.5511292488626383 0.020894381458888844 0.025472778685347208
4 0.8603620445498258 0.6085403989388881 0.04433188145888885 0.026018292553055565
4 0.7991693182011799 0.6544718011993396 0.03332164627652787 0.022638719414791807
4 0.8025313607542355 0.6106672498125688 0.028670513867708535 0.02409211664125017
4 0.7186466700247911 0.6251129159407285 0.03651938145888885 0.02583645459715278
4 0.6190824279085758 0.6422660079806939 0.031868249050069505 0.027289851823611145
4 0.5419386996600689 0.6354724537441315 0.033358013867708355 0.024201219414791808
4 0.4918127195117009 0.5749538342530898 0.015988675911805573 0.015988675911805573
4 0.6610874367422911 0.6826721492232286 0.01922277868534721 0.02074891109416672
4 0.4828650917556249 0.08714536293843708 0.046039851823611144 0.03230466014423614
4 0.9372596913950346 0.1897890925181242 0.036737587005972475 0.03521145459715278
4 0.9807733020523608 0.19892704996506863 0.028852351823611143 0.031904616641250036
4 0.9015215599361458 0.21560736331968675 0.033467116641249815 0.028888719414791632
4 0.41885583672163185 0.15344381658565936 0.017696646276527873 0.022275043502986147
4 0.30315679511850674 0.22641115074184004 0.025581881458888935 0.025581881458888844
4 0.3220873266536456 0.28531337205649276 0.03506598423243066 0.030487587005972296
4 0.3428719521286109 0.2981036595755553 0.04295121941479172 0.03379442496187508
4 0.36981696504638867 0.24750359432107608 0.025690984232430568 0.030269381458888932
4 0.3517378058520831 0.3197604540284719 0.03481141109416672 0.019550087005972293
4 0.30168064162378433 0.45757023176388867 0.04444098423243057 0.030705792553055566
4 0.33076807636930516 0.48266049753145807 0.04131598423243057 0.030633057370694418
4 0.3512253935236454 0.5095132850505205 0.036446646276527786 0.02271145459715278
4 0.40534854264996484 0.5660347355636108 0.047493249050069505 0.027653527735416718
4 0.3437934468102773 0.5604400054152427 0.03953527868534721 0.02122168977951393
4 0.34339405651767313 0.544051939210833 0.020894381458888934 0.025472778685347208
4 0.530873259880555 0.6747713430868052 0.034847778685347205 0.021112587005972117
4 0.5591969752112841 0.7326741088543745 0.021112587005972294 0.034847778685347205
4 0.2698715164331595 0.24748737015663172 0.041170513867708355 0.024383057370694506
4 0.27530455205236093 0.21534701738309003 0.04124324905006951 0.027508057370694415
7 0.29886999183187485 0.17575718731097195 0.020676175911805574 0.01609777868534721
4 0.356023955928333 0.4039899836637497 0.03502961664125 0.028925087005972117
4 0.3433427711828122 0.37851785818878436 0.04280574905006951 0.02754442496187508
4 0.29130945212861087 0.29930379008451363 0.02405574905006951 0.027108013867708357
4 0.249521342421215 0.31667378125079837 0.041170513867708355 0.024383057370694506
4 0.28598551928295113 0.3267566428580553 0.03492051386770836 0.024237587005972294
4 0.8759786589099651 0.10532447996093677 0.03321254350298588 0.017951219414791674
4 0.8022145037997221 0.08752069054201321 0.03317617591180557 0.016388719414791697
4 0.8528320996394096 0.09336999382864512 0.027180749050069508 0.027180749050069463
4 0.8590996302246179 0.1260188396683326 0.03804551386770853 0.024310322188333355
4 0.8571734543128123 0.1416802072595132 0.030123911094166546 0.01944098423243057
4 0.8520859108098262 0.15897681003305483 0.046039851823611144 0.03230466014423614
4 0.7584833408056944 0.05418216689065909 0.030414851823611144 0.031940984232430567
4 0.708974303286632 0.03425217980843691 0.04582164627652787 0.022929660144236152
4 0.6265066421924652 0.05491147834541614 0.030414851823611144 0.031940984232430567
4 0.6026879356954513 0.03828767600871477 0.022675087005972115 0.03488414627652779
4 0.6379896560601737 0.03121940520715224 0.039680749050069505 0.02747168977951393
4 0.6597919208778125 0.033835258930624446 0.026962543502986058 0.017805749050069465
4 0.5765254791984374 0.021718425058784237 0.020967116641249995 0.028597778685347235
4 0.5695117597836458 0.05467639542350646 0.02725348423243048 0.030305749050069462
4 0.5456385018998611 0.0403963430868051 0.034884146276527875 0.02267508700597225
4 0.5351731273748264 0.053913982429478716 0.03324891109416672 0.019513719414791696
4 0.5003441856954514 0.040669753231041245 0.022675087005972115 0.03488414627652779
4 0.4805044643807985 0.020830031916388485 0.03175914627652787 0.022602351823611134
4 0.45230672919843745 0.02460964855763851 0.03317617591180557 0.016388719414791697
4 0.41831358890583326 0.012496080737708165 0.031977351823611146 0.02499216147541633
4 0.5111732361322916 0.011527113888367628 0.034847778685347205 0.021112587005972253
4 0.420110518617361 0.09953756658565936 0.028670513867708358 0.024092116641250015
4 0.4313941639439583 0.05086367724298575 0.03328527868534721 0.021076219414791698
4 0.424091463430868 0.0007409631465276074 0.03619207313826393 0.0014819262930552148
4 0.279560213430868 0.0023775047496526662 0.028379573138263937 0.0047550094993053325
4 0.19718347131465275 0.015813970222552008 0.025727351823611144 0.031627940445104016
4 0.2896976264248958 0.03307937804041643 0.031868249050069505 0.027289851823611135
4 0.3069753921924652 0.06234865074184002 0.026962543502986148 0.017805749050069465
4 0.2947474959159374 0.08449640767569419 0.03960801386770836 0.02434668977951393
4 0.30023377650114574 0.11716343731097197 0.03168641109416672 0.019477351823611145
4 0.2731991510261804 0.10451862015663171 0.025618249050069507 0.027144381458888887
4 0.35314057095406237 0.12530193921083305 0.033467116641249996 0.028888719414791673
4 0.3828098871584721 0.12539220497840248 0.02888871941479172 0.033467116641249996
4 0.3338632408819443 0.1483946003049997 0.03666485182361114 0.03208645459715278
4 0.3205274394951735 0.15104747483003444 0.031868249050069505 0.027289851823611145
4 0.3518858890583331 0.17920818921083304 0.031868249050069505 0.027289851823611145
4 0.375705248765729 0.16225642534312468 0.02263871941479163 0.03332164627652778
4 0.19142312737482634 0.061914852489201234 0.04109777868534725 0.02125805737069446
4 0.21515091489388882 0.0824449048259026 0.02725348423243057 0.030305749050069462
4 0.2612998694910416 0.04545274468166645 0.03161367591180557 0.016352351823611146
4 0.14749063620854158 0.10432121124666653 0.02881598423243057 0.030342116641250038
4 0.11936563620854157 0.10497582788791657 0.03793641109416668 0.019622822188333354
4 0.20953538810840264 0.155973323803854 0.030123911094166723 0.01944098423243057
4 0.2192006756274651 0.17683068446118036 0.03321254350298606 0.01795121941479172
4 0.1550862370822222 0.04636324088194431 0.03808188145888893 0.025872822188333377
4 0.1616609325613193 0.16645753533486096 0.041243249050069465 0.027508057370694505
4 0.11187913810840264 0.15824629825263878 0.04287848423243057 0.030669424961875035
4 0.2288653099361456 0.2312636113229165 0.03517508700597229 0.03517508700597229
4 0.193926612272847 0.2562824483288887 0.03804551386770836 0.024310322188333355
4 0.12472136417270807 0.31098943854524297 0.03350348423243057 0.03045121941479163
4 0.12028778410059 0.33373660752319434 0.039753484232430567 0.03059668977951393
4 0.11514503600045108 0.38695252650114575 0.03986258700597225 0.03528418977951393
4 0.15015581563572883 0.3923842556995832 0.03830008700597225 0.035247822188333354
4 0.0821351270904859 0.26200773109829856 0.03023301386770836 0.02412848423243057
4 0.16443978723472202 0.2148041163569096 0.028561411094166676 0.019404616641249994
4 0.11109266242534685 0.4268690116835069 0.04131598423243057 0.030633057370694418
2 0.23278451804868014 0.4989959719802428 0.01606141109416672 0.019113675911805572
4 0.31405270184427037 0.4963236072388539 0.03175914627652787 0.022602351823611144
4 0.26815766717499956 0.5559538335874997 0.02554551386770836 0.024019381458888843
4 0.32001045469406203 0.5758292692829511 0.019404616641249994 0.02856141109416672
4 0.2788944922131245 0.5978685766536456 0.022602351823611144 0.03175914627652787
3 0.2338937295796871 0.4513397219802428 0.020858013867708358 0.02391027868534721
4 0.7399748497363189 0.7151924020730203 0.03492051386770836 0.024237587005972117
4 0.7320720839687495 0.6857049238245133 0.03960801386770836 0.02434668977951393
4 0.7848509386421523 0.732887741928784 0.03641027868534721 0.02114895459715278
4 0.6839437084937842 0.6735510691511106 0.030269381458888845 0.02569098423243048
4 0.6192090612673258 0.6703728241851037 0.034884146276527875 0.022675087005972115
4 0.4149586255718745 0.6228114124253469 0.01609777868534721 0.020676175911805574
4 0.47269839038951333 0.6245908115516663 0.030087543502986057 0.01787848423243048
4 0.3820188390027425 0.6290438818401386 0.04124324905006951 0.027508057370694415
4 0.24900631725124947 0.640728877090486 0.04444098423243057 0.030705792553055743
4 0.24222898717913138 0.6635305974552081 0.03168641109416672 0.019477351823611145
4 0.20109549411298558 0.6527755886214929 0.035247822188333354 0.038300087005972296
4 0.11984876016489543 0.48678887234083323 0.033467116641249996 0.028888719414791632
4 0.19115940929121483 0.5429102793509373 0.020676175911805574 0.01609777868534721
4 0.12622474031326342 0.5483257843849304 0.034993249050069467 0.027362587005972293
4 0.15603887367201338 0.5757416163569096 0.033394381458888935 0.02576371941479181
4 0.06592497957968711 0.4552492380321527 0.04622168977951393 0.04011716014423623
4 0.14003005433347165 0.6932382408819443 0.03982621941479172 0.03372168977951393
4 0.08583417002479113 0.6398417903688541 0.03993532218833336 0.03840918977951393
4 0.26764656126732583 0.6785555322007288 0.025800087005972295 0.034956881458888846
4 0.6060349544097215 0.7667211473233675 0.022456881458888845 0.025509146276527873
4 0.6017104771111452 0.7847808163013189 0.02703527868534721 0.02093074905006951
4 0.5733497409788535 0.7620161167381593 0.04291485182361114 0.03223192496187508
4 0.6071422063095826 0.8197915959365968 0.03982621941479163 0.03372168977951375
4 0.5383740225139924 0.8221730199485412 0.04287848423243048 0.03066942496187508
4 0.4216645268823954 0.5359835596518052 0.028670513867708358 0.024092116641249994
4 0.29779388184013855 0.38972876833302056 0.041206881458888844 0.025945557370694504
4 0.7893033557202426 0.6757837567464229 0.02881598423243048 0.030342116641250173
4 0.6690655505337495 0.5747323626540967 0.03666485182361114 0.03208645459715278
4 0.9275170962209371 0.40708569529166583 0.030305749050069507 0.02725348423243048
4 0.9444324924974647 0.38482883558427006 0.030123911094166546 0.01944098423243057
4 0.9157606722089927 0.4760720846343395 0.04280574905006951 0.02754442496187508
4 0.9179596050546526 0.44869196704315895 0.024092116641249817 0.028670513867708358
4 0.9472652453472566 0.4644072328107283 0.03644664627652787 0.02271145459715278
4 0.8387942094437146 0.6964949938286451 0.04444098423243048 0.030705792553055566
4 0.04757241024114535 0.5728004139439583 0.03975348423243058 0.03059668977951393
4 0.08013099031326343 0.5493986283247569 0.039753484232430567 0.03059668977951393
4 0.027406033816249554 0.5334476264248957 0.042805749050069467 0.02754442496187508
4 0.12289906535138839 0.5905678357717014 0.030123911094166678 0.01944098423243048
4 0.3874122409788535 0.7663438600886454 0.027289851823611145 0.031868249050069505
4 0.3725334298084369 0.7011007197960414 0.04785692496187508 0.04327852773541672
4 0.7183531164538188 0.7719151807583675 0.03651938145888885 0.02583645459715278