2 0.041722453744131485 0.5538460658414852 0.04338763050895837 0.0540196420651398
2 0.17784636417270808 0.3032783764918859 0.028344511967847284 0.07810958944842143
2 0.13283776301468703 0.5610222580336821 0.03248649810013893 0.05494510523343692
0 0.29146918702663155 0.48312622923566123 0.06988000816812515 0.18663472099021766
4 0.08597768075836744 0.7307124027296579 0.02143989532659727 0.04962056840173403
4 0.23460159118694404 0.4794166712866838 0.03368532218833335 0.03941111049510866
4 0.6707150502494091 0.7481479296027146 0.031904616641250175 0.02994510523343692
4 0.6455364783454162 0.5896752769436437 0.02136716014423623 0.046495568401734036
2 0.5987705811189578 0.5877179347937993 0.022638719414791807 0.03408657366340577
2 0.5634123497363188 0.6990040452889081 0.019368249050069508 0.027654563140062295
4 0.3960410521492701 0.8171988503952882 0.025727351823611144 0.032706084186749605
4 0.4338372185617704 0.5341287451618512 0.01831489532659738 0.049438557878390375
4 0.37082611265409665 0.6602886977362173 0.025509146276527783 0.023331084186749607
4 0.45932426178041597 0.712868395190086 0.020821646276527873 0.023058068401734032
4 0.4552004594437147 0.6889226609751016 0.025690984232430658 0.031143584186749607
4 0.40055063345565917 0.6234488503952882 0.023983013867708357 0.024802578925077867
4 0.40725784118694397 0.46936058987194446 0.019513719414791807 0.03390456314006211
4 0.38683427878225646 0.5758759003811706 0.018278527735416716 0.047876057878390374
4 0.5240770928024647 0.7129979268307043 0.018242160144236054 0.04631355787839038
4 0.4232555559489922 0.921719750423523 0.023366071238402775 0.06533657366340577
4 0.42672800769635344 0.8060492477926872 0.02420121941479163 0.034177578925077515
4 0.5411756334556592 0.6152583768448217 0.030778527735416717 0.04860409997176518
4 0.5593586697404507 0.8061263005505799 0.01602504350298606 0.01809755261671846
2 0.5293971063858326 0.8866706452606732 0.02732621941479163 0.0343595894484217
2 0.5325954947785757 0.8498153873681655 0.02278418977951393 0.040336573663405775
2 0.5456780294478465 0.7905390979056265 0.019331881458888846 0.026092063140062117
2 0.5386533115516663 0.4554661478915092 0.02405574905006951 0.027927578925077867
2 0.3436473232351731 0.5877535450771466 0.01922277868534721 0.021404563140062293
2 0.23221363507117979 0.8836946476091605 0.014898954597152781 0.03675654735504672
2 0.24335050361229088 0.9080121081466217 0.019368249050069508 0.027654563140062295
2 0.45465821162791614 0.5446189241292811 0.02391027868534721 0.02167757892507769
2 0.6860705593674647 0.5912153901401757 0.021258057370694416 0.04180806840173403
2 0.5937713437523952 0.7354651900554711 0.01773301386770836 0.0244385578783902
2 0.5623083638883676 0.4782743163355955 0.013372822188333444 0.038228042093374805
2 0.5670958217165617 0.942989263718877 0.016315984232430657 0.03059755261671846
4 0.6298335174799993 0.8620963085136747 0.024346689779513753 0.04042757892507751
2 0.6181322980652075 0.8955458453453777 0.015952308320624907 0.01497255261671846
4 0.6774612384134023 0.45830417960271463 0.01646145459715278 0.03684755261671846
4 0.6492277888502427 0.43108152694364377 0.02114895459715278 0.037120568401734035
2 0.601737152641701 0.32618119531714296 0.02093074905006951 0.027745568401734033
2 0.528152222645833 0.43735318472321205 0.021512630508958352 0.052745568401734035
2 0.49583068512677037 0.4181705452183209 0.018060322188333443 0.03850105787839038
2 0.47282828980017316 0.46788211888172676 0.013372822188333444 0.038228042093374805
2 0.4827481504574996 0.47744683468085974 0.01693423328249999 0.05716005261671846
4 0.7273495227983329 0.5942725007058717 0.020712543502986236 0.018370568401734032
2 0.6669334739770132 0.8770996822335505 0.018569468464861138 0.0603760578783902
4 0.6061992617804159 0.7043139005929322 0.02100348423243048 0.030870568401734032
4 0.4332358468865273 0.6270064899001794 0.013263719414791809 0.0335405420933748
4 0.3804900937523952 0.7478874082736785 0.02256598423243057 0.03096157366340595
2 0.3188083645539577 0.7163713687405524 0.017660278685347208 0.021313557878390198
4 0.160812066966909 0.8340201422769014 0.01951371941479172 0.033904563140062294
4 0.24797833263756922 0.23989914497832449 0.02383754350298606 0.018552578925077688
4 0.27535975664951373 0.169647558160739 0.015371733282499989 0.05706904735504663
4 0.28851502650114574 0.10724626869820016 0.020821646276527873 0.023058068401734032
4 0.11459364323930496 0.7079805580195646 0.017587543502986146 0.018188557878390375
2 0.8236036609067355 0.7493856639588733 0.020930749050069152 0.027745568401734033
2 0.7410619582094438 0.8431349349349736 0.016497822188333445 0.03841005261671846
4 0.8298076012549302 0.31523817711305296 0.032377395326597024 0.05025760523343701
2 0.7353094527942009 0.4869227322900202 0.012900043502986236 0.017915542093374804
2 0.5664347790665969 0.36802706107392363 0.013118249050069508 0.027290542093374802
4 0.3531184678961803 0.3149152845538029 0.02271145459715278 0.03721157366340595
4 0.27490320212861086 0.28982355026823126 0.017623911094166722 0.019751057878390377
4 0.14310442220899264 0.488646729094487 0.02114895459715278 0.037120568401734035
4 0.16650294177628416 0.6230371396460656 0.020639808320624998 0.015245568401734032
4 0.08188186037298593 0.20276170797721238 0.020712543502986125 0.018370568401734032
7 0.3926875013311802 0.424958142488663 0.01944098423243057 0.030779563140062294
2 0.380418011780416 0.7174641609045145 0.01944098423243057 0.030779563140062294
2 0.33912086455395773 0.7151883003388184 0.02263871941479172 0.03408657366340577
2 0.3105795968865272 0.6341504029414194 0.02405574905006951 0.027927578925077867
1 0.38561139200503397 0.8630573819653191 0.020785278685347207 0.021495568401734035
1 0.3623368929549645 0.890939458259561 0.013118249050069508 0.027290542093374625
4 0.4526937084937842 0.6625421714984453 0.010102351823611144 0.03179603157003115
4 0.5684363030022915 0.21499306633559545 0.01693423328249999 0.05716005261671846
4 0.534678245631597 0.2575291768307043 0.01965918977951393 0.0401545631400622
4 0.7389929247744439 0.7309079507199892 0.01944098423243048 0.030779563140062294
4 0.8142696009705898 0.5135314639447559 0.020712543502985882 0.018370568401734032
2 0.8393981939604857 0.4395101350196782 0.01944098423243048 0.030779563140062294
2 0.024721364172708073 0.3121968921357271 0.03568423328250005 0.058252115756780756