2 0.9683427711828122 0.36965915138656236 0.03364895459715278 0.03651024431795715
2 0.9260877616835067 0.1048796310940229 0.03096036569131968 0.05520569724005649
2 0.9024125659200692 0.18260521063932764 0.038700130508958354 0.052217064934808155
2 0.7580248266536456 0.27961835268380864 0.04622168977951393 0.03985343262955983
2 0.8181641992788193 0.21218934497317082 0.025545513867708536 0.023873876623205437
2 0.854057493163055 0.616085912343611 0.02583645459715278 0.03637387662320535
2 0.6681024625778467 0.5865326002481767 0.022893292553055566 0.04413182954530477
2 0.7684882415475345 0.36690016437220585 0.017769381458888844 0.025300008928453722
2 0.7602399836637497 0.3522064188364327 0.020894381458888844 0.02535455600635448
2 0.8749687519967703 0.6571103327983062 0.02162173328249999 0.0566045560063543
2 0.9235692529467008 0.6828137163213706 0.021039851823611143 0.0316045560063543
2 0.9673004159407285 0.7164114204612858 0.01787848423243048 0.02998750892845372
2 0.454713416225069 0.5277827118538483 0.04629442496187508 0.042978432629559825
2 0.38712717914284683 0.4789827475676633 0.03670121941479172 0.03343979139585791
2 0.3992264824294788 0.5295321724865854 0.03364895459715278 0.03651024431795715
2 0.6054589518442703 0.4931332021146157 0.02434668977951393 0.039471603084255055
2 0.5843691211065623 0.2920207155072963 0.019695557370694415 0.04095228246740401
2 0.5776275054152428 0.34680367289362246 0.019186411094166723 0.019077282467404012
2 0.5766118257037152 0.2562332199715232 0.011883057370694417 0.04081591477265238
1 0.2317675319163885 0.4770089646932221 0.017769381458888844 0.025300008928453722
2 0.2735030498681594 0.36148337621946364 0.02129442496187508 0.04254205600635448
2 0.2466307721327427 0.4088083896121442 0.022384146276527784 0.02225682954530477
2 0.35936454863388845 0.5310088977298191 0.024310322188333355 0.037909103084255234
2 0.25988153343499987 0.1079180454563429 0.024673998100138927 0.0535341030842551
2 0.301159843655486 0.1462441599046837 0.017769381458888844 0.025300008928453722
2 0.2567188594230554 0.17669531899529323 0.021039851823611143 0.03160455600635444
2 0.3032113465052776 0.22586347605730786 0.024383057370694416 0.04103410308425506
2 0.44731075788378477 0.010621192777477233 0.017842116641250173 0.021242385554954467
2 0.4193851264248957 0.03250716802235855 0.01925914627652787 0.022202282467404078
2 0.49743608482177076 0.10142871753589122 0.01609777868534721 0.02058523538950343
2 0.5354432714671526 0.17963949229265755 0.01773301386770836 0.02373750892845372
2 0.6970158978920484 0.21664679424182215 0.016425087005972117 0.03464773538950343
2 0.8399021145539578 0.7209779638857385 0.0333943814588892 0.02557274431795715
2 0.9710086038203816 0.6241966469223355 0.021330792553055745 0.0441045560063543
2 0.6177745010468397 0.6350479667251123 0.028852351823611143 0.03174092370110611
2 0.6517871315557981 0.5829127224071552 0.029143292553055568 0.044240923701106286
2 0.550025916225069 0.5261190259778776 0.027180749050069508 0.027026150162155815
2 0.5104393522048608 0.3815565482990119 0.012936411094166721 0.018968188311602675
2 0.5195597790665969 0.3923304070653099 0.013009146276527873 0.022093188311602674
2 0.5282249578281941 0.45621562906213275 0.009665940729444423 0.012663641233702094
2 0.451941093655486 0.1436122633959759 0.015988675911805573 0.015897735389503433
2 0.5192721043890624 0.23692984091268574 0.016061411094166544 0.019022735389503432
2 0.5192747172305902 0.10260938799058646 0.006759146276527872 0.021984094155801336
2 0.3594606932948956 0.25846174188562043 0.022493249050069507 0.02694432954530477
2 0.3949825788378471 0.1414827475676633 0.011701219414791719 0.03300341477265238
2 0.4126954492788192 0.21926682833078406 0.009811411094166545 0.018913641233702004
2 0.32110017600871477 0.5980560758951521 0.015988675911805573 0.015897735389503433
2 0.27704105148368 0.6121009849857616 0.012900043502986147 0.017405688311602673
2 0.25749357731923567 0.5124828145310664 0.017587543502986146 0.017487508928453722
2 0.25135333330315934 0.47432429545634297 0.019477351823611145 0.03157728246740419
2 0.2530827535153817 0.2993652057647684 0.011337543502986058 0.017378414772652385
2 0.29900054445291663 0.006824924108143213 0.014498911094166723 0.013649848216286425
2 0.38319370649701384 0.011543651787008863 0.011519381458888844 0.023087303574017726
2 0.6016150917556249 0.08789627719569361 0.017769381458888844 0.025300008928453743
2 0.6165263512549302 0.353153084419864 0.014680749050069507 0.026807961850553053
2 0.5938337336637497 0.35511105073464394 0.011373911094166545 0.018940914772652383
2 0.650553899507569 0.468137156254531 0.013154616641250172 0.028343188311602673
1 0.9195669643807985 0.01667959355018865 0.02423758700597247 0.0333591871003773
2 0.5353477800165274 0.4186065349063314 0.011810322188333444 0.037690914772652385
2 0.38127395659392305 0.6298049078760888 0.02278418977951393 0.03944432954530477
2 0.3418295968865272 0.6468929963498473 0.009847778685347208 0.020476141233702096
2 0.35513033710288144 0.5787196948077198 0.017878484232430568 0.02998750892845372
2 0.3063707544653122 0.32498676867098164 0.011446646276527783 0.022065914772652385
2 0.2865297267298955 0.37218905113838574 0.011737587005972295 0.03456591477265238
2 0.30495111198850655 0.4530844951320313 0.006759146276527783 0.021984094155801336
2 0.21912532760357611 0.3155765868522007 0.02583645459715278 0.03637387662320544
2 0.22977776576756942 0.025664653004824855 0.017914851823611144 0.03155000892845374
2 0.21004257475378454 0.23608000162485307 0.01602504350298606 0.01746023538950343
2 0.23252798527927032 0.6120970308458463 0.040262630508958355 0.05224433847375849
2 0.1861848878240622 0.3551981944006827 0.02423758700597225 0.03478410308425506
2 0.3487550101648954 0.48355719927194657 0.030269381458888932 0.025518197240056394
2 0.35079224848138857 0.3624770860414218 0.01606141109416672 0.019022735389503432
2 0.2324377195117009 0.5824231676153214 0.025618249050069507 0.026998876623205346
2 0.42252047169590246 0.43463272971075584 0.014789851823611144 0.031495461850553144
2 0.5941928371028815 0.5745468433483177 0.017914851823611144 0.03155000892845372
2 0.7265169874634718 0.4590018896154396 0.017987587005972118 0.034675008928453724
2 0.8618193610385759 0.4168126152657103 0.0240193814588892 0.025409103084255057
2 0.8688681416237843 0.4494887475709586 0.02100348423243048 0.030042056006354477
2 0.9426861949104162 0.4989608677013423 0.019186411094166543 0.019077282467404012
2 0.1911223884896523 0.5792396663975055 0.012827308320624998 0.014280688311602674
2 0.9527508727220828 0.5362699529286898 0.013009146276527873 0.022093188311602674
2 0.4955163349186799 0.7207417792242884 0.01925914627652787 0.02220228246740419
7 0.3778911174037493 0.8086975211066136 0.019077308320624996 0.014389782467404189
3 0.3411334930661458 0.008855028410214303 0.027108013867708357 0.017710056820428605
3 0.3641313159200693 0.19200094480771976 0.024201219414791718 0.033221603084255105
2 0.3613524612466666 0.1436316286550956 0.014498911094166723 0.018995461850553053
2 0.33817018759531237 0.09952311850882589 0.011410278685347209 0.020503414772652384
2 0.37735736132291653 0.2276929829571667 0.014317073138263936 0.011182961850553053
2 0.5562285501524998 0.15897243628630311 0.011301175911805572 0.015815914772652383
2 0.578831555186493 0.09376049351047352 0.011155705547083273 0.009565914772652385
4 0.5834768087018747 0.397462191968346 0.014462543502986236 0.017432961850553052
4 0.521119666225069 0.5266235864484589 0.019186411094166723 0.01907728246740419
4 0.7114874802452771 0.6685541676186167 0.02725348423243048 0.030151150162155815
4 0.9075098014836801 0.6010961120192995 0.022456881458888845 0.025381829545304768
2 0.8378155505337496 0.5757609212720647 0.015988675911805573 0.015897735389503433
4 0.5776021363054508 0.7169661684293956 0.019768292553055743 0.04407728246740419
4 0.48765516242534696 0.4210008778443168 0.014935322188333443 0.03774546185055314
4 0.43691158643729133 0.3531645413991531 0.008358013867708357 0.023573867694751716
4 0.4502110202328817 0.35215146631807526 0.014535278685347208 0.02055796185055305
4 0.146976264248958 0.39571014610496597 0.022347778685347253 0.020694329545304768
5 0.49448312462194394 0.5973724630716644 0.01348192496187508 0.04240568831160267
4 0.3933901372553813 0.7467333092560606 0.03052395459715278 0.036455697240056394
4 0.4536120432186457 0.1724776030875504 0.02707164627652787 0.022338650162155815
5 0.4011410066495137 0.17886001664238677 0.014498911094166723 0.018995461850553053
4 0.2830254798640276 0.2543293952941871 0.01170121941479163 0.03300341477265238
5 0.2379506756274651 0.1778038514626973 0.028634146276527873 0.022365923701106107
5 0.49081718322690937 0.38580371753589116 0.021258057370694416 0.04097955600635448
5 0.5422355192829511 0.3239934642894803 0.03201371941479163 0.03335797077900686
7 0.5074624354111108 0.24104064245481333 0.01729790919430556 0.07214773538950343
7 0.5670926617597567 0.19548663474417557 0.022456881458888845 0.025381829545304768
4 0.7753168569545135 0.5096916363690287 0.02888871941479181 0.03330342370110628