4 0.33790922776748145 0.004077416253884973 0.019568455534962847 0.008154832507769947
4 0.3204315510884591 0.011527120244743654 0.019568455534962847 0.02305424048948731
4 0.30140873257680484 0.009356748449814049 0.030669646641955418 0.018713496899628097
4 0.3306522884745874 0.034680945204217016 0.018060519237293703 0.025800520678164428
4 0.32474951805616736 0.0897323182397463 0.024910719962933127 0.04327911910658786
4 0.3355059687818068 0.10644678329355824 0.025019847367594838 0.04640411910658786
5 0.286560037293461 0.11655168341739275 0.032450401451278844 0.03583049214211718
4 0.37982888765628076 0.12081534429459422 0.03406746515360961 0.037465766749222994
4 0.4874950547166562 0.08919500910073713 0.018224210344286184 0.03048802067816443
4 0.47789436542376224 0.12798568135047814 0.02091270072563951 0.018133569892376133
2 0.444389895460829 0.0872900607961482 0.02749008293962447 0.027799668320799588
2 0.4269742169677082 0.05914794417075973 0.027872028855940555 0.038737168320799584
2 0.4113591406515056 0.08256832754537122 0.019732146641955238 0.02899829528527027
4 0.4375471292187602 0.025789634617465786 0.022857146641955418 0.029143844499482006
2 0.4356746051721432 0.005019178040709252 0.027599210344286362 0.010038356081418504
2 0.45235367368379736 0.007707530398074107 0.02280258293962447 0.015415060796148215
4 0.40254464664195544 0.01315060545999136 0.021458337748947898 0.02630121091998272
4 0.23778028611233468 0.198640745451886 0.027762901451278844 0.03561216832079959
4 0.25738345798203355 0.17738217555950989 0.024747028855940555 0.03859161910658786
4 0.26790924101432534 0.09785734139911009 0.0496924651536097 0.038193512820281585
4 0.23406003067003905 0.0696981081483331 0.02888889183263199 0.023184942927905426
4 0.24254216406515056 0.004807316377719481 0.025709328130301135 0.009614632755438963
2 0.3127157987262064 0.17089242700725196 0.03880952885594056 0.03924659057054054
4 0.3577009165122213 0.15940696340118207 0.036339293283910834 0.05785104135632886
4 0.2983656112474109 0.25294294768541636 0.027762901451278844 0.0356121683207995
2 0.2825397146054555 0.22550930645292205 0.03730159255827141 0.040736315963434674
7 0.22772572903342575 0.24684280500517994 0.021458337748947898 0.033758569892376224
2 0.22785964908902612 0.1834523930945212 0.024637901451278844 0.03546661910658786
2 0.2158060823914704 0.219227227254921 0.022638891832631992 0.022893844499482084
4 0.18440480416850202 0.3059845186112498 0.02954365626060227 0.04193494292790536
2 0.22262156678237374 0.2799464034336034 0.02107639183263199 0.022821069892376134
4 0.21042166714519345 0.28912235029045025 0.023348219962933126 0.043206344499482
4 0.19898317014041833 0.25287663523663834 0.02609127404661713 0.03241439371369372
2 0.27164436542376214 0.1375919294884513 0.017842264427970277 0.01955052067816445
2 0.22605659082899088 0.3110872415229446 0.03126984736759484 0.04669521753501131
2 0.28960073565684774 0.2932597326316045 0.030724210344286275 0.031070217535011223
2 0.28581353674530685 0.319259306452922 0.027762901451278844 0.03561216832079959
2 0.23699658002921767 0.3778744811838624 0.018060519237293703 0.025800520678164407
2 0.24350204037350393 0.4073072700589918 0.016661710344286273 0.03041524607105863
4 0.25507445743387935 0.380162573202145 0.032395837748947984 0.034267992142117086
2 0.30608139672677337 0.33944337386409884 0.021185519237293705 0.025946069892376133
4 0.3076066911918106 0.31589671195344005 0.029161710344286274 0.03099744292790545
2 0.2760144400106842 0.3971852533097689 0.019623019237293704 0.02587329528527036
2 0.2999876533501954 0.3890259968996281 0.021458337748947988 0.033758569892376224
2 0.26716771886662477 0.4351582882559569 0.027599210344286272 0.030924668320799497
2 0.31112604999215077 0.4166779619534401 0.01800595553496285 0.02423802067816432
2 0.2897148414619631 0.430978056452922 0.03321429328391083 0.057705492142117266
4 0.36432297186184964 0.3938547380082879 0.022584328130301135 0.021331344499481996
4 0.36753974109914334 0.4187455760976292 0.025709328130301135 0.021476893713693813
4 0.3865501467267734 0.33569548159814716 0.02140377404661713 0.03219606989237622
2 0.3818800048941414 0.3140024181159118 0.027435519237293704 0.026237168320799586
2 0.37927087086605776 0.2616950554194647 0.027599210344286272 0.030924668320799587
2 0.3970759297590652 0.2561706474377473 0.016661710344286363 0.03041524607105863
2 0.4210789141499685 0.3160893029382653 0.01655258293962447 0.027290246071058632
2 0.44276294119181053 0.3096017084387833 0.026200401451278842 0.035539393713693725
4 0.42924358901489235 0.2585850179920773 0.02609127404661713 0.03241439371369372
4 0.4045933077966991 0.38180634822353565 0.02485615626060227 0.04171661910658786
4 0.21888149708959315 0.35211250186202686 0.013100200725639333 0.017769696856846907
4 0.2991493835647475 0.5666972326316044 0.03094246515360961 0.037320217535011226
4 0.3369321257601992 0.5954557793646169 0.031324411069925694 0.04825771753501122
4 0.3256101906436564 0.517731039703699 0.02560020072563942 0.018351893713693813
2 0.36692221532324576 0.6699634737402643 0.04187996515360961 0.03782963978475244
2 0.593933604708807 0.5154064445850445 0.02754464664195542 0.0293621683207995
4 0.634109682206136 0.41102500558608046 0.034176592558271324 0.04059076674922295
2 0.6473140319359835 0.29616198490791606 0.029489092558271323 0.04037244292790536
3 0.6347247518989165 0.3390044563718687 0.026527783665263982 0.044914393713693636
4 0.6576860475450801 0.23464228805106918 0.01973214664195542 0.02899829528527027
4 0.6693303864751543 0.1871487038906694 0.027762901451278667 0.03561216832079959
4 0.6804563702330856 0.1248113697302696 0.021185519237293705 0.025946069892376133
4 0.6680010102516191 0.10426342928356354 0.023184528855940557 0.038518844499481994
4 0.6659772079820335 0.1583516158013282 0.019786710344286362 0.03056079528527027
4 0.6278174982707195 0.25324889288963337 0.02512897477225664 0.04952911910658786
4 0.6193006154237622 0.12139957940739805 0.0323958377489479 0.034267992142117176
4 0.5453968678708329 0.29073608436979675 0.024856156260602093 0.04171661910658786
2 0.5512302056197809 0.32333026054847924 0.03902778366526398 0.04549659057054054
2 0.5648462723173366 0.28748265178097354 0.019786710344286185 0.03056079528527027
2 0.5280952951828273 0.4003122915657258 0.01940476442797028 0.01962329528527036
4 0.5515427188666248 0.42191330976269087 0.019295637023308564 0.01649829528527036
4 0.46709576387981605 0.19969801551087793 0.018060519237293703 0.025800520678164407
2 0.49500250907049265 0.1921380725829725 0.027599210344286362 0.030924668320799587
2 0.5002157987262065 0.16215947415454907 0.05062004809323426 0.06475601282028158
2 0.48000748084752426 0.27813123056468986 0.029161710344286364 0.03099744292790536
2 0.5278522146054556 0.2140836931373024 0.03250496515360979 0.03739299214211709
4 0.4671230788480913 0.44697327584996016 0.031324411069925694 0.04825771753501122
4 0.5018576881965856 0.3436277979758666 0.025927582939624473 0.027726893713693725
4 0.5194420030800428 0.2645567280834905 0.017842264427970277 0.01955052067816441
2 0.49745293039203736 0.3743512591007371 0.04042659255827132 0.0408818651776464
2 0.5447669292109111 0.45196468279822016 0.032450401451278844 0.03583049214211727
4 0.5206746647829407 0.4343063019048081 0.021785719962933214 0.043133569892376045
2 0.38880464980681634 0.6243406046336764 0.019895837748947987 0.03368579528527036
2 0.37392369427185346 0.6015580760976291 0.024747028855940555 0.038591619106587774
2 0.3512376732204613 0.5345353959900053 0.01795139183263199 0.022675520678164494
2 0.36924362875542405 0.5571723753118409 0.02107639183263199 0.022821069892376044
2 0.2258036528020412 0.5951540264691326 0.029270837748947988 0.03412244292790554
2 0.21809779100647614 0.5313462375940032 0.03773810217691827 0.05323631596343468
2 0.17942964980681633 0.6340924019858614 0.02830853847458741 0.0512371683207995
2 0.1451439298438832 0.5934331687350843 0.026418656260602268 0.04178939371369381
2 0.16079621169504862 0.5934866726640257 0.021458337748947988 0.03375856989237604
4 0.18133934627128648 0.4422858916467791 0.025709328130301135 0.021476893713693636
4 0.5368056401881696 0.60492701695862 0.02609127404661713 0.03241439371369381
2 0.4286012705880561 0.5763183275453713 0.027435519237293704 0.026237168320799496
2 0.4355333168671917 0.5955584791169478 0.025763891832631815 0.02303939371369381
4 0.5242138047166562 0.08748480583374948 0.04258929328391083 0.058142139784752286
4 0.5638442783077864 0.2139723771738677 0.036284729581580064 0.05628854135632881
4 0.6091914946425223 0.16803913896069197 0.030997028855940557 0.03888271753501131
4 0.6110367368379741 0.19847150165713906 0.024747028855940555 0.03859161910658786
2 0.5325322470047751 0.016453233872204136 0.02798115626060227 0.03290646774440827
2 0.7251761371081266 0.3074033918561761 0.049166675497895794 0.06780823821317572
4 0.6856746714063627 0.47592010546224606 0.021458337748947898 0.03375856989237604
4 0.8856275421876024 0.4204384311455904 0.03088790145127902 0.035757717535011224
4 0.8585466870154594 0.4068318494663899 0.026036710344286007 0.03085189371369381
4 0.9978373323914702 0.43514728639843925 0.00432533521705949 0.04782106989237604
2 0.3241072327464408 0.6539596381321224 0.04711310217691818 0.05367296360606986
2 0.759677655797266 0.5335099735353765 0.035520837748947896 0.03441354135632899
2 0.8593874791182436 0.5429512859841547 0.04338790145127902 0.03633991439185813
2 0.7765675115175634 0.34491835442878865 0.031324411069925694 0.04825771753501122
2 0.7737624592479779 0.39904292825010623 0.03384921034428636 0.03121576674922295
2 0.7529117235911301 0.09326596319629431 0.032450401451278844 0.03583049214211716
4 0.6328149892002267 0.03782294603278654 0.016770837748947897 0.033540246071058565
2 0.6135119176933477 0.06767526592516268 0.03406746515360961 0.037465766749222994
4 0.9547024352013608 0.3593146865222739 0.036974210344286364 0.03136131596343468
4 0.98433537149903 0.35636946898726257 0.019732146641955238 0.02899829528527027
4 0.9847582070749843 0.3054062824694979 0.030483585850031504 0.03277826674922295
2 0.9743923979078998 0.22849918011213308 0.03234127404661713 0.032705492142117085
2 0.987662463065434 0.15582365943396864 0.024675073869131835 0.027799668320799588
5 0.5130481593406452 0.30554560111901974 0.03272321996293304 0.04364299214211709
2 0.9668105324841376 0.07860834202279185 0.030942465153609787 0.03732021753501129
4 0.8246031851165428 0.039845556662319 0.016334328130301046 0.021040246071058567
4 0.8319890991816934 0.04967432093034265 0.016661710344286363 0.030415246071058565
4 0.9155481328469574 0.08960365405728514 0.02280258293962447 0.027581344499481998
2 0.6646726244094369 0.012224825373758125 0.029161710344286364 0.02444965074751625
4 0.2319171773119945 0.09796865736254481 0.021349210344286274 0.030633569892376155
2 0.18530261605673434 0.26446910670059104 0.02420139183263199 0.02296661910658786
2 0.16759181560124742 0.3623265638965201 0.016607146641955416 0.028852746071058543
2 0.15941725016963604 0.6436322218782374 0.022857146641955418 0.029143844499482086
3 0.10814741604888511 0.6992315585198365 0.022113102176918264 0.052508569892376046
4 0.22552588900704312 0.6992422129868974 0.026145837748947985 0.03397689371369381
2 0.28981407829993716 0.6579044294884513 0.021021828130301047 0.021258569892376046
4 0.495719337918584 0.6608345686540311 0.016770837748947897 0.033540246071058634
2 0.5340923571558778 0.6840879780834905 0.024419646641955416 0.029216619106587773
4 0.8127554934613961 0.23837510194758932 0.018224210344286007 0.030488020678164494
3 0.8727778234057958 0.2989636914846726 0.04829365626060209 0.04280823821317572
4 0.9300942716843645 0.14761520720043828 0.02140377404661713 0.03219606989237613
4 0.8812004146981227 0.091985945413614 0.021021828130301047 0.021258569892376133
4 0.7917187632468439 0.06172271071509494 0.02140377404661713 0.03219606989237613
7 0.2151289813956785 0.08779529073715633 0.02345734736759484 0.046331344499481994
4 0.5291989821134686 0.5215515907799375 0.02296627404661713 0.032268844499482086
4 0.586934614960426 0.6511085041383383 0.019786710344286362 0.030560795285270358
4 0.6880383018910674 0.7676902284977751 0.01935020072563951 0.01806079528527036
4 0.6603498115097142 0.7815001714256807 0.01973214664195542 0.02899829528527036
4 0.852435618588623 0.7248198701445544 0.034667665879248945 0.05465326674922295
5 0.7272619706807234 0.4567676910703877 0.02436508293962447 0.02765411910658777
4 0.7359524352013608 0.36950313151709385 0.013318455534962758 0.024019696856846906
4 0.7418924111547437 0.3379256457851175 0.01951389183263199 0.022748295285270358
4 0.6473388577040319 0.4761405833363394 0.02280258293962447 0.027581344499482085
4 0.6811930133316619 0.3923991300693518 0.022748019237293703 0.026018844499482087
4 0.7920560691446263 0.09379034801864787 0.02603671034428636 0.030851893713693724
2 0.7424777760303517 0.6908152053384115 0.03234127404661713 0.032705492142117265
2 0.6771057471744111 0.6562989642297516 0.02721726442797028 0.019987168320799498
5 0.5897669490811769 0.5977651803170209 0.030942465153609787 0.037320217535011226
5 0.5776861005324557 0.6327587644774206 0.031051592558271324 0.04044521753501122
2 0.5950844208582085 0.682812268406362 0.019732146641955238 0.02899829528527036
4 0.6050149815653144 0.7206932580672799 0.015099210344286362 0.03034247146395259
2 0.5768106252120451 0.786956112905844 0.023075401451278843 0.03539384449948191
5 0.5242709238534334 0.6493319884225727 0.022857146641955418 0.029143844499482086
1 0.47716525616008576 0.5552759274215366 0.016498019237293705 0.025727746071058634
1 0.4722793487183572 0.5946295258499601 0.01488095553496276 0.02409247146395277
4 0.46357896051392233 0.6592014480997012 0.01655258293962447 0.027290246071058632
4 0.4316841197697494 0.6645995775453712 0.01795139183263199 0.022675520678164317
2 0.41358888419771966 0.6842228728306414 0.01627976442797028 0.019477746071058632
2 0.2824182405509892 0.6253830279168747 0.021021828130301134 0.021258569892376223
5 0.3327481119652011 0.6997259024001461 0.02798115626060227 0.041862168320799496
2 0.179523875127227 0.47993144086099077 0.024419646641955416 0.029216619106587773
3 0.18364340153609685 0.3514061805219086 0.01973214664195542 0.02899829528527036
7 0.4024429868379741 0.20818691170577103 0.01795139183263199 0.022675520678164494
4 0.5920312764936878 0.1696209096388564 0.021567465153609612 0.036883569892376136
2 0.9574975969042587 0.5289914857364856 0.02247520072563951 0.018206344499482087
4 0.9371603042533201 0.5964529675395205 0.02641865626060209 0.04178939371369381
1 0.8805134893698628 0.6773434026095431 0.01655258293962447 0.027290246071058632
1 0.855595334923359 0.6808515463232367 0.014608137023308387 0.01627997146395277
2 0.8906573264858387 0.5868810684491432 0.03201389183263217 0.023330492142117264
4 0.7830531576113646 0.5754598790358946 0.02732639183263199 0.023112168320799497
2 0.6132193180483181 0.5074655119962213 0.019459328130301046 0.02118579528527036
4 0.4872272808396751 0.7089638536002191 0.021458337748947898 0.03375856989237604
4 0.5044147477225653 0.46166932258297244 0.022748019237293703 0.026018844499482087
2 0.41882447730414524 0.5204322005809005 0.022857146641955418 0.029143844499482086
2 0.4140104917321155 0.539436911705771 0.018060519237293703 0.025800520678164317
1 0.319367625127227 0.4734181135250166 0.021130955534962848 0.024383569892376045
3 0.2883904436388813 0.4826861056671337 0.03261409255827141 0.040517992142117265
2 0.35120040145127884 0.018073488008287942 0.009975200725639422 0.017624147642635146
2 0.6298338329396246 0.004304240489487307 0.01795139183263199 0.008608480978974615
4 0.714769372047184 0.1662518529810466 0.017733137023308386 0.016425520678164406
4 0.7062748257680485 0.14708447601657587 0.013373019237293704 0.025582196856846862
4 0.7123561893777121 0.25400656410591715 0.039136911069925694 0.04862159057054054
2 0.612004047629898 0.562298561210433 0.024255955534962938 0.024529119106587772
2 0.6289732928205746 0.5552480405322685 0.018005955534962936 0.02423802067816432
2 0.5334971017135821 0.5549997915657258 0.014771828130301045 0.020967471463952593
4 0.565461375127227 0.46195611290584404 0.03412202885594055 0.03902826674922295
2 0.5756523414619631 0.41766030335255006 0.021185519237293705 0.025946069892376043
2 0.5829836918247828 0.4259265676205738 0.014771828130301045 0.02096747146395277
4 0.7864212381887364 0.7615429282501063 0.019786710344286362 0.030560795285270358
4 0.7794792682258034 0.7196101393749768 0.01482639183263199 0.02252997146395259
4 0.7931598223094873 0.7080176679110239 0.024419646641955596 0.029216619106587773
2 0.43322919536816185 0.19345016956365385 0.029270837748947898 0.03412244292790545
4 0.49091278683012485 0.6352352551717957 0.02609127404661713 0.03241439371369381
4 0.8455407116102307 0.23606558519836626 0.020912700725639156 0.018133569892376224
2 0.9176836510727607 0.8454191604674259 0.02609127404661713 0.03241439371369381
2 0.9398835440865192 0.7864786540572851 0.024474210344286006 0.03077911910658777
2 0.8403101300213685 0.7809435916085071 0.02436508293962447 0.02765411910658777
2 0.9110392922724205 0.7447834596816376 0.021076391832632168 0.022821069892376044
2 0.9246181534350134 0.685461963610579 0.027762901451278667 0.0356121683207995
1 0.9660764779371174 0.6177992746116151 0.011755955534962937 0.023946922249741043
2 0.7785789009031246 0.2008408686968123 0.07033234736759475 0.04851458271265772
2 0.8088690908289908 0.2839423130724598 0.03902778366526398 0.04549659057054054
4 0.7445957705032381 0.2360720473566941 0.021676592558271323 0.04000856989237613
4 0.7058457506329722 0.08998045140947003 0.01795139183263199 0.02267552067816443
2 0.43753478256895556 0.4287883560814185 0.01299107332097762 0.014644696856846906
2 0.837093327666965 0.5095587431800837 0.02749008293962447 0.027799668320799498