0 0.49954874129101834 0.40032469723676123 0.10281877461060632 0.09862050649282175
6 0.4738848147271256 0.26152524999670473 0.08320495658477522 0.06860572402541773
4 0.424265247954936 0.30130477028924413 0.045858069279472245 0.019540932629559825
6 0.797749245909872 0.6017231505626024 0.12258570533113407 0.08022506249917605
2 0.46273774841715437 0.6177616132272294 0.08200616943775678 0.08107845048646745
1 0.7498131657433401 0.36873732669934045 0.03358538981258548 0.027135244317957153
1 0.7296370580632081 0.36369527069298596 0.028716033386094963 0.020803423701106105
1 0.6889522220906885 0.3919060454497523 0.030642246239076344 0.0333306972400564
1 0.6809495054767833 0.37144354098552546 0.03335806927947225 0.019322744317957153
1 0.8112220271843957 0.40732826825735396 0.024255853919208193 0.02853410308425506
1 0.550526219583406 0.3676037004831721 0.030596782132453627 0.031768197240056396
1 0.5748048055559256 0.33910655356742714 0.036755853919208194 0.02875229139585782
2 0.30443246958340603 0.3633081180984935 0.05564224623907634 0.03376707386326192
2 0.611337002111571 0.18497816111590915 0.051136602665567035 0.039935253246410875
7 0.9605113218532615 0.488098801535537 0.0217218873053028 0.04879205600635448
2 0.4930463401956617 0.3282996927725343 0.027517246239076344 0.033276150162155814
1 0.4789467362764535 0.3561928676914564 0.018142246239076343 0.03311250892845372
4 0.6375943105704905 0.38397476866439106 0.046039925705962936 0.025790932629559827
2 0.39110575547678333 0.3663842995102374 0.030505853919208282 0.028643197240056484
1 0.5155194191085524 0.5498980032431156 0.09235263605166182 0.060956865259119655
2 0.32027276675955446 0.46363540056589764 0.024119461599340218 0.023846603084255236
2 0.2276222655059132 0.45107512499835234 0.030096676959604097 0.014580697240056395
2 0.5611394591585647 0.4326656387947748 0.03206835391920819 0.028670470779006862
3 0.4874900443396616 0.7073014001588606 0.023193459092057722 0.045694329545304765
1 0.4711663623654925 0.6773138912304069 0.024073997492717502 0.022284103084255234
1 0.42442409151581 0.8062513689092725 0.020903533386094963 0.020667056006354302
4 0.6849309971635131 0.6106969557581778 0.01786946159934022 0.02373750892845372
1 0.2676468380840907 0.15005809577735915 0.02724446159934022 0.02390115016215577
2 0.6708734749936823 0.26105546590444756 0.040471887305303156 0.04911933847375849
3 0.8378550718532616 0.4859578287279353 0.026454851411925516 0.050436376623205346
4 0.6549550259972614 0.8618639894433979 0.033858174452321775 0.03651024431795733
4 0.5663257496707956 0.6305128035674271 0.02099446159934022 0.02379205600635448
4 0.9219860309453194 0.44209082629230334 0.03317621285298138 0.013072744317957153
4 0.8744123489711504 0.41155784658484273 0.030096676959604097 0.014580697240056395
1 0.79121941574334 0.3694600754815244 0.017778533386094787 0.020612508928453722
4 0.6957872437983008 0.42563616314450403 0.014517141066226813 0.01587046185055314
4 0.3926562321198183 0.47427862012708843 0.033085284639736125 0.009947744317957152
2 0.2521425438774431 0.38740809131313225 0.02393760517284953 0.017596603084255057