7 0.7518769515222434 0.6430928766123272 0.03870967292769336 0.030560322188333443
4 0.7034076180241462 0.6427467312857298 0.036157675893442945 0.044550087005972114
4 0.6275255503433799 0.5666914179311117 0.021012836958138336 0.017660278685347208
4 0.5088909554765761 0.6186695323881601 0.025283842889637496 0.04585801386770836
2 0.5981179401535369 0.6934714702678131 0.059595175893442945 0.045095600873680655
2 0.7444649940313199 0.44116670070052144 0.05997717787060921 0.05447060087368065
2 0.5392430058571369 0.7757741707809033 0.06380251482874755 0.0717308360560418
2 0.5220754104960417 0.832459928664688 0.0519100098858317 0.048038762917777686
2 0.5151528843357686 0.5609479513661115 0.08338018577927464 0.09247974715020835
2 0.3175802059708677 0.611870752468542 0.11290585969555131 0.12750936379145833
2 0.395035338403832 0.38064024268489616 0.05611734882113648 0.07467399810013901
2 0.021118324582258104 0.5157347559839236 0.04223664916451621 0.07452852773541671
2 0.07755336114124503 0.26533601890170144 0.06986151384016444 0.06718880642076393
2 0.0911384282905388 0.7379747383164931 0.0678188527754691 0.09367857123840295
2 0.23045286806132728 0.23605117524621547 0.0617943458553869 0.06075696846486114
4 0.1663373354380825 0.3893930743725349 0.02139483893530465 0.02703527868534721
7 0.21591818277634411 0.3240778521079516 0.02965300790866543 0.03815461664124999
7 0.438616900647391 0.4817494542159032 0.026719008897248563 0.042769381458888846
4 0.20213823117973861 0.48953919794763906 0.04476867193911023 0.026018292553055565
7 0.44226977714885624 0.2769528514423615 0.03845500494291585 0.024310322188333355
7 0.39215968920213473 0.29768227232017397 0.03389483893530461 0.02732621941479163
4 0.5077475385175628 0.22451948888517403 0.028217841901054187 0.04124324905006951
4 0.5880638023205462 0.5563890443560074 0.031342841901054186 0.04131598423243048
4 0.6415164075674731 0.453628373478195 0.02866351087441501 0.05218074905006951
2 0.6931969712939069 0.5478881729651048 0.04221667490485981 0.04000805737069442
7 0.5469732287082807 0.5092951855985421 0.037656508897248565 0.04302395459715278
7 0.6027033279865277 0.8304266096104866 0.04189833992388792 0.03219555737069442
2 0.45517434235816473 0.36327221114975733 0.04202567391627667 0.035320557370694415
2 0.4535654214076376 0.3835665273541671 0.038900673916276676 0.035247822188333264
2 0.33275421981103215 0.5465366931979864 0.05541701186299815 0.05748649810013902
2 0.2933853136892527 0.4955729520317017 0.02490184091247105 0.03648301386770836
7 0.18121960022964906 0.7150476910137848 0.031215507908665386 0.03819098423243048
4 0.5121910049057348 0.38414906202343796 0.0467423488211363 0.07445579255305557