2 0.3984954970868154 0.31607421585165946 0.08314569994353019 0.06355124491161739
7 0.16925937827567578 0.7129647467206397 0.062287168373499166 0.05311171189493056
2 0.5188883809770989 0.6580746873575285 0.08112817363517096 0.055656857756487634
2 0.5969755836220523 0.6481474886915809 0.061179694681858444 0.0608423247398008
5 0.6193573597892371 0.8050935295101838 0.04960515785015538 0.04933161465389233
5 0.47327902034081576 0.7709564676606817 0.046677578925077866 0.025812227498762753
7 0.43828458113239066 0.4910675717991248 0.04033657366340595 0.023922178878243727
7 0.28603808362205224 0.6318519448207602 0.03508763154179624 0.0407821302577247
7 0.7338183470585806 0.3632446234718615 0.023331084186749607 0.026146420171816585
7 0.5470617997035339 0.339437552011421 0.030961573663405774 0.02343085594746528
7 0.3798133865211194 0.35637498925740785 0.03399556840173403 0.022032130257724703
7 0.2655927208490433 0.2273282191310198 0.030870568401734032 0.02186835594746528
4 0.3452318021226083 0.5516155681810802 0.028473610495108836 0.034204581637205675
4 0.3187595783603804 0.6320090750784851 0.042627115756780756 0.03650406603337366
4 0.3332092152344356 0.5992751402073475 0.03748458944842144 0.028445904567984216
7 0.7445037600292335 0.5600786798942966 0.04070059471009326 0.03017217887824373
4 0.6739854046546222 0.6732127657153739 0.0338135578783902 0.018907130257724704
4 0.6842264126883043 0.5281016615769308 0.02607665258848364 0.04654080732694617
4 0.5441096469032887 0.5160852611928182 0.041519642065139806 0.04423467887824373
4 0.4489266785439071 0.44645111261772763 0.043734589448421346 0.028773453188503238
7 0.35633663111827324 0.5015713025772479 0.06835515785015547 0.050314260515449585
2 0.32810886042452164 0.12390000395672889 0.0656851841585147 0.05796298620519007
2 0.30206927616718493 0.17160384158682845 0.05180469468185844 0.06035100180902231
2 0.44594880780780316 0.11449842774659003 0.05180469468185844 0.06035100180902231
2 0.40775856306947506 0.11405469244591111 0.057144642065139806 0.04505355042954129
2 0.4030409709902177 0.08654716813565161 0.05852513154179615 0.042010437584671066
7 0.7373198625612474 0.6640701390756938 0.02829159997176518 0.03107958163720568
4 0.2533914545699176 0.7399610159425165 0.0352696420651399 0.043907130257724705
4 0.30698689142985536 0.7240770663720578 0.07700211575678076 0.03830558344622812
4 0.08301179415951336 0.6095288082314575 0.05191111049510884 0.0354328889641522
4 0.11295689939295035 0.6422527770237929 0.038774073663405864 0.023840291723114148
4 0.2666070022073129 0.45870437188998175 0.04575211575678066 0.03666784034363317
7 0.24361057601189312 0.3313230003386843 0.027002115756780666 0.03568519448207601
7 0.36744364718563743 0.21085777136958345 0.06430469468185844 0.06100609905006031
7 0.8228500259554234 0.42087341700399783 0.03886507892507751 0.025402791723113972
4 0.6469153994635375 0.5962441519659925 0.028200594710093264 0.029517081637205678
4 0.5653454229998865 0.746963446968467 0.040973610495108836 0.034859678878243726
2 0.7710725072572233 0.7086766321782887 0.03610409997176518 0.031489017412854634
4 0.4188058100151161 0.5578080144721784 0.03499662628012441 0.0392196302577247
7 0.725823107511337 0.43993327623082357 0.030673147326811902 0.04522396879233561
2 0.1758755863940625 0.47887302973732637 0.059435184158514696 0.057635437584671045
2 0.1285539943853923 0.37514052012638804 0.0504242052052021 0.06339411465389251
2 0.1804441761248326 0.2096250627540132 0.07780575256024877 0.07884869629109836
2 0.8416176235787013 0.15470618441685238 0.06117969468185862 0.0608423247398008
4 0.6672040546122698 0.7172526927845955 0.03637711575678075 0.03617651741285464
4 0.5860101786144941 0.3796431501569702 0.03875866311182748 0.050320904567984305
4 0.5912213233810573 0.348761642355054 0.04115562101845249 0.03798467887824373
4 0.5765294918251436 0.3238468515364512 0.05365562101845249 0.03863977611928178
4 0.5185580971291677 0.27797110752934495 0.041064615756780755 0.03642217887824373
4 0.5830910339891056 0.26266036804479453 0.03030912628012441 0.03897396879233561
4 0.6095324366481764 0.2352280868371301 0.036650131541796326 0.040864017412854545
4 0.8883014497317688 0.32772428256240155 0.03765118942018688 0.058051517412854546
4 0.8554496943289227 0.4724292729514631 0.0707367052052021 0.06445864767057934
4 0.5875943363940624 0.5004502951140161 0.03894067363517095 0.05344590456798422
4 0.6348032653614926 0.48189504692303836 0.03913809471009326 0.03009029172311397
7 0.47865968117474295 0.4487882185651929 0.02507559471009326 0.029353307326946344
7 0.3961734048663837 0.43667664292088093 0.04033657366340586 0.023922178878243727
4 0.3263768443571574 0.4151048580951719 0.04978716837349921 0.05245661465389251
4 0.1285176550781452 0.2006727866347314 0.024893584186749605 0.026228307326946254
7 0.14251080759604168 0.3205725288328153 0.030597552616718503 0.017180855947465278
4 0.2049855046969745 0.6042381999091428 0.03812162628012441 0.03938340456798421
4 0.0968306414298554 0.7130632440071062 0.07442314732681177 0.047516809135968605
2 0.63528546765351 0.8378617639063517 0.05961719468185844 0.06076043758467122
2 0.6131304756166049 0.7650450616223594 0.0632882262518896 0.07029921189493074
4 0.47405329408892616 0.7040146291260709 0.0634856473268119 0.04694359905006031
4 0.4051205545416828 0.7775096828349726 0.03721157366340577 0.023758404567984216
7 0.7788094125471299 0.6810429551090673 0.06008763154179615 0.042092324739800804
7 0.8368263098739419 0.7276999491161734 0.048786110495108656 0.03526911465389251
4 0.8808863939901042 0.8289249344168524 0.04409861049510866 0.0350234531885036
4 0.841598567907624 0.5823022399347764 0.04722361049510866 0.035187227498762755
4 0.7829824311041558 0.5387293023501053 0.05365562101845249 0.03863977611928178
4 0.7525522074831021 0.47093097071289947 0.04860409997176518 0.032144114653892684
3 0.9355166259271886 0.45637490501821015 0.05685621572854558 0.06684666327441172
3 0.9063359020943734 0.6106186697175313 0.06412268415851478 0.057881099050060315
7 0.7950974813017998 0.3321860532546165 0.031598610495109015 0.034368355947465366
7 0.8869594866340588 0.2645658632950962 0.02636507892507751 0.0247476944820761
4 0.8856622971432853 0.28241178256240157 0.05476309471009344 0.03090916327441153
7 0.9612376917686738 0.40320231738811063 0.04418961575678075 0.03658595318850324
7 0.6489218893637168 0.14928062075832801 0.03288809471009326 0.029762743102595034
4 0.5842069419804353 0.16146636024287844 0.06210515785015538 0.049986711894930556
4 0.5252869682887946 0.16616714834794788 0.03628611049510884 0.034614017412854546
7 0.145917986704646 0.15173731965141815 0.04208108418674961 0.02712906603337357
1 0.20712152623777208 0.09263563658930288 0.0352696420651399 0.04390713025772479
4 0.234476312645952 0.5489265801668678 0.025257605233437008 0.03247830732694616