0 0.4801029545053327 0.5130009307705554 0.11065501778268043 0.13178076805616748
2 0.8587908806840151 0.495081732955323 0.04248290653397504 0.07480159255827132
2 0.7757514406515937 0.35869285436953496 0.17169952564056318 0.10271331614940156
2 0.8134612640586265 0.5130976121740832 0.017298815963435032 0.03648313702330856
2 0.7368881095915659 0.6331497065464532 0.03299659057054054 0.03859127404661713
2 0.5896898161683225 0.41292403050040305 0.07518839867609248 0.10714286660488845
2 0.5330374017764644 0.372646260081983 0.04542381596343468 0.037465283665263985
2 0.5707642260120667 0.2249974445655536 0.041609611248705033 0.05605159255827141
2 0.8457087996239873 0.7686382840437822 0.06257708271265763 0.07082342068857254
2 0.5413637479285762 0.7362276104448027 0.031725188998963996 0.044786710344286364
2 0.5641912799792801 0.8567211597191633 0.03724744292790536 0.02937996515360979
3 0.7243644150110307 0.2634547654394606 0.022568512820281585 0.049146828130301135
2 0.6962565316364191 0.2480033802302506 0.019987168320799498 0.02721726442797028
2 0.6830909057054058 0.3517558628070554 0.027581344499482085 0.02280258293962447
2 0.6508007522718023 0.5657290827699886 0.026673815963434676 0.036810519237293705
2 0.35039822208312527 0.2483432084453697 0.02271406203449331 0.05227182813030114
2 0.38766912799792796 0.0741046110777749 0.03030823821317572 0.047857146641955395
2 0.42322779238978614 0.1151189914776615 0.023257717535011223 0.030451391832631992
1 0.680637877997928 0.06387391689073943 0.08598034946188075 0.10439981252120449
4 0.7930672574435981 0.09203114402524866 0.039319365177646406 0.04037202885594056
4 0.792258236351149 0.22587043068573753 0.02423802067816432 0.01800595553496285
4 0.8251948608344202 0.17698649738329325 0.02743579528527036 0.01967758293962456
4 0.8224465423897861 0.10117796553212784 0.023548815963434677 0.03670139183263199
4 0.8617530990475959 0.2226610959320144 0.020967471463952593 0.014771828130301135
4 0.8029003298171735 0.15194185736475982 0.01984161910658777 0.02409226442797028
2 0.7596169026050339 0.0626809499230312 0.020059942927905538 0.028779764427970277
4 0.9135445773359742 0.1081695207969382 0.017298815963435032 0.03648313702330856
2 0.8545892241500399 0.42167151480648835 0.0215496683207995 0.027271828130301046
4 0.9653190547957831 0.29573151898283967 0.02133134449948173 0.022584328130301135
4 0.9788807487571457 0.4188962004711854 0.03655823821317554 0.048075401451278844
4 0.9485982433804623 0.4911630700712988 0.027581344499482085 0.02280258293962447
2 0.8856722502048878 0.366592145206375 0.021404119106588126 0.024146828130301046
4 0.9098803457378271 0.4831248807784048 0.01515411910658777 0.02392857332097762
4 0.9132750194353101 0.4384026578202468 0.01388271753501158 0.030124009618646853
4 0.8806851513621796 0.5115326229738565 0.022893844499482084 0.022638891832631992
4 0.8344779313459689 0.443501874787955 0.02943494292790554 0.029107146641955416
4 0.8357921823794262 0.5389235021926166 0.026819365177646402 0.0399355192372937
4 0.7728576887895671 0.5653793639881818 0.032705492142117085 0.03234127404661713
4 0.8396706612869771 0.672599097746113 0.025946069892376043 0.021185519237293705
4 0.8127442882514477 0.6657141806857375 0.01715326674922295 0.033358137023308566
4 0.6800793757216164 0.4215053676163788 0.0168621683207995 0.027108137023308564
4 0.7329732433804622 0.4986928609929569 0.01380994292790536 0.02856150961864685
4 0.6937608860606985 0.4296353261465666 0.03212329528527036 0.01984127404661713
4 0.6154989530575907 0.5638317660724328 0.03383134449948209 0.0230208377489479
4 0.6315006346129566 0.48736846979329707 0.026455492142117266 0.0321230192372937
4 0.6311709948282044 0.44668890609096623 0.03880994292790554 0.029434528855940556
4 0.5125879687733563 0.5048238430216075 0.023257717535011223 0.030451391832631992
4 0.5644116420565547 0.6094369319516819 0.027581344499482085 0.02280258293962447
4 0.4169009412707664 0.6177182018219478 0.04266268899896399 0.04516865626060227
4 0.33502804900481475 0.5399776369384905 0.020351041356328814 0.035029764427970275
4 0.351594810791639 0.4924478725105203 0.027726893713693634 0.025927582939624473
4 0.38042397807898126 0.42257931661273773 0.016862168320799585 0.027108137023308564
4 0.4172047324222074 0.25461800109630833 0.03979024607105863 0.016989092558271413
4 0.48511136228216234 0.13330350708675812 0.017080492142117265 0.031795637023308565
4 0.5025150320507039 0.10374249265878785 0.026382717535011223 0.030560519237293703
4 0.5130180384608447 0.1276338604448027 0.024238020678164496 0.01800595553496285
4 0.5227954528527029 0.16954854193314844 0.01715326674922295 0.033358137023308566
4 0.4967231044242794 0.16419884302160756 0.01984161910658777 0.02409226442797028
4 0.5816439139775733 0.17297115309574135 0.018133569892376043 0.020912700725639423
4 0.580062143299409 0.15581093494690676 0.02111302067816432 0.017896828130301135
4 0.6262093972283503 0.1385490238769811 0.020569365177646404 0.03971726442797028
4 0.5379645345319033 0.14241312305867443 0.023548815963434677 0.03670139183263199
4 0.4210360537623258 0.21927077813815035 0.013882717535011224 0.030124009618646853
4 0.5499724605011889 0.6858456645284867 0.03880994292790554 0.029434528855940556
4 0.4537459698068137 0.6023461729660072 0.024601893713693812 0.025818455534962936
1 0.33799684532354235 0.6541219824919868 0.021695217535011312 0.030396828130301045
4 0.5782152386229512 0.8218005226958548 0.03197774607105863 0.01671627404661713
4 0.4991140119917121 0.33313981597976555 0.024456344499482086 0.022693455534962846