0 0.49609375 0.40078125 0.08984375 0.0875
6 0.459375 0.2703125 0.0734375 0.0609375
4 0.415625 0.31328125 0.04296875 0.015625
6 0.8 0.56875 0.11015625 0.0671875
2 0.48203125 0.61171875 0.071875 0.07109375
1 0.73203125 0.35 0.03125 0.0234375
1 0.71328125 0.346875 0.02578125 0.01875
1 0.6765625 0.3765625 0.028125 0.03125
1 0.6671875 0.3578125 0.03046875 0.01640625
1 0.79453125 0.38203125 0.0203125 0.02578125
1 0.5421875 0.365625 0.028125 0.02890625
1 0.5625 0.3359375 0.0328125 0.025
2 0.30625 0.38203125 0.0515625 0.028125
2 0.5828125 0.18671875 0.04453125 0.034375
7 0.9453125 0.446875 0.01640625 0.0453125
2 0.48359375 0.3328125 0.0234375 0.02890625
1 0.47265625 0.36015625 0.015625 0.02890625
2 0.4625 0.3578125 0.00234375 0.00078125
4 0.6265625 0.3734375 0.04140625 0.0203125
2 0.38984375 0.37734375 0.0265625 0.025
1 0.5265625 0.54296875 0.0828125 0.05
2 0.33203125 0.4765625 0.021875 0.021875
2 0.2421875 0.471875 0.0265625 0.01328125
2 0.55859375 0.42734375 0.028125 0.02578125
3 0.5140625 0.6953125 0.01796875 0.04140625
1 0.4953125 0.6671875 0.01953125 0.01953125
1 0.46328125 0.79453125 0.01796875 0.01796875
4 0.69296875 0.58671875 0.015625 0.02109375
1 0.2515625 0.18125 0.02421875 0.02109375
2 0.646875 0.25390625 0.034375 0.04375
3 0.82734375 0.4546875 0.0203125 0.046875
4 0.6890625 0.82890625 0.03046875 0.03203125
4 0.58203125 0.61484375 0.01875 0.021875
4 0.90390625 0.40546875 0.03125 0.0109375
4 0.85546875 0.38046875 0.02734375 0.0125
1 0.771875 0.34765625 0.015625 0.01796875
4 0.68671875 0.40859375 0.0109375 0.0140625
4 0.40078125 0.48046875 0.03125 0.0078125
2 0.259375 0.41015625 0.01953125 0.01484375