5 0.7084504706353832 0.32773445129395096 0.045569365177646405 0.039826159090609534
5 0.7033284770455239 0.35184410713814956 0.04698631596343468 0.036728432629559826
5 0.8467210661683225 0.44724020210472987 0.0449871683207995 0.027326159090609536
5 0.8995142723307943 0.3740032995069421 0.04266268899896417 0.04445911201270887
3 0.5339299677398991 0.4355354943146619 0.04204625889134021 0.06474433847375849
7 0.4715391296505579 0.43678830275664826 0.02979881596343468 0.036428423701106105
7 0.3943686999572188 0.3050786067344078 0.029580492142117176 0.03174092370110611
5 0.6813827406943751 0.09854182913497238 0.043788541356328994 0.03511138555165916
5 0.7372324803552928 0.09092992653718461 0.02198631596343468 0.036292056006354434
3 0.49967274586166155 0.571545132301953 0.04280823821317572 0.047584112012708776
4 0.4479496182780183 0.33255477028924413 0.03539384449948209 0.02247501785690744
7 0.7727120237785363 0.31636630316039005 0.03612159057054054 0.03810001785690744
7 0.8897539745643247 0.3152868185816655 0.04662244292790518 0.028915932629559826
2 0.44345697911243853 0.5377780584386911 0.04066354135632899 0.03505683847375849
2 0.49181955045255676 0.5034945616851021 0.05047518899896399 0.044595479707460584
2 0.5383413318840882 0.3794082252399384 0.05374573821317572 0.04777502678536125
3 0.08489519251362068 0.18024265340856666 0.05650686517764645 0.04001707386326192
2 0.24825364102309738 0.5367126160698985 0.05610875889134013 0.06498980032431163
4 0.3855994755977819 0.40172178165332995 0.0424443651776464 0.039771612012708776
4 0.33804807940288883 0.3361007357932452 0.029143844499481996 0.022365923701106107
4 0.3798459735308673 0.2111513287312306 0.028454639784752267 0.041088650162155814
2 0.44877575599585595 0.18269113798399586 0.03277826674922295 0.033357970779006776
4 0.33898768713693717 0.2557138064100962 0.042517139784752266 0.04133411201270878
4 0.38553962530733166 0.6015581404196279 0.044914393713693636 0.025763659090609535
4 0.13112814536632356 0.3683972183433748 0.04178939371369372 0.025709112012708778
4 0.08843122311658255 0.35672333279171564 0.035539393713693725 0.025600017856907444
4 0.22878020305759067 0.5878932865245938 0.030924668320799587 0.027080697240056396
4 0.6167168507002259 0.6040321241842782 0.04705909057054054 0.03829093262955983
4 0.6266398143062957 0.6494809918790299 0.03590326674922295 0.033412517856907444
4 0.7002763674494489 0.6382764849791711 0.03993579528527036 0.01943183847375849
4 0.6892104348606256 0.6185679569759939 0.034049668320799496 0.027135244317957153
4 0.7123546823794262 0.5791605835991993 0.03383134449948209 0.022447744317957152
2 0.6358563407754284 0.44512077434643393 0.027872442927905538 0.028588650162155817
4 0.5413314371369372 0.25924572970416526 0.044225188998964174 0.04448638555165916
4 0.608765032050704 0.13162133603483123 0.027872442927905538 0.028588650162155817
4 0.5635253066578099 0.13239290340527138 0.0371746683207995 0.02718979139585782
4 0.6731207845319034 0.17255602759284483 0.03212329528527036 0.01929547077900682
2 0.6786837338699495 0.22495432467074555 0.042080492142117086 0.031959112012708776
2 0.7410938426374551 0.24087537945928394 0.034267992142117266 0.031822744317957154
2 0.7860339691876412 0.3845123311635673 0.041862168320799496 0.02727161201270878
3 0.8284439853176917 0.17214474471840366 0.052037688998964174 0.04462275324641087
4 0.8567188426374553 0.24289362134160913 0.043788541356328634 0.03511138555165925
4 0.819392162944116 0.1118794005626023 0.030779119106588128 0.023955697240056483
2 0.8239299214211716 0.3266276931762761 0.026455492142117266 0.031686376623205434
4 0.8320378279551468 0.4001470137931271 0.030997442927905537 0.028643197240056394
4 0.8551179170779453 0.4934430462605312 0.029216619106588126 0.023928423701106104
4 0.7470914013621796 0.554006624995057 0.030924668320799497 0.027080697240056396
4 0.7318452369703214 0.5115872999139792 0.030162688998963995 0.044240923701106105
4 0.7837544933804622 0.5366924399298652 0.02830909057054054 0.03796365016215582
4 0.688418414596746 0.4507219379012703 0.045569365177646405 0.039826159090609534
4 0.67248735359571 0.49415829220334145 0.051382717535011224 0.030560253246410873
7 0.6576585661683225 0.44394010389173866 0.04727741439185813 0.042978432629560005
2 0.5819222038861602 0.29274006817792375 0.03455909057054054 0.03807274431795715
4 0.592425210296301 0.3171224594116258 0.04306079528527036 0.019486385551659158
4 0.2896513906088126 0.6880938839268061 0.04913101282028158 0.04925570616851012
4 0.30798832174989377 0.7633529825468344 0.02765411910658786 0.023901150162155816
4 0.3683093916422699 0.7847018770269473 0.029726041356328815 0.034865923701106104
5 0.13423829859053 0.703335280031772 0.0424443651776464 0.03977161201270896
2 0.09757520657224733 0.7206494650969639 0.045569365177646426 0.039826159090609534
2 0.11561888523212911 0.7560920872559425 0.03612159057054054 0.03810001785690744
5 0.15069589846669545 0.6544438124991763 0.05450771753501131 0.03061480032431163
4 0.20753444168505114 0.4837006643656153 0.029289393713693723 0.025490923701106106
4 0.19483754259467395 0.5295353157455871 0.026309942927905405 0.028561376623205348
4 0.19834999441391954 0.6217091789761119 0.029143844499481996 0.022365923701106107
2 0.17358101095825476 0.2575103112813602 0.03412244292790545 0.02869774431795715
2 0.1870270808506309 0.2780409995929629 0.027799668320799588 0.027026150162155815
2 0.2126413569054788 0.22462567329406902 0.05694351282028158 0.04939207386326192
2 0.1452333790313853 0.18519893465815476 0.04691354135632886 0.035165932629559825
4 0.2494136108344202 0.20965523822887716 0.026601041356328813 0.03481137662320544
4 0.3939020113725395 0.11069736119863464 0.036883569892376136 0.02093979139585782
2 0.44846323283649225 0.12570079829242137 0.03241439371369363 0.025545470779006773
4 0.6568408130679506 0.15822079220334145 0.046404119106587774 0.024228432629559826
4 0.685391806243525 0.28517875851812136 0.040299668320799495 0.02724433847375849
2 0.6105137766740205 0.20268781249588086 0.038591619106587774 0.0240920649348082
4 0.5584247377988909 0.2072428989410445 0.024601893713693812 0.025409103084255057
3 0.7908005901562557 0.20193165624464515 0.041609611248705033 0.05536933847375849
4 0.3746404350700226 0.06586610227018092 0.03633991439185813 0.04278751785690749
4 0.3259697644729114 0.395216637173217 0.03056079528527027 0.019268197240056482
4 0.3514406453663236 0.37224278733537275 0.029143844499481996 0.022365923701106107
4 0.5715585161255413 0.7406320973989169 0.0371746683207995 0.02718979139585791
4 0.5434463246453779 0.6566156075451867 0.035539393713693815 0.025600017856907444
4 0.5737524088057777 0.6704150547852431 0.03910104135632882 0.0350295649348082
4 0.6465970574818701 0.7762889537295828 0.03782963978475227 0.04125229139585791
4 0.7610555097154005 0.7197407191508585 0.0346318651776464 0.039635244317957154
4 0.7924317882514478 0.7062373266993405 0.0387371683207995 0.027217064934808022
4 0.6486090136443419 0.7021656611159092 0.038955492142117264 0.03190456493480802
4 0.8088144594677313 0.6222168827056949 0.028309090570540717 0.03796365016215582
4 0.8448418507002259 0.6080140608710278 0.05828768899896417 0.04473184740221221
4 0.9031659270027429 0.65352715827324 0.04607878742738762 0.050763659090609536
4 0.9534934127347192 0.661431161519651 0.025038541356328638 0.03478410308425524
4 0.9639386071103665 0.6342919630617785 0.03226884449948173 0.022420470779006864
2 0.9206744505763913 0.5601589878185449 0.03910104135632899 0.03502956493480802
4 0.8366674001238344 0.06378281979948155 0.02823631596343503 0.03640115016215577
4 0.5781892741928211 0.16231222848634927 0.021476893713693813 0.02535455600635439
4 0.5470976319268694 0.08136619155471832 0.023330492142117087 0.03163182954530477
2 0.23814658684648693 0.4537910219140972 0.03277826674922304 0.03335797077900686