2 0.7363565852170593 0.4534354921031641 0.10160219473518968 0.09119769262201594
4 0.008526740296535142 0.6873318283570271 0.017053480593070283 0.025136355386194253
4 0.007837259533828835 0.635819325331965 0.01567451906765767 0.022074987899751618
4 0.019464207179425347 0.5833619458434697 0.029161710344286263 0.029851126463433176
4 0.011763356901423654 0.5443585331774873 0.023526713802847307 0.020457945745273775
4 0.008875214478228494 0.5123454638956465 0.01775042895645699 0.02822499394987581
4 0.0056968953760110404 0.44445398194782326 0.011393790752022081 0.020467036104353475
1 0.04196423367311318 0.3863960422526736 0.012991073320977698 0.014135222872636887
4 0.02863585445435294 0.4325579699457707 0.01811508293962455 0.02666249394987581
4 0.04605402214770057 0.3363824067140541 0.023020837748947965 0.03293976502711464
4 0.05196671624991802 0.3683727500981958 0.028943455534962848 0.023601126463433174
4 0.10062496025946825 0.2946670845053472 0.027271828130301136 0.020467036104353475
4 0.10637396325469313 0.3313449278894889 0.029161710344286274 0.029851126463433176
4 0.11198655699409088 0.3719290212736306 0.028834328130301134 0.020476126463433175
4 0.04187744283627309 0.2770437681503726 0.02291171034428625 0.029814765027114644
4 0.14222961770119685 0.33347959963065765 0.030342264427970278 0.018922716822512696
4 0.15311998848243663 0.3795006267580207 0.027271828130301136 0.020467036104353475
4 0.1211953766868715 0.4437358435805335 0.024037700725639422 0.017323855386194253
4 0.12532980517999234 0.4148114128623742 0.025709328130301135 0.020457945745273775
4 0.08862841334736035 0.4368954911212054 0.030342264427970278 0.018922716822512696
4 0.14065968321762626 0.28896653034881686 0.022693455534962846 0.023564765027114642
4 0.1703025431990928 0.26770460870584395 0.028943455534962848 0.023601126463433174
4 0.15434023730131025 0.29982221711710033 0.02560020072563942 0.017332945745273866
4 0.18059271325469312 0.33091313583320703 0.032013891832631994 0.0220568071815924
4 0.20749995363604629 0.34325405454931374 0.028834328130301134 0.020476126463433175
4 0.17271572586856487 0.3551727924490653 0.024310519237293705 0.025136355386194253
4 0.20439231180341427 0.36514269008793315 0.027599210344286272 0.029842036104353476
4 0.16931541815668377 0.4301773376286052 0.022857146641955418 0.028252265027114733
4 0.16428068857510386 0.48488301834676434 0.02732639183263199 0.022029536104353476
4 0.1362003285936373 0.5061358496306576 0.03346726442797028 0.01894089754067192
4 0.15393097641671905 0.5575847201421624 0.028725200725639423 0.017351126463433175
4 0.12141608757931195 0.616355732144215 0.027599210344286272 0.029842036104353653
4 0.13932035019318367 0.6404653978352595 0.03206845553496285 0.02361930718159222
4 0.0912920779606651 0.6290284489667277 0.02581845553496285 0.023582945745273955
4 0.049853600826155864 0.5183545693800367 0.024419646641955416 0.028261355386194252
4 0.06691461525412615 0.49950912060970065 0.028779764427970277 0.018913626463433177
4 0.09252225046333615 0.5266983345053472 0.02296627404661713 0.03137726502711473
4 0.19768097641671903 0.557330190087933 0.02581845553496285 0.023582945745273774
4 0.2024329638028473 0.5330887141902341 0.028834328130301134 0.020476126463433175
4 0.18158475046333616 0.5261801840378089 0.025873019237293703 0.025145445745273776
4 0.19672116634258524 0.47297791598563227 0.016552582939624562 0.026653403590796286
4 0.1860192793192767 0.4886620033196497 0.024037700725639422 0.017323855386194253
4 0.20471720481717265 0.42294155454931365 0.01951389183263199 0.02198408430895533
4 0.2042856735989794 0.30109382562655257 0.03206845553496285 0.023619307181592396
4 0.22215273067788832 0.3486364461380574 0.027708337748947896 0.032967036104353475
4 0.2237995654316114 0.27910974131759714 0.021185519237293705 0.02511817466803503
4 0.23928072169221362 0.2384029280858806 0.02452877404661713 0.031386355386194255
4 0.2133531387525891 0.26511087383115445 0.019786710344286185 0.02979658430895542
4 0.20208825653860396 0.27454950634471176 0.021294646641955416 0.028243174668035033
4 0.13625734837908515 0.6834432381943392 0.016334328130301133 0.020403403590796287
4 0.11301082133724313 0.6781108435805334 0.027380955534962847 0.023592036104353474
4 0.08842004910472456 0.6665375393258073 0.023928573320977708 0.014198855386194253
4 0.09152520173712973 0.7118227682485685 0.026145837748947964 0.032957945745273776
4 0.11992302024878403 0.7038466417851353 0.027708337748947987 0.032967036104353656
2 0.10697658694633976 0.7390710694782324 0.022857146641955418 0.028252265027114733
4 0.14697410436953492 0.7568034701421624 0.02409226442797028 0.018886355386194254
4 0.20766112242570225 0.6517841720357563 0.024310519237293705 0.025136355386194253
4 0.21820675282558888 0.6853097443426592 0.020858137023308566 0.015743174668035032
4 0.22439226543946061 0.709487587726801 0.02592758293962456 0.026707945745273777
4 0.24395328649085282 0.6414188437769252 0.02560020072563942 0.017332945745273776
4 0.2338689583605517 0.6617858859314029 0.02861607332097771 0.014226126463433176
4 0.22543395418420045 0.5454523588040399 0.028834328130301134 0.020476126463433175
4 0.22905746198874874 0.5758938377268009 0.03050595553496276 0.023610216822512697
4 0.23840766933781016 0.5094466811109427 0.03390377404661713 0.0314408975406721
4 0.2503521086307042 0.5476506630587659 0.027599210344286272 0.029842036104353653
4 0.25557781117044215 0.48747623234060666 0.01499008293962456 0.026644313231716586
4 0.27815221561694586 0.48968817213395227 0.020858137023308566 0.015743174668035032
4 0.2701388189749904 0.5178540787498106 0.03346726442797028 0.018940897540672096
4 0.2870634241471336 0.5029148799794745 0.025709328130301135 0.020457945745273775
1 0.2998932955613455 0.426293292645457 0.012991073320977709 0.014135222872636887
4 0.29594240554281204 0.40522681372269587 0.0414980192372937 0.025236349336070062
4 0.2673908196079626 0.3952387353656688 0.03206845553496285 0.023619307181592396
4 0.3218079902965351 0.3355592083365016 0.024037700725639422 0.017323855386194253
4 0.32618795545014484 0.29960352761834236 0.03363095553496285 0.02362839754067192
4 0.33789927096657424 0.25501319028432484 0.030342264427970278 0.018922716822512696
4 0.33557287913394224 0.27689728064340446 0.02716270072563942 0.017342036104353475
4 0.36559519583149797 0.31187172346181213 0.030342264427970278 0.018922716822512696
4 0.3423933088081894 0.32762853366846656 0.028834328130301134 0.020476126463433175
4 0.3439508635248456 0.21592341920708602 0.028779764427970277 0.018913626463433177
4 0.29301584610165043 0.19825465105671342 0.030724210344286275 0.0298602168225127
4 0.2716988960089832 0.0929313468019873 0.03206845553496285 0.02361930718159235
4 0.4665624735063122 0.19412062119887583 0.03374008293962447 0.02675339754067201
4 0.47942706125526013 0.1612399435057787 0.03206845553496294 0.02361930718159235
4 0.4262623665200705 0.25215583499632643 0.027271828130301046 0.020467036104353475
4 0.37162445182194775 0.3852592264868743 0.027380955534962847 0.023592036104353474
4 0.3906968887525891 0.26407911807561785 0.03562996515360961 0.036137487899751616
4 0.3722841946503716 0.23216149756411308 0.021185519237293705 0.02511817466803503
4 0.4049702090783419 0.21322514520298091 0.028834328130301047 0.020476126463433088
4 0.41313982922660947 0.38189333197126435 0.03217758293962447 0.026744307181592396
4 0.42119537668687157 0.4419904946372468 0.03595734736759475 0.04551248789975162
4 0.3837796783234848 0.6187348018188391 0.028779764427970277 0.018913626463433177
4 0.33433026063013715 0.7150967174116879 0.0340674651536097 0.0361283975406721
4 0.34005447097442343 0.6853819463344492 0.030342264427970278 0.018922716822512696
4 0.3023362161651 0.6918501149523599 0.039136911069925694 0.04709316861791084
4 0.26810754910472456 0.6654921480316512 0.02716270072563933 0.017342036104353475
4 0.2510465346767543 0.6843375968019874 0.024419646641955416 0.028261355386194252
4 0.2612895755135944 0.7936307835702707 0.03346726442797028 0.01894089754067192
4 0.258172009997165 0.8381711239293503 0.02749008293962456 0.026717036104353654
4 0.21028014702047354 0.8228279250608186 0.029161710344286274 0.029851126463433176
4 0.21915663921592526 0.7923137232654204 0.03061508293962456 0.026735216822512696
4 0.26204603286265576 0.7272336239293503 0.032395837748947984 0.032994307181592394
4 0.3018897828626558 0.7270018197728201 0.0356299651536097 0.036137487899751616
4 0.2969616914855107 0.84575636495236 0.03261409255827141 0.03924430718159257
4 0.10043392106709066 0.7922233405554714 0.0336855192372937 0.025190897540672098
4 0.12368044810893268 0.7975557351692771 0.025709328130301135 0.020457945745273775
4 0.050505842936789544 0.8128221868664793 0.026200401451278842 0.03452044574527378
4 0.03235604366242896 0.7957437711754347 0.02759921034428626 0.029842036104353653
4 0.005327329226609466 0.7779750090751862 0.010654658453218932 0.018886355386194254
4 0.02762639284412231 0.7075079729708328 0.030342264427970268 0.018922716822512696
4 0.06878959538386027 0.6471244639938424 0.024310519237293705 0.025136355386194253
4 0.05562739647231938 0.6214250272255589 0.020967264427970277 0.01886817466803503
4 0.27306046624991803 0.36708646428842995 0.03061508293962447 0.026735216822512696
4 0.23870282441728605 0.3891569070086417 0.02296627404661713 0.03137726502711473
4 0.3683779115332618 0.47822797648687426 0.030396828130301135 0.020485216822512697
4 0.33440965010051643 0.5338830788480065 0.027708337748947987 0.032967036104353475
4 0.3335639127143882 0.5581018288480063 0.0370833377489479 0.03302157825883114
4 0.35531242714235844 0.5392291090004315 0.028998019237293705 0.025163626463433175
4 0.309712239663563 0.45826091013189973 0.028834328130301047 0.020476126463433175
4 0.3341963736916466 0.40578534992524523 0.02716270072563942 0.017342036104353475
2 0.39179310808255 0.34452514217791885 0.01951389183263199 0.02198408430895542
4 0.4002553609929569 0.706121172330344 0.032013891832631994 0.022056807181592218
4 0.43002221734622637 0.7707785699692118 0.024310519237293705 0.025136355386194253
4 0.342529651829797 0.8158097897185907 0.02716270072563942 0.0173420361043533
4 0.4391690719702154 0.5535819796101322 0.025982146641955417 0.028270445745273775
4 0.40520329973769675 0.5420632175098838 0.027490082939624648 0.026717036104353477
4 0.48137890853803694 0.4408592658126816 0.03206845553496294 0.023619307181592396
4 0.43314725046333613 0.5247166362259905 0.016498019237293705 0.02509090359079611
4 0.46420382142206124 0.35113369048071663 0.028943455534962935 0.023601126463433174
4 0.4440178069940909 0.3699973199692118 0.030233137023308564 0.015797716822512697
4 0.4921403376641299 0.2892649495559029 0.028834328130301047 0.020476126463433175
4 0.44713786171074704 0.25828311514875163 0.030396828130301045 0.020485216822512697
4 0.4215302265015371 0.2310939012531051 0.024474210344286363 0.029823855386194253
4 0.5189335053574776 0.19303484416970865 0.035193455534962934 0.02363748789975162
4 0.5463764590783419 0.21240246770627552 0.028943455534962758 0.023601126463433087
4 0.5530059157944311 0.26860247073133764 0.02872520072563951 0.017351126463433175
4 0.5221700888452563 0.3687615520152309 0.03880952885594056 0.037718168617910844
4 0.5264111555428121 0.4038859857584523 0.03379464664195524 0.02831589754067192
4 0.5081571741471336 0.5016285941697086 0.030342264427970278 0.018922716822512696
4 0.5274726585380369 0.44059110021983283 0.03535714664195542 0.02832498789975162
4 0.5656968556354792 0.5091047508837627 0.03201389183263181 0.0220568071815924
4 0.5872246591710091 0.3176121424725064 0.028943455534962758 0.023601126463433174
4 0.5634374403892024 0.43960077196100167 0.03357639183263199 0.0220658975406721
4 0.5991938911148418 0.42220873888171023 0.044786710344286364 0.029942030054229286
4 0.6115698947430388 0.33621669672723253 0.030451391832631992 0.0220477168225127
4 0.590957294380219 0.3449286213952676 0.02560020072563951 0.017332945745273953
4 0.6186036008261558 0.5150456786750558 0.03374008293962447 0.026753397540672096
4 0.5480083586307043 0.5459189496540988 0.02872520072563951 0.017351126463433175
4 0.6084622197932971 0.604149085290914 0.03061508293962447 0.026735216822512696
4 0.5480232275978454 0.6349632689359395 0.03061508293962447 0.026735216822512696
4 0.5712151909373565 0.6418581635497452 0.032013891832631994 0.0220568071815924
4 0.48860358757931194 0.6142194977605048 0.030342264427970278 0.018922716822512696
4 0.44437987242570226 0.6504069826351943 0.022857146641955418 0.028252265027114733
4 0.4456769883976186 0.7027325519170351 0.028998019237293705 0.025163626463433175
4 0.43324147578374694 0.6785910699692119 0.0230208377489479 0.03293976502711473
4 0.44162440545799403 0.7293132326351943 0.03061508293962447 0.026735216822512696
4 0.46957827986743084 0.6893149465308408 0.02560020072563951 0.017332945745273953
4 0.5838665022774346 0.48087975693388696 0.027108137023308564 0.015779536104353474
4 0.5906919103521355 0.39726328103618797 0.027380955534962937 0.023592036104353474
4 0.6231125076349123 0.6767053413410382 0.030505955534962936 0.023610216822512697
4 0.5832687576349123 0.6769371454975686 0.02409226442797028 0.018886355386194254
4 0.5312871061836335 0.7116075821676561 0.025709328130301044 0.020457945745273952
4 0.5402429547323546 0.7459234948336386 0.027599210344286362 0.029842036104353476
4 0.5493897762392338 0.774770657499621 0.02560020072563951 0.017332945745273953
4 0.5374974114484438 0.8021780400131784 0.02716270072563951 0.017342036104353652
4 0.508744928871639 0.8203104164766115 0.028834328130301047 0.020476126463433175
4 0.7228719162577673 0.7948508324622436 0.035084328130301046 0.02051248789975162
4 0.6323262726110367 0.8602081877502421 0.03190476442797028 0.01893180718159222
4 0.5723337137180293 0.8558706665748073 0.022584328130301045 0.020439765027114733
4 0.6394989102673174 0.7219133022116226 0.02581845553496276 0.023582945745273774
4 0.6534076428441222 0.7038672841594459 0.02409226442797028 0.018886355386194254
4 0.6886829439325813 0.6778860462596944 0.03072421034428636 0.0298602168225127
4 0.6637747131698751 0.653036037184508 0.02420139183263199 0.022011355386194253
4 0.6529314716073956 0.5609303504162245 0.03702877404661713 0.03145907825883114
4 0.6608084589935238 0.5366706938003662 0.027599210344286362 0.029842036104353476
4 0.6337350383049514 0.5961911395456402 0.028779764427970277 0.018913626463433177
4 0.7352231272350258 0.6424661758463854 0.027380955534962937 0.023592036104353474
4 0.7359026843139345 0.690108790307766 0.03206845553496294 0.02361930718159222
4 0.7530058495602114 0.7595264108192707 0.028943455534962935 0.023601126463433174
4 0.8518129488267228 0.3457542814289714 0.03374008293962447 0.02675339754067201
4 0.9216343755057451 0.3594077152703886 0.027708337748947896 0.032967036104353475
4 0.8722866507334885 0.408122471222317 0.033412700725639156 0.017378397540672098
4 0.8535267270496913 0.4308832603517326 0.028725200725639156 0.017351126463433175
4 0.7881720894782285 0.24458266686939495 0.03826389183263181 0.02209316861791084
4 0.7598734746874385 0.27208549815328825 0.030342264427970278 0.018922716822512696
4 0.767348668789656 0.30406675117835036 0.028834328130301047 0.020476126463433175
4 0.7959275365756708 0.31327357953537743 0.035138891832631816 0.022074987899751618
2 0.709102148371236 0.24972923000291564 0.02296627404661713 0.031377265027114645
4 0.7783382101746502 0.6156582361512357 0.03384921034428619 0.029878397540671918
4 0.7982811440252486 0.782695745226422 0.025927582939624473 0.026707945745273777
4 0.6964234889457728 0.9035763926688982 0.025818455534962936 0.023582945745273774
4 0.6640648567317876 0.9131377450300302 0.023983137023308565 0.015761355386194255
4 0.6846873807784049 0.8817741155415352 0.03374008293962447 0.026753397540672096
4 0.6673758844066018 0.79595479020957 0.02296627404661713 0.031377265027114555
4 0.6272766740623156 0.8258695491865605 0.029161710344286183 0.029851126463433176
4 0.5728892744251353 0.8175939617543472 0.02296627404661713 0.03137726502711473
4 0.6326015803229177 0.7852218232888615 0.027708337748947896 0.032967036104353475
4 0.59907726299239 0.8728990852909142 0.03384921034428636 0.0298783975406721
4 0.5835787485644196 0.8917354437021704 0.02932540145127884 0.03453862646343318
4 0.5524006704341184 0.9122252057042228 0.025709328130301044 0.020457945745273775
4 0.49382676780171336 0.8672626845287883 0.02716270072563951 0.0173420361043533
2 0.4265499877646464 0.8254751603282914 0.030396828130301045 0.020485216822512697
2 0.4415127888531055 0.7996120970965748 0.022529764427970278 0.01887726502711473
2 0.44782478703900697 0.8425353953011768 0.029107146641955416 0.02828862646343282
2 0.4164110959320144 0.8474047024827691 0.026309528855940557 0.03764544574527377
4 0.22780007386913187 0.18691769613805734 0.021676592558271413 0.03918067466803503
4 0.25171128902274154 0.15084838593140287 0.021240082939624472 0.02668067466803503
4 0.25905007386913187 0.18673588895646498 0.02581845553496285 0.023582945745273864
4 0.2303695131620259 0.2251762202403583 0.02296627404661713 0.031377265027114645
4 0.18969492786014866 0.09262734065366722 0.032286710344286276 0.029869307181592353
4 0.16582340744172858 0.03808983157848091 0.024419646641955416 0.028261355386194276
4 0.12275790980398131 0.19768300019639173 0.024037700725639422 0.017323855386194298
4 0.07666160436953492 0.7572125363007453 0.03664682813030114 0.020521578258831143
4 0.19454359664980464 0.401130187062871 0.019786710344286272 0.02979658430895533
4 0.2318377547245054 0.3173364491631195 0.028834328130301134 0.020476126463433175
4 0.18830352033360204 0.3785148436787293 0.021294646641955416 0.028243174668035033
4 0.816778205998299 0.49905199825148416 0.04037202885594056 0.037727258976990544
4 0.1673536471901096 0.17320972014216243 0.022529764427970278 0.01887726502711464
4 0.24301833530187725 0.1313716780858806 0.02716270072563942 0.017342036104353475
4 0.20668896570176382 0.16516996116517196 0.01800595553496285 0.02353749394987581
4 0.19437001497612444 0.18242563885826915 0.026309528855940557 0.03764544574527386
4 0.7171725647986392 0.398870711950739 0.02716270072563951 0.017342036104353475
4 0.7874206105296208 0.17663209758755422 0.03530258293962465 0.02676248789975162
4 0.7636904446503717 0.22988436261466885 0.029052582939624472 0.026726126463433086
4 0.8377455035433791 0.234140070558387 0.038263891832632166 0.02209316861791084
4 0.9058109680640165 0.32044520922026437 0.03384921034428601 0.029878397540671918
4 0.925054530585221 0.2390997604499284 0.027708337748948254 0.032967036104353475
4 0.8854315245947714 0.16590770014507808 0.027981156260602092 0.040779536104353475
4 0.8416641664274034 0.1442917753788472 0.0336855192372937 0.025190897540671962
4 0.8426463130693588 0.11616677537884719 0.0016170637023307677 0.001571590359079611
4 0.7570560426509386 0.06198833548730578 0.02888889183263199 0.02203862646343313
4 0.75008679083684 0.10498890174408446 0.027326391832631813 0.022029536104353476
4 0.4056671574417286 0.03669446145975958 0.03546627404661713 0.031449987899751584
4 0.44071428003706686 0.039614928380468185 0.032013891832631994 0.022056807181592353
4 0.3593353052648104 0.08851603669352867 0.030669646641955418 0.028297716822512742
4 0.3212103118882323 0.03952909085005894 0.025709328130301135 0.020457945745273886
2 0.23087548856725465 0.054114286497136954 0.016443455534962757 0.023528403590796176
4 0.2706646748649238 0.055444982340606706 0.03050595553496276 0.023610216822512742
4 0.6694964674310444 0.4444513775435876 0.028943455534962935 0.023601126463433174
4 0.6795807955613455 0.42408433538910995 0.035248019237293704 0.02519998789975162
4 0.6458432018219478 0.38366386846840134 0.029161710344286364 0.029851126463433086
2 0.8041417636253619 0.7490747241491832 0.024474210344286006 0.029823855386194253
4 0.8359448682493511 0.5317463235834492 0.03206845553496294 0.02361930718159222
4 0.8562499337657805 0.48710598927449367 0.03206845553496294 0.02361930718159222
4 0.8375470629845406 0.44113041394252867 0.0257093281303014 0.020457945745273775
4 0.8200693863055184 0.42717245307194435 0.01767857332097762 0.01416249394987581
4 0.7218625208817562 0.5777133294371816 0.020858137023308566 0.015743174668035032
1 0.8213962402117172 0.6575866609174665 0.07465774881887341 0.08010565651766229
4 0.8130728195231447 0.7169980223537851 0.0370833377489479 0.03302157825883114
4 0.5641988099044978 0.7309433894474443 0.022693455534962936 0.023564765027114732
4 0.47791902560626165 0.8978177929400445 0.016443455534962938 0.023528403590795933
4 0.638591141578178 0.9492161455957643 0.02296627404661713 0.03137726502711473
4 0.5182984889457727 0.9046126936039744 0.019950401451278844 0.034484084308955686
4 0.3405381760460501 0.1347097806434045 0.035684528855940555 0.037699987899751576
4 0.2906547379342824 0.17639783177487262 0.03379464664195542 0.028315897540671965
4 0.10414186297669144 0.015356834407151276 0.02609127404661713 0.030713668814302552
4 0.09507439782308176 0.050998897737063696 0.025873019237293703 0.025145445745273887
4 0.07666664900420811 0.13077730132785986 0.02080357332097771 0.01418067466803503
4 0.06250245608311701 0.1785062742004968 0.02420139183263199 0.022011355386194253
4 0.08166168385059842 0.1666784398915414 0.024365082939624562 0.026698855386194254
4 0.10171872350631217 0.1962432200439666 0.024310519237293705 0.025136355386194253
4 0.10610861234371924 0.13763583450534714 0.022693455534962846 0.023564765027114642
4 0.11412944346924528 0.15399208753040924 0.022638891832631992 0.022002265027114644
4 0.15319194346924528 0.1537648285534188 0.01940476442797028 0.018859084308955422
2 0.15333827640886982 0.12720687373295864 0.028943455534962848 0.023601126463433087
2 0.3083482133395111 0.006172211066976125 0.027053573320977707 0.01234442213395225
4 0.3702033725953383 0.0020841538853837707 0.025218254809323427 0.004168307770767541
4 0.3475371989115409 0.02375409992524525 0.01940476442797028 0.018859084308955408
4 0.42037200898567467 0.10768821750988378 0.01951389183263199 0.02198408430895542
4 0.48500991706037555 0.023735398326238888 0.02236607332097762 0.014189765027114642
4 0.607120530037067 0.03864680513848889 0.02560020072563951 0.017332945745273887
4 0.6346998930137584 0.054108178675055775 0.027599210344286362 0.02984203610435352
4 0.6317757896557138 0.026005904572754823 0.025818455534962936 0.023582945745273885
4 0.6520981802224013 0.24927977810932173 0.027435519237293704 0.025154536104353475
2 0.38972459956021155 0.7616399193052819 0.02452877404661713 0.031386355386194255
4 0.18840020173712974 0.7112591659856322 0.016552582939624562 0.026653403590796286
4 0.1686407732440089 0.7402745002945876 0.017842264427970277 0.01884999394987581
4 0.17450633812746613 0.8183495033196497 0.02576389183263199 0.022020445745273776
4 0.18694185074133784 0.842490985267473 0.021185519237293705 0.02511817466803521
4 0.6984175532810758 0.7793712782075175 0.03379464664195542 0.028315897540672097