7 0.02734375 0.2901326943756475 0.0390625 0.0346318651776464
4 0.02890625 0.6517786697685416 0.03125 0.07020549214211727
2 0.08203125 0.48524183312694247 0.0515625 0.05865156203449331
2 0.13359375 0.5656527710924492 0.0625 0.07322348428423417
2 0.1453125 0.4385444615391553 0.053125 0.055599336641599176
7 0.17421875 0.49188563130769686 0.0546875 0.04004711124870504
7 0.1328125 0.3789704083960021 0.0265625 0.05904966832079959
7 0.03515625 0.1460188213401182 0.0296875 0.03263271753501131
4 0.09765625 0.3493578370558839 0.0328125 0.03434076674922295
2 0.08125 0.23293447043049542 0.0765625 0.12700345574818703
2 0.21015625 0.1238055653442622 0.0453125 0.05992296360606986
2 0.271875 0.1599934683635808 0.0875 0.174387877997928
2 0.30859375 0.17078326509659317 0.059375 0.06995293507002262
4 0.30546875 0.1123350643108049 0.034375 0.06722604135632886
4 0.384375 0.12584744665195907 0.0234375 0.04952911910658786
2 0.36953125 0.07888255541946473 0.0546875 0.058797111248705014
1 0.42578125 0.17938766956365387 0.0421875 0.05821491439185813
4 0.4359375 0.06172713461746578 0.05 0.07420378742738745
4 0.403125 0.01279636776354429 0.0265625 0.02559273552708858
4 0.52890625 0.020395871175757065 0.025 0.04079174235151413
2 0.64921875 0.03328326509659316 0.0640625 0.06656653019318633
2 0.60078125 0.19076816356779785 0.065625 0.076494033498446
4 0.5625 0.060519891441891335 0.034375 0.03128854135632886
2 0.46796875 0.27195400517179574 0.0453125 0.05992296360606986
4 0.5515625 0.3625918136916323 0.0546875 0.058797111248705035
4 0.4921875 0.2200447487616549 0.028125 0.04505994292790545
2 0.4828125 0.1728251464042901 0.03125 0.03583049214211718
1 0.4734375 0.4427930440469252 0.034375 0.04066354135632881
4 0.471875 0.5577095686540311 0.0296875 0.035757717535011224
4 0.42578125 0.5434501695636539 0.028125 0.06849744292790536
2 0.50546875 0.5967699146012551 0.0640625 0.06235875889134022
5 0.54453125 0.6519817994236087 0.025 0.02772689371369381
2 0.55390625 0.5429514017809736 0.0328125 0.07496576674922295
2 0.53671875 0.510158172459138 0.0453125 0.07867296360606986
1 0.53125 0.4276003835840084 0.0234375 0.038591619106587774
2 0.6640625 0.4503207919800106 0.046875 0.07249573821317572
2 0.69296875 0.2927244617485522 0.0609375 0.07627570967712849
2 0.62109375 0.3648220936754217 0.0265625 0.0387371683207995
4 0.63203125 0.25259392142568066 0.028125 0.03724744292790545
5 0.54375 0.31451818672716164 0.034375 0.043788541356328814
5 0.4640625 0.7041671916895604 0.025 0.026164393713693813
4 0.33046875 0.5775769205971112 0.05625 0.0573073858558109
3 0.35234375 0.6820268260976292 0.0640625 0.06860875889134022
4 0.27421875 0.48488430645292196 0.03125 0.07176799214211727
4 0.23046875 0.41817199545188605 0.0296875 0.03888271753501123
4 0.215625 0.3829258542193917 0.0296875 0.05450771753501123
2 0.0421875 0.38553508560814187 0.0265625 0.0590496683207995
2 0.20078125 0.5851797129868974 0.0578125 0.06519266046291676
2 0.2453125 0.5065431366843803 0.05 0.08514128742738744
2 0.2265625 0.5261664319696507 0.0421875 0.04258991439185813
4 0.2640625 0.5791073413991101 0.040625 0.04407963978475227
2 0.41953125 0.47108501799207725 0.059375 0.060577935070022446
4 0.40390625 0.43587526406313587 0.03125 0.031142992142117087
4 0.39140625 0.37864496091998273 0.0203125 0.049383569892376133
4 0.23515625 0.25857867163056847 0.021875 0.046331344499481994
4 0.01484375 0.3641523912324943 0.021875 0.029143844499481996
4 0.00859375 0.3527247396609178 0.0171875 0.038300520678164494
4 0.221875 0.19357225579096826 0.0234375 0.05265411910658786
2 0.31875 0.24531023015040504 0.0375 0.04393409057054054
2 0.33359375 0.2547751213828994 0.0328125 0.03434076674922295
2 0.36328125 0.2760486538478881 0.0421875 0.03790241439185813
4 0.36953125 0.21247630541946472 0.028125 0.02630994292790545
4 0.35703125 0.14743350227631158 0.028125 0.04193494292790545
4 0.396875 0.1987027497951122 0.0296875 0.03263271753501127
4 0.4046875 0.24990137675958293 0.0171875 0.04455052067816441
4 0.41640625 0.243105567206289 0.0171875 0.04923802067816441
2 0.4296875 0.2354557330458892 0.0265625 0.03561216832079959
4 0.44140625 0.3927224234925953 0.0203125 0.036883569892376136
2 0.765625 0.1612154425181299 0.0703125 0.08608735731976358
2 0.65625 0.0905284150155399 0.0625 0.0857234842842343
2 0.90078125 0.05435128226010093 0.0953125 0.10870256452020186
4 0.93984375 0.3163823238258268 0.0546875 0.07285961124870503