2 0.21953125 0.0078125 0.0703125 0.015625
2 0.37109375 0.05 0.03203125 0.0296875
2 0.1171875 0.1046875 0.05078125 0.02734375
2 0.1921875 0.12421875 0.04921875 0.034375
2 0.2875 0.2578125 0.03671875 0.0421875
2 0.221875 0.203125 0.02109375 0.0234375
2 0.61015625 0.14609375 0.0328125 0.02265625
2 0.5859375 0.328125 0.04296875 0.01953125
2 0.371875 0.24296875 0.02421875 0.01484375
2 0.3578125 0.2515625 0.0234375 0.01796875
2 0.64921875 0.12421875 0.0546875 0.01796875
2 0.6734375 0.075 0.02890625 0.01796875
2 0.70625 0.02890625 0.02890625 0.02109375
2 0.53203125 0.53671875 0.03984375 0.04140625
2 0.48671875 0.6046875 0.03046875 0.03203125
2 0.534375 0.58984375 0.03203125 0.03046875
2 0.49609375 0.39375 0.0375 0.021875
2 0.30234375 0.425 0.03828125 0.0171875
2 0.35546875 0.428125 0.01796875 0.01796875
2 0.26796875 0.43515625 0.03828125 0.009375
1 0.4875 0.7546875 0.0234375 0.01484375
2 0.375 0.72109375 0.040625 0.01875
2 0.42109375 0.74375 0.02109375 0.02109375
2 0.5375 0.628125 0.03671875 0.02109375
2 0.13046875 0.74765625 0.0515625 0.02109375
2 0.1671875 0.70546875 0.02421875 0.01484375
2 0.19765625 0.746875 0.0296875 0.01875
2 0.24375 0.7 0.03984375 0.0203125
2 0.03046875 0.57265625 0.028125 0.0140625
2 0.05625 0.59765625 0.0203125 0.01796875
2 0.1203125 0.51875 0.01953125 0.015625
2 0.1953125 0.47890625 0.02265625 0.015625
2 0.228125 0.31953125 0.0328125 0.0140625
2 0.71171875 0.1546875 0.02265625 0.0296875
2 0.61640625 0.03125 0.0421875 0.0203125
2 0.6328125 0.3734375 0.02890625 0.02578125
2 0.58203125 0.34296875 0.040625 0.025
2 0.52890625 0.44375 0.025 0.025
2 0.390625 0.490625 0.01796875 0.01171875
2 0.40078125 0.48125 0.02109375 0.01328125
2 0.46171875 0.46953125 0.01171875 0.009375
2 0.1625 0.5609375 0.015625 0.01484375
2 0.25078125 0.490625 0.01875 0.01484375
2 0.12109375 0.49765625 0.0203125 0.00625
2 0.27421875 0.64296875 0.02578125 0.01953125
2 0.16171875 0.615625 0.03125 0.009375
2 0.2359375 0.59453125 0.01796875 0.00859375
2 0.6015625 0.6609375 0.015625 0.0140625
2 0.61640625 0.70390625 0.01640625 0.01171875
2 0.5203125 0.72734375 0.0171875 0.01640625
2 0.484375 0.7359375 0.0296875 0.0171875
2 0.315625 0.74453125 0.01640625 0.01015625
2 0.0296875 0.715625 0.01953125 0.01328125
2 0.03515625 0.63359375 0.0234375 0.009375
2 0.10625 0.41953125 0.0234375 0.015625
2 0.36171875 0.38984375 0.02578125 0.01171875
2 0.3640625 0.41171875 0.01796875 0.01015625
2 0.471875 0.35078125 0.02734375 0.01015625
1 0.03203125 0.11640625 0.03359375 0.0203125
2 0.42578125 0.46484375 0.03671875 0.009375
2 0.63203125 0.6015625 0.0375 0.01953125
2 0.64921875 0.6390625 0.01953125 0.00859375
2 0.58359375 0.6296875 0.02890625 0.015625
2 0.3390625 0.690625 0.0203125 0.0109375
2 0.38515625 0.70703125 0.03359375 0.009375
2 0.4625 0.68515625 0.021875 0.00625
2 0.33203125 0.77578125 0.03203125 0.02265625
2 0.05234375 0.78203125 0.03125 0.01640625
2 0.25546875 0.78828125 0.01640625 0.01484375
2 0.6171875 0.74609375 0.04765625 0.0359375
2 0.3703125 0.8046875 0.03203125 0.0203125
2 0.490625 0.64140625 0.02265625 0.0265625
2 0.37421875 0.64609375 0.01796875 0.0140625
2 0.58828125 0.74765625 0.02421875 0.02265625
2 0.44296875 0.57265625 0.03046875 0.01171875
2 0.575 0.3984375 0.03046875 0.0140625
2 0.46171875 0.27734375 0.0328125 0.01484375
2 0.41796875 0.15 0.025 0.0203125
2 0.45 0.14140625 0.02890625 0.01875
2 0.496875 0.0671875 0.01875 0.01796875
2 0.5859375 0.7875 0.01328125 0.0109375
2 0.53203125 0.05546875 0.02109375 0.0125
2 0.7171875 0.4859375 0.02109375 0.0171875
7 0.80390625 0.59453125 0.0140625 0.0171875
3 0.02109375 0.675 0.03984375 0.02421875
3 0.21015625 0.64296875 0.03203125 0.021875
2 0.16328125 0.6484375 0.01796875 0.0140625
2 0.12109375 0.6734375 0.01953125 0.0109375
2 0.24375 0.628125 0.0109375 0.0140625
2 0.17578125 0.459375 0.015625 0.01015625
2 0.11171875 0.44140625 0.009375 0.0109375
4 0.4046875 0.41953125 0.01640625 0.0140625
4 0.5296875 0.471875 0.01796875 0.0171875
4 0.6640625 0.28046875 0.028125 0.0234375
4 0.59453125 0.0953125 0.0234375 0.01953125
2 0.57109375 0.1640625 0.015625 0.0140625
4 0.7125 0.40703125 0.04140625 0.01640625
4 0.42890625 0.5109375 0.03671875 0.01171875
4 0.36484375 0.5640625 0.02265625 0.00625
4 0.36328125 0.55078125 0.01953125 0.01328125
4 0.41015625 0.840625 0.01953125 0.02109375
5 0.59921875 0.49453125 0.040625 0.0109375
4 0.74375 0.58359375 0.0328125 0.0265625
4 0.18984375 0.55703125 0.01953125 0.025
5 0.19609375 0.6078125 0.0171875 0.01328125
4 0.271875 0.71796875 0.03203125 0.009375
5 0.1984375 0.765625 0.01953125 0.02734375
5 0.39453125 0.51015625 0.0390625 0.01796875
5 0.33515625 0.46328125 0.03125 0.02890625
7 0.25546875 0.5015625 0.0703125 0.0109375
7 0.21015625 0.446875 0.025 0.01953125
4 0.509375 0.228125 0.03046875 0.025