0 0.5992527523742684 0.9173941166026799 0.1794554824490227 0.15414312021691715
2 0.8202412022951261 0.8882161975919857 0.16034176959604132 0.14153403590796146
2 0.5318583153855345 0.9888953701187212 0.04760242570596294 0.022209259762557564
7 0.8679322077054025 0.9945691740788598 0.041079641066226816 0.010861651842280296
2 0.9035454472805611 0.9324434414436655 0.06161946159934004 0.023792024004104916
7 0.9304930775262352 0.7310718389843375 0.03358538981258548 0.026753397540672096
2 0.4734116664017488 0.8877606378763104 0.06334709765100222 0.08316702400410492
2 0.35385636968781886 0.6714765868430381 0.07774456677218974 0.041070427594901204
2 0.8129047607540457 0.689769607232906 0.0751196719450391 0.05823974687674198
1 0.3389086342692952 0.8557334121750031 0.04162521034569906 0.03461134933607006
4 0.9233204573761981 0.37718376970249673 0.03367631802583091 0.029878397540671918
4 0.82750653754273 0.14463436923495854 0.03211381802583091 0.029869307181592353
4 0.5013244707705402 0.10211857454639806 0.051091138558944496 0.037790891490547776
2 0.33714831050398353 0.0972578368430382 0.07020485141192578 0.05039997579950319
2 0.5545644456977156 0.3211412853187866 0.03514788981258547 0.02676248789975162
4 0.4086609123116208 0.2999833819243821 0.021130853919208194 0.028243174668035033
1 0.35464936223247845 0.26920555971567517 0.03340353338609479 0.02050339754067192
2 0.5768473079967011 0.12052366178221971 0.06988660266556704 0.03946247579950315
4 0.9310814815910928 0.3217695618569745 0.04300585391920819 0.028370439695149675
2 0.8482235174844703 0.31972527282575475 0.034176423198680084 0.04706589754067192
2 0.8497776572970558 0.3462923180052945 0.027108069279472246 0.018904536104353477
4 0.7719709060434146 0.35677530005131364 0.024346782132453625 0.031386355386194255
4 0.7267576944440745 0.3330787248175445 0.021267246239076342 0.03293067466803503
4 0.7592853864473733 0.2161003030763758 0.05532399749271768 0.02219316256778665
2 0.5081320634069775 0.22869925526455726 0.03202288981258548 0.026744307181592396
4 0.41543609804671344 0.23753337889932 0.03193196159934022 0.023619307181592396
4 0.6635793960142847 0.44362988455666075 0.022784282132453627 0.03137726502711473
4 0.7496161844149445 0.4206968994855796 0.021085389812585474 0.02668067466803503
1 0.6619343279884538 0.41393783937712103 0.03969899749271768 0.02210225897699054
4 0.47606267563945587 0.49565495110802704 0.022602425705962936 0.02512726502711473
4 0.5804857511871342 0.46033105034590116 0.02568196159934022 0.023582945745273774
4 0.7378556334778723 0.5534184958947834 0.05858538981258547 0.026898843285945873
2 0.6718441885715796 0.5397554508134395 0.027380853919208192 0.028279536104353475
4 0.7463895475053528 0.5245667880492612 0.024164925705962938 0.025136355386194253
4 0.7686055283050229 0.5364128030763757 0.02862510517284953 0.017351126463433175
4 0.8398787862225816 0.6235315288758789 0.038318353919208195 0.028343168617910842
4 0.8837711902209321 0.6823707185710286 0.03353992570596276 0.02519089754067192
4 0.8381715337152993 0.6453928933372595 0.024255853919208193 0.028261355386194252
4 0.8727845629447589 0.5463923119551704 0.030551318025830908 0.0298602168225127
4 0.5929165211788869 0.7533225262436003 0.04277853338609479 0.020557939695149584
4 0.6189334518994147 0.7347270623479538 0.03795464106622681 0.015843168617910665
4 0.5841659953146394 0.6673486648072818 0.027471782132453625 0.031404536104353474
4 0.5675013325408003 0.685217420857406 0.06796038981258548 0.026953385440423538
4 0.5232284953146396 0.6669941408031768 0.029397994985435005 0.04391362646343318
4 0.5952134924116456 0.5369662732185383 0.045903533386094965 0.020576120413308984
2 0.8115826384924374 0.510104833130605 0.02572742570596276 0.025145445745273776
4 0.9102641794003794 0.4653741161117006 0.05072742570596276 0.025290891490547907
4 0.7737811101209073 0.44583325487177383 0.03505696159934022 0.02363748789975162
2 0.6283034740692456 0.385621941836449 0.03863660266556703 0.03928066861791084
4 0.6487690867639424 0.33731170686356365 0.02706260517284953 0.017342036104353475
4 0.5028511815119506 0.288814598648699 0.03514788981258547 0.02676248789975162
4 0.6466202503957114 0.15607988758172286 0.027153533386094962 0.020467036104353475
4 0.6391884644358271 0.6254884177341481 0.0271989974927175 0.022029536104353476
2 0.6247311593421199 0.6386833093228917 0.03331260517284953 0.017378397540672098
2 0.6718933158477529 0.6756702249157404 0.027289925705962937 0.025154536104353475
2 0.5476805775262354 0.7288447010098312 0.020858069279472247 0.01886817466803503
3 0.5193640462517116 0.5341816408031768 0.06331835391920819 0.028488614363184794
4 0.4360143371596538 0.48839189695149676 0.024164925705962938 0.025136355386194253
2 0.5227437958560002 0.3818833425985748 0.03666492570596276 0.02520907825883123
4 0.3475846714828208 0.37539647238165763 0.04019910266556703 0.039289758976990455
4 0.532529287476223 0.610807773316734 0.02600021034569906 0.03452044574527378
1 0.8709709765100211 0.8330519746211529 0.027380853919208192 0.028279536104353298
4 0.6530644109914725 0.7802304598886257 0.035420674452321776 0.036137487899751616
4 0.5781158867765777 0.8352537822937244 0.03836381802583091 0.029905668617910663
4 0.6087210290964458 0.8401185442957771 0.03193196159934022 0.023619307181592573
7 0.5490431860642971 0.5609123124461497 0.041079641066226816 0.015861349336070064