4 0.0678805800445434 0.3296160712384028 0.030105670671545237 0.03662848423243057
4 0.05995953938572487 0.38722854948690977 0.027035214672181552 0.04124324905006951
4 0.07437657538986105 0.41802460780753475 0.03308522000318166 0.024201219414791808
4 0.046951009388906534 0.410356924961875 0.026998852005090678 0.03811824905006951
4 0.028555545393042708 0.4403892638677084 0.025490896005727005 0.042769381458888846
4 0.0952521493873157 0.3997655702884723 0.025399989337999786 0.034956881458888936
4 0.10528058271004345 0.3218951434267362 0.028379538669636252 0.022529616641249993
4 0.0972771787078163 0.3053070554708334 0.02543635200509069 0.03808188145888884
4 0.12236753803308939 0.2465321207253126 0.027035214672181597 0.04124324905006951
4 0.1259016180378619 0.2817611059076737 0.027035214672181597 0.04124324905006951
4 0.1354129780394527 0.293698061454757 0.03481135200509069 0.038300087005972296
4 0.1284822727164068 0.3692974734988542 0.030105670671545237 0.03662848423243066
4 0.12825555338954286 0.416935539703264 0.03641021467218155 0.04146145459715278
4 0.10265611672499733 0.4319604744487848 0.028524989337999785 0.03502961664125
4 0.08727656472786083 0.45269054853697926 0.03488407733927246 0.044550087005972294
4 0.08378848539940605 0.48853712955902784 0.020730670671545236 0.03641027868534721
4 0.09055665340545123 0.5332138499237501 0.022365896005727005 0.042696646276527875
4 0.04919530939686071 0.46898704255305557 0.028434082670272566 0.027217116641249994
4 0.07614016474376918 0.5695871078075347 0.023837489337999784 0.03492051386770836
4 0.09110209341181456 0.5800888499237501 0.022329533338636142 0.03957164627652787
4 0.1008952640833598 0.6162445554708335 0.031613626670908876 0.031977351823611146
4 0.11486631007317846 0.5415900475870487 0.025472714672181596 0.041206881458888844
4 0.13745892540576937 0.5366486276591668 0.039426126670908876 0.03215918977951393
4 0.13841344541690526 0.6186798776591668 0.023892033338636143 0.03960801386770836
4 0.13028331942231408 0.6583236059076738 0.03177725867281787 0.046039851823611144
4 0.10982536875395052 0.6453508272223265 0.030178396005727005 0.04287848423243048
4 0.20046909742995006 0.7161919637152085 0.0286340773392725 0.04440461664124999
4 0.1787662727561777 0.6633572512342709 0.02699885200509069 0.03811824905006951
4 0.16582992075108702 0.6255663105048266 0.06326361600890866 0.0670797036472223
4 0.19852424208304165 0.6161737799196182 0.027071577339272457 0.04436824905006951
4 0.15977027741086008 0.5746577739356946 0.037954533338636146 0.03993532218833344
4 0.2503054654280411 0.7032932266329863 0.023837489337999784 0.03492051386770836
4 0.2118503980744511 0.5532198382402432 0.028379538669636162 0.022529616641249993
4 0.1830986894095874 0.5658282878034029 0.028379538669636207 0.022529616641249993
4 0.24004867075108702 0.6272937710859029 0.027035214672181597 0.04124324905006951
4 0.23023786608845045 0.6567448817432293 0.02856135200509069 0.03815461664125017
4 0.20000547342454125 0.6763482137152085 0.03163180800445433 0.03353985182361115
4 0.15028454738222502 0.36355661977538206 0.020730670671545236 0.03641027868534721
4 0.16789930872054298 0.4006754132783682 0.03493862133990877 0.04923758700597229
4 0.20737997939208822 0.4375221030578821 0.025363626670908877 0.03183188145888884
4 0.20941519406426976 0.4781834706490627 0.02699885200509069 0.03811824905006951
4 0.1636299793920882 0.43650381050482656 0.023837489337999784 0.03492051386770836
4 0.1715862880330894 0.24767769984750015 0.020730670671545236 0.03641027868534721
4 0.1521823073679075 0.2581606049577432 0.03481135200509069 0.038300087005972296
4 0.1983942360359529 0.2693896988975696 0.028615896005727004 0.04284211664125
4 0.1895374040419981 0.3137027433504863 0.03313976400381802 0.028888719414791632
4 0.18356012404517974 0.336994772985764 0.031540901336727115 0.025727351823611144
4 0.19914930872054298 0.4014027651019793 0.030105670671545237 0.03662848423243066
4 0.2354322540579064 0.4319267196991321 0.0286340773392725 0.04440461664125017
4 0.26224074940322406 0.5208080349536113 0.03481135200509069 0.038300087005972115
4 0.27758393873326964 0.49695296086541685 0.02699885200509069 0.03811824905006951
4 0.28571406472786076 0.45730923261691 0.025472714672181596 0.041206881458888844
4 0.2628760013924064 0.44115690254479195 0.034793170671545234 0.036737587005972114
4 0.25360209341181456 0.583871079406528 0.017532945337363427 0.030087543502986237
4 0.3211890354073602 0.5526405696228822 0.0255090773392725 0.04433188145888885
4 0.31850947807922364 0.5908490844405211 0.03017839600572696 0.04287848423243048
4 0.36565719808240527 0.6153776121759378 0.03466590133672707 0.025800087005972118
4 0.3305645827498144 0.6200280913743753 0.0364465773392725 0.04458645459715278
4 0.3003867340865415 0.6443189233463544 0.03324885200509069 0.03826371941479181
4 0.2992418574156326 0.6130507395507642 0.027107940006363317 0.047493249050069505
4 0.3084334020528158 0.39613599648461834 0.030032945337363427 0.030378484232430482
4 0.24633284404836142 0.3618869766329863 0.022329533338636142 0.03957164627652778
4 0.26431013737268005 0.295917137727153 0.02861589600572696 0.04284211664125
4 0.28028058271004347 0.32596831363895856 0.027035214672181597 0.04124324905006951
4 0.23960958203372576 0.2539471900638544 0.027071577339272502 0.04436824905006951
4 0.2416987933640895 0.23212674145062523 0.025327264003817972 0.028706881458888844
4 0.2689345500477251 0.35772680670510437 0.023892033338636053 0.03960801386770836
4 0.2554083993873157 0.4034932483844793 0.022238626670908878 0.03175914627652787
4 0.34651575206872415 0.5141781348773614 0.02236589600572696 0.042696646276527875
4 0.3618413074076784 0.5559298769935767 0.02856135200509069 0.03815461664124999
4 0.32675723539940604 0.4941922899876044 0.03315794533736351 0.030451219414791807
4 0.33043567138763386 0.4075826427611461 0.03012385200509069 0.038190984232430655
4 0.3280368300445434 0.33567127516996553 0.04104317067154524 0.036883057370694416
4 0.35096580004772504 0.35963610524208367 0.03324885200509069 0.03826371941479163
4 0.334759544716725 0.37644174553468773 0.03626476400381797 0.02896145459715278
4 0.3205510467059073 0.29644512100965303 0.033139764003817976 0.02888871941479172
4 0.260103348026726 0.2028756525447919 0.03170453333863614 0.039789851823611146
4 0.23166926535645346 0.17565853590354186 0.039662484006999676 0.05247168977951393
4 0.2769726746896808 0.175931946047778 0.02543635200509069 0.03808188145888893
4 0.28768290802036267 0.1566552691860419 0.028652258672817864 0.04596711664124999
4 0.3587595713717255 0.29108612699357667 0.026980670671545238 0.03655574905006951
4 0.36298344736631666 0.25135147976711836 0.028670440006363318 0.047529616641249994
4 0.33831016402768055 0.21172528210381972 0.03155908267027261 0.027289851823611145
4 0.374012401376498 0.326587869109792 0.03960794000636332 0.04778418977951393
4 0.42640215205281573 0.39888174961875034 0.03482953333863605 0.0398625870059723
4 0.4171186060629971 0.47364536027607673 0.047474984006999676 0.05265352773541672
4 0.38527771272277017 0.4221367584524655 0.03330339600572696 0.04295121941479181
4 0.34602430872054296 0.4048213186729517 0.03017839600572696 0.04287848423243066
4 0.3846333700668151 0.501006640861285 0.026907945337363424 0.030305749050069507
4 0.4049736894095874 0.570992485751042 0.02699885200509069 0.03811824905006951
4 0.4510396200668151 0.5025522634864588 0.025527258672817865 0.04589438145888884
4 0.4632129034054513 0.5418875204203129 0.022329533338636055 0.03957164627652787
4 0.4067276407542687 0.6546044195466323 0.03626476400381797 0.02896145459715278
4 0.3809185714114964 0.5844912880877434 0.022238626670908878 0.03175914627652787
4 0.4488515060868597 0.6501175945085074 0.028488626670909057 0.031904616641249994
4 0.4713168520846325 0.6342386745806253 0.02692612667090888 0.031868249050069505
4 0.42123448874122377 0.5588743454584378 0.030032945337363514 0.030378484232430482
4 0.40857994740608755 0.5453021547289933 0.022202264003817973 0.028634146276527873
4 0.48088220874440546 0.583693813923299 0.03957157733927232 0.04465918977951393
4 0.46505721407540557 0.5661426380114933 0.025472714672181596 0.041206881458888844
4 0.42236063673613317 0.5214107130496184 0.03177725867281787 0.046039851823611144
4 0.43137146272277016 0.4232096023922921 0.033321577339272324 0.044513719414791805
4 0.38070620202099903 0.16350664086128502 0.027071577339272502 0.04436824905006946
4 0.40423406134627216 0.10469533852458368 0.029996582670272432 0.02725348423243057
4 0.3792613333465903 0.10645720706569475 0.025472714672181596 0.041206881458888935
2 0.3422340480187719 0.1462093848773614 0.022238626670908878 0.03175914627652778
4 0.13537552068745357 0.1562344290459376 0.04431362133990877 0.049455792553055565
4 0.1901902900222717 0.1684447947372571 0.030069308004454332 0.03350348423243057
4 0.1991567573599533 0.20067606648875014 0.0252363573360908 0.020894381458888844
4 0.5007674474060876 0.5474478426086462 0.030160214672181596 0.04131598423243066
4 0.4802998587284971 0.46652449771888926 0.02387385200509069 0.03804551386770836
4 0.4645924953850885 0.39196025560267395 0.0317590773392725 0.04447735182361114
2 0.43802944804263444 0.32417269034819485 0.07743520401018138 0.07678201196784729
4 0.4088510253819068 0.3672317061157642 0.033285214672181596 0.04138871941479163
4 0.45105561203054406 0.23543749866881983 0.031540901336727066 0.025727351823611144
4 0.4647090320257716 0.20060855698944483 0.025272720003181703 0.024019381458888933
4 0.431587449355499 0.17328233757465314 0.03017839600572696 0.04287848423243057
4 0.41416359201940817 0.152569794071667 0.03170453333863606 0.039789851823611146
4 0.5081515913828614 0.3765722981557296 0.036446577339272326 0.04458645459715278
4 0.4907186433799978 0.3550785046527435 0.034647720003181705 0.024237587005972294
4 0.532052168045816 0.34979224581902824 0.025472714672181596 0.041206881458888935
4 0.5483135147199066 0.40484342173083376 0.028634077339272323 0.04440461664124999
4 0.4830521413908155 0.4345659829012504 0.03780908267027243 0.027435322188333444
4 0.48561242536599847 0.2518625856747921 0.0364102146721816 0.04146145459715278
4 0.5690890913828613 0.3779906342117713 0.02074885200509069 0.03797277868534721
4 0.5459328547103616 0.33449455413965323 0.02387385200509069 0.03804551386770836
4 0.5385197967059072 0.30151839997934077 0.02843408267027243 0.027217116641249994
4 0.5767748693904974 0.4344042883720839 0.020730670671545326 0.03641027868534721
4 0.6048816880569519 0.43349640501333386 0.034647720003181705 0.024237587005972117
4 0.5769572300684059 0.5171986045764936 0.025472714672181596 0.041206881458888844
4 0.5216708407463144 0.5987018712939935 0.0377727200031817 0.024310322188333445
4 0.49931458274981433 0.6239557912218754 0.037881808004454245 0.03368532218833344
4 0.5227146253978152 0.48703767268076437 0.027035214672181597 0.04124324905006951
4 0.5513845180617244 0.4673979731176046 0.03159544533736351 0.030414851823611144
4 0.6015663313971789 0.48418673603538237 0.03315794533736351 0.030451219414791807
4 0.32218955609481387 0.7057473858272919 0.02549089600572696 0.042769381458888846
4 0.3499054760900413 0.6712457524685419 0.036355670671545236 0.03677395459715278
4 0.3295657040897232 0.6684292237831947 0.0317590773392725 0.04447735182361114
4 0.40938047342454126 0.681221470933403 0.02685340133672707 0.025618249050069507
4 0.43363558609163216 0.6849101685967017 0.0286340773392725 0.04440461664124999
4 0.40813395739177005 0.4398515885245837 0.029978401336727068 0.02569098423243048
4 0.09317947736313499 0.22164057028847228 0.026980670671545238 0.03655574905006951
4 0.10846812269254427 0.19309799620027784 0.030178396005727005 0.04287848423243057
4 0.10133742270049843 0.2515099082443751 0.02699885200509069 0.03811824905006951
4 0.1539255260184537 0.13948334014010427 0.02387385200509069 0.03804551386770836
4 0.2664651727402693 0.5482427039315627 0.03481135200509069 0.038300087005972115
4 0.22541345874440552 0.577747712765278 0.025363626670908877 0.03183188145888884
4 0.3285560927354968 0.514541157578785 0.026962489337999784 0.03499324905006951
4 0.33947212734722665 0.11021733349059057 0.022329533338636142 0.03957164627652778
4 0.4234664140276806 0.21370731582316008 0.0252363573360908 0.020894381458888934
4 0.4370920146801357 0.10936530793937535 0.025509077339272324 0.04433188145888893
4 0.5070141633513627 0.14457741574691013 0.023837489337999784 0.03492051386770836
4 0.4650448393539081 0.1623454907850351 0.025327264003817972 0.028706881458888934
4 0.5150817493634532 0.23380356990722265 0.02699885200509069 0.03811824905006951
4 0.5754203600413617 0.3179980383720838 0.026962489337999784 0.03499324905006951
4 0.6051811327179977 0.3921083388089241 0.025399989337999786 0.034956881458888846
4 0.5740316773949518 0.46714405318972274 0.01736931333545435 0.016025043502986235
4 0.5934976507001803 0.2606219494662505 0.020530676002545434 0.01922277868534721
4 0.14326512476126835 0.7000207966371181 0.033357940006363315 0.04763871941479163
4 0.030824928031498548 0.23268586664125 0.03481135200509068 0.038300087005972296
4 0.015344831357407981 0.17765287452503473 0.027126121339908788 0.049055749050069465
4 0.06933344470081662 0.2531081226251737 0.02850680800445433 0.033467116641249996
4 0.23186454809831364 0.7294193155388197 0.0221113573360908 0.020821646276527873
4 0.3490980487746314 0.8032224510817711 0.026853401336727156 0.025618249050069507
4 0.393083858768268 0.757383927430417 0.03166817067154524 0.03666485182361114
4 0.3951457980983136 0.7332197288171878 0.034884077339272415 0.044550087005972294
4 0.3381054574315409 0.7311110617390975 0.033139764003817976 0.028888719414791632
4 0.41055262209576837 0.7148334047289934 0.019149989337999784 0.03481141109416672
4 0.5548475147596775 0.6978849069131948 0.03333975867281787 0.04607621941479181
4 0.5637588907542688 0.6582593624602783 0.030178396005727137 0.04287848423243048
4 0.5790202640833598 0.6273730383720838 0.023855670671545325 0.03648301386770836
4 0.6054822194064057 0.5522282212177435 0.027107940006363407 0.047493249050069505
4 0.6280390194143599 0.6113311174942714 0.022329533338636055 0.03957164627652787
4 0.6132861760820871 0.618798125378056 0.0252363573360908 0.020894381458888844
4 0.6449339760502705 0.38522321238402835 0.022293170671545327 0.036446646276527786
4 0.6841413793761799 0.33146308595913254 0.03462953866963616 0.022675087005972296
4 0.38370031544394945 0.8235537880877434 0.025472714672181596 0.041206881458888844
4 0.35102417544554027 0.8345088186729516 0.02861589600572696 0.04284211664124982
7 0.3056753127784494 0.8303291585287156 0.015861357336090797 0.020676175911805574
4 0.48347195408972315 0.6720114315144796 0.028524989337999785 0.03502961664125017
4 0.46578501475967754 0.6958119542159033 0.0301965773392725 0.04444098423243048
4 0.41833839743790424 0.7798408088893058 0.026835220003181705 0.02405574905006951
4 0.45384918344204045 0.8111278296908685 0.025472714672181596 0.041206881458888844
4 0.4463634001034043 0.7719016755305559 0.025399989337999786 0.034956881458888846
4 0.012475464711952461 0.33379377175149305 0.01764203333863612 0.03946254350298615
4 0.023349330044543405 0.32857959488975697 0.019095445337363452 0.030123911094166723
4 0.04127262671067979 0.32509157218833334 0.031813621339908796 0.04916485182361115
4 0.050513456078905464 0.5822682925530556 0.0331761266709089 0.03201371941479181
4 0.046952651416268906 0.6118648735751042 0.034647720003181684 0.024237587005972117
4 0.023969137412450905 0.5832125435029861 0.02703521467218157 0.04124324905006951
4 0.015902098742814678 0.5611557055470834 0.019059082670272558 0.026998911094166723
4 0.04341911875395053 0.6438052045971527 0.028379538669636228 0.022529616641249993
4 0.07613162141945058 0.6359751740119445 0.029996582670272564 0.02725348423243066
4 0.07411513542326859 0.6640456226251736 0.023837489337999784 0.03492051386770836
4 0.09054865742358675 0.6667712323325695 0.022274989337999783 0.034884146276527875
4 0.09412819076222287 0.7059064675149307 0.034647720003181656 0.024237587005972294
4 0.08585261409926817 0.7330501957634376 0.022238626670908878 0.03175914627652787
4 0.10175942476922255 0.7576326216752431 0.01756930800445433 0.03321254350298623
4 0.10377645810785867 0.7967314892664237 0.033212489337999786 0.03513871941479163
4 0.06371398476285921 0.7098847994869099 0.022311352005090667 0.03800914627652787
4 0.18371794943504077 0.7532919202122225 0.025327264003817972 0.028706881458888844
4 0.13465374077017706 0.7654275910900348 0.02069430800445433 0.03328527868534721
4 0.103540648114222 0.8435883054708334 0.020730670671545236 0.03641027868534721
4 0.08118384277526773 0.8016729091943056 0.030105670671545237 0.03662848423243048
4 0.1475639154598578 0.9352134142282988 0.03470226400381797 0.02892508700597247
4 0.1136792641231307 0.9094315110179167 0.023601132001908987 0.014608013867708537
4 0.09293950278481275 0.8722399823325695 0.022402258672817886 0.04582164627652787
4 0.20917412480103925 0.9919530702884722 0.033048857336090795 0.016093859423055433
4 0.18314687945572167 0.9055811188254517 0.02848862667090888 0.031904616641249814
4 0.20076109345158547 0.8755305961240278 0.019077264003817974 0.028561411094166544
4 0.22655143411835818 0.876911911378507 0.025472714672181596 0.0412068814588892
4 0.25286848611549473 0.8564364104285765 0.022274989337999783 0.034884146276527875
4 0.2540133627864035 0.8877045942241668 0.02685340133672707 0.025618249050069507
4 0.2358531614417223 0.8037108007211808 0.030069308004454332 0.03350348423243048
4 0.22302589743790424 0.7752948599917363 0.033139764003817976 0.028888719414791632
4 0.26561338677590407 0.8106517849536112 0.03166817067154524 0.03666485182361114
4 0.27434349677749487 0.8225705567051044 0.02694430800445442 0.03343074905006951
4 0.28477191943822244 0.7790751298433684 0.02848862667090888 0.031904616641250175
4 0.25961737810308616 0.7652119983844794 0.034647720003181705 0.024237587005972294
4 0.2535599241326757 0.980807109849566 0.023928396005726958 0.038385780300868075
4 0.26021845679499406 0.9511131307932988 0.030014764003817973 0.02881598423243048
4 0.20681164612503972 0.9256578826931599 0.01756930800445433 0.03321254350298588
4 0.310745715467812 0.9939344507974306 0.029905676002545345 0.01213109840513873
4 0.3293951707908579 0.9222627386008337 0.01911362667090888 0.03168641109416655
4 0.34245824478831255 0.9038218631258683 0.019131808004454333 0.03324891109416654
4 0.359537204129494 0.9620162228332643 0.027035214672181597 0.04124324905006951
4 0.3748173061345847 0.9954612364166321 0.02988749466899989 0.009077527166735776
4 0.38658041478354005 0.8697020894745142 0.03477498933799979 0.03517508700597212
4 0.4243076814528582 0.8901061616628475 0.023892033338636053 0.039608013867708534
4 0.5044315334579489 0.929460908813056 0.030069308004454242 0.03350348423243048
4 0.5262338081237671 0.9237200550895837 0.031722714672181594 0.04135235182361115
4 0.5767605194541308 0.9030270018029519 0.03642839600572696 0.04302395459715278
4 0.566204280116131 0.8684156124602783 0.036392033338636054 0.03989895459715278
4 0.4809400367997666 0.9877497271079516 0.02380112667090888 0.024500545784096772
4 0.40064346212599417 0.937198713999549 0.019077264003817974 0.028561411094166544
4 0.6132974561186764 0.8882566401956951 0.03017839600572696 0.04287848423243048
2 0.6225350014321773 0.7424174633339589 0.020494313335454352 0.01609777868534721
4 0.5841804787555414 0.6681071411456255 0.022238626670908878 0.03175914627652787
4 0.6585628607574504 0.6838971017267019 0.023728401336727246 0.02554551386770836
4 0.6524214014162689 0.6259573151575699 0.029905676002545435 0.01944098423243048
4 0.6902395747533141 0.6541738873459033 0.031504538669636165 0.022602351823611144
3 0.5798207901018135 0.7632923545764936 0.023673857336090797 0.020858013867708358
4 0.5854391553548626 0.172177045305938 0.025399989337999786 0.034956881458888936
4 0.5638186940244989 0.1935428990294102 0.025472714672181596 0.041206881458888935
4 0.5825136026814084 0.12212249391916714 0.020730670671545326 0.03641027868534721
4 0.5745476560311804 0.24299803837208378 0.026907945337363515 0.030305749050069507
4 0.6010470687062255 0.305316853626563 0.023837489337999784 0.03492051386770836
4 0.651920867401315 0.5158192489531602 0.02207499466899989 0.017696646276527873
4 0.6255214520607699 0.46209418369868105 0.017532945337363513 0.030087543502986057
4 0.6709981314051331 0.544380660047327 0.02861589600572696 0.04284211664125
4 0.7418838907542687 0.6624052678548618 0.03177725867281787 0.046039851823611144
4 0.765248665420087 0.6567007817225701 0.01911362667090888 0.03168641109416672
4 0.7743514927593594 0.7006508034740632 0.03789998933799978 0.035247822188333444
4 0.6636514447803584 0.8527198369090631 0.030069308004454242 0.03350348423243048
4 0.6813287461011772 0.7609687480032298 0.01900453866963616 0.022311411094166546
4 0.7147957741088131 0.8179824674180214 0.028543170671545326 0.03659211664125017
4 0.7260509001034043 0.7784114743518756 0.02538180800445424 0.033394381458888844
4 0.6589372201224943 0.9174363003399311 0.041170440006363405 0.04782055737069442
4 0.8380509134309045 0.7380611909168756 0.03326703333863605 0.03982621941479181
4 0.8139417987746314 0.8140418094579868 0.041097714672181596 0.041570557370694414
4 0.7672469700827234 0.6270678331093409 0.03466590133672724 0.025800087005972118
4 0.6928345793682256 0.27308754150621584 0.025272720003181703 0.024019381458888933
4 0.7115300353675893 0.2688364526003825 0.020621582670272608 0.02703527868534721
4 0.7041447967059072 0.30537336464447973 0.03330339600572714 0.04295121941479172
4 0.7393914060311804 0.24683481924163253 0.03326703333863605 0.03982621941479163
4 0.7729220687062254 0.30931728865642427 0.030178396005727137 0.04287848423243057
4 0.5710890380728604 0.5498656342117713 0.025327264003817972 0.028706881458888844
4 0.4966628447644501 0.731677372243924 0.025472714672181596 0.041206881458888844
4 0.5288891633513628 0.14508656202343792 0.031613626670908876 0.031977351823611146
4 0.4932345687062254 0.3028074898351046 0.03166817067154533 0.03666485182361114
4 0.227353935351681 0.14041136692559048 0.02848862667090888 0.031904616641250036
4 0.19995564135104466 0.1350874340799307 0.01911362667090888 0.03168641109416672
4 0.2942868966820448 0.12010017334635441 0.0286340773392725 0.04440461664125004
4 0.27018632535009013 0.1296927256830558 0.028415901336727067 0.025654616641249996
4 0.269795426678863 0.09609897568305578 0.02231135200509069 0.03800914627652778
4 0.5251096353437268 0.08876382684107682 0.03177725867281787 0.046039851823611144
4 0.7717548461170856 0.8802292007005214 0.030160214672181596 0.04131598423243048
4 0.7371707607813128 0.8614603636945493 0.030160214672181596 0.04131598423243048
4 0.7464008574554034 0.9163478854460422 0.028615896005727136 0.04284211664124982
4 0.7536582794398132 0.8017041571975355 0.019095445337363515 0.030123911094166546
4 0.7912646307288153 0.47610539836382004 0.031577264003817974 0.028852351823611143
4 0.7402202987348605 0.5194365178548617 0.044313621339908946 0.049455792553055565
4 0.6470760893539081 0.16658231515757 0.026980670671545325 0.03655574905006946