1 0.41538764768164144 0.46488852192101876 0.07882001977166357 0.09724318114108108
4 0.12460872775687859 0.09946484491376677 0.03507533695813834 0.018788541356328858
4 0.16234614969598885 0.07275464164677911 0.026146005931499027 0.029289393713693723
4 0.0510611398101571 0.12472386414418915 0.031950336958138294 0.018642992142117176
4 0.08052314673023932 0.0906014212162837 0.028698002965749515 0.01537244292790545
4 0.1692726289357422 0.1706827193970381 0.03214133794672147 0.023330492142117177
4 0.22773372775687858 0.09466172084478017 0.032014003954332716 0.020205492142117133
4 0.10311838832728233 0.12931716480614291 0.02158583992388783 0.03219606989237613
4 0.14462279741481132 0.16325336311073185 0.021649506920082207 0.033758569892376133
4 0.22410470897379825 0.18372422084478018 0.04438666996194396 0.017662688998963994
4 0.2513847919776039 0.18401316522042768 0.018206171939110227 0.025800520678164407
4 0.23066111509557774 0.23332396050569795 0.030960839923887828 0.03263271753501122
4 0.14567862003849358 0.21388906389652013 0.02908000494291585 0.02474744292790545
4 0.1513410296203142 0.24715532816454377 0.04132533695813834 0.019079639784752266
4 0.19693737250995155 0.19980513916557974 0.03214133794672147 0.023330492142117177
4 0.24633253604610483 0.2123201017381923 0.027899506920082206 0.034049668320799586
4 0.29124844661650856 0.23907950082856955 0.030515170950527092 0.021695217535011226
4 0.16656412300424311 0.19888049400414398 0.02595500494291585 0.024601893713693722
4 0.30262895699663195 0.18942410318593436 0.028952670950527094 0.02162244292790545
4 0.36863861756703564 0.2152010450803825 0.031950336958138335 0.018642992142117176
4 0.371729125475701 0.17762827047327664 0.022384335969555202 0.013518844499481996
4 0.39566137399282625 0.18353151406313586 0.028889003954332713 0.02005994292790545
4 0.37384738239578325 0.14477938316972372 0.03507533695813834 0.018788541356328858
4 0.3997732124338394 0.15916721484892413 0.030387836958138337 0.018570217535011313
4 0.3056995602663926 0.09492924048948731 0.028825336958138336 0.01849744292790543
4 0.26813589327019816 0.09823833106002788 0.024519838935304607 0.02765411910658786
4 0.24295552665456466 0.2569241263452982 0.033767504942915846 0.02496576674922295
4 0.3147031926621759 0.25670149441842877 0.0255093359695552 0.013664393713693634
4 0.38154052418310674 0.2621659363128769 0.03402217292769345 0.03121576674922295
4 0.342958185247802 0.2904750268834174 0.02126750494291585 0.024383569892376132
4 0.142752596806789 0.3239725392894143 0.03488433596955511 0.014101041356328814
4 0.06518601232010864 0.3330436323411542 0.01951400395433269 0.01962329528527036
4 0.06068685471545441 0.29036598076957765 0.025573002965749537 0.015226893713693724
4 0.17476660076112172 0.30376704714729713 0.044259335969555114 0.014537688998963993
4 0.18218251133152547 0.33227303680821485 0.03188666996194391 0.017080492142117088
4 0.11855109285245631 0.3438141583960021 0.028698002965749536 0.01537244292790545
4 0.13688725737719276 0.3530971131107318 0.03207767095052709 0.02176799214211709
4 0.15608292635055349 0.34128631782546154 0.024265170950527094 0.02140411910658786
4 0.15681775540002643 0.3615260432183557 0.03220500494291585 0.024892992142117088
4 0.09278708889812362 0.36372855210969585 0.02764483893530465 0.027799668320799588
4 0.11539691794759652 0.38294943300310796 0.029016337946721472 0.02318494292790545
4 0.08484991349897224 0.4054259005381192 0.03507533695813829 0.018788541356328993
4 0.04492790905034795 0.42833901571576566 0.027517504942915872 0.0246746683207995
4 0.04806749650277785 0.4086986038051069 0.03494800296574953 0.01566354135632899
4 0.1935909021302657 0.4541651534336034 0.030515170950527092 0.021695217535011226
4 0.046605814183544245 0.48284457919800106 0.028952670950527094 0.02162244292790554
4 0.0648146447158919 0.4952525339127307 0.022639003954332715 0.019768844499482085
4 0.18464964224443398 0.5013676391655798 0.03507533695813834 0.018788541356328993
4 0.23791656368925268 0.47627343982753345 0.02595500494291585 0.024601893713693812
4 0.31093491102751425 0.40659233250776994 0.03670150395433271 0.020423815963434677
4 0.3208338344494993 0.37416082216868773 0.04119800296574958 0.015954639784752266
4 0.338944505894318 0.3507040514905233 0.019705004942915848 0.02431079528527027
4 0.2884815908752899 0.3452567262214637 0.04014483893530461 0.028381865177646404
4 0.3225846768448451 0.33119207216868773 0.038200336958138334 0.01893409057054054
4 0.37049559482962263 0.32272244665195904 0.03494800296574958 0.015663541356328813
4 0.363785338403832 0.3534459077768296 0.03520267095052709 0.021913541356328815
4 0.4541238369209573 0.35625623056468986 0.027517504942915848 0.0246746683207995
4 0.40372458889812357 0.3492464052956302 0.038200336958138334 0.01893409057054054
4 0.4165455824723329 0.3790601838316775 0.03507533695813834 0.018788541356328813
4 0.39980641003893114 0.40713167990273613 0.04783000494291585 0.02562073821317572
4 0.3770838344494993 0.3715409363128769 0.031950336958138335 0.018642992142117176
4 0.49568925441144324 0.35042145347638465 0.03533000494291585 0.025038541356328815
4 0.4448416788220115 0.3161406528144308 0.018206171939110404 0.025800520678164497
4 0.48358318524780214 0.2839253122438903 0.038200336958138334 0.01893409057054054
4 0.5078947771488562 0.24224508044085535 0.039826503954332716 0.020569365177646404
4 0.5272642010651329 0.20703317245913802 0.03520267095052709 0.021913541356328815
4 0.5634736150955777 0.21782296919215033 0.036765170950527094 0.02198631596343468
4 0.40653786558986926 0.222793067206289 0.04119800296574958 0.015954639784752266
4 0.4704557855518132 0.20422069561850176 0.04301517095052709 0.02227741439185813
4 0.4843100385175628 0.189539611458102 0.03482066897336082 0.012538541356328859
4 0.4952966180613273 0.20696255190480808 0.018078837946721472 0.022675520678164408
4 0.5415468769585758 0.1627009756022911 0.02758117193911023 0.026237168320799586
4 0.5136128779471589 0.15932341853019655 0.03207767095052709 0.02176799214211713
4 0.4754881368444076 0.11899167101139593 0.0432061719391104 0.02696491439185813
4 0.4024472262740038 0.09354221484892414 0.01964133794672147 0.022748295285270292
4 0.4538067964262281 0.15353149090377208 0.06332767095052709 0.023223484284234264
4 0.3899008053234767 0.11440052440221807 0.03207767095052709 0.021767992142117176
4 0.29917635174970486 0.29329396588238144 0.03220500494291585 0.024892992142117088
4 0.3130624382135516 0.27783163172198166 0.03533000494291585 0.025038541356328815
4 0.22783059235816472 0.3410636858985921 0.028889003954332713 0.02005994292790536
4 0.22987325342286008 0.36748063668438036 0.03395850593149907 0.029653266749222952
4 0.25503507950658344 0.40061846836358084 0.03501166996194396 0.01722604135632899
4 0.25182916646472175 0.3836129048813454 0.018333505931498982 0.028925520678164496
4 0.2008104945256115 0.4109416923087329 0.024456171939110226 0.02609161910658795
4 0.10361715954463953 0.42326621794929603 0.04145267095052709 0.02220463978475227
4 0.17605057505795915 0.4253509487188737 0.03207767095052709 0.021767992142117266
4 0.2227518201150433 0.4465688232021451 0.027708505931498983 0.0293621683207995
4 0.21444723019115547 0.4781463089341214 0.030706171939110228 0.026382717535011223
4 0.0588246298871443 0.5657105831269424 0.028952670950527094 0.02162244292790554
2 0.13667771585669944 0.5496082400752025 0.02133117193911027 0.025946069892376043
4 0.20852088235860222 0.5470418581483332 0.02927100593149907 0.02943494292790554
4 0.21625512790997795 0.5677353478092508 0.03188666996194396 0.017080492142117088
4 0.18975629490617235 0.5674100161300505 0.02002333992388783 0.03212329528527036
4 0.21066170251082655 0.6093235343270156 0.03520267095052709 0.021913541356328815
4 0.24749054045754804 0.5857747183635809 0.03507533695813834 0.018788541356328993
4 0.270146790457548 0.584719486560546 0.03364017095052709 0.021840766749222952
4 0.30802879243471437 0.5735978959900053 0.029016337946721472 0.02318494292790536
4 0.3143915389746733 0.5896766602580289 0.044896005931499075 0.030162688998963995
4 0.33242129737763026 0.5490687768834175 0.019577670950527093 0.02118579528527036
4 0.30378430281483776 0.5246702444184287 0.03089717292769345 0.031070217535011223
4 0.3250518077577536 0.5002866745260526 0.016834672927693452 0.03041524607105863
4 0.3489522227767817 0.5069711681159118 0.028825336958138336 0.01849744292790554
4 0.3771700646778358 0.46510899979511217 0.03026050296574958 0.015445217535011223
4 0.3282059826626134 0.46115139991894677 0.04320617193911023 0.02696491439185813
4 0.02414588235860224 0.5556292617868243 0.04008117193911026 0.026819365177646402
4 0.01928196882244896 0.5410402229116947 0.03220500494291587 0.024892992142117265
4 0.3599388023205462 0.5243941085626178 0.03220500494291585 0.024892992142117088
4 0.5583788912930319 0.09407725413833841 0.038200336958138334 0.018934090570540584
4 0.5316691526617383 0.041517334369796766 0.032014003954332536 0.020205492142117153
4 0.5960062252854207 0.08920566356779783 0.03220500494291585 0.024892992142117154
4 0.6281820553234767 0.10330239681857482 0.025891337946721472 0.023039393713693724
4 0.584145553840602 0.11237133581753884 0.04119800296574958 0.015954639784752266
4 0.5387375533463103 0.1168255494236087 0.025700336958138337 0.018351893713693723
4 0.6078722139167141 0.14245694210384513 0.03182300296574958 0.015517992142117177
4 0.5979587030422993 0.1943833151393744 0.03182300296574958 0.015517992142117177
4 0.7582104535365908 0.184580167911024 0.03513900395433271 0.02035104135632886
4 0.8133834317877608 0.28493973284100144 0.04119800296574958 0.015954639784752266
4 0.7034446990879666 0.20818464185617608 0.027644838935304606 0.027799668320799588
4 0.6599812005708413 0.20319108085514012 0.02439250494291585 0.02452911910658786
4 0.6941360246773983 0.24526726489170542 0.01964133794672147 0.022748295285270358
4 0.717350690190718 0.24964439578511755 0.032014003954332716 0.020205492142117087
4 0.6616126847535104 0.2779727570338225 0.02582767095052709 0.021476893713693723
2 0.7216800459319366 0.14339439578511753 0.02758117193911023 0.026237168320799586
4 0.49707268228205254 0.29733284077993755 0.021585839923887917 0.03219606989237613
4 0.5357996012554133 0.284612362905844 0.02802684091247105 0.03717466832079959
4 0.5940896037268713 0.27020095244292736 0.041261669961943956 0.017517139784752268
4 0.6477876066926207 0.2536641158013282 0.038200336958138334 0.01893409057054054
4 0.6200645133086918 0.30252114681857484 0.03507533695813834 0.018788541356328813
4 0.6116325893924153 0.3372236325505512 0.03220500494291585 0.024892992142117175
2 0.5752321743733871 0.33112133581753883 0.014444501977166268 0.010029971463952769
4 0.6857531803048863 0.29790211332012884 0.021585839923887917 0.03219606989237613
4 0.8514789979856527 0.36426120575269627 0.03338550296574923 0.01559076674922295
4 0.8021766763505536 0.3111940177871895 0.028952670950527094 0.02162244292790545
4 0.7449398379095404 0.3380326536430004 0.02758117193911023 0.026237168320799586
4 0.7429807484799442 0.3669752909465533 0.02458350593149916 0.02921661910658786
4 0.6510969960084863 0.38295135546224596 0.03494800296574958 0.015663541356328813
4 0.6681080824723329 0.36734347208763446 0.03839133794672165 0.02362159057054054
4 0.6214559169590134 0.36405796030081017 0.015208505931498983 0.02877997146395277
4 0.5732266639932637 0.38034008581753886 0.04119800296574958 0.015954639784752266
4 0.6894392544114433 0.3413974021952583 0.01964133794672147 0.022748295285270358
4 0.7086694154761386 0.36701383230288215 0.018460839923887917 0.032050520678164406
4 0.72674825342286 0.34433831162471773 0.01677100593149916 0.028852746071058633
4 0.5516845864266656 0.35405156762057377 0.03507533695813834 0.018788541356328813
4 0.5375730068829012 0.3367741763880794 0.03245967292769336 0.031142992142117087
4 0.5398729945256114 0.39514960256676185 0.021585839923887917 0.03219606989237613
4 0.46945040657889 0.42026307258297246 0.03395850593149916 0.029653266749222952
4 0.5202343151721275 0.4561063732449263 0.021585839923887917 0.03219606989237604
4 0.5723698181378769 0.43964231121043296 0.022702670950527092 0.021331344499482086
4 0.5343750696207518 0.43439403908452656 0.028952670950527094 0.02162244292790554
4 0.5640479821683219 0.4525061842459623 0.031950336958138335 0.018642992142117266
4 0.6146674060845985 0.4158387841221277 0.03064250494291585 0.024820217535011225
4 0.6387124011416826 0.43811189040843407 0.03351283695813834 0.01871576674922295
4 0.6129828892786845 0.4954535095150218 0.03714717292769336 0.03136131596343468
4 0.5522682237653649 0.4928229691921503 0.018269838935304605 0.027363020678164318
4 0.6074995518262545 0.5152030833363395 0.039762836958138335 0.019006865177646402
4 0.673917730685447 0.45440682444499936 0.03220500494291585 0.024892992142117265
4 0.700494818137877 0.4336747934277527 0.03351283695813834 0.01871576674922295
4 0.7845315785180003 0.38063537655469515 0.029334672927693362 0.03099744292790536
4 0.770853739088404 0.4101238234115421 0.03207767095052709 0.021767992142117266
4 0.7583391516359741 0.43020088296483594 0.025700336958138337 0.018351893713693813
2 0.7540243833471855 0.5169560202683889 0.038327670950527096 0.022059090570540542
4 0.7649724480993834 0.20999754487549477 0.03520267095052709 0.021913541356328815
4 0.8178573675670358 0.19427834553744852 0.04132533695813834 0.019079639784752266
4 0.7951347919776038 0.1586876019475893 0.01989600593149916 0.02899829528527027
4 0.7719519599623814 0.15352922105417716 0.02908000494291585 0.02474744292790545
4 0.767374547909103 0.13190893217904767 0.03663783695813834 0.01886131596343472
4 0.8821427020537161 0.18582583664610836 0.05707767095052709 0.0229323858558109
4 0.8641712934604786 0.14845426923493157 0.038200336958138334 0.018934090570540584
4 0.8688733809129084 0.12874108271716694 0.04301517095052709 0.02227741439185813
4 0.3894870394689649 0.5838397291169478 0.016771005931498984 0.028852746071058633
4 0.4149645419404228 0.570956585403254 0.032268671939110226 0.026455492142117266
4 0.3488010310660079 0.6255028442945942 0.01651633794672147 0.02260274607105863
4 0.3228287800774247 0.6313911253118409 0.025700336958138337 0.018351893713693813
4 0.5297910458947556 0.5468940390845265 0.03682883794672147 0.023548815963434677
4 0.6610728793928528 0.5399997220876345 0.03220500494291585 0.024892992142117088
4 0.792031060723503 0.46450095430495414 0.03989017095052709 0.022131865177646405
4 0.8975780651721275 0.43853130562886167 0.03533000494291585 0.02503854135632899
4 0.8546411486702248 0.4397513573242728 0.02458350593149916 0.029216619106587773
4 0.8141952207996154 0.49465933519836636 0.030387836958138337 0.018570217535011223
4 0.7526820592406283 0.47335156948260054 0.03245967292769336 0.031142992142117264
4 0.7321666293928527 0.5366884774643179 0.038200336958138334 0.01893409057054054
4 0.6453404500393687 0.6007745562480342 0.03845500494291585 0.02518409057054054
4 0.8459386052097461 0.25145299069888427 0.038009335969555025 0.01424659057054054
4 0.8387017667687328 0.27596283912730774 0.03226867193911005 0.026455492142117086
4 0.4722385310660079 0.6197536503332315 0.04151633794672147 0.023767139784752266
4 0.4540005256288004 0.6463354210113958 0.028952670950527094 0.02162244292790554
4 0.36390210764402287 0.6567699609199827 0.03220500494291585 0.024892992142117265
4 0.4052765241459257 0.6556226838316774 0.03064250494291585 0.024820217535011225
4 0.5726086041839817 0.6634244135677978 0.041580004942915846 0.025329639784752445
4 0.5634391926249949 0.6396786985139858 0.024456171939110406 0.02609161910658777
4 0.7326812825488827 0.6006054282501062 0.02595500494291585 0.024601893713693635
4 0.7062832672258434 0.6743532973566941 0.03714717292769336 0.03136131596343468
4 0.7049780938038585 0.7063845473566941 0.04145267095052709 0.02220463978475227
4 0.5622640117886359 0.70679342390688 0.03421317391627667 0.03590326674922295
4 0.49620527167446776 0.6630841193159849 0.03507533695813834 0.018788541356328813
4 0.4924754352106211 0.6780734185301965 0.04119800296574958 0.015954639784752266
4 0.3438031718647482 0.7481590942945943 0.03089717292769345 0.031070217535011223
4 0.2906145048685538 0.7521959309361934 0.038327670950527096 0.02205909057054072
4 0.26105433886094254 0.7504536484712047 0.027517504942915848 0.0246746683207995
4 0.23388434380385842 0.7283260913991101 0.04145267095052709 0.02220463978475227
4 0.19702367235903978 0.7526561573625449 0.03220500494291585 0.024892992142117265
4 0.19707009330956685 0.7323800446660977 0.027199169961943916 0.0168621683207995
4 0.4926744119789165 0.788011344708879 0.021458505931499162 0.029071069892376046
4 0.3658545854009015 0.7619476124915593 0.030769838935304605 0.027945217535011224
4 0.39772400931717805 0.726153507652995 0.028889003954332713 0.02005994292790536
4 0.475082346769608 0.7030563019048082 0.02908000494291585 0.02474744292790554
4 0.8087715972638996 0.6851751732877075 0.04027217292769336 0.031506865177646406
4 0.7703165923209837 0.7103592638582481 0.03507533695813834 0.018788541356328813
4 0.7475913581383145 0.6365600448754947 0.03220500494291585 0.024892992142117265
4 0.6038029129674995 0.7781568476043631 0.02777217292769336 0.030924668320799497
4 0.629268486579765 0.8229770419800106 0.0432061719391104 0.02696491439185813
4 0.6449717410283894 0.801191933212505 0.03714717292769336 0.03136131596343468
4 0.35278424102838934 0.8148007847413001 0.03214133794672147 0.023330492142117264
4 0.41643024695988834 0.783764800457066 0.0354573389353046 0.028163541356328814
4 0.38867266148462487 0.7951946060814186 0.02783583992388783 0.032487168320799495
4 0.3400149855911819 0.8411278442945942 0.03963550296574958 0.015881865177646403
4 0.2636262405340977 0.8212926873463342 0.02876166996194396 0.016934942927905185
4 0.1991963260093613 0.8141565835412272 0.024774506920082207 0.03390411910658777
4 0.16687857452648652 0.8226797129868973 0.02145850593149907 0.029071069892376046
4 0.16735873559118186 0.8491694383797913 0.031950336958138335 0.018642992142117266
4 0.20369548361401552 0.8568342351128038 0.031950336958138335 0.018642992142117266
4 0.12541131612352957 0.8643792154680966 0.03695617193911023 0.026673815963435033
4 0.24050973410830712 0.8527802818458161 0.01658000494291585 0.024165246071058633
4 0.45308798855693144 0.8218255725829724 0.031759335969555026 0.013955492142117266
4 0.5130837069594508 0.574184285155585 0.03507533695813834 0.018788541356328993
4 0.2591191071497313 0.6639896095960751 0.033767504942915846 0.02496576674922295
4 0.16353735171252382 0.6941737233259795 0.02595500494291585 0.024601893713693812
4 0.13777068916495372 0.6758796416467792 0.041580004942915846 0.025329639784752268
4 0.019784693119286424 0.6626605117868243 0.03533000494291587 0.025038541356328815
4 0.09590152414592569 0.6700320560386374 0.031950336958138315 0.018642992142117266
4 0.13663395349940974 0.6080928281645438 0.021203837946721472 0.022821069892376044
4 0.08369995448799292 0.605879664806143 0.018333505931499027 0.02892552067816432
4 0.6299104737281838 0.8837689927657989 0.02908000494291585 0.02474744292790554
4 0.5766236476444604 0.851941104014504 0.026082338935304605 0.02772689371369381
4 0.7594679811425575 0.8426452249831187 0.03689250494291585 0.025111315963434678
4 0.812573076503653 0.7832488002521781 0.035011669961943784 0.01722604135632899
4 0.26741313232142117 0.9388611770072519 0.02908000494291585 0.024747442927905185
4 0.37973671878526793 0.9188140425991833 0.024647172927693452 0.030779119106588128
4 0.28112280524911465 0.9085914801504049 0.03807300296574958 0.015809090570540717
4 0.6235503857814623 0.9058987038906693 0.026018671939110404 0.026164393713693813
4 0.6733593847928792 0.9082574164632821 0.01964133794672147 0.022748295285270358
4 0.22133260566685653 0.6727674501666158 0.03338550296574949 0.01559076674922295
4 0.26581743471632946 0.6909694865605459 0.03501166996194396 0.01722604135632899
4 0.29770410467827335 0.6738889944184286 0.022893671939110228 0.026018844499482087
4 0.27472686110406397 0.6445482508285695 0.02557300296574949 0.015226893713693812
4 0.30962844311928645 0.6491608221686878 0.03513900395433271 0.020351041356328814
4 0.085350048823324 0.9481206687350843 0.02445617193911027 0.02609161910658777
4 0.16754046631380998 0.9403937518620268 0.018333505931499072 0.028925520678164673
4 0.09321292285333134 0.7551519187350844 0.030324169961943915 0.017007717535011225
4 0.0731378447924416 0.7311343759310134 0.030960839923887828 0.03263271753501122
4 0.17141617730195563 0.7304558256833443 0.029207338935304694 0.027872442927905538
4 0.048013169393290235 0.7736322450376013 0.03520267095052709 0.021913541356328992
4 0.6063217123966582 0.5441093333363394 0.021585839923887917 0.03219606989237604
4 0.6733155528148378 0.5074590498378935 0.030196835969555202 0.013882717535011224
4 0.7035123887843928 0.4935763323028821 0.02869800296574958 0.015372442927905539