2 0.5229074403401975 0.09177765834128429 0.10605117694751698 0.08056162860909732
2 0.2443808400953163 0.29912325854937477 0.06380912986961632 0.07645470364722229
4 0.8707761501621558 0.008004030016527419 0.028452282467404187 0.016008060033054838
4 0.8468574090906096 0.02405694937572846 0.03168637662320535 0.025727351823611133
4 0.885878998782184 0.020804009596214538 0.022393197240056395 0.0301966462765278
4 0.7999960458600847 0.025929227111145165 0.020803423701106105 0.02859777868534724
4 0.8098074224832901 0.05071102156406182 0.02543637662320535 0.02558188145888891
4 0.8283022780031771 0.0006824924974649371 0.028479556006354302 0.0013649849949298742
4 0.7863056927758295 0.007750436693836479 0.01762387662320535 0.015500873387672958
4 0.7593301355516593 0.02453103448183964 0.02543637662320535 0.02558188145888891
4 0.7786937901780419 0.059250873387672966 0.02225682954530477 0.022384146276527784
4 0.7673647780031772 0.0013189253431246813 0.0159795560063543 0.0026378506862493626
4 0.7048647780031772 0.0020462771667358187 0.0159795560063543 0.0040925543334716374
4 0.6603335280031771 0.0026463424212150076 0.0300420560063543 0.005292684842430015
4 0.6278210369316309 0.013529617639635158 0.022365923701106107 0.027059235279270316
4 0.6417023047885384 0.04680803761597168 0.023928423701106104 0.028670513867708348
4 0.6074091254053895 0.05229562462194394 0.017705697240056394 0.030087543502986126
4 0.6260227577106378 0.044046713527777254 0.028561376623205348 0.025654616641250027
4 0.7158625535707225 0.08650501083048552 0.022393197240056395 0.030196646276527784
4 0.5981199001621558 0.013902385449235865 0.027080697240056396 0.02780477089847173
4 0.5740375178569075 0.021028094036735633 0.017596603084255237 0.023837543502986124
4 0.5640585458600846 0.031420733379409246 0.02247501785690744 0.034884146276527805
4 0.5745693518664391 0.051496844036735635 0.02694432954530477 0.022493249050069462
4 0.5401164853895034 0.008706718988281029 0.025490923701106106 0.017413437976562057
4 0.5105789898537303 0.012344731479548185 0.019159103084255058 0.023873911094166683
4 0.48159091923687924 0.010914743731735913 0.019213650162155815 0.021829487463471825
4 0.4487062812495881 0.04973693512677045 0.017678423701106106 0.028525043502986125
4 0.46160570170428333 0.02755281060173572 0.022338650162155815 0.027071646276527805
4 0.529406856330666 0.061145254180971775 0.017705697240056394 0.030087543502986126
4 0.42052673417168746 0.047266551768020484 0.0300420560063543 0.02100348423243057
4 0.3660710592527653 0.06182066745933997 0.022365923701106107 0.028634146276527807
4 0.31330456939903506 0.03882023176388862 0.019213650162155815 0.02699891109416668
4 0.20879434740221225 0.05141311037298594 0.028561376623205438 0.025654616641250017
4 0.22089492694751697 0.07301535343913176 0.016088650162155816 0.026926175911805572
4 0.16816539326229693 0.0969081015392707 0.023928423701106104 0.028670513867708358
4 0.10895798863591429 0.06311563620854158 0.01608865016215577 0.026926175911805572
4 0.07856710511284999 0.11306173803215272 0.028506829545304768 0.022529616641250038
4 0.13385462296975748 0.14616387234083322 0.020776150162155817 0.02703527868534721
4 0.19594551988550238 0.12127166869361095 0.012963650162155727 0.026853440729444466
4 0.05418471387914795 0.10425043569545137 0.022365923701106127 0.028634146276527783
4 0.89028585511285 0.09416877441385342 0.025490923701106283 0.02870688145888891
4 0.8675205109570486 0.0884461044859715 0.025381829545304768 0.02245688145888891
4 0.7995517609570486 0.09002809470232571 0.016034103084255236 0.023801175911805573
4 0.7376926891223816 0.128201548349548 0.020885244317956974 0.03328527868534721
4 0.7758512081971051 0.12027929236562436 0.039471603084255055 0.02434668977951393
4 0.6790443920444809 0.12644033301881888 0.02694432954530477 0.022493249050069462
4 0.7017551891223816 0.1290380029467008 0.025190914772652208 0.011519381458888889
4 0.6300614212654742 0.09631772834541615 0.02072160308425506 0.02391027868534725
4 0.6084864301939279 0.11401437462194393 0.025381829545304768 0.022456881458888932
4 0.5819512037328781 0.11619512367201339 0.016143197240056396 0.03005117591180557
4 0.5688608685055305 0.12744174819704815 0.0159795560063543 0.020676175911805574
4 0.5471631465087079 0.13810714447357592 0.020585235389503253 0.01609777868534721
2 0.5709006554371616 0.15474913060586756 0.014389782467404189 0.019077308320624996
4 0.6459006554371616 0.15300348622920085 0.019213650162155815 0.026998911094166723
4 0.6139784995929629 0.15999902184840226 0.016115923701106104 0.028488675911805574
4 0.6966097674498704 0.19246472331142303 0.025409103084255237 0.024019381458888933
4 0.6286273806803953 0.19326546352777724 0.01603410308425506 0.023801175911805573
4 0.57080124391092 0.19382981440145786 0.013018197240056395 0.029978440729444424
4 0.5255842012972461 0.200353224545694 0.02231137662320535 0.025509146276527783
4 0.5057256688298422 0.18205781943545096 0.017651150162155814 0.026962543502986148
4 0.4423625982129911 0.17884320687826352 0.03174092370110611 0.028852351823611143
4 0.4750523672877146 0.1710482374634718 0.019240923701106104 0.028561411094166676
4 0.46235749837514695 0.20495111198850652 0.033412517856907444 0.03513871941479163
4 0.4211012528393738 0.2145086031547913 0.019268197240056396 0.030123911094166633
4 0.4009875758918568 0.136820014248958 0.03155000892845372 0.017914851823611144
4 0.46604951420345947 0.1478107592149649 0.019268197240056396 0.030123911094166678
4 0.43166087743398435 0.14782959622093714 0.020776150162155817 0.027035278685347254
4 0.39439270251506225 0.1619836684092705 0.028561376623205348 0.025654616641249996
4 0.34758984050235336 0.12243151234909692 0.019159103084255058 0.02387391109416668
4 0.3512194009729347 0.15126502716673582 0.030123876623205436 0.025690984232430568
4 0.3130296542193456 0.2021742169462497 0.019213650162155815 0.026998911094166723
4 0.2813569143656153 0.17868281876986086 0.020776150162155817 0.027035278685347254
4 0.25230065990138845 0.17076186920670117 0.025436376623205435 0.025581881458888935
4 0.28106481371699216 0.07239645117868032 0.02557274431795715 0.033394381458888914
4 0.17867224512873603 0.16153364599218736 0.019159103084255103 0.02387391109416668
4 0.1042353068171333 0.1507611065732638 0.03319432954530477 0.022638719414791675
4 0.07869951866768639 0.165423671827743 0.026835235389503387 0.01624324905006951
4 0.023558051135090456 0.18546472131465275 0.01926819724005646 0.030123911094166723
4 0.012306905437161546 0.16775054445291665 0.01776024431795714 0.03321254350298615
4 0.09771829991727446 0.22516169452916657 0.01776024431795713 0.03321254350298606
4 0.036876257303600654 0.23204878058520828 0.019186376623205437 0.025436411094166722
4 0.15047510714144488 0.20283144642902765 0.0206397824674041 0.01922277868534721
4 0.25281885714144486 0.20044936920670117 0.020776150162155817 0.02703527868534721
4 0.21518248944669321 0.19350969139503454 0.013018197240056395 0.029978440729444465
4 0.39631548701106123 0.2721399184092705 0.022393197240056395 0.030196646276527784
4 0.6012524030015296 0.2368888301690273 0.0144170560063543 0.020639808320624998
4 0.8167546720762531 0.22483885258611042 0.028561376623205348 0.025654616641249996
5 0.8036643368489054 0.2360854771111452 0.0394170560063543 0.02122168977951393
4 0.8545410442352317 0.24037228039777708 0.019131829545304412 0.022311411094166723
4 0.8378171943973873 0.26733482390076324 0.02694432954530477 0.022493249050069507
4 0.8995495811668626 0.2666795540491312 0.026835235389503255 0.01624324905006951
4 0.8045370900953163 0.2860854771111452 0.02231137662320535 0.025509146276527873
4 0.6980689017837136 0.276058473311423 0.013018197240056395 0.029978440729444424
4 0.7496217191541537 0.22952765900687436 0.019159103084255058 0.02387391109416672
4 0.6140387751605081 0.2530041394395829 0.01913182954530477 0.022311411094166723
4 0.6033467370110612 0.2673212125778467 0.019186376623205346 0.025436411094166722
4 0.5615586574657565 0.24640995374413147 0.02839773538950343 0.016279616641249994
4 0.5462785308425511 0.2217554458603468 0.023710235389503433 0.016170513867708357
4 0.45872002962473496 0.26521646476204824 0.016034103084255236 0.023801175911805573
4 0.39720978530677786 0.23382230081808997 0.019159103084255058 0.02387391109416672
4 0.3687029557614731 0.21260191745933996 0.012936376623205436 0.025290940729444423
4 0.4795370900953163 0.293649936076701 0.016088650162155816 0.026926175911805572
4 0.4104285799490466 0.31948704388423577 0.02710797077900686 0.031868249050069505
2 0.3931728961016708 0.3159808373872219 0.014362508928453721 0.017514808320625
4 0.3685410888775003 0.33765646884611084 0.016143197240056483 0.03005117591180557
4 0.5778012662320544 0.23665309403673565 0.017732970779006863 0.03165004350298606
4 0.5444626607121673 0.29682818104270786 0.020803423701106105 0.028597778685347207
4 0.6813626428552598 0.2592528330188189 0.02373750892845372 0.01773301386770836
4 0.7728234399331605 0.2602503289347563 0.029960235389503254 0.016315984232430657
4 0.7131308400953162 0.2882129811952078 0.025490923701106106 0.028706881458888934
4 0.7261763108743231 0.3191720404657633 0.022393197240056395 0.030196646276527784
4 0.7995456270269472 0.3135565136802771 0.025545470779006863 0.03183188145888893
4 0.8497501785690748 0.3241115007624993 0.016088650162155816 0.026926175911805572
4 0.7688274610364789 0.3447526155038883 0.019268197240056396 0.030123911094166723
4 0.7247189508902092 0.3700078418525341 0.016088650162155816 0.026926175911805572
4 0.8465121302733583 0.36248366974045065 0.025545470779006506 0.03183188145888884
4 0.5777933579522238 0.3257519616279162 0.01611592370110628 0.028488675911805574
4 0.5637893591700397 0.2846548361529509 0.019268197240056396 0.030123911094166723
4 0.5697587155007058 0.35798323337940924 0.028615923701106105 0.028779616641249995
2 0.5207172435038829 0.36928506250159676 0.020530688311602673 0.012972778685347209
4 0.5039700742670037 0.35013567220899267 0.0144170560063543 0.020639808320624998
4 0.4414252098186629 0.3937960596518052 0.026917056006354478 0.02093074905006942
4 0.4063001874975285 0.3516273966577774 0.019186376623205346 0.025436411094166722
4 0.41483543627971253 0.39285180870187464 0.02376478246740419 0.019295513867708357
4 0.39105306290291797 0.41841550636517333 0.022284103084255148 0.023946646276527872
4 0.39835704829242136 0.4338768522048608 0.022120461850553143 0.014571646276527872
4 0.37985646428288977 0.40382632950343716 0.028506829545304768 0.022529616641249993
4 0.35873939488385476 0.3582053581887844 0.014580697240056483 0.030014808320624996
4 0.3707036067344077 0.37199510125493024 0.01603410308425506 0.023801175911805573
4 0.3374956404196279 0.35010257066972195 0.023873876623205437 0.02554551386770836
4 0.318618955354436 0.3880571655594789 0.016143197240056396 0.03005117591180557
4 0.667592243503883 0.36586650893062445 0.022365923701106107 0.028634146276527873
4 0.2866792086008469 0.43882088497427063 0.026835235389503432 0.01624324905006951
4 0.33080135551659173 0.41434690862562473 0.019159103084255058 0.02387391109416672
4 0.3002468307598255 0.45491801044923585 0.019213650162155815 0.026998911094166723
4 0.20735021874711662 0.4164386983288887 0.022311376623205436 0.025509146276527873
4 0.17497627516050812 0.2632234325613193 0.020667056006354434 0.020785278685347207
4 0.1477416193163095 0.270109865406979 0.022311376623205436 0.025509146276527783
4 0.22422625283937378 0.2190909196435415 0.022365923701106107 0.028634146276527873
4 0.13190811363426663 0.3033042251143749 0.03316705600635439 0.02107621941479172
4 0.16200867085843704 0.281501307086354 0.0300147824674041 0.01944098423243057
4 0.1824848120921391 0.2904035284010068 0.02066705600635439 0.020785278685347207
4 0.15692175040374182 0.303503593655486 0.0237647824674041 0.019295513867708357
4 0.19332290056589757 0.3292296390583332 0.014526150162155815 0.026889808320624996
4 0.17449107994904656 0.3249785501524999 0.022311376623205436 0.025509146276527783
4 0.14318653287114586 0.322580901976111 0.017732970779006773 0.03165004350298615
4 0.08921209902377004 0.3199293338718402 0.02239319724005646 0.030196646276527784
4 0.09579906412073397 0.3838645473027083 0.020857970779006797 0.03172277868534721
4 0.06894623782184009 0.41262598014836804 0.012963650162155772 0.02685344072944442
4 0.14541328043551388 0.4053752181805207 0.019268197240056482 0.030123911094166546
4 0.19778825811437956 0.36116997008038176 0.012963650162155815 0.02685344072944442
4 0.18351725243233669 0.39432796219659705 0.019159103084255103 0.02387391109416672
4 0.8998825921239112 0.37530967164031176 0.0191045560063543 0.02074891109416672
4 0.8269360158250173 0.4051439484257979 0.016034103084255236 0.023801175911805573
4 0.8199905405817838 0.3654456687905202 0.01126478246740419 0.019004573138263935
4 0.762450775971287 0.3824162696642007 0.028506829545304768 0.022529616641249993
4 0.6851752098186629 0.3881227154276383 0.029905688311602674 0.013190984232430569
4 0.6668070393639677 0.410434126521805 0.01597955600635448 0.020676175911805574
4 0.6819098879839959 0.4249323844055898 0.014253414772652384 0.011264808320624908
4 0.6906809159871731 0.4348886126540966 0.017651150162155814 0.026962543502986235
4 0.6444644350618965 0.4289302065939231 0.016088650162155816 0.026926175911805572
4 0.6371564955324779 0.4580182945498258 0.022393197240056395 0.03019664627652787
4 0.614326921669216 0.40383994082635366 0.019213650162155815 0.026998911094166543
4 0.6037712512145207 0.4259695139646175 0.02853410308425506 0.024092116641249994
4 0.5987525146072012 0.4518780505337495 0.023928423701106104 0.028670513867708358
4 0.5309377232113436 0.4175043569545135 0.02543637662320535 0.025581881458888844
4 0.5690007848997408 0.4041133509705898 0.025381829545304768 0.022456881458888845
4 0.4955632848997407 0.40582262775607597 0.022393197240056395 0.03019664627652787
4 0.4769729719935275 0.4601834726458329 0.016088650162155816 0.026926175911805572
4 0.4805888956946336 0.4882357374634719 0.019240923701106104 0.028561411094166544
4 0.5113440178536122 0.503932819435451 0.019268197240056396 0.030123911094166723
4 0.560780956165215 0.5152872403132635 0.02088524431795715 0.03328527868534721
4 0.44611448416839217 0.5281165082650343 0.016143197240056396 0.03005117591180557
4 0.41312470616521485 0.518723977679826 0.020857970779006862 0.03172277868534721
4 0.37407979707460537 0.47586498366374974 0.019295470779006774 0.03168641109416655
4 0.37180027678206595 0.5243752188461108 0.022338650162155815 0.02707164627652787
4 0.39536050770734243 0.5308609549784025 0.01603410308425506 0.023801175911805573
4 0.34073150892515847 0.4907093868741317 0.022365923701106107 0.028634146276527873
4 0.31925197523993837 0.5138747831506595 0.025381829545304768 0.022456881458888845
4 0.2973633384704632 0.5136026794271873 0.016115923701106104 0.028488675911805574
4 0.27650536769145645 0.48282545811253447 0.036264782467404014 0.019586454597152782
4 0.258263882301953 0.46761868541111085 0.025518197240056485 0.030269381458888845
4 0.19982013676617988 0.4775762200803818 0.03160455600635444 0.021039851823611143
4 0.21693549877888874 0.5178193603729859 0.030123876623205436 0.02569098423243048
5 0.24353890908731426 0.5195448613229164 0.025518197240056394 0.030269381458888845
4 0.11510026338938531 0.5045582537997222 0.019240923701106104 0.02856141109416672
4 0.08797470170098805 0.5176946866453818 0.017596603084255102 0.023837543502986235
4 0.06641334739891695 0.5361725829219097 0.01926819724005646 0.030123911094166723
4 0.08254290786949824 0.5647151570101041 0.031659103084255104 0.024164851823611146
4 0.1295855032431156 0.528449695479097 0.02225682954530477 0.02238414627652787
4 0.582901418015768 0.5288405940367357 0.019159103084255058 0.02387391109416672
4 0.5998980032431156 0.5175030505337496 0.03012387662320535 0.02569098423243048
4 0.6388786826262646 0.5119063607542356 0.020776150162155817 0.02703527868534721
4 0.8345593754020942 0.528454161856666 0.01765115016215546 0.026962543502986235
4 0.818534954947399 0.5507110215640618 0.02231137662320535 0.025509146276527873
4 0.757365629866321 0.5388481076201035 0.022365923701106107 0.028634146276527873
4 0.7937025503210162 0.5161184692273604 0.028615923701106105 0.028779616641250172
4 0.7229224460189452 0.5357419446260758 0.02543637662320535 0.025581881458888844
4 0.691822450483172 0.545063046449687 0.02996023538950343 0.01631598423243048
4 0.6395468843305478 0.5501876107542356 0.025545470779006863 0.03183188145888884
4 0.5826929123337251 0.5616712778323258 0.019322744317957153 0.03324891109416672
4 0.5374758697200513 0.568194687976562 0.01603410308425506 0.023801175911805573
4 0.47993610510955464 0.5851652888502427 0.017705697240056394 0.030087543502986237
2 0.5105275860348313 0.5914873708222218 0.01597955600635448 0.020676175911805574
4 0.45955542126217885 0.5817318175355899 0.028588650162155817 0.027217116641249994
4 0.38777587864850505 0.5888734767298955 0.023873876623205437 0.02554551386770836
4 0.40633496387585266 0.5774995656357288 0.019104556006354478 0.02074891109416672
4 0.3489588404990581 0.6038451665094093 0.019159103084255058 0.023873911094166544
4 0.3346060142001642 0.6323156586256247 0.016088650162155816 0.026926175911805572
4 0.29990373173276014 0.614365745631597 0.01776024431795715 0.03321254350298623
4 0.7904293202065186 0.6420270057964924 0.03001478246740401 0.01944098423243048
4 0.7576128660666034 0.6873401590068744 0.023928423701106104 0.028670513867708358
4 0.6875128258885616 0.6115965830188189 0.03006932954530477 0.022565984232430482
2 0.7086844423654972 0.6603425543334717 0.022447744317956975 0.03332164627652787
4 0.7097054257264057 0.5845067529467008 0.023819329545304767 0.02242051386770836
4 0.6399520332748877 0.6181745445498258 0.01776024431795715 0.03321254350298623
4 0.6677321598980932 0.6425381117041662 0.012909103084255236 0.0237284407294446
2 0.6180906700443629 0.6194649408263537 0.025518197240056394 0.030269381458888845
4 0.5344832832748876 0.6206293569545135 0.02543637662320535 0.025581881458888844
4 0.5389486408233697 0.652569687976562 0.019322744317957153 0.03324891109416654
4 0.5108918246707456 0.657130554617812 0.028615923701106105 0.028779616641250172
4 0.46403441558013603 0.6144533985576385 0.019322744317957153 0.03324891109416672
4 0.4418554525117669 0.6423244786297566 0.03322160308425524 0.024201219414791808
4 0.4385492203686744 0.676790397607708 0.024010244317957154 0.033358013867708355
4 0.44173449593621966 0.7697227800165274 0.025545470779006863 0.03183188145888884
4 0.4730566339235108 0.7283522443973259 0.03311250892845372 0.01795121941479181
4 0.44005321915085843 0.7181784638121178 0.03316705600635448 0.02107621941479181
4 0.3923696956119081 0.7177251753431246 0.017732970779006773 0.03165004350298624
4 0.36513503976770945 0.7246116081887845 0.022393197240056395 0.03019664627652787
4 0.3892622865212986 0.6740297267298956 0.016088650162155816 0.026926175911805572
4 0.3202765073003054 0.7068980845374303 0.019213650162155815 0.026998911094166723
2 0.24564865421605026 0.6851880451185067 0.028670470779006772 0.031904616641249994
4 0.17763503976770945 0.7289757191304512 0.01921365016215577 0.026998911094166723
4 0.19724811038456047 0.7332086242406943 0.015979556006354388 0.020676175911805574
4 0.13677426054671624 0.761189460296736 0.019240923701106104 0.02856141109416672
4 0.2233293693130142 0.7497960589862152 0.019186376623205437 0.025436411094166722
4 0.14413674715403563 0.7352263723408332 0.025381829545304768 0.022456881458888845
4 0.137273092527653 0.7002155927055554 0.028725017856907488 0.03502961664125
4 0.07003104544975232 0.6986543991263193 0.02239319724005644 0.03019664627652787
4 0.04830032142433463 0.6178771778116666 0.012963650162155782 0.02685344072944442
4 0.1773310766993404 0.7563376529260415 0.019159103084255103 0.023873911094166544
4 0.29927426054671624 0.7574072308139581 0.023928423701106104 0.028670513867708358
4 0.30132768424782236 0.7854958632227775 0.023928423701106104 0.02867051386770818
4 0.25087371671522646 0.8054278099361456 0.025545470779006773 0.03183188145888884
4 0.23206916963732577 0.8027392210303124 0.022365923701106107 0.028634146276527873
4 0.8232748222351136 0.7327059039728813 0.022338650162155815 0.02707164627652787
4 0.8505134322192275 0.6812700373316313 0.022393197240056395 0.03019664627652787
4 0.7766452840856666 0.7478594317082979 0.017651150162155814 0.026962543502986235
4 0.7410077930141202 0.7658833863054507 0.019268197240056396 0.030123911094166546
4 0.9317827974783472 0.770040290181423 0.014498876623205348 0.02532730832062491
4 0.8514231416341485 0.7781632211272215 0.020939791395857554 0.03641027868534721
4 0.8162668916341487 0.7789814919287841 0.016088650162155816 0.026926175911805572
4 0.7952958725594251 0.7865037044097216 0.028643197240056574 0.030342116641250173
4 0.7681975844099782 0.8012026372553812 0.019268197240056396 0.030123911094166546
4 0.6116884857899499 0.789995646373437 0.022393197240056395 0.03019664627652787
4 0.6148174399298652 0.7453734773954857 0.031659103084255236 0.024164851823611146
4 0.6791157191508584 0.7126142223614925 0.01754205600635448 0.020712543502986236
4 0.5850441651730989 0.7859263954235065 0.03185001785690744 0.03510235182361114
4 0.5587680373320774 0.8029508944735759 0.023982970779006862 0.03179551386770818
4 0.5384282637931271 0.8018611731589231 0.020776150162155817 0.02703527868534721
4 0.47897144317627605 0.7985556416237843 0.020885244317956974 0.03328527868534721
4 0.5090953197994816 0.8228646573913538 0.016088650162155816 0.026926175911805572
4 0.4508600799457513 0.7999915082650344 0.019213650162155815 0.026998911094166723
4 0.45766918749423324 0.831877287900312 0.01776024431795715 0.03321254350298588
4 0.9284180641174388 0.8459306429549646 0.02713524431795733 0.03343074905006951
4 0.8817476156595664 0.8587404206903813 0.02401024431795733 0.033358013867708536
4 0.8349680730458925 0.865300198425798 0.02716251785690744 0.03499324905006951
2 0.9552981639552829 0.8187317101093047 0.0331670560063543 0.02107621941479181
4 0.7508288522668856 0.8359958645539578 0.01603410308425506 0.023801175911805573
4 0.7135061302700628 0.8470249367422911 0.028343188311602673 0.013154616641250172
4 0.6803254374942332 0.8266949061570827 0.025327282467404188 0.0193318814588892
4 0.641108978890091 0.863559779732187 0.016088650162155816 0.026926175911805572
4 0.4114857085975516 0.9173614994313191 0.027189791395857733 0.03655574905006951
4 0.349876052753353 0.925048019282951 0.020857970779006772 0.03172277868534721
4 0.3498118230458924 0.8765923354873607 0.028615923701106105 0.028779616641249818
4 0.2899868096532118 0.852193053952222 0.019268197240056396 0.030123911094166546
4 0.315606192769239 0.9766475400845136 0.031686376623205434 0.025727351823611144
4 0.292622660301835 0.9584248701566317 0.025545470779006863 0.03183188145888884
4 0.5386618632239342 0.949571974545694 0.022365923701106283 0.028634146276527873
4 0.5446351736945155 0.978350937976562 0.026889782467404012 0.019368249050069508
4 0.49053800892186317 0.9686681198722912 0.02088524431795715 0.03328527868534721
4 0.38616415461979203 0.9890734984813886 0.031331820616851046 0.005414851823611145
4 0.9062624204481047 0.9199136568226729 0.0159795560063543 0.020676175911805574
2 0.9925610158250173 0.8342287703297909 0.014877968349965442 0.017623911094166545
4 0.6302009322192275 0.6863978676880897 0.025518197240056394 0.030269381458888845
5 0.5702083234529296 0.6971730199485412 0.01935001785690744 0.03481141109416672
1 0.7064519663114847 0.4876681205378814 0.038836403408566686 0.07743532218833345
1 0.2317774744291595 0.38304431686999985 0.05306254464226869 0.08713763050895844