4 0.2803671934075828 0.4318362263111849 0.047311337235821684 0.0769100098858317
2 0.4262523860295987 0.33931975695726324 0.0660704275949012 0.07923651384016442
2 0.37332334963065766 0.16915449558855675 0.06934996369925486 0.10592634783255325
2 0.20377443979334556 0.030964793003368084 0.0862011204133089 0.04881418479069153
4 0.2326210815784809 0.17670571593106152 0.04875566256778665 0.05666117688202617
2 0.30253256401728346 0.5171343977560034 0.0754545179539809 0.08118101581733086
5 0.6957700004909794 0.3526460638007958 0.028443162567786652 0.05583350593149898
7 0.7756024253554061 0.465299914104807 0.028334078258831143 0.037083505931498985
2 0.5772007659108775 0.5853710390862165 0.0551511083130606 0.08191584486680377
5 0.6559019619507389 0.7581493058921304 0.03470225292686635 0.05765067391627667
3 0.454035976683266 0.5334663463868595 0.04871930113146803 0.05041117688202608
2 0.19689564237431054 0.5417431255128822 0.0786704215447771 0.09693334980971961
2 0.1614990187395478 0.44731003460041113 0.07241133118569745 0.09511618182494193
2 0.1311524677062755 0.5593816116727177 0.08809996369925477 0.10669035178688588
2 0.038415521862805765 0.5157496753991514 0.07232042759490127 0.07949118182494193
7 0.1447205848981306 0.37629719764227276 0.040961343285945875 0.05946784190105418
2 0.28609553952219907 0.25312097729976807 0.05356133723582168 0.07716467787060939
7 0.24702447004396655 0.11868496889681106 0.02050339754067192 0.03364017095052709
1 0.4044329699457707 0.06023975201434739 0.033067030054229285 0.045087006920082204
2 0.13681770218818154 0.25719702916320364 0.05664997579950319 0.07104201186299815
4 0.30205025410521663 0.7343537312541008 0.05023634933607006 0.04266234387822045
2 0.5035779553114395 0.34559627326888565 0.07541815651766245 0.07493101581733086
7 0.4946756539835796 0.2639642712917193 0.028297716822512697 0.030833505931498983
2 0.5693165847999347 0.32873903710905006 0.034629530054229286 0.045150673916276675
4 0.25149782572474844 0.29000155338349143 0.05181703005422929 0.04585101087441492
4 0.1957659761922866 0.19864704152049334 0.03136817466803503 0.02158583992388783
7 0.11835807279788217 0.34083985870696815 0.03303975897699045 0.04039950692008221
5 0.15763263359371185 0.7089332841061196 0.04085225897699045 0.04071784190105419
7 0.17979345902387267 0.7950127055509382 0.04389544574527391 0.026782675893442943
5 0.3002514047691466 0.7749150642579063 0.029914758976990453 0.04027217292769336
4 0.3795252934310239 0.8492558310638204 0.04103406615858276 0.07196784190105418
7 0.09499627820751758 0.7298241042583439 0.022120439695149673 0.043078837946721474