2 0.6766739317602537 0.3442014779371174 0.07725601282028158 0.05105655771188111
7 0.8688723178209525 0.8033012033423461 0.05516268899896417 0.04560516587924894
2 0.5271663531814251 0.6509722891923776 0.07376713978475227 0.0431349303072194
2 0.45160127294996677 0.6194742633316619 0.05396406203449331 0.05336310217691818
5 0.414129159839235 0.7694816978152326 0.042517139784752266 0.04204365626060227
5 0.5618945717498938 0.7769817176854984 0.04447774607105863 0.01715278366526398
7 0.6210704028099217 0.5068353979927178 0.03822774607105863 0.016934528855940555
7 0.7606530953235423 0.6903249989885097 0.028236315963434677 0.03686508293962447
7 0.3398802531003719 0.2973413137871489 0.019768844499481998 0.022529764427970278
7 0.526055347599854 0.32568211251335527 0.027363020678164495 0.01811508293962456
7 0.6912480080627705 0.38916923755576427 0.03197774607105863 0.01671627404661713
7 0.8154602959044428 0.2928894929980599 0.028852746071058633 0.016607146641955416
4 0.707812731593638 0.5941022742162532 0.023257717535011223 0.030451391832631992
4 0.7282215849844601 0.6806126930907272 0.037247442927905536 0.02937996515360979
4 0.7163915190210254 0.6443205290255765 0.03383134449948209 0.0230208377489479
7 0.3114406916850511 0.49056303493120834 0.03702911910658786 0.02469246515360979
4 0.37224125868194313 0.6237227645127883 0.031832196856846906 0.01359127404661713
4 0.3739578083104397 0.476366614875608 0.017662688998963994 0.04429563702330856
4 0.5140391528099217 0.5030977843830542 0.03455909057054072 0.0386458377489479
4 0.614199664596746 0.45979670688572527 0.04000856989237604 0.021676592558271323
7 0.7022133949520388 0.5408681468115915 0.061194365177646405 0.041135920688572546
2 0.7638356757643977 0.17252986377929966 0.06006851282028158 0.05045635698624169
2 0.7850963997095498 0.22709087820726995 0.04615156203449331 0.053090283665263985
2 0.6479538105867512 0.12948421350914718 0.04458906203449331 0.053035719962933124
2 0.6851092082293864 0.14014146051392226 0.05167381596343468 0.03768353847458741
2 0.6917209272121397 0.11463302902557655 0.05309076674922295 0.034613102176918265
7 0.3109206149682494 0.5966220619730503 0.02318494292790536 0.02888889183263199
4 0.7832986908564816 0.808112699714149 0.029871590570540542 0.038482146641955595
4 0.7310619487143646 0.7750893793883963 0.07296661910658778 0.0259474303072194
4 0.9626715136443419 0.7238989347380247 0.048112168320799495 0.028199411069925694
4 0.9303149319651414 0.7492883151379113 0.036665246071058276 0.01687996515360979
4 0.7950173250596626 0.5238294689514428 0.04037244292790536 0.029489092558271323
7 0.829148268401853 0.40256459336087963 0.021767992142117266 0.03195932813030104
7 0.7159119061196906 0.2488542616023814 0.05708906203449331 0.053472229581579975
7 0.24705920636735956 0.3307589597961321 0.03517552067816441 0.018387901451278842
4 0.4056123767550737 0.5531300115175635 0.024601893713693812 0.025818455534962936
4 0.47381022084027097 0.7278869640573014 0.03568494292790536 0.02932540145127884
2 0.2727506809316842 0.6311681875636135 0.03241439371369363 0.02609127404661713
4 0.6361003974332382 0.5783383757601992 0.029653266749222952 0.03379464664195524
7 0.3404303707592177 0.3761384363824872 0.023767139784752266 0.04138889183263199
2 0.8829197394515209 0.5690179725796398 0.05225601282028158 0.05018353847458741
2 0.9379646503287222 0.4781226432682123 0.04168238585581072 0.057614092558271324
2 0.9015433451186545 0.299015496626257 0.06719180810555195 0.06942461179556503
2 0.2515839247309404 0.0594841605217715 0.05396406203449331 0.05336310217691824
4 0.375132972288013 0.6690625463639537 0.031070217535011223 0.03072421034428636
4 0.48606820243841814 0.35470492440158763 0.030162688998963995 0.04473214664195542
4 0.482232572992748 0.3225918288480913 0.035757717535011224 0.030887901451278843
4 0.49921886579681896 0.3021255614248962 0.04825771753501122 0.031324411069925694
4 0.5610082363511489 0.2723041413692958 0.03568494292790554 0.02932540145127884
4 0.49790676881613755 0.240461375127227 0.02347604135632899 0.03513889183263199
4 0.4751755901562558 0.20456851514576044 0.029726041356328815 0.03535714664195542
4 0.19043887117350247 0.22036460761921384 0.029036836641599173 0.05405258293962456
4 0.20999800806277064 0.37236361723786066 0.06497433664159917 0.05530754809323426
4 0.4737030971855692 0.47438994182478283 0.03187073821317572 0.04791171034428636
4 0.4278255169541108 0.4439286263083534 0.03539384449948209 0.023075401451278843
7 0.5850750907754284 0.4540997783926044 0.01991439371369381 0.025654764427970277
7 0.6682514638109577 0.4648041546161397 0.03822774607105863 0.016934528855940555
4 0.739163277293193 0.4633805530721936 0.04266268899896417 0.04516865626060209
4 0.9532513943328663 0.3039410988031752 0.021331344499482086 0.022584328130301135
7 0.9297668525622527 0.41933792031005435 0.02863442224974122 0.011919646641955417
4 0.8423204722880129 0.6853770933608796 0.03277826674922295 0.03390377404661713
4 0.9408029758026697 0.8237526017984 0.07035104135632864 0.036775802902557685
2 0.39672549007069335 0.7977331833872622 0.05240156203449331 0.05330853847458741
2 0.42410131926869443 0.7323909255827139 0.05440070967712849 0.06273810217691818
4 0.567322626340789 0.7093130680483182 0.057923815963434676 0.037901793283910835
4 0.6293560535529287 0.8019569250345597 0.035102746071058635 0.01682540145127902
7 0.26749810070022584 0.6021255283077863 0.054580492142117173 0.033105165879249124
7 0.20570873014589589 0.6319469483633867 0.044914393713693726 0.026527783665263982
4 0.15367965735803563 0.7206076550794759 0.038737168320799584 0.027872028855940555
4 0.21371166707794526 0.4855903035355299 0.04342466832079959 0.028035719962933213
4 0.27568297415003984 0.4596751334799295 0.04825771753501131 0.031324411069925694
4 0.31187087716935846 0.39932047603820087 0.044768844499482 0.023402783665263983
3 0.13176169209933591 0.33375249582364874 0.04800516046291672 0.05939484736759484
3 0.14714275123834508 0.49652531433530306 0.05694351282028158 0.05034722958157989
7 0.2830459021907491 0.24933783420556893 0.02630994292790545 0.028998019237293705
7 0.1968301122821623 0.15662948983319896 0.022821069892376134 0.02107639183263199
4 0.19692215756743262 0.17535220798203355 0.05109161910658786 0.02518353847458741
7 0.11028264433286625 0.2745039813956785 0.03880994292790545 0.029434528855940556
7 0.44342897642635143 0.1090824003549705 0.029216619106587773 0.024419646641955416
4 0.505640032050704 0.13855413474587386 0.054944365177646406 0.040917665879249124
4 0.5643258273359744 0.15932299173211556 0.030997442927905537 0.029161710344286274
7 0.9414384449948201 0.2512699665891901 0.03837329528527036 0.020059528855940555
1 0.8856015138537389 0.1744420825611064 0.029944365177646405 0.040044646641955416
4 0.8183157380037788 0.6221404833794131 0.020059942927905538 0.028779764427970277