4 0.5888691390813682 0.4289352745440992 0.020843121018452492 0.036483069279472244
4 0.5235989968044668 0.6071990153728992 0.03555806840173403 0.021312710345699058
4 0.4407633809770989 0.644564971561963 0.053200594710093266 0.029625315518548412
7 0.5601049151779659 0.6581764936652869 0.04226309471009326 0.029307066772189572
7 0.5505779967338795 0.682076994918928 0.03913809471009326 0.029216138558944494
4 0.4440516498164733 0.20556230753448265 0.030400131541796327 0.03988085391920828
4 0.6906822680629157 0.3960211376345075 0.03739358418674961 0.026045674452321598
3 0.7686861707219864 0.3694335570722643 0.05632559471009326 0.029716243731793844
2 0.5331001973126943 0.0740060821450889 0.06466871572854593 0.06583560015828457
4 0.3194597154461971 0.3696211443649321 0.03913809471009326 0.029216138558944317
4 0.41182152069375155 0.388687044602359 0.030870568401734032 0.02117631802583091
4 0.34820634172632153 0.40789403417751763 0.03105257892507769 0.02430131802583091
4 0.35347767065139923 0.4314451944440744 0.037848610495108834 0.033858174452321775
4 0.19774912834626296 0.6367140529821361 0.0367257262518895 0.06814224623907635
4 0.4714581860834789 0.8100224870013693 0.07891322625188942 0.06936977711788864
2 0.3518205202702286 0.8314990187381115 0.11512374203690508 0.07510295157021041
2 0.2624017044993304 0.8093990467139299 0.07137374203690498 0.0738299565847754
3 0.3055377834949954 0.759958987859299 0.06853716837349921 0.051909492478152686
2 0.23360114128868106 0.8639357825281649 0.07945925782192065 0.07874477711788899
4 0.2250235308641594 0.756836336368231 0.04088260523343701 0.03238660266556703
2 0.2532633809770989 0.6391092787672413 0.07800317363517104 0.05374477711788863
4 0.4821311045981524 0.7120623601209074 0.0338135578783902 0.018142246239076343
2 0.7021915175688054 0.9150068183550353 0.08975972099021767 0.06812552586424729
7 0.9705115866411177 0.4760114806666561 0.05897682671776465 0.053381064264907255
2 0.8916987364928846 0.3925110073888334 0.0900481473268119 0.046295989970870186
2 0.6635058470585806 0.34453519398185595 0.04326415258848364 0.04649456677218975
2 0.6207723154885494 0.3339326631030436 0.03196263154179615 0.03992631802583091
2 0.605352441839261 0.29682746819675077 0.05356461575678075 0.0358753155185485
4 0.5226085602974647 0.25542356670568267 0.07258763154179633 0.04110838479802066
4 0.4815208287133162 0.2596875178801817 0.03196263154179633 0.03992631802583091
4 0.7026068734375269 0.27937920691397966 0.0351030420933748 0.013500210345698972
4 0.4004976128435961 0.3415619920159342 0.04353716837349921 0.05118206677218975
4 0.2595463891519553 0.3452599903665815 0.039411110495108835 0.033903638558944314
4 0.2521580943571574 0.40587924162022276 0.03739358418674961 0.026045674452321598
4 0.24486007580013164 0.548393350553996 0.04088260523343701 0.03238660266556703
4 0.2835963521084909 0.5573197211662517 0.05972361049510884 0.0344946719450391
2 0.12268269695975849 0.4325290066639176 0.0890162683452643 0.08214256175762476
4 0.5574595153614925 0.46545779625171163 0.05118306840173403 0.021767351411925873
2 0.5236452284592025 0.5276479076927673 0.041064615756780755 0.035511602665567035
7 0.44641559954824217 0.4871843805748785 0.03766659997176518 0.030733174452321776
2 0.43178468117474295 0.4368433997752085 0.06779371572854576 0.06592652837152997
4 0.4721373944136271 0.35300560886726623 0.06633763154179632 0.04092652837152997
2 0.39449126557325404 0.2384369920159342 0.09739021046687393 0.06522784639736087
4 0.41073934990117794 0.11568145361527442 0.03721157366340595 0.02292067445232169
4 0.8417904707784561 0.3122862982967757 0.04989358418674961 0.026409387305303157
2 0.5795271472562246 0.13463134507721264 0.04299113680346807 0.041807066772189705
2 0.8242242682040899 0.2517208713371715 0.04437162628012459 0.03872753087881238
4 0.831464704711092 0.6036781764308787 0.034177578925077515 0.02439224623907634
2 0.6918191048099139 0.49588474531463944 0.05750866311182747 0.05002874373179385
2 0.5608854361540662 0.73853158339873 0.07789675782192056 0.07869931301126591
2 0.7032696282050886 0.7996091388881488 0.07440773677523324 0.07235838479802066
2 0.7591332203549331 0.7544390428864993 0.07891322625188942 0.06936977711788864
2 0.7290523362528882 0.6396945812871591 0.04575211575678075 0.03564799498543501
2 0.67914334151456 0.6398022298752333 0.039957142065139985 0.043278638558944496
2 0.6355221441312785 0.6541315028364869 0.044553636803468064 0.041852530878812466
2 0.7125180126600694 0.5432825825408003 0.04346157366340577 0.02310253087881229
2 0.589877173211648 0.5131966142775426 0.04070059471009326 0.029261602665567033