1 0.5352861729648745 0.42198654596510676 0.09674234882113648 0.07398292154477701
4 0.9005822732317046 0.10494292906783924 0.017025673916276674 0.034465903590796196
4 0.9278278641441755 0.14073043814302552 0.027517504942915848 0.023592036104353474
4 0.8741524244105683 0.0316417844540335 0.016898339923887562 0.03134090359079618
4 0.9088921803420671 0.059571341733821725 0.013646005931499162 0.028197722872636933
4 0.8291184501137308 0.15380767594458128 0.021585839923887917 0.03136817466803503
4 0.9064104619767288 0.20962133870875962 0.02002333992388792 0.03135908430895542
4 0.8700671022811776 0.08480314589035197 0.03207767095052709 0.020494307181592352
4 0.8367253616727176 0.12953892896964336 0.03513900395433254 0.01894998789975162
4 0.8166303789729232 0.2117065343558376 0.017407675893442942 0.0438409035907962
4 0.8161502179082281 0.23827812471491727 0.027199169961944138 0.015779536104353474
4 0.7662311309500895 0.22137697102592524 0.03083350593149916 0.028297716822512697
4 0.7852901956651065 0.13296391081927075 0.02302100593149916 0.028252265027114642
4 0.7520147806460784 0.14097185353948252 0.017280341901054187 0.0407159035907962
4 0.8006406230414242 0.183667892767094 0.021585839923887563 0.03136817466803503
4 0.7886791339158391 0.2353122059988106 0.032268671939110406 0.025181807181592398
4 0.7617147272997681 0.2831366276417835 0.01995967292769336 0.02979658430895542
4 0.8009616166156335 0.1531900524080144 0.02289367193911005 0.025127265027114643
4 0.8120648957788372 0.2914394861512357 0.01995967292769336 0.02979658430895542
4 0.785896326615196 0.3587951577942087 0.016898339923887916 0.0313409035907962
4 0.8242094101132931 0.35935369399675804 0.013391337946721649 0.02194772287263689
4 0.8190099155505006 0.3851713054330765 0.018397172927693363 0.029787493949875808
4 0.8570537436113904 0.359944046456086 0.017025673916276674 0.034465903590796196
4 0.8433241660447923 0.38737415486734245 0.01683467292769336 0.0297784035907962
4 0.9072500617864485 0.28775997424737904 0.01677100593149916 0.028215903590796197
4 0.9049408038777831 0.25026451942691885 0.02901633794672165 0.022038626463433086
4 0.7433348004177419 0.23479457641211948 0.023212006920082295 0.03293976502711464
4 0.7439515657407811 0.30746446195073884 0.011956171939110227 0.025063632513557366
4 0.739689830075237 0.3754741185665972 0.029462006920082117 0.032976126463433175
4 0.7108180721665718 0.3381331998504905 0.024201503954332716 0.018886355386194254
4 0.6753249466536897 0.1382922811343838 0.012401840912470874 0.03600113251355732
4 0.66432909684397 0.060212732929781895 0.021140170950527094 0.020430674668035033
4 0.7077925953610953 0.0529269528755526 0.013518671939110405 0.025072722872636934
4 0.6953164530794803 0.1686519468254284 0.014282675893442943 0.04382272287263693
4 0.6659791215585494 0.17741841364794114 0.015335839923887918 0.03133181323171654
4 0.6540256082126765 0.11419170580241884 0.013646005931499162 0.028197722872636933
4 0.6446651956651065 0.13378204313643635 0.02008700692008212 0.03292158430895542
4 0.6571479496194391 0.15246386544333923 0.019705004942915848 0.02354658430895542
4 0.6360860331175363 0.15336783529091408 0.023148339923887918 0.031377265027114645
4 0.6334756862735663 0.08930533529091406 0.026018671939110227 0.025145445745273887
4 0.6141181912164821 0.11286100995894907 0.021458505931499162 0.028243174668035033
4 0.5910653517868859 0.08408202498606374 0.017025673916276674 0.034465903590796175
4 0.5675668433839289 0.044365540013178384 0.022957338935304605 0.02668976502711464
4 0.5872254273763178 0.047376910524683166 0.013900673916276673 0.03444772287263694
4 0.5441187090109793 0.19766325683569114 0.01995967292769336 0.02979658430895542
4 0.5131021778706093 0.050152452580965 0.019896005931498983 0.02823408430895542
4 0.5006167653230392 0.06976097063314175 0.01964133794672147 0.02198408430895542
4 0.49620779102620177 0.19169051278761945 0.017025673916276674 0.034465903590796154
4 0.5217781353987139 0.2438979074014252 0.022893671939110228 0.025127265027114643
4 0.5926119002274615 0.31381497678146186 0.01871550790866543 0.03759999394987581
4 0.6257109017103362 0.3206553292407898 0.014155341901054186 0.040697722872636885
4 0.6498805721665717 0.3384877238545956 0.025700336958138337 0.017332945745273866
4 0.6548108112921568 0.2868843172387373 0.02815417490485981 0.039217036104353474
4 0.669429068212239 0.31961954918656055 0.018779174904859808 0.03916249394987581
4 0.6784658285923624 0.36879739257070226 0.013900673916276673 0.034447722872636886
4 0.646992994105682 0.36351044975229463 0.020150673916276673 0.03448408430895533
4 0.646030013383054 0.4549439708295335 0.022957338935304605 0.02668976502711473
4 0.6517415025086389 0.40333601903413535 0.01715300790866543 0.03759090359079629
4 0.6218775889724857 0.418357031036188 0.017025673916276674 0.034465903590796286
4 0.5931477525086389 0.40367690749962104 0.025347509885831697 0.047011355386194255
4 0.6288478305695288 0.37846328406125007 0.016898339923887916 0.03134090359079611
4 0.6516552722803025 0.4971087449318345 0.023339340912470873 0.03606476502711473
4 0.686177510911596 0.44298887149346344 0.025700336958138337 0.017332945745273953
4 0.7189236853221642 0.479525814311871 0.01871550790866543 0.03759999394987581
4 0.7612849402650801 0.5027224197962612 0.018842841901054185 0.04072499394987581
4 0.7963602772232183 0.5197099318965096 0.020150673916276673 0.03448408430895533
4 0.7862013686299809 0.5580593595896067 0.020214340912470874 0.03604658430895533
4 0.779707335018153 0.39868435958960674 0.014155341901054186 0.040697722872636975
4 0.7986920983640259 0.46187016081927085 0.02053267589344294 0.04385908430895533
4 0.8132957678316781 0.47506959758755424 0.010775673916276674 0.03442954215447784
4 0.796585770303136 0.48688834153743005 0.022575336958138337 0.01731476502711473
4 0.841337196196579 0.5303883566627405 0.02445617193911005 0.025136355386194253
4 0.84487869026508 0.5022360855855016 0.02002333992388792 0.03135908430895533
4 0.8854108483640258 0.46136564589035195 0.02515650889724874 0.04232385538619425
4 0.9104798325466952 0.38620201942691884 0.022639003954332538 0.01887726502711464
4 0.849458760911596 0.4420389289696434 0.022859179847775836 0.06261817466803503
4 0.8889085800752372 0.3746059892744937 0.02002333992388756 0.03135908430895542
4 0.7066598127750316 0.2936155853891099 0.023148339923887918 0.03137726502711473
4 0.7228578157407811 0.30758718179831374 0.023275673916276673 0.03450226502711464
4 0.6569834649424784 0.22513829616149844 0.018397172927693363 0.029787493949875808
4 0.6313295489348671 0.22841328708631217 0.029398339923887917 0.031413626463433174
4 0.5980687213682689 0.25595702498606376 0.015463173916276673 0.034456813231716586
4 0.6158783038777831 0.2519462358566481 0.03032416996194378 0.015797716822512697
4 0.5873102934976597 0.20288202196100164 0.02745383794672147 0.022029536104353476
4 0.573924272737413 0.10449906411547934 0.020405341901054187 0.04073408430895542
4 0.5721972880604522 0.17718258519271818 0.02002333992388792 0.03135908430895542
4 0.5507652984405755 0.22653769057891243 0.029143671939110227 0.025163626463433175
4 0.5192606304557981 0.22046949776050484 0.02458350593149916 0.028261355386194252
4 0.4294275148287475 0.06783083197126435 0.01989600593149916 0.02823408430895542
2 0.44670519813656434 0.1466552687395478 0.025764003954332714 0.018895445745273864
4 0.4496338799615064 0.21853026873954784 0.029207338935304604 0.026726126463433177
4 0.4289221319386728 0.22802798858712264 0.015335839923887918 0.03133181323171659
4 0.42940229300336813 0.201456398228043 0.031950336958138335 0.017369307181592398
4 0.38660729794628396 0.2251484282822723 0.021713173916276585 0.03449317466803503
4 0.41072788885875494 0.26095411807561786 0.017025673916276674 0.034465903590796196
4 0.4132135603035737 0.28360127771653826 0.020150673916276673 0.03448408430895542
4 0.4248978182122391 0.32104219038252074 0.02302100593149916 0.028252265027114642
4 0.4080604866913082 0.3297359343323965 0.029907675893442943 0.04391362646343318
4 0.44932215665325204 0.3451245849963265 0.021076503954332537 0.01886817466803503
4 0.47383006672936434 0.3137245940715128 0.029271005931499162 0.028288626463433175
4 0.4988764876798914 0.3338961935057787 0.03182300296574958 0.014244307181592397
4 0.49201899262280724 0.35737914530117676 0.01677100593149916 0.02821590359079611
4 0.5345075815581118 0.3837007507855669 0.013773339923887917 0.03132272287263689
4 0.5387520711779886 0.3344456393492484 0.025092841901054187 0.040761355386194256
4 0.43896434091247105 0.033392199457707036 0.02652800790866543 0.037645445745273884
4 0.4550840894295963 0.026265500687371053 0.023148339923887918 0.031377265027114645
4 0.4753408285923624 0.3699791392510526 0.023212006920082295 0.03293976502711464
4 0.9114414491623286 0.5440463356836975 0.01715300790866543 0.03759090359079629
4 0.9641380262346353 0.5140452182954507 0.018460839923887563 0.03134999394987581
4 0.9161262905690911 0.5823094049655383 0.02314833992388756 0.03137726502711473
4 0.9025877139910762 0.6144270133767946 0.02139483893530496 0.02668067466803503
4 0.8922112880976332 0.5707270103517326 0.014155341901054186 0.040697722872636885
4 0.8880211952079959 0.525428145890352 0.016643671939110406 0.025090903590796288
4 0.8628248770329379 0.5974667723537851 0.015335839923887562 0.03133181323171659
4 0.810162792051966 0.5899587993829523 0.015335839923887918 0.03133181323171659
4 0.8222529096561827 0.7524269831261736 0.018588173916276672 0.03447499394987581
4 0.7208615060058612 0.8147502420049682 0.014155341901054186 0.040697722872636885
4 0.797368314789379 0.697871293332828 0.02608233893530478 0.026707945745273777
4 0.801835638895936 0.6540849318965096 0.024328837946721648 0.022011355386194253
4 0.7603630633065042 0.6910536667711991 0.022639003954332715 0.01887726502711473
4 0.7558493182494201 0.7145229830279778 0.018460839923887917 0.03134999394987581
4 0.7270903068807135 0.6607712691323313 0.01976867193911023 0.02510908430895533
2 0.8635981512532258 0.7123332482514841 0.02601867193911005 0.025145445745273776
4 0.7047166052841081 0.4952371727231274 0.032014003954332716 0.01893180718159222
4 0.7179315296946763 0.5318877450300302 0.03539367193911023 0.02519998789975162
4 0.7336639590481603 0.5919667269778536 0.015717841901054186 0.04070681323171641
4 0.7514218034206724 0.6442195733870573 0.01715300790866543 0.03759090359079629
4 0.7019656314815622 0.6195013745185255 0.01708934091247105 0.03602840359079611
4 0.6665547134967846 0.6134559075978169 0.023148339923887918 0.03137726502711473
2 0.6720897890862164 0.5766962509819586 0.00994800296574958 0.014117042154477843
4 0.7077964788198239 0.6858894438003663 0.032014003954332536 0.018931807181592396
4 0.6413305149031097 0.8574104406771083 0.013900673916276673 0.034447722872636886
4 0.6946664205305976 0.8047439829297819 0.019896005931498983 0.028234084308955333
4 0.6673744086675996 0.7486394286750558 0.024456171939110406 0.025136355386194253
4 0.6376550751695023 0.7480308954975685 0.02901633794672165 0.022038626463433176
4 0.6198680558921303 0.6567064587292851 0.013900673916276673 0.034447722872636886
4 0.6360978923559771 0.671459305138489 0.021904174904859807 0.03918067466803503
4 0.6389072159682426 0.62533828406125 0.02869800296574958 0.014226126463433176
4 0.6221216225843136 0.5777683924725064 0.014155341901054186 0.040697722872636885
4 0.6635198968046014 0.6923985190341353 0.022639003954332715 0.01887726502711473
4 0.6378169012532257 0.7136468051384889 0.03188666996194396 0.015806807181592396
4 0.6611416547132668 0.7299212449318345 0.02869800296574958 0.014226126463433176
4 0.6485103676413978 0.5541718111886131 0.01708934091247105 0.03602840359079611
4 0.6658424476794538 0.5384422720591975 0.029334672927693362 0.029851126463433176
4 0.6074715321661343 0.5442519105246831 0.032014003954332716 0.018931807181592396
4 0.5811690173373867 0.4740757659108774 0.02783583992388792 0.031404536104353474
4 0.5458973622041903 0.5289814345287882 0.03207767095052709 0.020494307181592397
4 0.562810289580508 0.579676326117532 0.021203837946721472 0.02199317466803503
4 0.5675004481737455 0.5413587146812133 0.01989600593149916 0.028234084308955333
4 0.5492743715957304 0.5735035941697086 0.016898339923887916 0.03134090359079611
4 0.5871537149796595 0.6209507659108774 0.02464717292769336 0.029823855386194253
4 0.564798553914964 0.6476496212970717 0.017025673916276674 0.034465903590796286
4 0.5068441324701454 0.6253251694034777 0.029525673916276675 0.03453862646343318
4 0.509016786120467 0.5635791483262389 0.027262836958138338 0.017342036104353652
4 0.4863406314815622 0.6207558440715127 0.017216674904859806 0.03915340359079629
4 0.5491072283255323 0.6844683652469474 0.024710839923887916 0.031386355386194255
4 0.5696571502646425 0.7093547357584523 0.016962006920082116 0.032903403590796285
4 0.6237809175648481 0.7910905490883646 0.029271005931499162 0.028288626463433175
4 0.5943653315952929 0.7787587207313376 0.02002333992388792 0.03135908430895533
4 0.5736071626219322 0.7679393953993726 0.016643671939110406 0.025090903590796288
2 0.4869202461200294 0.7692251603282914 0.02027800790866543 0.037609084308955334
4 0.7967581611390575 0.7596082240509873 0.020214340912470874 0.03604658430895533
4 0.8130171725077637 0.8134326608192708 0.017344008897248388 0.04227840359079593
4 0.8486854170705567 0.7874377873808998 0.028889003954332537 0.018913626463433177
4 0.8531673286295434 0.7631872211241211 0.02302100593149916 0.028252265027114733
4 0.8756325776409601 0.7583679109174666 0.01715300790866543 0.03759090359079629
4 0.822658769351734 0.8774542542034126 0.022604511862997965 0.05636817466803521
4 0.8593310984012069 0.8569235855855016 0.01715300790866543 0.037590903590795935
4 0.8798027658916929 0.8607116609174665 0.020469008897248387 0.04229658430895533
4 0.41424150250863895 0.4047177536142373 0.02876166996194396 0.015788626463433174
4 0.4285095909496521 0.4288592355620605 0.02464717292769336 0.029823855386194253
4 0.37277424410568194 0.3651058077707675 0.02251166996194396 0.015752265027114642
4 0.3655374056646689 0.340923419207086 0.016643671939110226 0.025090903590796198
4 0.45350161516993986 0.5435848108940255 0.02340300790866543 0.037627265027114734
4 0.4620701433445603 0.6771603801758662 0.023148339923887918 0.03137726502711473
4 0.5399470870325004 0.8048626784786641 0.02034167490485981 0.03917158430895569
4 0.5676821092756218 0.9101950730924699 0.023275673916276673 0.03450226502711473
4 0.5658994333821789 0.8664450730924699 0.029016337946721472 0.02203862646343282
4 0.5104651754735136 0.8292586904807167 0.016898339923887916 0.03134090359079629
4 0.5305110786295435 0.7650643802740621 0.029334672927693362 0.029851126463433176
4 0.4665613251695023 0.7490262898167867 0.01715300790866543 0.03759090359079629
4 0.4006233073750051 0.6650149041799713 0.02346667490485981 0.03918976502711473
4 0.7556967624316517 0.8450235492847564 0.01402800790866543 0.03757272287263689
4 0.7312233444468742 0.8389144498504905 0.02464717292769336 0.029823855386194253
4 0.3794301038012333 0.490096717411688 0.021967841901054184 0.04074317466803503
4 0.35219910034119223 0.4738450035160414 0.02152217292769345 0.02980567466803503
4 0.3406939145619175 0.3832654553114395 0.023148339923887828 0.031377265027114645
4 0.3431623399610689 0.42466716013189976 0.02308467292769345 0.02981476502711473
4 0.33678895904816036 0.5942756781840763 0.023530341901054186 0.04075226502711473
4 0.36056204007479964 0.5831972776183424 0.02745383794672147 0.022029536104353476
4 0.4018767426599883 0.7533097897185907 0.022893671939110228 0.02512726502711473
4 0.3275160712151696 0.7310807865953328 0.029525673916276675 0.03453862646343318
4 0.2955166547132668 0.7320483889564651 0.020405341901054187 0.04073408430895533
4 0.2927524575652856 0.5874989582383058 0.03408583992388783 0.03144089754067192
4 0.33601302623463514 0.5176995426454571 0.01708934091247105 0.03602840359079629
4 0.32107377574034357 0.5154421510567134 0.014155341901054186 0.040697722872636885
4 0.2494640780980708 0.3689489461380574 0.029271005931498985 0.028288626463433175
4 0.24336131672936429 0.3150654220357564 0.02027800790866543 0.03760908430895542
4 0.24602606030357368 0.2845739461380573 0.022957338935304605 0.02668976502711464
4 0.2675363043720746 0.2563171359314029 0.020469008897248564 0.04229658430895542
4 0.2418532134596036 0.22052053649713693 0.023148339923887828 0.031377265027114645
4 0.26207021296531197 0.21805861182910197 0.015144838935304605 0.026644313231716586
4 0.20960969372512114 0.5223421117309061 0.028889003954332713 0.018913626463433177
4 0.23479408304098665 0.3924773497288535 0.026146005931499072 0.028270445745273865
4 0.2711281724705829 0.4211790666495622 0.019896005931498983 0.028234084308955333
4 0.29462402228030243 0.4991858919815272 0.02308467292769336 0.02981476502711473
4 0.31693800996019383 0.8358546450065891 0.02965300790866543 0.03766362646343282
4 0.2919725020515284 0.7984910003927834 0.017025673916276674 0.03446590359079611
4 0.3658583296181266 0.7707109131569618 0.023148339923887828 0.03137726502711473
4 0.2212249674511173 0.6348012051150478 0.029143671939110227 0.025163626463433175
4 0.17624538988451918 0.6624131207078965 0.025092841901054187 0.040761355386194256
4 0.1979758098464631 0.6779154008603216 0.031088173916276586 0.034547716822512696
4 0.1820364975657231 0.3826256267580207 0.023148339923887828 0.031377265027114645
4 0.21348942741349877 0.4449574551150478 0.026337006920082208 0.032957945745273776
4 0.2014377549800969 0.4176773376286051 0.03233233893530461 0.026744307181592396
4 0.15496466159616798 0.37028016286237425 0.014155341901054186 0.040697722872636885
4 0.17365631178644841 0.2920278978352596 0.016834672927693452 0.02977840359079611
4 0.17960788144438117 0.22713415086032168 0.035266337946721474 0.022074987899751618
4 0.17202087452429896 0.19435801229664013 0.028889003954332713 0.018913626463433086
4 0.1447726250185905 0.19686084358053343 0.01689833992388783 0.03134090359079615
4 0.1377068829272559 0.23441084055547137 0.01689833992388783 0.03134090359079611
4 0.12899111612134195 0.15475515681225 0.02483817391627663 0.03451135538619425
4 0.14154680733782413 0.27111595501685193 0.024010502965749535 0.014198855386194253
4 0.17520551882026136 0.48347050927157803 0.013773339923887828 0.03132272287263689
4 0.4263342787060932 0.5288955969983791 0.017025673916276674 0.034465903590796286
4 0.3332713923187961 0.27781488602959875 0.023212006920082205 0.03293976502711464
4 0.3004814555509382 0.18267055767257168 0.022893671939110228 0.025127265027114643
4 0.31889853311753635 0.15521317818407646 0.023530341901054186 0.04075226502711464
4 0.33121550790866544 0.03558193423420066 0.023275673916276673 0.03450226502711464
4 0.3249920242202878 0.11298022638867837 0.01689833992388783 0.0313409035907962
4 0.388206948630856 0.14933990720503348 0.022702670950527092 0.020439765027114642
4 0.38913543726214944 0.09541547648687423 0.02876166996194396 0.015788626463433132
4 0.11549889087310236 0.6674551447120016 0.023021005931499073 0.028252265027114733
4 0.14605121250820147 0.6117954971713295 0.02595500494291585 0.023582945745273774
4 0.15750200155723687 0.7969290212736306 0.02333934091247101 0.03606476502711473
4 0.2181012619373602 0.8458068828081448 0.017025673916276674 0.03446590359079593
4 0.05535198075980914 0.3036562651253105 0.02302100593149905 0.028252265027114642
4 0.07712350448580534 0.41605627117543464 0.03214133794672147 0.022056807181592218
4 0.08629823323126709 0.31519775312325793 0.014091674904859786 0.03913522287263689
4 0.09340105638642199 0.6621136597391162 0.02595500494291587 0.023582945745273774
4 0.09078273376273971 0.7129221808163552 0.022639003954332715 0.01887726502711473
4 0.32311780091203346 0.2395836330045366 0.013837006920082296 0.032885222872636885
4 0.3054328938016709 0.2850097624930319 0.015463173916276673 0.034456813231716586
4 0.3231761507217531 0.3177268137226959 0.027390170950527093 0.020467036104353475
4 0.35181314528454555 0.2917728469001831 0.013582338935304606 0.026635222872636977
4 0.34855815269891943 0.326956367977422 0.018588173916276672 0.03447499394987581
4 0.04318360870696815 0.12008978620254936 0.025891337946721472 0.022020445745273863
4 0.052807959505270896 0.20286592476623092 0.028761669961943914 0.015788626463433087
4 0.23833694121648213 0.11504724131759714 0.015335839923887828 0.03133181323171659
4 0.26247743676785784 0.09380804557232328 0.03239600593149898 0.028306807181592352
4 0.264989624524299 0.19381713593140287 0.026082338935304605 0.026707945745273864
4 0.2193667653230392 0.07139723526747295 0.020150673916276583 0.03448408430895542
4 0.4574662149796594 0.6217052657144857 0.032014003954332716 0.01893180718159222
4 0.49607772881982387 0.6871211874556545 0.01214717292769336 0.029751132513557366
4 0.5097874017475172 0.7167359645830176 0.013646005931499162 0.028197722872636888