4 0.48054043111094275 0.23941709783093099 0.033003397540672094 0.033958337748947895
4 0.45319668111094275 0.24037196262172095 0.025218168617910663 0.03837301923729371
4 0.13142517847866406 0.5023387715995464 0.04081589754067201 0.03423115626060227
4 0.14513769965409878 0.5620039482785687 0.02208407825883123 0.03670139183263199
4 0.14536041345154943 0.5237226982785688 0.04239657825883123 0.037410719962933214
4 0.08592632611753188 0.5359523689671413 0.039289758976990455 0.04042659255827132
4 0.10583028083979622 0.47120782268800554 0.043949987899751575 0.03590278366526398
4 0.07096037715080417 0.4232167559904497 0.043949987899751596 0.03590278366526398
4 0.1158097897185908 0.36697419047402036 0.04704771682251274 0.031324411069925694
4 0.15716149756411307 0.37490325236225275 0.039189765027114645 0.023239092558271324
4 0.4904876028521115 0.2749999337657804 0.045530668617910844 0.03908234736759484
4 0.5521285639190877 0.4204736356725462 0.03764544574527377 0.026309528855940557
4 0.4307449641902341 0.20600688630551836 0.048610216822512695 0.031378974772256554
4 0.3972602984991895 0.18843000590563178 0.03766362646343309 0.029434528855940556
4 0.38224383167667675 0.2186358610777749 0.03452953610435348 0.027762901451278844
4 0.2764341932111911 0.28091266098510764 0.04864657825883114 0.03762897477225646
4 0.22636147033855414 0.29515869945969503 0.04238748789975162 0.03584821996293312
4 0.21402055162244746 0.2682514590783419 0.03303066861791084 0.03864583774894799
4 0.16222624746591724 0.30989581125526017 0.039307939695149674 0.043551592558271325
4 0.10514954567051912 0.31969988639033636 0.03302157825883123 0.03708333774894799
4 0.10997340105671341 0.2960986952833438 0.039189765027114645 0.02323909255827141
4 0.11949384680198727 0.27077131306935864 0.039207945745273864 0.026364092558271414
4 0.16099554557232326 0.252919124957591 0.044031801131468117 0.04996528366526398
4 0.2653335876286051 0.1750718887525891 0.040761355386194256 0.02485615626060227
4 0.22767905152425164 0.20294391760852962 0.03772725897699036 0.04037202885594056
4 0.10715292808588059 0.24386407268800553 0.02042158430895542 0.019459328130301136
4 0.3553404432111911 0.2781571940173994 0.03301248789975162 0.035520837748947896
4 0.38349271428842996 0.27248754737544406 0.02519089754067192 0.0336855192372937
2 0.4241222594679698 0.27028764111484177 0.04402271077238851 0.04840278366526398
4 0.39887681977282013 0.3133481603521355 0.05331589754067192 0.03466766587924912
4 0.36454272638867835 0.3075173118034143 0.03926248789975162 0.035739092558271325
4 0.20741148243880256 0.3301884638876653 0.05327953610435347 0.02841766587924912
4 0.17525751259122774 0.3524007697854478 0.06743293969514967 0.04453373920022674
4 0.6210012837666625 0.3969790827699885 0.040779536104353656 0.02798115626060227
4 0.5915092264868742 0.3644220431142748 0.04390453610435348 0.028090283665263983
4 0.3962876300776704 0.3556175059056318 0.03451135538619425 0.024637901451278844
4 0.4126666090004315 0.3597320870311578 0.039207945745273955 0.026364092558271414
4 0.3610677475641131 0.367782689208076 0.028261355386194252 0.024419646641955416
4 0.2780325337666624 0.4089558154316114 0.03764544574527386 0.026309528855940557
4 0.2319387837666625 0.4105654446503716 0.04391362646343318 0.02965278366526398
7 0.03766608811958443 0.5071750937393977 0.04237839754067198 0.03428571996293321
7 0.005168247269525491 0.38415674519067655 0.010336494539050983 0.025436509618646852
7 0.17025185002344112 0.4072519608924404 0.028279536104353475 0.02754464664195542
4 0.1748570159108774 0.5554984879342824 0.042351126463433086 0.029598219962933214
7 0.11015819077530417 0.6671105997298475 0.03604658430895542 0.020004965153609788
2 0.20156496165615131 0.5295709049946579 0.039289758976990455 0.04042659255827132
4 0.26036324473544276 0.4923685161572508 0.04706589754067192 0.034449411069925696
4 0.22140982904439813 0.4749826087155222 0.03460225897699045 0.040262901451278664
2 0.17935413925105256 0.4537995786784553 0.04862839754067201 0.03450397477225664
2 0.20520811212368956 0.4403992775899962 0.07997839149054772 0.05278274881887359
2 0.15275527781473414 0.46097716161807983 0.04709316861791084 0.039136911069925694
4 0.2816524374556545 0.4580381561757843 0.03612839754067192 0.03406746515360979
2 0.25204675068737104 0.4450123665200705 0.05019089754067192 0.03455853847458741
4 0.2792273951047851 0.33783478358044594 0.031413626463433174 0.02921627404661713
2 0.24567000654110355 0.33275790318055937 0.061246572208706954 0.055252984390903315
2 0.2941984101318997 0.3154414284083028 0.05959316861791084 0.039573420688572544
4 0.20719785900043158 0.36690721388766534 0.040770445745273866 0.026418656260602268
4 0.4434176810127468 0.1758828766868715 0.02363748789975162 0.03519345553496285
4 0.6908875786516147 0.19926577986743085 0.05331589754067192 0.03466766587924908
4 0.5970694009585176 0.21425835200728222 0.02831589754067192 0.03379464664195542
4 0.5737046238311545 0.20257680754224508 0.04234203610435348 0.028035719962933036
4 0.5995995033196497 0.18214525645378593 0.04547612646343317 0.02970734736759484
4 0.522718840751863 0.23950637786799786 0.04238748789975162 0.03584821996293312
4 0.604395566747758 0.29757928349562796 0.04390453610435365 0.028090283665263983
4 0.5284915969001831 0.3213193730586744 0.04546703610435347 0.028144847367594837
4 0.4758569554096354 0.3731472570867581 0.03460225897699054 0.040262901451278844
4 0.49627399453905097 0.354469178956457 0.04394089754067192 0.03434028366526398
5 0.6113177324388026 0.31608374683513907 0.03766362646343317 0.029434528855940556
5 0.5644881842342007 0.30990815790506476 0.028279536104353475 0.02754464664195542
4 0.6886342113615637 0.3180703435697617 0.045448855386194253 0.025019847367594838
4 0.6519972745932803 0.3052900905745369 0.02832498789975162 0.03535714664195542
4 0.624371723461812 0.35468245536532683 0.02518180718159222 0.0321230192372937
4 0.6976728680756178 0.3755554613557766 0.023546584308955332 0.019568455534962847
1 0.658274024789672 0.43473205391404796 0.07377384328594587 0.06037699400955034
4 0.5418359585328933 0.44426579973769675 0.04706589754067192 0.034449411069925696
4 0.49491096155795544 0.4544964608076224 0.05489657825883114 0.03784722958157989
4 0.4881569675098838 0.4070857474681112 0.0532977168225127 0.03154266587924912
4 0.5802172024827692 0.4257414890305908 0.029887487899751618 0.03541171034428636
5 0.6297490489901688 0.5044642005560034 0.04554884933607006 0.04220734736759475
7 0.5321246152469474 0.5024056819516819 0.02676248789975162 0.035302582939624474
4 0.4897598532448949 0.5343476519146149 0.05178975897699054 0.04086310217691817
4 0.6654002026791609 0.5524279854023937 0.05327953610435365 0.02841766587924912
4 0.5514104255517978 0.5439111356725462 0.048573855386194256 0.02512897477225664
4 0.5130473623200812 0.5593104463796521 0.04546703610435365 0.02814484736759475
4 0.4731808864223822 0.5646080707890889 0.028288626463433175 0.029107146641955416
7 0.35957692867505575 0.624032689208076 0.040770445745273866 0.026418656260602268
2 0.3490030430382405 0.561914635124392 0.08003293364502548 0.06215774881887377
4 0.2802803141154794 0.5596279380269497 0.04093407220870695 0.05454365626060227
4 0.23252861534514335 0.5776983809480407 0.04231476502711464 0.023348219962933216
4 0.14013658226585196 0.6160738893855612 0.051871572208706994 0.05492560217691818
4 0.17530192262493158 0.613283706083117 0.02832498789975162 0.03535714664195542
2 0.20096097365820387 0.4991294368458233 0.05341589149054773 0.051855165879248946
4 0.3726859827333902 0.5189086795894292 0.03614657825883114 0.037192465153609786
4 0.40270528083979623 0.46084071924514286 0.059674981849627426 0.05363592068857237
4 0.3857268590986275 0.4255034199707824 0.04554884933607006 0.04220734736759475
4 0.4714694372592628 0.32174844819375065 0.053352258976990544 0.040917665879249124
4 0.7091239733636163 0.2868922654394606 0.040788626463433175 0.02954365626060227
7 0.7717557835702707 0.26205346734622637 0.0470477168225127 0.031324411069925694
4 0.7382665726996864 0.24525783694633976 0.0470477168225127 0.031324411069925694
4 0.6975461239293503 0.263082743206942 0.039226126463433174 0.029489092558271413
4 0.7259705848981306 0.3448858147138212 0.04391362646343318 0.02965278366526398
4 0.6979677838648584 0.45912192950461117 0.048592036104353475 0.02825397477225646
4 0.7244166543763632 0.4777255965649866 0.05177157825883114 0.03773810217691818
4 0.5719638200674076 0.501795557542245 0.04238748789975162 0.03584821996293321
4 0.4446150040070208 0.6413714674310445 0.04547612646343317 0.02970734736759475
4 0.31813886241827716 0.6309473773198437 0.03772725897699036 0.04037202885594056
4 0.29395647385459556 0.625543114705972 0.03303066861791084 0.0386458377489479
4 0.2008099409716959 0.7936061231434925 0.04391362646343309 0.02965278366526398
4 0.1920525645082628 0.8220312235063121 0.06279998184962739 0.05374504809323426
7 0.18166451035173256 0.8622296375714626 0.048692030054229285 0.04544147477225664
7 0.37492869702182013 0.8047097703336019 0.04862839754067192 0.03450397477225664
4 0.35368495609700645 0.8312276303150685 0.03460225897699045 0.04026290145127902
4 0.30067358558550167 0.8135515461943177 0.03926248789975162 0.035739092558271325
4 0.27265312471491726 0.7965649428362731 0.028288626463433175 0.02910714664195524
4 0.27323438681516565 0.8309126609851077 0.0361102168225127 0.030942465153609787
4 0.23042017291951913 0.8058506627992061 0.023601126463433174 0.028943455534962935
4 0.2557105435292198 0.8893253617107473 0.04706589754067192 0.03444941106992587
4 0.2519633748131131 0.8621180209665742 0.06118293969514967 0.04431548439090349
4 0.30277644106989177 0.8548759506408213 0.04235112646343318 0.02959821996293286
7 0.32615939891541407 0.8634324951058584 0.0407159035907962 0.017043656260602093
7 0.3131685195251147 0.9482440047245054 0.04398634933607006 0.04215278366526398
7 0.1571048718862469 0.9216691249575909 0.048573855386194256 0.02512897477225664
7 0.11968668511796343 0.9089161538135315 0.034538626463433086 0.029325401451279022
4 0.15019179655428191 0.9016021616180799 0.050172716822512696 0.03143353847458741
4 0.4498968807650415 0.8075594626217211 0.050254530054229286 0.04549603847458741
4 0.400596317533325 0.8233407192451428 0.05178975897699054 0.04086310217691817
4 0.30718213993842364 0.9031497595338287 0.07834316861791084 0.04022818511654265
4 0.4891457331261736 0.7741641200634495 0.04864657825883114 0.03762897477225664
4 0.39556390476914655 0.748531692203301 0.05015453610435348 0.02830853847458741
4 0.4165212993829523 0.7712325822218343 0.036137487899751616 0.03562996515360979
4 0.41548149503003035 0.6814433959241653 0.04400453005422929 0.045277783665263985
7 0.3475991034412867 0.6689731669755574 0.05964771077238851 0.048948420688572546
4 0.5408723804704538 0.6098907997376968 0.03612839754067192 0.03406746515360979
4 0.6510877178044714 0.5958878087233714 0.040770445745273956 0.026418656260602268
4 0.6517235220591975 0.620860526872206 0.04549430718159222 0.03283234736759475
4 0.5929343293389857 0.656500415709613 0.05015453610435365 0.02830853847458741
2 0.602609311188613 0.604610533495628 0.056531801131468204 0.05040179328391083
4 0.6141280732888615 0.6385763057281466 0.05328862646343317 0.029980165879248944
4 0.6813337540070208 0.6331050665279198 0.04396816861791066 0.03902778366526398
4 0.7778911123200812 0.5500618988345721 0.032985216822512695 0.0308333377489479
4 0.7707416876520462 0.570619935495061 0.03452953610435365 0.027762901451278844
4 0.6997070249860637 0.5629463339511149 0.03608294574527378 0.02625496515360979
2 0.731166103244895 0.5259175599044978 0.06740566861791084 0.03984623920022692
4 0.7570422811343838 0.6429587269648731 0.04864657825883114 0.03762897477225664
1 0.5231258233870574 0.7065847504633361 0.03926248789975162 0.035739092558271325
4 0.5068013866187739 0.6930951693378102 0.04388635538619425 0.02496528366526398
4 0.5375559620489347 0.777160145291193 0.04874657220870695 0.05481647477225664
4 0.6245923537358743 0.8537920779606651 0.05646816861791084 0.03946429328391084
4 0.7301565525062103 0.8337027780533323 0.04856476502711473 0.02356647477225664
4 0.5942872301993074 0.8267310701561168 0.04391362646343318 0.02965278366526398
7 0.6961360765103153 0.7739656795046111 0.04391362646343318 0.02965278366526398
4 0.6384912272724412 0.8814260046396875 0.04551248789975162 0.03595734736759511
4 0.51688439286529 0.8395882234214941 0.04246930113146803 0.04991071996293286
4 0.6065468565645447 0.7333530923886353 0.03460225897699054 0.040262901451278844
7 0.2550070824622437 0.741723675413078 0.03302157825883123 0.0370833377489479
4 0.12088206733693316 0.7034474038135314 0.04391362646343313 0.02965278366526398
4 0.14719458246224368 0.745488570873907 0.05183521077238855 0.04867560217691817
4 0.33199891286237426 0.1282216814035277 0.04862839754067192 0.03450397477225655
4 0.42126140076212576 0.09073655037066893 0.04398634933607006 0.04215278366526398
4 0.5107733526557198 0.14463038748664472 0.050181807181592396 0.03299603847458741
4 0.573173358705844 0.1596353393934105 0.040788626463433175 0.02954365626060227
4 0.512640379684887 0.09223207378431386 0.03765453610435347 0.027872028855940555
4 0.8009024072050334 0.3539855070019401 0.04238748789975162 0.03584821996293312
4 0.8457689587292851 0.5633133777831798 0.05491475897699054 0.04097222958158007