4 0.46081582191411935 0.26369797848527166 0.03457498789975162 0.03557540145127884
4 0.4326953670936593 0.2634970818433162 0.02678975897699054 0.03999008293962456
4 0.11789811065075155 0.5290104321213179 0.04239657825883123 0.037410719962933034
4 0.13622592983439646 0.5913566646981228 0.023655668617910842 0.038318455534962936
4 0.1328645804983264 0.550622537293461 0.047102258976990455 0.040699411069925695
4 0.07279014373004296 0.562584334753723 0.042442030054229286 0.045223219962933214
4 0.0895867582896194 0.49599703547936247 0.045521578258831186 0.03751984736759475
4 0.05023791197861144 0.4454141929210911 0.045521578258831207 0.03751984736759475
4 0.09364702351312577 0.38834822658635504 0.050181807181592354 0.03299603847458741
4 0.13587997530852386 0.3976339465492882 0.040761355386194256 0.02485615626060227
4 0.4735249001729507 0.3000719881039185 0.04710225897699054 0.040699411069925695
4 0.5470492794650541 0.45182795026230327 0.039217036104353474 0.027926592558271325
4 0.4074953791939076 0.2282490626060225 0.050181807181592396 0.03299603847458741
4 0.3714487948849522 0.20824409745241282 0.040806807181592394 0.032668656260602266
4 0.35835389724608435 0.23981155598260057 0.03766362646343309 0.029434528855940556
4 0.2532714875069681 0.3025347560752678 0.05021816861791084 0.03924603847458741
4 0.2017953459182245 0.31557790389834955 0.04395907825883123 0.037465283665263985
4 0.18757376463433117 0.28774308057737186 0.03617384933607006 0.0418799651536097
4 0.1378328398681003 0.33052829210278445 0.042442030054229286 0.045223219962933034
4 0.0792981772021178 0.33863840326537736 0.03459316861791084 0.03870040145127884
4 0.08228682181592355 0.31531003067003904 0.04389544574527386 0.026527783665263982
4 0.08994478571157004 0.28902034918169334 0.040779536104353496 0.02798115626060227
4 0.13202320140261464 0.2717435691446265 0.04717498184962739 0.05319941106992569
4 0.2346664123713949 0.19253227349846297 0.04233294574527387 0.026473219962933125
4 0.19812037919390763 0.22093752649368784 0.039317030054229284 0.04511409255827141
4 0.07650899960721655 0.26199405771188106 0.020430674668035033 0.021021828130301134
4 0.33449421642972926 0.3006845685964723 0.03615566861791084 0.0387549651536097
4 0.3633686501729506 0.29622524708959314 0.028334078258831143 0.03691964664195542
2 0.40553796945479137 0.29457346705252624 0.04559430113146821 0.050019847367594836
4 0.3815782946885605 0.33825897966639795 0.05489657825883114 0.03784722958157989
4 0.34560897843178184 0.33153526451278825 0.04083407825883123 0.03735615626060227
4 0.1848260145361353 0.3524777031727101 0.05486021682251274 0.031597229581579886
4 0.1537078247427898 0.374042679126093 0.0690136204133089 0.04771330290255769
4 0.6172117885402404 0.4285020668671917 0.0439227168225127 0.031215283665263983
4 0.5842083909995684 0.3945437291182438 0.04549430718159222 0.03283234736759475
4 0.38182827956325 0.38122772966639795 0.03452044574527387 0.026200401451278842
4 0.39904305064048884 0.3865154303920374 0.040779536104353475 0.02798115626060227
4 0.3459725927949665 0.3940352645127883 0.029832945745273863 0.026036710344286274
4 0.26263791802873565 0.4356473564380875 0.03765453610435347 0.027872028855940555
4 0.21498621320827543 0.4347644135169964 0.0439227168225127 0.031215283665263983
7 0.023407767266609834 0.5327405781303012 0.04083407825883121 0.03735615626060227
7 0.15170041802873563 0.4317733335725967 0.02985112646343313 0.029161710344286364
4 0.16664922803899837 0.5846081568935745 0.04549430718159235 0.03283234736759475
7 0.10638895979042988 0.6988864225026711 0.037618174668035034 0.021622028855940556
2 0.19226685157556528 0.5573834579820336 0.040861349336070066 0.04204365626060227
4 0.249847547419035 0.5195585649682751 0.05177157825883114 0.03773810217691818
4 0.2091225534691592 0.500952408707673 0.03617384933607006 0.04187996515360961
2 0.16369187880112418 0.47905756134007815 0.05177157825883123 0.03773810217691818
2 0.1893913155694076 0.46589536242853724 0.0831306625677866 0.0575793762235353
2 0.13717483059652227 0.48594247840045357 0.05023634933607006 0.04237103847458741
4 0.26996005951928337 0.48589289309857636 0.03769998789975162 0.035684528855940555
2 0.23862824628756685 0.47073911905195925 0.05490566861791084 0.039409729581580066
4 0.25907658079291396 0.36053822903342575 0.0361193071815924 0.03250496515360961
2 0.2246788548952149 0.35543157758214694 0.06438066256778666 0.056924611795565114
2 0.2737885205862595 0.3384003342055689 0.06118293969514967 0.04431548439090331
4 0.18738793315404617 0.39005954872620635 0.040788626463433134 0.02954365626060227
4 0.41902777683277553 0.19662704037350393 0.02519998789975162 0.035248019237293704
4 0.6761726563212707 0.22513401940692973 0.05645907825883114 0.037901793283910835
4 0.5801834454506863 0.2397471017135821 0.03145907825883114 0.03702877404661713
4 0.5551152677575891 0.2271553324762884 0.0439227168225127 0.031215283665263983
4 0.5799880027304745 0.20615335171358207 0.0470568071815924 0.032886911069925695
4 0.5045612767345796 0.26444451215053555 0.045530668617910844 0.03908234736759484
4 0.5931788700205255 0.3253398613322289 0.0454943071815924 0.03283234736759484
4 0.5159851109453392 0.3484202080668516 0.0470477168225127 0.031324411069925694
4 0.4655220235131258 0.40133438774109875 0.03460225897699054 0.040262901451278844
4 0.4849396440246306 0.38248518402023446 0.045521578258831144 0.03751984736759475
5 0.6018862495090207 0.3451712116950486 0.0392352168225127 0.03105159255827141
5 0.5526311380727023 0.3372024550716267 0.031413626463433174 0.02921627404661713
4 0.6807970446885605 0.34870792866275685 0.048582945745273776 0.026691474772256463
4 0.6424385266363837 0.3340898679556509 0.03145907825883114 0.03702877404661713
4 0.6169572584860111 0.38475206686719177 0.02675339754067192 0.03374008293962456
4 0.6944146379745064 0.4069842201325692 0.023555674668035032 0.021130955534962935
1 0.6565015475172309 0.46892865942546325 0.07849770472226432 0.06679068511654265
4 0.5378197252103281 0.47650056804831814 0.05020907825883114 0.03768353847458741
4 0.4902271077238852 0.48577387512722703 0.05803975897699054 0.0410813569862416
4 0.4797890565924172 0.43698171106207645 0.056440897540672094 0.03477679328391083
4 0.575982800542293 0.4575248787554241 0.03145907825883114 0.03702877404661713
5 0.6326964088553535 0.539176672039335 0.048692030054229285 0.04544147477225646
7 0.5319106136758137 0.5348760632389947 0.028334078258831143 0.03691964664195542
4 0.48991855639602544 0.5669965932760616 0.054923849336070064 0.04253472958157989
4 0.6728265051663614 0.5897867964487717 0.056422716822512695 0.03165179328391084
4 0.5548168485505032 0.5786359869227921 0.05172612646343318 0.029925602176918177
4 0.515854342500379 0.5944593943645208 0.0470477168225127 0.03132441106992552
4 0.4752657039366975 0.5992907381039185 0.0298602168225127 0.03072421034428636
7 0.3607901134794219 0.6585615559826005 0.04234203610435348 0.028035719962933213
2 0.3455736587571576 0.5939807008104575 0.08474770472226431 0.06700893992586607
4 0.27525206839807803 0.5899628342055688 0.04563975292686617 0.05783234736759475
4 0.22693274306611305 0.6085838594333124 0.04390453610435348 0.028090283665263983
4 0.13498159240218308 0.645989600995792 0.055032933645025484 0.061284729581580065
4 0.17089636650448403 0.6433383161494015 0.03146816861791084 0.03859127404661713
2 0.1897458395735127 0.5268328624285372 0.05812157220870699 0.0551438569862416
4 0.3671895835233885 0.5502133426430895 0.039289758976990455 0.04042659255827132
4 0.3949600595192834 0.4902579892850448 0.06282725292686626 0.05843254809323426
4 0.37600098126045217 0.4536657248570745 0.050254530054229286 0.04549603847458741
4 0.4566192013044187 0.3479092873782791 0.056495439695149585 0.044151793283910834
4 0.7009186471478885 0.316604756793058 0.042369307181592396 0.03272321996293313
7 0.763264111043535 0.2922248048862922 0.048619307181592394 0.032941474772256465
4 0.7272311622731991 0.2745635897326825 0.04861930718159222 0.03294147477225655
4 0.6867107014026146 0.2911136834720803 0.042369307181592396 0.03272321996293304
4 0.720795330792914 0.37666180307219366 0.0454943071815924 0.03283234736759484
4 0.7003879029034252 0.4938939430907271 0.05016362646343318 0.029871038474587407
4 0.7286219872123805 0.5136260897326825 0.05178066861791084 0.03930060217691818
4 0.5733123184962738 0.5355407513507624 0.04239657825883114 0.037410719962933214
4 0.4499435170702181 0.6772966870154593 0.04705680718159222 0.032886911069925695
4 0.31942931527482005 0.6649281178708328 0.040861349336070066 0.042043656260602094
4 0.29439749901804135 0.6585863486335392 0.03617384933607006 0.04187996515360979
4 0.20948266441449834 0.8313665950053422 0.04392271682251279 0.031215283665263983
4 0.20105254087793148 0.8591914946425223 0.06751475292686626 0.058596239200226566
7 0.19270423057308114 0.9010788942797028 0.05183521077238851 0.04867560217691817
7 0.38921107103035657 0.8446726707733905 0.051762487899751616 0.036175602176918176
4 0.36906219749378977 0.8720883426430894 0.03617384933607006 0.04187996515360979
4 0.31348890836437415 0.8521825812103441 0.04239657825883123 0.037410719962933214
4 0.28292470959403815 0.8347123390148923 0.0298693071815924 0.032286710344286006
4 0.28625424267332955 0.8699777164195541 0.03926248789975162 0.035739092558271325
4 0.24001504692805567 0.8433680872007938 0.025172716822512698 0.030560519237293703
4 0.27176047149789484 0.9296156112474108 0.04865566861791084 0.03919147477225664
4 0.26535139021400156 0.9020536064380875 0.06277271077238851 0.04905754809323426
4 0.31842639323906363 0.8953150223173367 0.0454943071815924 0.032832347367595105
7 0.34347639021400156 0.9047817915546303 0.04229658430895542 0.02022321996293286
7 0.3346013599633805 0.9842262109772584 0.048682939695149675 0.03154757804548325
7 0.17196954975672604 0.9620610342982362 0.048582945745273866 0.02669147477225664
7 0.13205307688408913 0.9481696598887993 0.03925339754067201 0.034176592558271324
4 0.16325307990915122 0.9406671839354164 0.053324987899751576 0.036230165879248946
4 0.46734970656897606 0.8497446058899334 0.05183521077238851 0.04867560217691817
4 0.4174497005188519 0.865186067415346 0.054942030054229284 0.045659729581580065
4 0.3265297847296114 0.9455878408289908 0.08149543969514968 0.045024812521204535
4 0.5054264234896847 0.8159251665970393 0.05178975897699054 0.04086310217691817
4 0.40762927292395057 0.7882961852013608 0.05016362646343318 0.029871038474587407
4 0.4304127879510652 0.8109623588851582 0.037718168617910844 0.03880952885594056
4 0.42362191158582796 0.7177753540758347 0.048701120413308985 0.04700397477225664
7 0.35246452907227066 0.7043552056197808 0.06278180113146821 0.05062004809323426
4 0.5481764839909268 0.6455779502623032 0.03769998789975162 0.035684528855940555
4 0.6605901255796703 0.6346627868301249 0.04234203610435348 0.028035719962933213
4 0.6638605713249441 0.6597719142347866 0.04863748789975162 0.03606647477225664
4 0.6047082851223948 0.6959797435462141 0.050172716822512696 0.03143353847458741
2 0.610644667734148 0.6422917483555375 0.05811248184962743 0.0535813569862416
4 0.6256929508134395 0.6779663535276806 0.05644089754067192 0.03477679328391083
4 0.6944020441975812 0.6733359064302383 0.04710225897699054 0.040699411069925695
4 0.7884287792686624 0.5899182604212551 0.03455680718159222 0.032450401451278844
4 0.7823014991162373 0.6107937556119316 0.03610112646343318 0.02937996515360979
4 0.7088230925003789 0.6011980116023814 0.03766362646343317 0.029434528855940556
2 0.7390645835233884 0.5631995037978331 0.07055793969514959 0.044642866604888455
4 0.7725815863520589 0.6854390915467811 0.05022725897699054 0.04080853847458741
1 0.5354861073311018 0.746676658792491 0.04240566861791084 0.038973219962933216
4 0.5182122489198455 0.7312327080668515 0.04391362646343318 0.02965278366526398
4 0.5546588090283041 0.8199876732204613 0.05032725292686635 0.05799603847458741
4 0.650421281802745 0.9006598090626434 0.05962043969514959 0.04426092068857237
4 0.7580974264165509 0.8809872045234725 0.05014544574527378 0.026746038474587407
4 0.6174451553393121 0.8713889713136954 0.04705680718159222 0.032886911069925875
7 0.7194661975919856 0.8194941438163665 0.0439227168225127 0.031215283665263983
4 0.6662099082661783 0.929330446085952 0.045521578258831144 0.03751984736759475
4 0.5378440137505685 0.8834499724948219 0.04717498184962743 0.05319941106992587
4 0.6231360982559156 0.7755134761230189 0.03460225897699054 0.040262901451278844
7 0.2615082518467117 0.7785069790334258 0.03460225897699045 0.040262901451278844
4 0.11988383322880089 0.7360689639724833 0.04706589754067201 0.034449411069925516
4 0.1506025681034904 0.780101706167935 0.05497839149054777 0.051909729581580064
4 0.30079086123992677 0.14641373084752432 0.051762487899751616 0.036175602176918266
4 0.3896124667243169 0.10811761188038309 0.048701120413308985 0.047003974772256554
4 0.4860243792921035 0.1661607795737307 0.051762487899751616 0.036175602176918266
4 0.5517266473442802 0.1817337050716267 0.042360216822512696 0.031160719962933126
4 0.48492496672431684 0.11144599772256529 0.0392352168225127 0.03105159255827141
4 0.7989657825883121 0.3872024881887365 0.04239657825883114 0.037410719962933124
4 0.8595907069617595 0.604119658877309 0.05649543969514994 0.044151793283910834