2 0.5052056504675383 0.09199868598271652 0.10985678903121965 0.08344882513557325
2 0.2314783007386847 0.3091487827847038 0.06921360831306052 0.08008747579950323
4 0.8313181776930971 0.01655482103035663 0.031386355386194255 0.02361930718159235
4 0.8695903373340176 0.015215034827807264 0.02355567466803521 0.02044885538619427
4 0.7821176084112563 0.01939347471934867 0.023610216822512697 0.02982385538619427
4 0.7939727137974506 0.04289915241244581 0.025145445745273776 0.025145445745273887
4 0.7422647680521768 0.01759917056281842 0.025145445745273776 0.02514544574527388
4 0.7635630511314682 0.05287814041039326 0.022011355386194253 0.023564765027114642
4 0.6086528373340175 0.013696944861511105 0.023555674668035032 0.020448855386194266
4 0.6236693041565303 0.043470803272767464 0.025163626463433175 0.028270445745273886
4 0.5893306655928487 0.04952081537301588 0.018922716822512696 0.02979658430895542
4 0.6088119186179108 0.0410406948615111 0.028279536104353475 0.02672612646343312
4 0.7012312227744412 0.08142077604720854 0.02361930718159222 0.031386355386194255
4 0.5774028373340175 0.013515137679918751 0.02980567466803503 0.020485216822512736
4 0.5539926084112563 0.018066282293724485 0.018895445745273777 0.02510908430895541
4 0.5439045361043535 0.029725944959706967 0.023655668617910842 0.03763635538619427
4 0.5565227107723885 0.05011116783234391 0.028261355386194252 0.023601126463433132
4 0.5195630662567787 0.008491294393972894 0.026626132513557367 0.011092036104353501
4 0.4891215873340175 0.013001532391920348 0.01886817466803503 0.020421584308955416
4 0.4609965873340175 0.012837905928487228 0.01886817466803503 0.020421584308955416
4 0.4284022559519284 0.05014700838781525 0.018913626463433177 0.02823408430895542
4 0.4407749909248137 0.0283447312604522 0.023601126463433174 0.028261355386194266
4 0.510488048106406 0.059999252239495184 0.018922716822512696 0.02979658430895542
4 0.3994869155928487 0.048416336744842324 0.031377265027114645 0.022056807181592353
4 0.3448994095427246 0.0652856741770557 0.023601126463433174 0.028261355386194276
4 0.2900937348746895 0.04465501160926909 0.018895445745273864 0.02510908430895541
4 0.1855107740041051 0.0620147075509347 0.028243174668035033 0.02047612646343313
4 0.19811076795398092 0.07927493042357164 0.017342036104353475 0.026662493949875788
4 0.1451403040583344 0.10552835821486464 0.026726126463433086 0.02827953610435352
4 0.08561076795398088 0.07862042456983917 0.014144313231716544 0.014144313231716565
4 0.0561868883672898 0.12376020774732643 0.029823855386194274 0.023610216822512742
4 0.11262324072842196 0.15611871067419267 0.022038626463433086 0.028252265027114642
4 0.17418290944452866 0.12913402985783756 0.01421703610435352 0.026644313231716586
4 0.0303556413923519 0.11501646682251274 0.02360112646343312 0.028261355386194252
4 0.8778119034926004 0.08557298662320535 0.028297716822512697 0.02985112646343311
4 0.8543471324153614 0.08074913123701108 0.02512726502711473 0.022020445745273887
4 0.7856107679539809 0.08269290543750792 0.017323855386194253 0.02353749394987581
4 0.7241283672900509 0.12295883625386299 0.02363748789975162 0.03451135538619425
4 0.763140870315113 0.11459234523085345 0.04234203610435348 0.026807939695149673
4 0.6647579124695907 0.12339465260883756 0.026698855386194254 0.023592036104353474
4 0.6882045028286704 0.1250935079950318 0.026635222872636886 0.012654536104353475
4 0.6145897408266178 0.09419751111828975 0.020457945745273775 0.02511817466803503
4 0.5936005299560334 0.11204354127071495 0.02512726502711473 0.022020445745273863
4 0.5662749606741927 0.11500945998682162 0.017360216822512698 0.029787493949875808
4 0.5530618883672898 0.12665094193464488 0.015743174668035032 0.020403403590796197
4 0.5320363160603869 0.13824697208707 0.02040340359079611 0.015743174668035032
2 0.5563459696511831 0.1540128726528041 0.015734084308955332 0.0188409035907962
4 0.632109038933024 0.15132875506816557 0.020476126463433175 0.028243174668035033
4 0.6008999455488822 0.1581781978865732 0.017351126463433175 0.02822499394987581
4 0.6862334575509348 0.18914237245641238 0.025145445745273776 0.025145445745273866
4 0.6159436834486337 0.19263955629782958 0.017323855386194253 0.02353749394987581
4 0.5581448189872532 0.19464696301188372 0.015797716822512697 0.0297784035907962
4 0.5128732256031114 0.2014145925985748 0.022020445745273776 0.025127265027114643
4 0.4924561864736958 0.18332766793053978 0.018913626463433177 0.02823408430895542
4 0.42682664129415604 0.18216462284919582 0.032985216822512695 0.029878397540671963
4 0.4603658491396784 0.1729850655694076 0.02049430718159222 0.03136817466803503
4 0.4480703822189698 0.2080685926967707 0.03302157825883114 0.03612839754067192
4 0.40750901473252704 0.21876974336070062 0.020494307181592397 0.03136817466803503
4 0.38283574677854615 0.14050384279496653 0.03134999394987581 0.017369307181592353
4 0.45007324375348406 0.14948847823539008 0.020494307181592397 0.03136817466803503
4 0.41492608411256365 0.15084644515609869 0.023601126463433174 0.028261355386194252
4 0.37751244252382005 0.16547202653818788 0.028279536104353475 0.02672612646343313
4 0.3280709787263694 0.12690443022717993 0.018895445745273864 0.02510908430895542
4 0.33449369554888214 0.1566282916634984 0.029842036104353476 0.02673521682251274
4 0.2965169725780494 0.20874932786604777 0.020476126463433175 0.028243174668035033
4 0.2635726623713949 0.1859021803253758 0.023601126463433087 0.028261355386194252
4 0.23383971057599678 0.17791696350286307 0.025145445745273866 0.025145445745273866
4 0.2598204275949013 0.07807149960721653 0.02832498789975162 0.03453862646343313
4 0.1587988039601385 0.1704493762670414 0.018895445745273864 0.02510908430895542
4 0.08218176180566081 0.16062894867214011 0.03451135538619425 0.02363748789975162
4 0.05806300575553661 0.17767554810640607 0.026662493949875788 0.017342036104353475
4 0.0066232256031114505 0.19846931625677866 0.011119307181592356 0.03131363251355732
4 0.07950218940056208 0.23717326795398092 0.020503397540671965 0.03293067466803503
4 0.017052186375499982 0.2454034035907962 0.0204670361043535 0.02668067466803503
4 0.1317004936552882 0.2124777949831481 0.02198408430895542 0.01887726502711464
4 0.2347982225780494 0.20839025868240285 0.023601126463433174 0.028261355386194252
4 0.19648061114173088 0.20191754488495223 0.014235216822512742 0.02976931323171659
4 0.38363115319801266 0.2772225927949665 0.023610216822512697 0.029823855386194253
4 0.590416963502863 0.2362395653730159 0.01418067466803503 0.020394313231716588
4 0.8090624243734474 0.21954346564416233 0.02827953610435365 0.026726126463433177
5 0.7958493520665446 0.2311849475919856 0.040761355386194256 0.023673849336070064
4 0.8474300327847037 0.234609929441613 0.018895445745273777 0.02510908430895542
4 0.831968659248137 0.2626440258508168 0.026698855386194254 0.023592036104353474
4 0.8944550237095175 0.26066389021400155 0.02822499394987581 0.017351126463433175
4 0.7992697887366321 0.2819843783101449 0.022020445745273953 0.025127265027114643
4 0.6898584273003137 0.2750980531745716 0.014235216822512697 0.02976931323171659
4 0.7411391261688456 0.226960535024199 0.018895445745273777 0.02510908430895542
4 0.6037936622731991 0.2527230834251927 0.018895445745273777 0.02510908430895533
4 0.5945095658639952 0.2682935412707149 0.020476126463433175 0.028243174668035033
4 0.5506413911959601 0.24772651121648562 0.029787493949875808 0.017360216822512698
4 0.5340896954506863 0.22263106244614966 0.02353749394987581 0.017323855386194253
4 0.4468669514026146 0.26977825233769104 0.017323855386194253 0.02353749394987581
4 0.38341298458010187 0.23972259279496652 0.020467036104353475 0.02668067466803503
4 0.35359821955298726 0.21767487597245383 0.015770445745273864 0.02509090359079611
4 0.4689055778660478 0.29803051736480574 0.017342036104353652 0.02666249394987581
4 0.40031920432948087 0.3257555415653025 0.02831589754067192 0.032976126463433175
2 0.3823277284317818 0.3217447524358869 0.01572499394987581 0.017278403590796198
4 0.35824078863843634 0.3442601018701528 0.017369307181592398 0.03134999394987581
4 0.5669885538619427 0.23766570998682163 0.01736930718159222 0.03134999394987581
4 0.5360976230455876 0.2992026528052293 0.023619307181592396 0.031386355386194255
4 0.6725663881708981 0.2570293092246958 0.02668067466803503 0.020467036104353475
4 0.7655305929913583 0.25678893558993304 0.02979658430895533 0.018922716822512696
4 0.706328309813871 0.2861310019449076 0.026726126463433177 0.028279536104353475
4 0.7221351169954634 0.31747190553570376 0.02518180718159222 0.031395445745273864
4 0.7939646652000654 0.3100775620533662 0.026744307181592396 0.031404536104353474
4 0.8471396621750031 0.3189803842620732 0.0173420361043533 0.02666249394987581
4 0.7652493127407373 0.34272189041039325 0.0220568071815924 0.031377265027114645
4 0.7216538488450908 0.369029860356164 0.017342036104353475 0.02666249394987581
4 0.8442464663315334 0.358805953543914 0.026744307181592576 0.031404536104353474
4 0.5714174995090207 0.32753218588452065 0.017360216822512698 0.029787493949875808
4 0.5539891049934108 0.28602594193464487 0.020494307181592397 0.03136817466803503
4 0.5638004422292324 0.3610804840891226 0.0298602168225127 0.0298602168225127
2 0.5146544151018694 0.3732941377781146 0.020385222872636888 0.012618174668035031
4 0.49735783079291396 0.3544441438282388 0.01418067466803503 0.020394313231716588
4 0.4351259963857627 0.40017427946505413 0.028252265027114733 0.022038626463433176
4 0.3973851018701528 0.35854986084714324 0.020467036104353475 0.02668067466803503
4 0.4085634963857627 0.4000197433607006 0.02510908430895533 0.018895445745273777
4 0.3852805324901162 0.4264458879745064 0.022011355386194253 0.023564765027114732
4 0.39317939090137255 0.44133508976990443 0.02353749394987581 0.017323855386194253
4 0.37269417407885985 0.4115294151018694 0.028261355386194252 0.023601126463433174
4 0.34977430366555096 0.36608510489521495 0.017360216822512698 0.029787493949875808
4 0.36234702653818784 0.3786578277678519 0.017323855386194253 0.02353749394987581
4 0.3278538518701528 0.35814533986810027 0.025154536104353475 0.026707945745273954
4 0.3101123608471433 0.3971033007386847 0.017360216822512698 0.029787493949875808
4 0.6630464633064713 0.3663452218906783 0.023601126463433174 0.028261355386194252
4 0.27994813787631045 0.44926978873663215 0.02666249394987581 0.017342036104353475
4 0.3235526921310366 0.4245243187908615 0.018895445745273864 0.02510908430895533
4 0.29332029146710664 0.4649720567888089 0.020476126463433088 0.028243174668035033
4 0.19857996320827548 0.428484590064492 0.023582945745273864 0.025136355386194253
4 0.1593987676593933 0.2735743762670414 0.022002265027114644 0.022002265027114644
4 0.13210046945479137 0.2812277949831481 0.023592036104353474 0.026698855386194254
4 0.20756810206654458 0.22776242739850955 0.023610216822512697 0.029823855386194253
4 0.1174612525340828 0.3162976865718917 0.03450226502711464 0.022074987899751618
4 0.14623569232742833 0.2938096082148647 0.03136817466803503 0.020494307181592397
4 0.1673748941228264 0.30174482806243946 0.022002265027114644 0.022002265027114644
4 0.14245216217500317 0.3148806323171656 0.02510908430895542 0.018895445745273954
4 0.18088340309981685 0.3408845961146162 0.015779536104353474 0.02665340359079611
4 0.16132488202257803 0.33608346662612104 0.022020445745273863 0.02512726502711473
4 0.12850783684303818 0.335111319085449 0.018940897540671964 0.03292158430895542
4 0.07459249648395858 0.3332352016972022 0.02361930718159235 0.031386355386194255
4 0.08278679156530253 0.39890565349260027 0.0236374878997516 0.03451135538619425
4 0.057954963208275444 0.4276664577473264 0.014217036104353497 0.026644313231716586
4 0.13524871623333753 0.41952268052176744 0.020494307181592352 0.03136817466803503
4 0.18653850546094902 0.3729476623713949 0.014217036104353476 0.026644313231716586
4 0.17345269818116077 0.4064641443192182 0.018895445745273864 0.02510908430895533
4 0.8989975988450908 0.3700616161117006 0.020439765027114733 0.02199317466803503
4 0.8273089512062229 0.40167470959403817 0.017323855386194253 0.02353749394987581
4 0.8184833970496926 0.36178096261910025 0.012609084308955331 0.018822722872636886
4 0.7600032765381879 0.3809713241536146 0.028261355386194252 0.023601126463433174
4 0.6819237283335859 0.3883293061996337 0.02976931323171659 0.014235216822512697
4 0.6640867885402404 0.4108810170702181 0.015743174668035032 0.020403403590796287
4 0.6798026921310366 0.42659692066101423 0.014126132513557366 0.01101931323171641
4 0.6900134842855143 0.43603100799503175 0.020476126463433175 0.028243174668035033
4 0.6415441680287357 0.43028045686356364 0.017342036104353475 0.02666249394987581
4 0.6362481348512483 0.45993614060678495 0.023619307181592396 0.031386355386194255
4 0.6109345174630015 0.4058844448615111 0.022038626463433176 0.028252265027114733
4 0.600914622849196 0.4292628575274936 0.029832945745273776 0.025172716822512698
4 0.5963771137740095 0.45501683645025465 0.025163626463433175 0.028270445745273775
4 0.5266595114128774 0.42258106547121177 0.025145445745273953 0.025145445745273953
4 0.5648498578220812 0.40717877926866236 0.02512726502711473 0.022020445745273953
4 0.49065837889932007 0.4114344872123805 0.02518180718159222 0.031395445745273955
4 0.47378904146710665 0.4660219932625047 0.017342036104353475 0.02666249394987581
4 0.47864925828961946 0.4957367643397436 0.022056807181592218 0.03137726502711473
4 0.5107623215213359 0.5099856167008758 0.020494307181592397 0.03136817466803503
4 0.5616026588553534 0.5204373033709633 0.022074987899751618 0.03450226502711473
4 0.4452918576256895 0.5361663216195318 0.01736930718159222 0.03134999394987581
4 0.41165265583029137 0.52815837889932 0.022074987899751618 0.03450226502711473
4 0.3699918757760621 0.4841674843837101 0.018931807181592396 0.03135908430895533
4 0.37027822208707006 0.5333862343837101 0.023592036104353474 0.026698855386194254
4 0.3937520835233885 0.5397725897699044 0.017332945745273953 0.02509999394987581
4 0.3364981197259379 0.5011595416634984 0.023601126463433174 0.028261355386194252
4 0.3163219751121321 0.5244788669954634 0.025127265027114643 0.022020445745273776
4 0.29445152029167193 0.5251328519683487 0.017351126463433085 0.02822499394987581
4 0.2716134631100796 0.49375104176169426 0.03605567466803503 0.020521578258831143
4 0.25200494505790283 0.48035616227319905 0.026735216822512696 0.029842036104353653
4 0.19347028239192038 0.49017152380771334 0.03450226502711464 0.022074987899751618
4 0.21324242690753023 0.5316914032962086 0.031404536104353474 0.02674430718159222
5 0.23902367690753018 0.5318413942210223 0.026744307181592396 0.031404536104353654
4 0.10849583957351269 0.5209260992378743 0.020494307181592352 0.03136817466803503
4 0.08123390280522927 0.5348295179539809 0.018895445745273888 0.02510908430895533
4 0.060244691934644864 0.5526755481064061 0.022056807181592353 0.03137726502711473
4 0.0768191135776178 0.5816772468767419 0.031404536104353495 0.02674430718159222
4 0.12425719495970697 0.5444545028286705 0.022011355386194253 0.023564765027114732
4 0.5851219720870701 0.5346361587571575 0.018895445745273777 0.02510908430895533
4 0.6006787943939729 0.5230083123479539 0.029842036104353476 0.026735216822512696
4 0.6404770925985748 0.515427616504484 0.022038626463433176 0.028252265027114733
4 0.8381969751121321 0.5275150469280557 0.018913626463433177 0.028234084308955333
4 0.8242708304983264 0.5508707336963392 0.022020445745273776 0.02512726502711473
4 0.761707197984769 0.5395696193331544 0.025163626463433175 0.028270445745273775
4 0.797503797419035 0.5155599475919856 0.0298602168225127 0.0298602168225127
4 0.7265373124461496 0.537021336253863 0.025145445745273953 0.025145445745273776
4 0.695350944959707 0.5477770290722705 0.029787493949875808 0.017360216822512698
4 0.6430435563960255 0.5537225020431034 0.026744307181592396 0.031404536104353654
4 0.5853083244482022 0.5666674087571576 0.02050339754067192 0.03293067466803503
4 0.5392645714231401 0.5749929931643089 0.017323855386194253 0.02353749394987581
4 0.4823378605525557 0.5926299450579029 0.018922716822512696 0.02979658430895533
2 0.5136242219888741 0.5990617522394952 0.015752265027114732 0.02196590359079629
4 0.4604492250139362 0.5901589300307881 0.029851126463433176 0.028297716822512697
4 0.388628767168414 0.5991157735131258 0.025145445745273953 0.025145445745273776
4 0.40652933947531683 0.5875015626425414 0.018877265027114554 0.02198408430895533
4 0.34966171593874995 0.6152947645361353 0.018895445745273954 0.02510908430895533
4 0.3365531827612627 0.6449049964839586 0.017342036104353475 0.02666249394987581
4 0.3005156888113869 0.6275084182251274 0.01894089754067192 0.03292158430895533
4 0.7990304568635637 0.6436894927715254 0.03136817466803521 0.02049430718159222
4 0.7688344176359522 0.6903872307694728 0.025163626463433175 0.028270445745273775
4 0.6934026255796704 0.6157321435336512 0.029823855386194253 0.023610216822512697
2 0.7171264718906782 0.6650872489198455 0.02363748789975162 0.03451135538619425
4 0.7158907039366975 0.5869577037403058 0.023564765027114732 0.022011355386194253
4 0.6450060321955287 0.6224815924021831 0.01894089754067192 0.03292158430895533
4 0.6748389779408026 0.6476543092246958 0.014207945745273776 0.02508181323171659
2 0.6239213725546082 0.6239213725546082 0.026744307181592396 0.031404536104353474
4 0.5380111436318471 0.6281089028052292 0.026717036104353654 0.026717036104353477
4 0.543670791172519 0.660953219062008 0.02050339754067192 0.03293067466803503
4 0.5163543122497579 0.6654816377781146 0.0298602168225127 0.0298602168225127
4 0.4661088725546082 0.6230032462875668 0.02050339754067192 0.03293067466803503
4 0.445969089377121 0.6525725716195317 0.03452044574527378 0.02519998789975162
4 0.4446111224564124 0.6877197312604523 0.02519998789975162 0.03452044574527378
4 0.4514065440011894 0.7815060926967707 0.02674430718159222 0.031404536104353474
4 0.48084405912649986 0.7387100595192834 0.03292158430895533 0.01894089754067192
4 0.4464145169720222 0.7291350716195317 0.03450226502711473 0.022074987899751618
4 0.39876281215156206 0.7296390656676035 0.01894089754067192 0.03292158430895533
4 0.3706832639469601 0.7372879392041704 0.023619307181592396 0.031386355386194255
4 0.3938207820973328 0.6858617945903646 0.018904536104353477 0.02667158430895533
4 0.32449406517662416 0.7206135236113217 0.020476126463433088 0.028243174668035033
2 0.24703214050858913 0.6998510508368806 0.029878397540672008 0.032985216822512695
4 0.18167985128097766 0.7463442557555366 0.02203862646343313 0.028252265027114733
4 0.2020150771786767 0.7503686804235716 0.015743174668035032 0.02040340359079611
4 0.14203608918072924 0.7804874515990063 0.020485216822512742 0.02980567466803503
4 0.2278872307694729 0.7661436713483853 0.020467036104353475 0.02668067466803503
4 0.14734575789683593 0.753175517855785 0.025127265027114643 0.022020445745273776
4 0.13933326999708434 0.718755066060387 0.03145907825883123 0.0361193071815924
4 0.07058781517662416 0.7191363402608838 0.023610216822512742 0.029823855386194253
4 0.045891821324944224 0.6369641896951497 0.0157795361043535 0.02665340359079611
4 0.18184347774441076 0.7744692557555366 0.018895445745273864 0.02510908430895533
4 0.30682984220579135 0.7728527344819061 0.026726126463433086 0.028279536104353475
4 0.3085559686692244 0.8009868248409857 0.025172716822512698 0.029832945745273776
4 0.25868323369633905 0.822570933350438 0.026744307181592396 0.0314045361043533
4 0.2399195981577197 0.8201180990414825 0.023601126463433174 0.028261355386194252
4 0.8362764476901816 0.7345281162098964 0.023592036104353297 0.026698855386194254
4 0.8617531706610142 0.6823343571347101 0.023610216822512697 0.029823855386194253
4 0.7895014416400572 0.7514429054375078 0.018904536104353477 0.02667158430895533
4 0.7544588211285526 0.7707696223582164 0.020503397540672097 0.03293067466803503
4 0.948199730769473 0.7703343268840891 0.015770445745273774 0.02509090359079611
4 0.8670088181034903 0.780017878211949 0.022093168617910663 0.037627265027114734
4 0.8310894988216496 0.7829337999531177 0.0173420361043533 0.02666249394987581
4 0.8100366554375078 0.7898423301055428 0.029869307181592576 0.0314227168225127
4 0.7835650590283041 0.8053127940011894 0.020503397540672097 0.03293067466803521
4 0.6249349475919856 0.7981401225546083 0.023619307181592396 0.031386355386194255
4 0.6262338271786767 0.7528367129136878 0.031395445745273955 0.025181807181592398
4 0.689315089278925 0.7188298724564124 0.01730567466803503 0.02041249394987581
4 0.5967872216942866 0.7940702460911752 0.03302157825883114 0.0361283975406721
4 0.5711150560032421 0.8126702551663614 0.02519998789975162 0.03452044574527378
4 0.5500167608237022 0.8117662853187866 0.022038626463433176 0.028252265027114733
4 0.4898514204646226 0.8098538064942213 0.022074987899751618 0.03450226502711473
4 0.5212423210303566 0.8342543636758137 0.017342036104353652 0.02666249394987581
4 0.461740056003242 0.8120339300307883 0.020476126463433175 0.02824317466803521
4 0.46974345354391395 0.8448918818261862 0.01894089754067192 0.03292158430895533
4 0.9478684535439139 0.8476735317045494 0.029887487899751618 0.034547716822512696
4 0.9010798119551703 0.8622445709321607 0.02519998789975162 0.03452044574527378
4 0.8534644685710286 0.8689985649802324 0.02832498789975162 0.03453862646343318
2 0.9742627819009411 0.8189218178089028 0.03450226502711473 0.022074987899751618
4 0.7673724324666751 0.8419360952308533 0.017323855386194253 0.023537493949875456
4 0.7299406101597723 0.8534366766129426 0.02976931323171659 0.014235216822512697
4 0.6954519806712771 0.833705438713191 0.02668976502711473 0.0220295361043533
4 0.6573979896482675 0.8725452249157403 0.018904536104353477 0.026671584308955686
4 0.4257212636523725 0.9321328065924173 0.028343168617910842 0.03766362646343317
4 0.36406160098639007 0.9419299874087723 0.022074987899751618 0.03450226502711473
4 0.36221275467538205 0.8927021470496926 0.0314227168225127 0.029869307181592218
4 0.30035764928918784 0.8689055778660478 0.020494307181592397 0.03136817466803521
4 0.330754197297398 0.9899624455488822 0.031377265027114645 0.020075108902235426
4 0.30723488406568145 0.9767544393023663 0.026744307181592396 0.0314045361043533
4 0.5555769352953455 0.9617935563960254 0.023601126463433174 0.028261355386194252
4 0.5635621521178582 0.9898629724798536 0.028261355386194252 0.020274055040292893
4 0.5088201099633805 0.9818333456236369 0.022074987899751618 0.03450226502711473
4 0.9287735407797356 0.9225599022160541 0.01574317466803521 0.020403403590796287
4 0.6383883935336512 0.6935344357863248 0.026735216822512696 0.029842036104353476
5 0.5783003212267483 0.7049032069617595 0.02051248789975162 0.03449317466803503
1 0.7082867613146815 0.48847929712444743 0.04421360831306061 0.07994203005422928
1 0.22181293012898404 0.3934646954506863 0.05519656010845857 0.08781816256778666