4 0.5506870592775479 0.4174009640754056 0.019168170671545325 0.036155676002545434
4 0.48766779658659465 0.5955981420671332 0.0330852200031817 0.023819308004454243
4 0.4074712192473221 0.6384208940563155 0.05348862667090888 0.03186816534054522
7 0.5222967879137768 0.6413197220719058 0.04097044533736351 0.030160214672181596
7 0.5134121365770496 0.6662197247374058 0.03782726400381797 0.02856135200509069
4 0.4108540419716832 0.21340271272277017 0.028579533338636054 0.039389764003817974
4 0.6488251146165023 0.3771310474219959 0.03780908267027261 0.02699885200509069
3 0.7234256726209567 0.34518216076540453 0.05663180800445442 0.033467028007636034
2 0.4960204773233641 0.07921916406745144 0.061701116008908666 0.06633407200827235
4 0.29090352661522967 0.38234252204008906 0.03784544533736343 0.03012385200509069
4 0.37984784794718424 0.39353510805217945 0.028361357336090798 0.02063976400381797
4 0.31862853727722984 0.41704478604390705 0.029960220003181704 0.023782945337363515
4 0.32383365794082086 0.4397646707113161 0.03788180800445442 0.033248852005090514
4 0.17447690591186768 0.6513368753580443 0.03513861600890866 0.06602498933799979
4 0.43768433589277767 0.7950436113939972 0.07736247867599957 0.06964088534372692
2 0.32168661855509606 0.8257294427116342 0.11182838534372674 0.0778533746817267
2 0.23588547855668685 0.8130107193666347 0.06804202267663584 0.07421929734245439
3 0.2771195532304593 0.7611396840388164 0.06622498400699968 0.05232611600890884
2 0.20867754121582358 0.8681703866963624 0.07903406667727228 0.07903406667727211
4 0.20050250922982293 0.7649362986950896 0.039426126670908876 0.03170453333863606
2 0.22763826857895858 0.6488300406985894 0.07405566534054513 0.05397952267663584
4 0.4466058972390498 0.6998220180617245 0.0314863573360908 0.02067612667090888
2 0.6594042472151873 0.878103201424223 0.08671929734245402 0.06818747334499946
7 0.9201183119430482 0.43029459945890325 0.06469884667409076 0.055432934675363296
2 0.842066584619684 0.3559389421148583 0.08650112133990859 0.04943747334499946
2 0.6220358952896383 0.3291566240849506 0.04271475867281786 0.04580339600572696
2 0.5806932799570474 0.32320606874599633 0.030160214672181596 0.04097044533736351
2 0.5654682692950472 0.28864925541054187 0.05356135200509069 0.03811816534054513
4 0.4861534866327288 0.2556907573997242 0.07080339600572713 0.04300566000954502
4 0.44700007996500163 0.2630487240610881 0.030160214672181596 0.04097044533736342
4 0.6595273519653198 0.26317763542326855 0.034538632001908987 0.014462489337999785
4 0.3694194252864567 0.3496578387173613 0.04278748400699968 0.05205339600572696
4 0.23329102128422954 0.3644823126989076 0.03788180800445433 0.03324885200509069
4 0.22635922127627534 0.4230033373647258 0.03624658267027261 0.026980670671545325
4 0.21927233259073078 0.5620022026973167 0.03786362667090888 0.03168635200509051
4 0.2567086979233217 0.5679073047024075 0.059793170671545236 0.03662839067472703
2 0.10247627860441196 0.4598482620146357 0.0869011106779086 0.08381247334499946
4 0.5197728666056847 0.4553276780712695 0.04869203866963616 0.02243862133990877
2 0.48700527259709414 0.5182362107335878 0.03944430800445424 0.03326703333863605
7 0.4123779899347757 0.48533225672340646 0.03786362667090888 0.03168635200509069
2 0.3988609299411391 0.43829362472149747 0.06482611600890867 0.0663704346753633
4 0.4373518126193658 0.35357372672658816 0.06455339600572696 0.04293293467536321
2 0.36355178063336513 0.24957602271640678 0.09451361600890866 0.06671588001272663
4 0.3790051526495917 0.1302084047183158 0.034647720003181705 0.023837489337999784
4 0.7944654259627745 0.2835003207749496 0.05032726400381797 0.028706802673454223
2 0.5414778806492736 0.13444301340704207 0.041097714672181596 0.041097714672181596
2 0.7763790446371832 0.22625089477240418 0.042623852005090515 0.03799089600572696
4 0.7841524452578217 0.5654497547739951 0.03312158267027243 0.026944308004454243
2 0.6500416219366848 0.474033319422314 0.05683180267345413 0.050654528007635945
2 0.5229593119032772 0.7186816534054512 0.07590906667727229 0.07899770401018139
2 0.6599320532304593 0.7655941107574503 0.07114884134309048 0.07269316000954493
2 0.7136115839035954 0.7185560260979955 0.07579997867599957 0.06962270401018138
2 0.6851876865850037 0.609616830760632 0.04573067067154533 0.036464758672817864
2 0.6374768925843675 0.6137498000874959 0.03958975867281787 0.045767033338636055
2 0.5950893979153675 0.630446404081769 0.0426602146721816 0.04111589600572714
2 0.6682825445974123 0.5180014954248595 0.0408977200031817 0.023910214672181594
2 0.5513041299331849 0.498669145408951 0.03780908267027243 0.02699885200509069