1 0.5274962995838189 0.5797930808914475 0.10683318787965276 0.09523359514371954
4 0.9590690354317701 0.813594048692487 0.024310322188333088 0.03818196159934004
4 0.9725509603936452 0.7717702615454686 0.02100348423243048 0.030278533386094965
4 0.9526177072595132 0.8892389063726188 0.02423758700597247 0.03505696159934004
4 0.9745115442654854 0.8554776718120252 0.013227351823611145 0.03161371285298138
4 0.8785463872553813 0.7799799151481077 0.027398954597153136 0.036710389812585474
4 0.9403391788585065 0.7114177832530808 0.025800087005972472 0.035102425705962934
4 0.9350314701772909 0.838693337093147 0.0349568814588892 0.02600021034569906
4 0.8921179247744437 0.8014828421077118 0.036555749050069156 0.027608174452321776
4 0.8532022015599299 0.726863275335522 0.026091027735416716 0.04760242570596276
4 0.8451903330188187 0.7016132227490972 0.03019664627652787 0.022738818025830908
4 0.8023482163775689 0.7285106918702849 0.036737587005972475 0.035420674452321776
4 0.8411184692273604 0.8093802586424748 0.02888871941479181 0.03363085391920819
4 0.8067434692273604 0.8083800482967757 0.026018292553055745 0.04447742570596276
4 0.8438992835319091 0.7570819727490973 0.027398954597152782 0.036710389812585474
4 0.8192090612673258 0.7094568149898232 0.03666485182361114 0.032295674452321774
4 0.7818188172512495 0.6700616943775674 0.02576371941479181 0.03353992570596294
4 0.8510207992994786 0.7869967932822107 0.02725348423243048 0.030460389812585652
4 0.8283671621410065 0.6518716355229365 0.025727351823611144 0.03197742570596294
4 0.7867803806058676 0.5912463725908127 0.024237587005972117 0.03505696159934022
4 0.8244985861529509 0.5829625111497571 0.017769381458888844 0.02550010517284953
4 0.8125441000206592 0.5591612982967756 0.024164851823611146 0.03193196159934022
4 0.8567116741088536 0.576082025335522 0.024310322188333445 0.03818196159934022
4 0.8369446879765621 0.5520534919494272 0.022638719414791807 0.03344899749271768
4 0.9225717570307633 0.6350682319202974 0.022602351823611144 0.031886497492717505
4 0.9287301848424299 0.6727728204000993 0.033467116641249815 0.029079746239076342
4 0.7759857381290619 0.7191440520576993 0.030560322188333443 0.03836381802583091
4 0.758872279732187 0.6482859827782271 0.017805749050069507 0.02706260517284953
4 0.7384701671749996 0.5843682352855095 0.035247822188333444 0.03850021034569906
4 0.7187564260087147 0.6252289160060375 0.027108013867708357 0.024210389812585477
4 0.7328150067464229 0.8273369852855097 0.019622822188333444 0.03804556927947189
4 0.7403898109829854 0.9049535199252456 0.024019381458888843 0.025681961599340043
4 0.7842125461653465 0.9031015149106807 0.019368249050069508 0.027108069279471892
4 0.7453338437523952 0.7933029660851798 0.024492160144236053 0.04599446159934004
4 0.714138395139166 0.790049933952726 0.022675087005972115 0.0350114974927175
4 0.7173530076963536 0.8534675762725941 0.01944098423243048 0.030233069279472245
4 0.703654183608159 0.83743339931299 0.025800087005972295 0.03510242570596276
4 0.7111763960890966 0.8165442377927921 0.02405574905006951 0.02724446159934004
4 0.6907911609067354 0.8190782044066973 0.02896145459715278 0.036755853919208194
4 0.7033989572595132 0.8819873813663014 0.030378484232430482 0.030551318025830908
4 0.6796166183536798 0.8625326877136498 0.02732621941479163 0.03358538981258548
4 0.6639909651432978 0.8956945287007343 0.024310322188333445 0.03818196159934004
4 0.6496914225902423 0.9390580837944416 0.028852351823611143 0.03206835391920819
4 0.6693863267505548 0.932595135127225 0.02114895459715278 0.036528533386094963
4 0.5904826895920827 0.7958332695295344 0.02576371941479181 0.03353992570596276
4 0.5964027684299298 0.9445435541692703 0.025727351823611144 0.03197742570596276
4 0.5787976943417353 0.9283957169431094 0.024019381458888843 0.025681961599340043
4 0.5448065136802771 0.8101398104374766 0.024310322188333445 0.03818196159934004
4 0.5578163131671868 0.7550120412371466 0.02725348423243048 0.030460389812585476
4 0.6105250454997564 0.6736771247023838 0.025945557370694417 0.04135242570596294
4 0.6405580376159717 0.6596971927282148 0.02285692496187508 0.04282399749271768
4 0.6590359338924995 0.6383450299543755 0.028670513867708358 0.024255853919208193
4 0.6766767223614926 0.6865468492338478 0.03535692496187508 0.04318771034569906
4 0.682963743163055 0.6515497236070271 0.02598192496187508 0.04291492570596276
4 0.6801848884896523 0.6029985633404704 0.02114895459715278 0.036528533386094963
4 0.6509876977602078 0.6146574773679508 0.027435322188333444 0.038272889812585656
4 0.6280424666619093 0.525648801661988 0.028852351823611143 0.03206835391920819
4 0.645665071335312 0.5746318709414601 0.025945557370694417 0.04135242570596276
4 0.6130344092912148 0.5658646247023837 0.024310322188333445 0.03818196159934022
4 0.5891059468102773 0.5862764131030436 0.03397626291777787 0.050954746239076344
4 0.6301303371028815 0.6038874619285446 0.024237587005972294 0.03505696159934022
4 0.623537457828194 0.48408342728880854 0.03059668977951393 0.03992631802583091
4 0.6701754152751385 0.5292200825408002 0.028634146276527873 0.02269335391920819
4 0.6930505240326038 0.4868878300335179 0.025945557370694417 0.04135242570596294
4 0.728152875856215 0.45663804037921685 0.02754442496187508 0.04296038981258565
4 0.7584040735195134 0.43328310840504775 0.027435322188333444 0.038272889812585476
4 0.7396729105254858 0.39833980707226424 0.02747168977951393 0.03983538981258557
4 0.7712469527942009 0.5532689994712745 0.02285692496187508 0.04282399749271768
4 0.775099957828194 0.4884934456312086 0.029179660144236053 0.046130853919208195
4 0.7864193175355899 0.4724054443775674 0.01802395459715278 0.03643760517284953
4 0.7670517216959023 0.46480589304478387 0.025509146276527873 0.022602425705962936
4 0.800301286000451 0.41339415723054884 0.02881598423243048 0.03050585391920819
4 0.8098574707459718 0.4394709239235962 0.025800087005972118 0.035102425705962934
4 0.8591301189223607 0.472175775335522 0.033903527735416716 0.04782974623907634
4 0.9013344962971871 0.5398550203209571 0.025545513867708536 0.024164925705962938
4 0.8296056198722912 0.4978971893630025 0.03433993882958362 0.06657974623907634
4 0.8830020703853816 0.5549571830947964 0.025800087005972472 0.03510242570596276
4 0.7255506334556592 0.6692062365391509 0.02896145459715278 0.036755853919208194
4 0.7376330593674647 0.6539222173388209 0.03059668977951393 0.03992631802583091
4 0.6940447538966313 0.7464674185133199 0.024164851823611146 0.03193196159934022
4 0.6689902025098605 0.748083742807357 0.035247822188333444 0.03850021034569906
4 0.6295828636040272 0.7281744080884787 0.022747822188333443 0.038136497492717504
4 0.6475697973996175 0.7279159953146395 0.03175914627652787 0.022784282132453627
4 0.6306719317082979 0.7821488542484126 0.031904616641249994 0.029034282132453626
4 0.6416802072595132 0.8801915491547054 0.029143292553055745 0.044568353919208194
4 0.6222229988626382 0.8092652837152994 0.025800087005972295 0.03510242570596276
4 0.5903924238245133 0.766123037476223 0.031977351823611146 0.03215928213245363
4 0.5611770492994785 0.7785632015037034 0.03045121941479163 0.03367631802583091
4 0.5104289008387493 0.943605528305023 0.025727351823611144 0.03197742570596276
2 0.5083592141933673 0.8645856180384662 0.028706881458888844 0.02581835391920819
4 0.49435257200090205 0.7945997269722394 0.03357621941479181 0.03376724623907634
4 0.47180542477444376 0.7892529974262106 0.022675087005972296 0.03501149749271768
4 0.4774553595199646 0.8152161038527013 0.034956881458888846 0.02600021034569906
4 0.43088948404499927 0.8005709306540207 0.027435322188333444 0.038272889812585476
4 0.44587935762010356 0.761136357613625 0.024310322188333445 0.03818196159934022
4 0.44171918769222157 0.7383437152937569 0.027435322188333444 0.038272889812585656
4 0.4449721274717355 0.699349411453691 0.027326219414791807 0.03358538981258548
4 0.42629486265409666 0.6956788421742187 0.0386273953265972 0.049528638558944314
4 0.46279606031739523 0.6725057666265404 0.02554551386770836 0.024164925705962938
4 0.49426361265409663 0.6976565308123053 0.03517508700597229 0.03537521034569906
4 0.5135954941129856 0.6732021000917776 0.03328527868534721 0.021267246239076342
4 0.5016046403895134 0.6509633872387961 0.022602351823611144 0.031886497492717505
4 0.5360166611910759 0.6167846155311837 0.019477351823611145 0.03179556927947225
4 0.5520949496600689 0.6649409707040332 0.033867160144236054 0.04626724623907634
4 0.5276521152195478 0.9761596155311837 0.03379442496187508 0.043142246239076344
4 0.544785063832777 0.9790034707040333 0.02896145459715278 0.036755853919208194
4 0.4822552283454161 0.6425825859060126 0.030560322188333443 0.03836381802583091
4 0.8650365864372913 0.3863519356020787 0.025945557370694417 0.04135242570596294
4 0.9232302929343053 0.40524433960042927 0.025800087005972472 0.035102425705962934
4 0.8604406586256248 0.3486928112288994 0.02896145459715278 0.036755853919208194
4 0.8392202752668748 0.3199313137361818 0.02569098423243048 0.030414925705962936
4 0.8397644827138191 0.3637267778428045 0.02285692496187508 0.0428239974927175
4 0.847303572569583 0.40928933042922927 0.022529616641250173 0.028761497492717503
4 0.8050082762168053 0.3455163354437942 0.022675087005972115 0.0350114974927175
4 0.7553894827138191 0.3612717160851798 0.022675087005972296 0.0350114974927175
4 0.7277944256274651 0.20333118395272615 0.025872822188333443 0.038227425705962936
4 0.6138234978157986 0.16248957211595905 0.02285692496187508 0.04282399749271755
4 0.7170920085493748 0.26008964931299 0.031977351823611146 0.03215928213245363
4 0.73097201738309 0.3019278083259055 0.02874324905006951 0.027380853919208192
4 0.6815720826375692 0.2746917069139797 0.02554551386770836 0.024164925705962938
4 0.6719067951185067 0.2533024402209323 0.025800087005972295 0.035102425705962934
4 0.657279944244826 0.3107284953146395 0.025654616641250173 0.028852425705962935
2 0.7779210589862151 0.2329337674179633 0.030378484232430482 0.030551318025830908
4 0.6753363471708677 0.4754274928073571 0.034956881458888846 0.02600021034569906
4 0.6793705369503815 0.4364559210206024 0.03982621941479181 0.033949102665567034
4 0.680770689210833 0.3762996710206024 0.02441942496187508 0.04286946159934022
4 0.6843873049021525 0.3216803671805364 0.025945557370694417 0.04135242570596294
4 0.6421627841005899 0.3556318183550354 0.02434668977951393 0.03974446159934022
4 0.609804225779965 0.36876230416927036 0.02896145459715278 0.036755853919208284
2 0.623866072569583 0.4027879631821859 0.012863675911805572 0.01598871285298138
4 0.6327345391345831 0.29046981960867657 0.034956881458888846 0.026000210345698972
4 0.5268690116835069 0.1365060821450889 0.02114895459715278 0.03652853338609487
4 0.5915666381084026 0.1782593246232415 0.025727351823611144 0.03197742570596289
4 0.5784477358479512 0.2380745938235714 0.02881598423243048 0.03050585391920819
4 0.5493778316876388 0.24426475785105178 0.033467116641249996 0.029079746239076342
4 0.5535003276035761 0.3358528642775426 0.02114895459715278 0.03652853338609478
4 0.5664185549021525 0.31824782713052396 0.03066942496187508 0.04305131802583091
4 0.5794627623490969 0.3624070040901281 0.030123911094166723 0.01961381802583091
4 0.575955249431319 0.4123388079301941 0.02285692496187508 0.0428239974927175
4 0.587349303952222 0.2922763605166188 0.02554551386770836 0.024164925705962938
4 0.557207862272847 0.27732731043747655 0.03492051386770836 0.02443771034569897
4 0.5764488247537846 0.2567791297169487 0.03172277868534721 0.021221782132453626
4 0.6068233897239232 0.4296543400626477 0.02434668977951393 0.03974446159934022
4 0.6268813165856594 0.4411828734487425 0.03521145459715278 0.03693771034569906
4 0.5681057286297566 0.4472904694503921 0.034956881458888846 0.02600021034569906
4 0.5601464518442704 0.5205461130239013 0.03368532218833344 0.03845474623907634
4 0.5135084943973259 0.47540945777190957 0.034956881458888846 0.02600021034569906
4 0.5171069262930552 0.4215714039318435 0.025618249050069507 0.02728992570596276
4 0.5311142216959024 0.457940812944759 0.025727351823611144 0.03197742570596294
4 0.5059330369503816 0.43140940518548476 0.024237587005972294 0.03505696159934022
4 0.5314428364372914 0.37664534883813633 0.030487587005972296 0.03523881802583091
4 0.5022099313270484 0.3562502808123054 0.024310322188333445 0.03818196159934022
4 0.4513916605254858 0.38995167940037956 0.036883057370694416 0.041670674452321685
4 0.4679966258562149 0.4490682666265404 0.03023301386770836 0.02430131802583091
4 0.4324416387739928 0.3979998601209074 0.02598192496187508 0.042914925705962934
4 0.4779554669462497 0.32349160510634245 0.02896145459715278 0.036755853919208194
4 0.49269076738309003 0.2949945320659466 0.02427395459715278 0.03661946159934022
4 0.5260500876715624 0.20527881419840024 0.03513871941479181 0.03381271034569897
4 0.49985061037298595 0.222497406439126 0.025800087005972295 0.035102425705962934
4 0.48229943446118034 0.23762230126627654 0.022529616641249993 0.028761497492717503
2 0.3974880233670137 0.2539172395086517 0.027508057370694415 0.04139788981258565
4 0.701286477014236 0.20021454414014053 0.02747168977951393 0.03983538981258557
4 0.7041218427055554 0.1455725082467632 0.026018292553055565 0.044477425705962935
4 0.7451280492025694 0.16396480707226427 0.03183188145888884 0.025909282132453627
4 0.7555745867216318 0.185376805818623 0.02888871941479181 0.03363085391920828
4 0.7789939029260415 0.18684001741796324 0.02434668977951393 0.03974446159934022
4 0.697782230148368 0.0820639377136498 0.03263196846486131 0.060284282132453626
4 0.7389339070101041 0.09420623653915086 0.025945557370694417 0.04135242570596289
4 0.7578657449660069 0.08693930581862302 0.02917966014423623 0.04613085391920826
4 0.4147410732351731 0.621073647267926 0.03172277868534721 0.021221782132453626
4 0.4223905722852425 0.5947157357477281 0.030487587005972115 0.03523881802583091
4 0.3839443617041661 0.6678660792420951 0.025472778685347208 0.021039925705962758
4 0.38258123024527724 0.6928433471887837 0.022529616641249993 0.02876149749271768
4 0.41883177403260385 0.4789088793212374 0.03066942496187508 0.04305131802583091
4 0.39606903410059 0.3484712215619631 0.02896145459715278 0.036755853919208284
4 0.44076655110243035 0.20826977038746414 0.02910692496187508 0.04300585391920828
4 0.4424582973027083 0.10199703833415277 0.03059668977951393 0.03992631802583091
4 0.4508513723408332 0.14445732297388886 0.033467116641249996 0.029079746239076297
4 0.4051927270142359 0.19159909593514243 0.024237587005972294 0.03505696159934022
4 0.4405840599361456 0.24969875244077544 0.03521145459715278 0.03693771034569906
4 0.3828436419081248 0.2785080625490476 0.025945557370694417 0.04135242570596294
4 0.3384559026417011 0.3718117816702352 0.03066942496187508 0.04305131802583091
4 0.6412406362085415 0.12654371192854463 0.02278418977951393 0.039698997492717505
4 0.6190928792746874 0.1376259644358271 0.030487587005972296 0.035238818025830954
4 0.36020035002065925 0.5459994394295095 0.030705792553055566 0.044613818025830906
4 0.33703495374413145 0.5672152098834806 0.027362587005972293 0.03514788981258565
4 0.34824325104683973 0.6566641547897734 0.02896145459715278 0.036755853919208194
4 0.3398138084175343 0.6157663701500373 0.028925087005972294 0.03519335391920819
4 0.2927784203091316 0.4533512866848001 0.03230466014423614 0.04622178213245363
4 0.3192318175355899 0.4588116764973857 0.030305749050069507 0.02742631802583091
4 0.3185447525654512 0.2868002841775177 0.02725348423243066 0.030460389812585566
4 0.2520287465815275 0.32317204169936503 0.036883057370694416 0.0416706744523216
4 0.2190707762168053 0.3284672954602888 0.029143292553055568 0.044568353919208194
4 0.25175337680614546 0.4693567199126104 0.03993532218833344 0.03863660266556686
4 0.3113816435236454 0.527379820070895 0.024310322188333355 0.03818196159934022
4 0.2971736731589232 0.5332206431112908 0.02285692496187508 0.04282399749271768
4 0.26306816404086747 0.6885840930321485 0.03517508700597229 0.03537521034569906
4 0.2696259821451383 0.7427176635652619 0.027508057370694415 0.04139788981258548
4 0.27990886550388827 0.7711609123116208 0.028852351823611143 0.03206835391920819
4 0.30828778543177016 0.7946582482841403 0.02917966014423614 0.046130853919208195
4 0.290954161856666 0.8340246251646022 0.02896145459715278 0.036755853919208194
4 0.3113212132434368 0.8322719085506971 0.02100348423243057 0.030278533386094608
4 0.18736226206475648 0.5487881556477032 0.03183188145888889 0.025909282132453627
4 0.24319207513503419 0.6692430596460538 0.03201371941479163 0.03372178213245362
4 0.27139046352777724 0.6333199315119507 0.024164851823611146 0.03193196159934022
4 0.27558896067798566 0.5537006276718847 0.028925087005972294 0.03519335391920819
4 0.2168380886214929 0.22286215314042074 0.03695579255305557 0.04479567445232169
4 0.20021297986402758 0.2653762620741939 0.024310322188333355 0.03818196159934022
4 0.2789010243169442 0.2770471994586393 0.02896145459715278 0.036755853919208284
4 0.17119436103857605 0.43730508636823107 0.03353985182361115 0.03220474623907634
4 0.12079497074597187 0.4194212529029938 0.033867160144236144 0.04626724623907634
4 0.13843706563572883 0.40039010807584335 0.03844555737069451 0.041716138558944314
4 0.19346417885850636 0.6896859402874392 0.028961454597152825 0.036755853919208194
4 0.20987173527927033 0.6229303493003547 0.03368532218833335 0.03845474623907634
4 0.20451143484243 0.6517002069804867 0.03510235182361114 0.03225021034569906
4 0.17038970155992997 0.7069954607414104 0.022856924961875035 0.0428239974927175
4 0.20781565995680493 0.7784445634069774 0.021076219414791632 0.03340353338609479
4 0.22903539010517288 0.8408225429530063 0.03975348423243066 0.03082410266556721
4 0.22905292069038122 0.8736577750063177 0.03179551386770836 0.024346782132453625
4 0.2016182517124298 0.8767684031404208 0.02427395459715278 0.03661946159934004
4 0.18601208871840208 0.8419160300208827 0.02427395459715278 0.03661946159934004
4 0.1966937091593742 0.920404742873864 0.03215918977951393 0.03997178213245363
4 0.18061672711114515 0.8050154235943918 0.02699891109416668 0.019522889812585476
4 0.1636695357161106 0.5926601761016743 0.02107621941479172 0.03340353338609496
4 0.39648399534725653 0.4985848818285198 0.024310322188333445 0.03818196159934022
4 0.36613730623333274 0.7611614381758682 0.030560322188333357 0.03836381802583091
4 0.35683308178454787 0.8586130996960663 0.02725348423243057 0.030460389812585476
4 0.3820870017124298 0.8820195074553403 0.03230466014423614 0.04622178213245363
4 0.4216924027386103 0.9875013146606186 0.030560322188333443 0.02499737067876282
4 0.3975658781373256 0.9223406305748785 0.024237587005972294 0.03505696159934004
4 0.4495108910551034 0.8738182140401157 0.027144381458888846 0.025772889812585475
4 0.464717010546145 0.9258580871596539 0.03175914627652787 0.022784282132453627
4 0.06042051519888854 0.42704588479802064 0.028888719414791698 0.03363085391920819
4 0.10464198746347182 0.4752393438900784 0.030342116641250038 0.02898881802583091
4 0.07056119424482614 0.2936567232778227 0.030633057370694484 0.04148881802583091
4 0.11809146409645814 0.2332791644231918 0.022747822188333357 0.038136497492717504
4 0.08946505024940907 0.791418273356965 0.028888719414791698 0.03363085391920819
4 0.08350795060999942 0.6778869707705402 0.03502961664125004 0.029125210345699058
4 0.11724521134357575 0.7734638952228619 0.022820557370694505 0.0412614974927175
4 0.040652875856214916 0.43663383346523715 0.030342116641250028 0.02898881802583091
4 0.02537402118281218 0.38771896034569897 0.02554551386770836 0.024164925705962938
4 0.36602755024940903 0.7994654202291795 0.021112587005972294 0.03496603338609479
4 0.3372856076201035 0.7579766022033486 0.022747822188333357 0.038136497492717504
4 0.3466794446260758 0.7238516547897733 0.030269381458888932 0.02586381802583091
4 0.38141746732749937 0.7428433471887838 0.019404616641249994 0.028670569279472247
4 0.36889993674229105 0.7096444022824909 0.025872822188333356 0.038227425705962936
4 0.1228009610592353 0.9714156619159093 0.030305749050069462 0.02742631802583091
4 0.11062957580062424 0.8897564849563052 0.03175914627652778 0.022784282132453627
4 0.3127908346343395 0.9370730688172537 0.02107621941479172 0.03340353338609496
4 0.3421328425181242 0.9527806368430847 0.03677395459715278 0.03698317445232178
4 0.3201506993757285 0.8559821931904331 0.031977351823611146 0.03215928213245363
4 0.30544980689892276 0.9823148837422352 0.027435322188333354 0.03537023251552966
4 0.40417116840927053 0.4034315062016992 0.034956881458888846 0.02600021034569906
4 0.4261565776035761 0.33214753958779397 0.017914851823611144 0.03175010517284953
4 0.43235267942718725 0.3010566639609734 0.01944098423243048 0.03023306927947216