1 0.7072170730436118 0.8131720232440088 0.07390702669174569 0.1289633029025577
4 0.700102181787761 0.29852916988596434 0.03934634288963732 0.04662202885594056
4 0.6889126723962209 0.34338780209994946 0.03596667490485963 0.040262901451278844
4 0.830252596806789 0.30178560074133787 0.03727450692008212 0.0340674651536097
4 0.6414421061983292 0.26391112242570225 0.03121550790866543 0.038536710344286185
4 0.4157271817877609 0.3084597637101801 0.03102450692008212 0.03384921034428627
4 0.5414301773391367 0.3251338538213807 0.026591674904859808 0.0399355192372937
4 0.3873700770351255 0.41086800109630833 0.021904174904859807 0.03977182813030104
4 0.48707962247277053 0.5868178874866448 0.029907675893442943 0.04473214664195542
4 0.5527935112943444 0.7163664890305907 0.030035009885831698 0.047857146641955416
2 0.3754895705721538 0.8364582781381504 0.09827035672980174 0.11421132213985138
4 0.6955898008376714 0.5241467287789717 0.031597509885831696 0.047911710344286186
4 0.3370212030422992 0.2105703899337154 0.03928267589344294 0.045059528855940556
4 0.2935457756659815 0.2627975780454831 0.03147017589344294 0.044786710344286274
4 0.251407355209746 0.2822122661572508 0.03389483893530461 0.027708337748947896
4 0.2393875162744413 0.3091567120735668 0.02034167490485981 0.03971726442797028
4 0.3006460098486507 0.33744291398033255 0.026591674904859808 0.0399355192372937
4 0.33505550193998535 0.37368794882672285 0.035584672927693364 0.030887901451278843
4 0.29092349996281897 0.38459073249198683 0.026047846843970036 0.06488095553496276
4 0.22150233790954044 0.36517109909687534 0.02145850593149907 0.028834328130301134
4 0.24628216201609748 0.4079935161572508 0.029398339923887917 0.032232146641955416
2 0.3581401748676788 0.34323655699409084 0.02283000494291585 0.02420139183263199
4 0.334682770228774 0.28710560808255 0.017951503954332714 0.01935020072563942
4 0.3113261832706357 0.3050842817663474 0.018269838935304695 0.02716270072563942
4 0.3237479288220114 0.3257142402965351 0.018269838935304605 0.02716270072563942
4 0.2664089782139891 0.48842506062228797 0.02927100593149907 0.029107146641955416
4 0.2617904623966584 0.5634796243246187 0.027708505931498983 0.029052582939624472
4 0.18866863878439286 0.5200049320364999 0.0323323389353047 0.02765377404661713
4 0.20239821635099103 0.5468303268643567 0.029207338935304694 0.02754464664195542
4 0.1681996298871443 0.5628471964644701 0.025411176882026165 0.04925595553496294
4 0.19761787444993684 0.5875644542690186 0.018524506920082208 0.03341270072563951
4 0.16802853353746583 0.6244841009109738 0.02965300790866543 0.038482146641955414
4 0.21565295003936863 0.6236011579898828 0.03277800790866543 0.03859127404661713
4 0.17602010566685652 0.6772544368458233 0.02847250988583174 0.04780258293962447
4 0.17499345794803403 0.587574377952816 0.02053267589344294 0.04440476442797028
4 0.24745073117973862 0.47504460690142364 0.021522172927693362 0.030396828130301045
4 0.23712072623682276 0.4988094891154088 0.016707338935304693 0.027108137023308564
4 0.23446395844232565 0.5831572072642434 0.021649506920082207 0.033521828130301044
4 0.2600886995450771 0.6243898424734533 0.029780341901054184 0.04160714664195542
4 0.2419607820545911 0.6289235750502582 0.021904174904859807 0.03977182813030104
4 0.26163927068588455 0.6820659332176262 0.030387836958138337 0.01822421034428636
4 0.27966902908884156 0.6416492643431523 0.01839717292769345 0.03028770072563951
4 0.25662150684572016 0.7477727787711225 0.023148339923887828 0.032013891832631994
4 0.21918517384191452 0.747519807627063 0.029844008897248565 0.04316964664195542
4 0.2045470122829276 0.7238466946503717 0.02528384288963732 0.046130955534962936
4 0.2995040266173836 0.6526586862128512 0.02582767095052709 0.021185519237293705
4 0.3298228793928527 0.5595436032732266 0.02652800790866543 0.03837301923729371
4 0.3748090686321685 0.45109369701262436 0.03064250494291585 0.024474210344286363
4 0.39126439817593306 0.4684622462869849 0.031088173916276586 0.03541171034428618
4 0.36363414669305827 0.4764483610777749 0.027262836958138338 0.018115082939624473
4 0.37033247425965643 0.5035192925661206 0.02283000494291585 0.02420139183263199
4 0.35365962741568635 0.5680728658870983 0.021967841901054184 0.041334328130301044
2 0.37749371684528266 0.5383754422033009 0.026400673916276672 0.035248019237293704
4 0.38039854095183967 0.5819617510963083 0.03596667490485981 0.040262901451278844
4 0.35079195399370133 0.6001586795894291 0.035266337946721474 0.023075401451278843
4 0.33091319410786957 0.647661162166234 0.02372134288963732 0.04607639183263199
4 0.34534310863260603 0.6572990569940909 0.029589340912471052 0.03691964664195542
4 0.41260484038099837 0.34679557741251094 0.03558467292769354 0.030887901451278843
4 0.37046641992476287 0.3662102655242786 0.02471083992388783 0.03206845553496285
4 0.43108953802327116 0.19948406779386407 0.026782675893442943 0.044623019237293705
4 0.6362001437644897 0.08622263204434912 0.03233233893530461 0.02765377404661711
4 0.5885054485936749 0.22285210200728223 0.021585839923887917 0.03195932813030113
4 0.5769166911793011 0.2583630160724328 0.021394838935304604 0.027271828130301136
4 0.5805271694304712 0.3612151975607785 0.023530341901054186 0.04138889183263199
4 0.5719506654761386 0.38023801607243274 0.02034167490485981 0.03971726442797028
2 0.5669222672630245 0.2930381164352525 0.014953837946721471 0.02236607332097771
4 0.5163691689361797 0.3657960593563436 0.02802684091247105 0.03686508293962456
4 0.48941273809982083 0.4338292967424719 0.024774506920082116 0.03363095553496294
4 0.4563163952101835 0.48023307078908906 0.02783583992388792 0.03217758293962447
4 0.44102697623682274 0.49168892596123215 0.026209672927693363 0.030560519237293703
4 0.40568770102795176 0.6122841681566837 0.0354573389353046 0.027762901451278844
4 0.43569353600892374 0.6034349578123975 0.02908000494291585 0.024419646641955416
4 0.43195838235860223 0.5419344626217211 0.024838173916276674 0.035193455534962934
4 0.40864821635099097 0.5396279181566838 0.018524506920082118 0.03341270072563951
4 0.42882806517212746 0.46559021743104434 0.026146005931499162 0.028998019237293705
4 0.4274857410655704 0.42194934483570606 0.029907675893442943 0.04473214664195542
4 0.45061949353702835 0.4094394211519087 0.027644838935304606 0.02749008293962447
4 0.4705937539171517 0.35959318857510386 0.03121550790866543 0.038536710344286275
4 0.4361404994685273 0.38186005817521723 0.025283842889637496 0.046130955534962846
4 0.4601337563886096 0.3482563844914198 0.02321200692008212 0.03357639183263199
4 0.5249748477953722 0.30776530454702017 0.026273339923887917 0.0321230192372937
4 0.5127958413695816 0.3386160004633362 0.027390170950527093 0.02124008293962456
4 0.49200849749136105 0.3892707648913064 0.03032416996194378 0.016661710344286273
4 0.522430826540834 0.4084919908446893 0.018524506920082118 0.03341270072563951
4 0.5789408117120863 0.4767310701561168 0.027708505931498983 0.029052582939624472
4 0.5798785706093349 0.43457085200728224 0.03245967292769336 0.03077877404661713
4 0.6224719303048862 0.3082613231513417 0.029716674904859807 0.040044646641955416
4 0.6264471644875554 0.3830157864908529 0.036412343878220454 0.05120040145127884
4 0.6327780775294171 0.399957749830364 0.029398339923887917 0.032232146641955416
4 0.6800735246773983 0.2539805617185963 0.02034167490485981 0.03971726442797028
4 0.6493381778334283 0.3190252083605517 0.029016337946721472 0.022857146641955418
4 0.5753913418638732 0.33408970237010194 0.030706171939110228 0.026036710344286274
4 0.6917763927387256 0.48371270173712977 0.027228344866803766 0.0555605192372937
4 0.6731073057805872 0.5015276843139345 0.021904174904859807 0.03977182813030104
4 0.7096907460084863 0.38869037841615206 0.03427684091247105 0.03708333774894799
4 0.6770082385941125 0.42493790246276913 0.029207338935304604 0.02754464664195542
4 0.7659062539171517 0.3492806488345721 0.027390170950527093 0.021240082939624472
4 0.7757043596583703 0.2428396758764141 0.031024506920082295 0.03384921034428627
4 0.808105682776344 0.29007677442513524 0.02770850593149916 0.02905258293962456
4 0.8384935197344824 0.271852564080849 0.024838173916276674 0.03519345553496285
4 0.7410733971873499 0.46092747696487324 0.03239600593149898 0.02921627404661713
4 0.7153120518262546 0.5187771824998361 0.020405341901054187 0.04127976442797028
4 0.8044594179475965 0.3604165562763007 0.026846342889637498 0.04618551923729371
4 0.8143265078714844 0.32886645591348096 0.01658000494291585 0.023983137023308565
4 0.7450406555903069 0.421001881411377 0.02809050790866543 0.03842758293962447
4 0.8002627133852416 0.539994928871639 0.029207338935304604 0.02754464664195542
4 0.8325525844494994 0.36021565963434526 0.02965300790866543 0.038482146641955414
4 0.8927207633086919 0.3003843026481036 0.031024506920082472 0.03384921034428627
4 0.7712728917501425 0.48561745291825603 0.03427684091247087 0.0370833377489479
4 0.7384657089366172 0.5632166632625424 0.02333934091247105 0.03670139183263199
4 0.7054794539937014 0.5877727191603249 0.02215884288963732 0.04602182813030105
4 0.6920536239556453 0.5726387924813026 0.024838173916276674 0.03519345553496276
4 0.6068973739556452 0.5756125142583343 0.02034167490485981 0.03971726442797028
4 0.5608500449061724 0.5569369253282599 0.027963173916276673 0.035302582939624474
4 0.5427884530051182 0.598134844202734 0.018524506920082118 0.03341270072563951
4 0.5009603917501424 0.49505697342149413 0.02359400889724874 0.042951391832631816
4 0.6195538828528939 0.5330430683420182 0.037401840912470875 0.037192465153609786
4 0.5347703645641051 0.6225991308632228 0.021649506920082294 0.033521828130301044
4 0.3098910868837762 0.761515331040708 0.029844008897248565 0.04316964664195542
4 0.295076511788636 0.723025749915182 0.03277800790866543 0.03859127404661713
4 0.25233059627531634 0.7190575017292804 0.03089717292769345 0.03072421034428636
4 0.14235341840470705 0.7759473971901096 0.028281508897248564 0.043115082939624474
4 0.1840262652486771 0.7105208046318381 0.023403007908665386 0.03826389183263181
4 0.24589757106644541 0.8386433154316112 0.02908000494291585 0.02441964664195524
4 0.2868289771882249 0.8871428136175128 0.020469008897248564 0.042842264427970275
4 0.31334239764446037 0.8682737625290539 0.02346667490485981 0.03982639183263217
4 0.35121642384191454 0.7429091747801058 0.027899506920082206 0.03374008293962447
4 0.3736007598114696 0.7296452829474738 0.022095175893442943 0.04445932813030105
4 0.39544126772013505 0.6914359548171727 0.023530341901054186 0.04138889183263199
4 0.4092146076440229 0.6597494451985259 0.026655341901054185 0.0414980192372937
4 0.3638556866934958 0.6816170107149552 0.03296900889724856 0.04327877404661713
2 0.3529035992410659 0.7015029247801058 0.021904174904859807 0.03977182813030104
4 0.35573016889899867 0.7661557018219478 0.037083505931498985 0.02937996515360979
4 0.4022205083285949 0.7356671044543529 0.03303267589344294 0.04484127404661713
4 0.411421753385679 0.7587499403892023 0.024838173916276674 0.035193455534962934
4 0.4382309455907444 0.6368922985565704 0.014155341901054186 0.04106150961864685
4 0.4706468561611481 0.6646254289564569 0.02965300790866543 0.038482146641955414
4 0.5282100053628453 0.7453099445655536 0.025092841901054187 0.04144345553496294
4 0.5400096684047071 0.7620609349469067 0.025220175893442942 0.044568455534962935
4 0.532319185210621 0.6827553808632227 0.019161176882026253 0.04903770072563951
4 0.5902563606097724 0.639384837579312 0.03102450692008212 0.03384921034428619
4 0.573407100229649 0.6891219427514551 0.03727450692008212 0.03406746515360979
4 0.5900826056668566 0.6627950557281466 0.027708505931498983 0.029052582939624472
4 0.5722319193932902 0.7562548790491241 0.015208505931498983 0.02861607332097762
4 0.646896338366651 0.7427256031884086 0.027899506920082296 0.03374008293962447
4 0.6146011501159183 0.8460514998303641 0.027963173916276673 0.035302582939624474
4 0.574951059697739 0.88098206053747 0.023594008897248563 0.04295139183263217
4 0.5918759159332492 0.7719518009188231 0.02652800790866543 0.03837301923729371
4 0.682904117035563 0.6057241109929569 0.029780341901054184 0.04160714664195542
4 0.6936851081383144 0.6474751013743101 0.024838173916276674 0.03519345553496276
4 0.6703776007239407 0.683395243206942 0.021649506920082117 0.033521828130301044
4 0.4930909060474174 0.8222097504633361 0.029716674904859807 0.04004464664195524
4 0.4730622489370548 0.7776611422959682 0.035521005931499164 0.02932540145127884
4 0.45571824003980616 0.8203942793192767 0.02528384288963732 0.046130955534962936
4 0.5928613902672677 0.49886896498397365 0.017216674904859806 0.039608137023308565
4 0.6329492434998473 0.79782233095589 0.02595500494291585 0.024310519237293705
4 0.6246565824351519 0.7715872131698751 0.016898339923887916 0.031795637023308565
4 0.6618912800774247 0.623620939123258 0.019641337946721647 0.022529764427970278
4 0.7422472835374659 0.6044319403043843 0.02008700692008212 0.03346726442797028
4 0.8367705577577536 0.48645077742036014 0.03277800790866507 0.03859127404661713
4 0.8366723986702246 0.450567841122691 0.03303267589344294 0.04484127404661713
4 0.8654486560845985 0.41445672633190106 0.03427684091247087 0.0370833377489479
4 0.8645308018262545 0.5135663489272393 0.029207338935304604 0.02754464664195542
4 0.8462357410655704 0.4073262726110367 0.03239600593149916 0.02921627404661713
4 0.8558760434232976 0.5536556355877281 0.02965300790866543 0.038482146641955414
4 0.6751486723590397 0.7386184565464531 0.022639003954332715 0.01951389183263199
4 0.6539010720550286 0.819714689123258 0.02502917490485963 0.03988095553496294
4 0.6672897514085128 0.759176493206942 0.03414950692008212 0.033958337748947895
4 0.7291292237281837 0.8880802540067151 0.024710839923887916 0.03206845553496294
4 0.7877813235379033 0.8080182425739698 0.03089717292769336 0.03072421034428636
4 0.762080986579765 0.8260787618112635 0.02789950692008212 0.03374008293962447
4 0.7542711451730024 0.864578266620587 0.026018671939110227 0.025873019237293703
4 0.7454028225493202 0.8141789625369029 0.026591674904859808 0.0399355192372937
4 0.7810803373780677 0.742720624787955 0.01877917490485963 0.03966270072563951
4 0.7635400103057612 0.7136878892159253 0.030960839923887918 0.03228671034428636
4 0.7715899322448715 0.6884423525554364 0.02783583992388792 0.03217758293962447
4 0.7871486066554396 0.6512325292344586 0.02496550790866543 0.038318455534962936
4 0.784784952016535 0.5943649703414512 0.01708934091247105 0.03648313702330856
4 0.5443748107235031 0.4826189716073957 0.021458505931499162 0.028834328130301047
4 0.5328762366169462 0.4393327630772079 0.026591674904859808 0.0399355192372937
4 0.8539023665412714 0.6020931355877281 0.020341674904859986 0.03971726442797028
4 0.8288466753247892 0.7192087137180293 0.03408583992388756 0.0323958377489479
4 0.8154924880626397 0.8171923459320144 0.03383117193911041 0.0261458377489479
4 0.7976855641463633 0.8521402648064884 0.0331600098858317 0.04796627404661713
4 0.7589639623594773 0.9408679481089326 0.02359400889724874 0.04295139183263217
4 0.9744429485936749 0.20937486753156082 0.021776840912470875 0.03664682813030114
4 0.9094480068829011 0.33022557007129877 0.021649506920082474 0.033521828130301135
4 0.9343405775294171 0.38942695528050886 0.023339340912470873 0.03670139183263199
4 0.9175204920541535 0.4001561241549828 0.020150673916276673 0.035029764427970275
4 0.8670814347535105 0.27865563558772816 0.02770850593149916 0.029052582939624472
4 0.8817222549057349 0.3405554348620888 0.024710839923887916 0.03206845553496285
4 0.8769286896592453 0.6496576163504344 0.03277800790866543 0.03859127404661713
4 0.861277173347623 0.7274378759690813 0.03277800790866543 0.03859127404661713
4 0.8874324495450769 0.6024825159876148 0.027390170950527093 0.021240082939624472
4 0.8749616244499367 0.5639110893085925 0.020214340912470874 0.03659226442797028
4 0.8333630789751109 0.7806819270575405 0.03284167490485999 0.04015377404661713
4 0.8420894801539743 0.853710199290059 0.02652800790866543 0.03837301923729371
4 0.8204147514085127 0.7538292503785181 0.024838173916276674 0.035193455534962934
4 0.9294899569594509 0.5659076097270125 0.029462006920082474 0.03379464664195542
4 0.5648888764642843 0.17062740309574134 0.03064250494291585 0.024474210344286273
4 0.4963298774528674 0.168340705998299 0.026782675893442943 0.044623019237293705
4 0.5165004560080487 0.19026034601683245 0.023275673916276673 0.03513889183263199
4 0.5318562005708414 0.21546867714235846 0.026146005931499162 0.028998019237293705
4 0.714524190153537 0.6529884913928434 0.027390170950527093 0.021240082939624472
4 0.5319663581383145 0.6531224445655537 0.01932300296574958 0.014717264427970278
4 0.8238063482524828 0.6897394685273527 0.024838173916276674 0.035193455534962934
4 0.805345508328595 0.7215896692529922 0.020214340912470874 0.03659226442797028
4 0.835693466388172 0.1299651644436687 0.03277800790866543 0.03859127404661713
4 0.5979971482131141 0.06649297460262052 0.024901840912470875 0.036755955534962845
4 0.5554767257797122 0.09528266271438819 0.024710839923887916 0.03206845553496285
4 0.48196097133108795 0.11891362487277299 0.03220500494291585 0.02452877404661713
4 0.47564996292813094 0.15892106597976557 0.03290534190105419 0.04171627404661713
4 0.4812195306088974 0.23283971561694586 0.027390170950527093 0.02124008293962456
4 0.43176335866978716 0.25953119038920236 0.024838173916276674 0.03519345553496285
4 0.45212493821355154 0.2767633304077358 0.021776840912470875 0.03664682813030105
4 0.40502710372687123 0.2838689914776615 0.02059634288963732 0.04596726442797028
4 0.40027327813743946 0.24736849628698493 0.026655341901054185 0.0414980192372937
4 0.2745371546017236 0.44211305581296456 0.024838173916276674 0.035193455534962934