2 0.5857289620066816 0.04581441052468316 0.0504727146721816 0.04091589149054777
2 0.34810278735677164 0.1706427354638647 0.07372840133672716 0.025427246876742027
2 0.5969306386855446 0.13559907319066564 0.051907945337363516 0.029987481849627386
0 0.52915388737268 0.2867848441697086 0.17883407200827223 0.06197380093507645
4 0.8617914753341818 0.003809238587122641 0.045457950668363625 0.007618477174245282
4 0.7605295146801356 0.09480083548730579 0.04709317600254544 0.01902271077238853
4 0.5238209500318167 0.23134336524694749 0.036301126670909054 0.03145907825883114
4 0.8070185420909958 0.6656627813307756 0.026907945337363515 0.029842036104353653
4 0.6512043467536323 0.6368797720591974 0.045530676002545435 0.019013620413308986
2 0.6467617474140417 0.5908087479568966 0.0314863573360908 0.02049430718159222
2 0.7542288020766783 0.5604940131804029 0.02676249466899989 0.017342036104353475
4 0.860186806055043 0.4004917784039093 0.029978401336727245 0.025172716822512698
4 0.5870492980585428 0.4278638412428425 0.048637494668999894 0.01746930113146803
4 0.7059260200509068 0.37091842877325165 0.020603401336727244 0.02511817466803503
4 0.7616316747294516 0.458100266205465 0.020548857336090798 0.020430674668035033
4 0.7381487213955881 0.45433037159165934 0.029960220003181704 0.023610216822512697
4 0.671869193387952 0.39846216667300327 0.023710220003181702 0.023573855386194255
4 0.5218782840547247 0.4001160911446465 0.03146817600254544 0.018931807181592396
4 0.6256027207192704 0.38388658226585193 0.04549431333545435 0.015888620413308983
4 0.7654930187380422 0.5213633354873057 0.04549431333545435 0.015888620413308983
4 0.9636663420591791 0.43036056470465456 0.061155676002545435 0.019104524004105096
4 0.8511572513924064 0.43023382055838705 0.03306703866963616 0.0220658975406721
4 0.6711163100731785 0.5351945522116226 0.04563976400381797 0.028388620413308984
4 0.8581259614099055 0.5591082543016084 0.01580681333545435 0.015715903590796287
2 0.9343975600731784 0.5336628267067071 0.031540901336727246 0.025181807181592398
2 0.898469150739951 0.5346531549655383 0.039298857336090974 0.020539758976990542
2 0.8423464200747693 0.5459179078924045 0.02361931333545435 0.015761355386194255
2 0.5147663127386786 0.5275098381195844 0.02681703866963616 0.022029536104353476
2 0.6337055747135433 0.3416490852909141 0.020512494668999893 0.01730567466803503
2 0.9169624227004984 0.24390088993842368 0.03295795066836362 0.01269089754067192
2 0.9413084420353165 0.25469748937268955 0.02676249466899989 0.017342036104353475
2 0.5982231553946336 0.4481127087292851 0.020585220003181703 0.023555674668035032
2 0.6555560394254958 0.6751382961614985 0.03928067600254544 0.018977258976990364
2 0.7905208380808144 0.5907536849215717 0.02207499466899989 0.01731476502711473
2 0.5384856234086329 0.5515922327333902 0.036082950668363624 0.012709078258831141
2 0.9888695137054301 0.5716122786003011 0.022260972589139883 0.012663626463433175
4 0.9159844620862232 0.6298702061952023 0.0393352200031817 0.02366475897699054
2 0.9479066240849505 0.6203088538340701 0.014244313335454705 0.015706813231716587
4 0.5257139980903596 0.6626115459651067 0.03611931333545435 0.015834078258831142
4 0.49648048408654155 0.6346547176080797 0.036155676002545434 0.01895907825883114
2 0.39199243141308726 0.5852592264868741 0.025199994668999894 0.017332945745273776
2 0.4966793840706331 0.517458127249 0.048673857336090795 0.020594301131468207
2 0.4767663260661788 0.4847592567374953 0.03613749466899989 0.01739657825883114
2 0.523404968730088 0.4641740459651067 0.037645450668363625 0.01271816861791084
2 0.5336703067313607 0.47348995863108917 0.056413632001909166 0.01438975292686635
4 0.65994409476445 0.7165218202637994 0.0174238573360908 0.02041249394987581
2 0.9328179734245413 0.6664935074248663 0.05641363200190881 0.014389752926866173
4 0.7617327667488599 0.6010781065645446 0.028343176002545434 0.018913626463433177
4 0.6777106607256337 0.4304616004162246 0.03139545066836362 0.012681807181592397
4 0.7920089707192703 0.38291845902387267 0.02836135733609062 0.020476126463433175
2 0.7584964893777707 0.3229531065645447 0.020512494668999893 0.01730567466803503
4 0.8645544906906352 0.17154462178805102 0.031468176002545076 0.018931807181592354
4 0.749282384667409 0.003323425257210217 0.023564769334818082 0.006646850514420434
4 0.2910448126989076 0.23582282874981053 0.017460220003181703 0.02353749394987581
4 0.223357873368862 0.2604370093697739 0.05639545066836353 0.012827252926866173
4 0.16332889270368012 0.27172448819433914 0.020548857336090798 0.020430674668035033
4 0.7389726880171811 0.12227185051442042 0.01736931333545435 0.01572499394987581
2 0.8165764501113586 0.8156173295353775 0.025199994668999894 0.017332945745273776
2 0.903176474100859 0.7377645194269189 0.036119313335454706 0.015834078258831142
4 0.39378384010976764 0.8063575216664141 0.04565794533736343 0.029951120413308985
2 0.5560742074315409 0.720251329142594 0.014189769334818081 0.011019313231716588
2 0.4314452827418602 0.5514336723303439 0.023564769334818082 0.011073855386194254
4 0.36884364337999787 0.3416274011549093 0.034611357336090796 0.02051248789975162
4 0.3398277580362711 0.26522852761834237 0.017387494668999894 0.01728749394987581
4 0.5274721140197263 0.14225359416970865 0.036155676002545434 0.01895907825883123
4 0.6590493780235444 0.16961500400702073 0.014298857336090797 0.020394313231716588
4 0.7868005660009545 0.004767750589175186 0.017351132001908985 0.009535501178350373
4 0.24462270401018132 0.07358190398357964 0.0174238573360908 0.02041249394987581
7 0.4771561300524976 0.3839689163784156 0.028306813335454352 0.015788626463433087
2 0.7630936300524975 0.3823053806668456 0.029905676002545435 0.018922716822512696
2 0.757933415380316 0.34170765174408446 0.03306703866963616 0.022065897540671918
2 0.6771010387094071 0.3109258052366847 0.025254538669636162 0.022020445745273953
1 0.904618058720543 0.3916389531701402 0.020548857336090975 0.020430674668035033
1 0.9301538607176795 0.3703952122453265 0.02512726933481808 0.011082945745273864
4 0.7131123587284971 0.4513508173369331 0.029796588001272717 0.009547716822512698
4 0.2813907387412239 0.5476188468019872 0.05328863200190899 0.01437157220870695
4 0.32166120273708765 0.5169137474659172 0.037718176002545345 0.01896816861791084
4 0.7945099987666773 0.7321462993829523 0.029905676002545435 0.018922716822512696
4 0.5858895241088132 0.7982081574996209 0.0174238573360908 0.02041249394987581
2 0.5150412221116767 0.8197155188377436 0.029905676002545435 0.018922716822512696
2 0.3494914700031817 0.021405804745705435 0.05347044533736352 0.029996572208707006