4 0.5034738043720746 0.24920769846116775 0.032523339923887916 0.031795470779006865
4 0.5299408038777831 0.24640029829901194 0.023339340912470873 0.03631932954530477
4 0.8787934338392894 0.46156205357731306 0.03714717292769336 0.03031479139585791
4 0.8726508631927736 0.5218683080415399 0.020214340912470874 0.03626478246740419
4 0.8679978552841081 0.4844228551194405 0.04196200692008247 0.03352161201270896
4 0.927532022774594 0.4872927106393276 0.03902800790866543 0.0381545649348082
4 0.8992359264249157 0.4260239740320083 0.04189833992388792 0.03195911201270896
4 0.9276036655505007 0.37392964002247664 0.04033583992388756 0.03193183847375849
4 0.8771606551703772 0.3255563697299372 0.04633117193911005 0.025790932629559827
4 0.8378262411399324 0.33875184497317085 0.039826503954332536 0.01943183847375849
4 0.49790689528454557 0.2852679293864443 0.045150673916276675 0.035138659090609536
4 0.4548956774134988 0.43847079586338006 0.03682883794672147 0.02250229139585791
4 0.5487252959691176 0.20854574229265754 0.047893671939110226 0.025818206168510206
4 0.5790839580223961 0.18612527151365074 0.03695617193911023 0.025627291395857822
4 0.5974492974519924 0.21473151258519702 0.03383117193911023 0.02557274431795715
4 0.7088298078321158 0.2620411148586732 0.046585839923887915 0.03204093262955983
4 0.7607106428130876 0.26895358807331193 0.040335839923887916 0.03193183847375849
4 0.7697208868815887 0.24065131007013477 0.03265067391627667 0.03492047077900677
4 0.8242783942959624 0.2748802597458232 0.037592841901054184 0.04125229139585782
4 0.882186394790254 0.2762148888046606 0.03258700692008247 0.033357970779006776
4 0.8750132233454353 0.253667732960462 0.039826503954332536 0.01943183847375849
4 0.8623076349044222 0.22965353450258955 0.036765170950527094 0.02093979139585782
4 0.8188295489348671 0.2179035568237239 0.0424713428896375 0.046021612012708865
4 0.706844202090897 0.15575020455024768 0.039826503954332716 0.01943183847375849
4 0.7475792900376186 0.17692972930701403 0.03590300790866543 0.03810001785690749
4 0.8705684624710205 0.2021461432688875 0.019450336958138338 0.0175147824674041
4 0.6309594758168933 0.2696547918061902 0.032523339923887916 0.031795470779006865
4 0.6027708088206989 0.2685832155072963 0.024710839923887916 0.031659103084255055
2 0.5630543928130877 0.27240369075053 0.042407675893442943 0.04445911201270878
4 0.5927710677179474 0.31097526704942385 0.05277217292769336 0.030587526785361252
4 0.6259509822426839 0.30023263596199157 0.03721083992388792 0.03187729139585782
4 0.78314139973317 0.3013978952974824 0.05251750494291585 0.024337526785361163
4 0.8166542366913081 0.31801265097952525 0.06708934091247087 0.037082988635914305
4 0.3839783409496521 0.42485435511614533 0.04001750494291585 0.024119338473758488
4 0.40907650003718105 0.3884532049539895 0.04314250494291585 0.024173885551659245
4 0.6007082431170988 0.3522724228936225 0.03370383794672147 0.022447744317957152
4 0.5845566611018764 0.35880879505260105 0.03839133794672147 0.022529564934808198
4 0.6369640780980708 0.35945763149776466 0.027390170950527093 0.020776150162155817
4 0.7233936680219586 0.38922122362497114 0.03682883794672147 0.02250229139585782
4 0.7692964170333754 0.3837291542259361 0.04320617193911023 0.025736385551659247
7 0.9714756823564146 0.4529080280097678 0.04027217292769336 0.03036933847375849
7 0.9911237015966055 0.3250051704612858 0.017752596806789 0.022420470779006864
7 0.8290388315581119 0.372522872976348 0.027517504942915848 0.023901150162155816
4 0.842086612698482 0.5200563920510716 0.04008117193911005 0.02568183847375849
7 0.9205073844473116 0.6218858989509304 0.03657416996194414 0.01625229139585791
2 0.8122571912536631 0.49790470252165286 0.037401840912470875 0.03656479139585791
4 0.7508594348278725 0.4684859837712409 0.04645850593149916 0.028915932629559826
4 0.7874680968811512 0.4459564188364327 0.03271434091247105 0.03648297077900686
2 0.8254800914439435 0.4194933303626742 0.04802100593149916 0.028943206168510115
2 0.79928500596868 0.4097870937553549 0.07990767589344294 0.04511367694751698
2 0.8529830089344296 0.42292229343104326 0.046713173916276676 0.035165932629559825
4 0.7261804284020819 0.438426336855496 0.03245967292769336 0.030232970779006864
2 0.7536050914439436 0.42074791315438986 0.04964717292769336 0.030532979707460585
4 0.7134337361970167 0.3174689545502477 0.030769838935304605 0.027080697240056482
2 0.7451466512160446 0.3090973470017657 0.059786176882026074 0.04944662094116259
2 0.6954503987445867 0.2982377134787014 0.0575870069200823 0.03379434740221221
4 0.7877625741437381 0.3380620982195817 0.03995383794672129 0.02255683847375849
4 0.5319542900376186 0.18069347768216093 0.023148339923887918 0.03163182954530477
4 0.2919314679082279 0.23804587621946363 0.05277217292769345 0.030587526785361162
4 0.3858406353987139 0.24031571388244322 0.026273339923887827 0.031686376623205434
4 0.4071426324329644 0.2258713843371385 0.04001750494291585 0.024119338473758488
4 0.37906671197672887 0.20837992126876942 0.04320617193911023 0.025736385551659247
4 0.46147730536065784 0.25463158401282693 0.040335839923887916 0.03193183847375849
4 0.3884655696951138 0.3239231006519184 0.04314250494291585 0.02417388555165916
4 0.4656010726608633 0.33664919724335174 0.04464133794672147 0.022638659090609536
4 0.5236655820524035 0.3801985998411395 0.03271434091247087 0.03648297077900677
4 0.5019351620904595 0.3649417926169691 0.04183467292769336 0.03039661201270878
5 0.38379265714754374 0.3435498080382446 0.03695617193911023 0.025627291395857822
5 0.4285958211779885 0.3302588754086847 0.027517504942915848 0.023901150162155816
4 0.30845707612090445 0.3558100746773361 0.046076503954332715 0.019540932629559825
4 0.34291298916276614 0.3380089200509534 0.026337006920082208 0.033248876623205435
4 0.37604116555050066 0.38355719927194665 0.02308467292769345 0.03006932954530477
4 0.3068746714819997 0.4129095085247119 0.021012836958138336 0.0175420560063543
1 0.3528848498469006 0.4676145994341024 0.0709146778706093 0.05432503571381488
4 0.4675375988583175 0.46092249432125243 0.04645850593149916 0.028915932629559826
4 0.5153211828507063 0.4632156513832671 0.05289950692008212 0.033712526785361165
4 0.5165361729648745 0.41628610430536633 0.052644838935304604 0.027462526785361163
4 0.42868334589256796 0.4475281960255358 0.02789950692008212 0.033276150162155814
5 0.3883395301889679 0.5318856051161454 0.04527800790866543 0.03826365909060954
7 0.4838602772232184 0.5161457824706993 0.026337006920082118 0.033248876623205345
4 0.529473866158523 0.5419309866106147 0.051464340912471054 0.03681025324641087
4 0.36000362456148 0.5847611891256769 0.05251750494291585 0.024337526785361163
4 0.4699861196185641 0.5593872678602028 0.04926517095052709 0.021157979707460584
4 0.5103073720900221 0.5704105426169691 0.04464133794672147 0.022638659090609536
4 0.550151122090022 0.5697150673737355 0.02758117193911023 0.025463650162155814
7 0.6699980484777566 0.6137496651829848 0.03989017095052709 0.02099433847375849
2 0.6721070351318839 0.5503865945661337 0.07716467787060921 0.0544341298696164
4 0.738848866158523 0.5382763323912692 0.03960101087441501 0.0522170649348082
4 0.7885769521280781 0.5499172159143335 0.04295150395433271 0.019486385551659068
4 0.8841905410633828 0.5748296668078379 0.05047484387822045 0.05084547970746058
4 0.8483167080595772 0.5770194582036956 0.02789950692008212 0.033276150162155814
2 0.8094531848278725 0.4674632260606032 0.0518463428896375 0.04618525324641087
4 0.6439210267289267 0.5110064947282895 0.035775673916276673 0.034975017856907445
4 0.6065682653602202 0.4577138993546722 0.05822367688202608 0.04941934740221221
4 0.6183215074515548 0.4199820742735943 0.04527800790866543 0.03826365909060954
4 0.5223776546760858 0.32940371307166433 0.051400673916276673 0.03524775324641087
4 0.28465482018940536 0.32808054099211603 0.040081171939110226 0.02568183847375849
7 0.2190788997331699 0.3112436428585551 0.046331171939110224 0.025790932629559827
4 0.25109556228074 0.29113964854059804 0.046331171939110224 0.025790932629559827
4 0.29222989825029516 0.30293053652788915 0.038518671939110224 0.0256545649348082
4 0.2753554160447923 0.38766009253424355 0.04320617193911023 0.025736385551659247
4 0.31574960577839967 0.4964078011383858 0.04776633794672147 0.022693206168510116
4 0.2924221937251211 0.518705540992116 0.04977450692008221 0.03365797970746058
4 0.4449887782118015 0.5215151209444578 0.040335839923887916 0.03193183847375849
4 0.5874866374130613 0.641771299516828 0.04320617193911023 0.02573638555165907
4 0.7106867154739509 0.614603053170276 0.03590300790866543 0.03810001785690744
4 0.7337740469948818 0.6056002000860208 0.032587006920082116 0.03335797077900686
4 0.8455776631162237 0.7592279862068729 0.04320617193911005 0.02573638555165907
4 0.8575975020515283 0.7855995714342205 0.0612850098858317 0.04791139448011279
7 0.8732198434582911 0.8236353595836675 0.046967841901054186 0.04141593262955965
7 0.6757572530401117 0.7934644387219352 0.04795733893530461 0.027380706168510294
4 0.7001815914811247 0.81727408563768 0.03271434091247105 0.03648297077900686
4 0.7491947530401116 0.7921825823912692 0.03721083992388792 0.03187729139585791
4 0.7749932490857789 0.7729689322291133 0.026082338935304605 0.026998876623205346
4 0.7786740060058611 0.8057405219206878 0.03552100593149898 0.028725017856907443
4 0.8188387495800704 0.7745490231385037 0.02133117193911005 0.0253545560063543
4 0.8028410178688592 0.861608692375383 0.043397172927693364 0.030423885551659424
4 0.8040705954354573 0.8342240320669575 0.06090300790866543 0.03853639448011279
4 0.752444428439263 0.8335615588523189 0.040081171939110406 0.02568183847375849
7 0.7302656809107209 0.8456757751670988 0.038009335969555025 0.013154564934808377
7 0.7539525317090237 0.9281337191607442 0.04215300790866543 0.0382091120127086
7 0.9044499388193863 0.8801620491130862 0.047639003954332536 0.01956820616851047
7 0.940468351861248 0.8623336209477532 0.03383117193911005 0.02557274431795733
4 0.9090273508726648 0.85819159172676 0.04951983893530461 0.027407979707460582
4 0.6028290890096668 0.8072462950526009 0.046967841901054186 0.04141593262955965
4 0.6524616744849303 0.8165434285756653 0.051464340912471054 0.03681025324641105
4 0.7536368553212892 0.8820126956217941 0.07783583992388791 0.03258640340856687
4 0.5594637495800706 0.7790764306042602 0.046585839923887915 0.03204093262956
4 0.6486244086675995 0.7415570653451405 0.049392504942915846 0.024282979707460583
4 0.6308930806067098 0.7668843478125446 0.03571200692008229 0.033412517856907444
4 0.6209822283255322 0.677149691968346 0.04228034190105419 0.04133411201270896
7 0.6858113908731023 0.6564729533324317 0.05796900889724856 0.04316934740221221
4 0.48822146646253406 0.6231770324706993 0.03408583992388792 0.031822744317957154
4 0.3788782999606314 0.6258674301972231 0.03995383794672147 0.02255683847375849
4 0.3814594718997416 0.6508401566582729 0.044896005931499075 0.028888659090609538
4 0.4435111443331435 0.6771202386392096 0.049392504942915846 0.024282979707460583
2 0.42819255045492294 0.6273520637202875 0.05497134288963732 0.04623980032431163
4 0.42103130786929677 0.6626583181845144 0.05258117193911023 0.025900026785361165
4 0.3531580583635884 0.6661884671288542 0.043588173916276673 0.03511138555165907
4 0.2479811270329379 0.5984436339301015 0.030833505931498983 0.028643197240056394
4 0.2581519644853678 0.6178112426963993 0.03383117193911023 0.02557274431795715
4 0.32698287752722954 0.5994100702131092 0.035266337946721474 0.02247501785690744
2 0.29205212060714725 0.5671839513005414 0.06527217292769345 0.030805715096963837
4 0.280484562317921 0.6862203234595201 0.04658583992388783 0.03204093262955983
1 0.5194489032303921 0.7180122455390684 0.03721083992388792 0.03187729139585791
4 0.5328110662722537 0.7005792836885154 0.04301517095052709 0.021048885551659246
4 0.5137838350553341 0.7900372500032953 0.04734984387822046 0.050790932629560005
4 0.43681676984602563 0.877379337259238 0.05608817391627667 0.03532957386326174
4 0.3294990183631508 0.8722163246773361 0.04920150395433272 0.019595479707460582
4 0.462137763420235 0.8464469370970822 0.0432061719391104 0.025736385551659424
7 0.355826755017278 0.8084305142067549 0.04320617193911023 0.025736385551659424
4 0.4262758592756219 0.9064901388013652 0.04346083992388792 0.031986385551659426
4 0.5403582639145266 0.8474270101495651 0.03928267589344294 0.04440456493480838
4 0.43966324414286306 0.7553679695644862 0.03271434091247087 0.03648297077900686
7 0.7859506537246836 0.7157058571480354 0.032587006920082116 0.03335797077900686
4 0.9134098088578799 0.6587546534151573 0.0432061719391104 0.02573638555165907
4 0.8925999017475175 0.7044626197299373 0.04859400889724839 0.04300570616851011
4 0.6357531106841344 0.11868262703353782 0.04802100593149916 0.028943206168510205
4 0.5448270217488298 0.09368835552318236 0.04371550790866543 0.03823638555165918
4 0.4614680350947027 0.15846965016545106 0.04795733893530461 0.027380706168510204
4 0.4022667900376186 0.18295718141503917 0.038518671939110405 0.025654564934808156
4 0.4538982742202878 0.10700260755177726 0.03689250494291585 0.02406479139585782
4 0.20261825300293057 0.40612944886490954 0.040335839923887826 0.03193183847375849
4 0.183183797983465 0.6199016225660157 0.05458934091247105 0.03686480032431163