5 0.7028611363591428 0.6361321328194636 0.03966251785690744 0.035511602665567035
5 0.6931043068138381 0.6145299174591997 0.0411159237011061 0.029307066772189572
5 0.8123025458567893 0.5024126991959419 0.04256932954530477 0.02310253087881229
5 0.8774832609537533 0.564611170824412 0.03508411201270896 0.04162521034569906
3 0.5139292755642499 0.5595565756141854 0.030751168019063257 0.06180131802583091
7 0.4546497329505762 0.5667529616658472 0.024010244317956973 0.03349446159934022
7 0.4062140073003054 0.7026055451310844 0.025463650162155814 0.02728992570596276
5 0.7223453421206159 0.8567712417532368 0.0411159237011061 0.029307066772189572
5 0.7770601156595662 0.856742498021443 0.016197744317957154 0.033267141066226816
3 0.4547161424482227 0.4362160155059132 0.03670115909060954 0.0447956744523216
4 0.45174864975182344 0.6692331039857152 0.02998750892845372 0.01805131802583091
7 0.7669781834370435 0.6373931044479336 0.030260244317957152 0.03367631802583091
7 0.8800276083559655 0.6208157067177893 0.04259660308425524 0.024665030878812288
2 0.4077144573830309 0.475102670757905 0.03799092370110611 0.029216138558944317
2 0.46133038108413704 0.5016818911327338 0.0412795649348082 0.03868206677218957
2 0.5289190758885616 0.6122723986545812 0.04604888555165907 0.04350595909205772
3 0.13316011119533938 0.8668799599499876 0.05057274431795715 0.03426735141192587
2 0.21985594723676122 0.504799845605938 0.04473184740221221 0.057522994985435005
4 0.37806964204118565 0.6127534349436699 0.03653751785690744 0.035420674452321776
4 0.3456759277550006 0.6824809132360576 0.0268897824674041 0.019522889812585476
4 0.4101668960983754 0.7947248489711504 0.022529564934808198 0.03813649749271768
2 0.4815879285657795 0.8114062321198183 0.027053423701106104 0.028897889812585474
4 0.36185608116356727 0.7586115042231422 0.03810001785690744 0.035466138558944496
4 0.33959965705871936 0.42393262734268033 0.04254205600635448 0.02154003087881229
4 0.14087933359919927 0.6821867112036288 0.0378272824674041 0.019841138558944316
4 0.10210320575817781 0.6997295638691958 0.03316705600635443 0.021267246239076342
4 0.19091274106825096 0.4587431995251463 0.026998876623205437 0.025772889812585652
4 0.5601615730491878 0.38703070625557084 0.04117047077900686 0.03243206677218975
4 0.560946777189103 0.3424539921489482 0.030178423701106283 0.02898881802583091
4 0.6336439374975285 0.3426836611909935 0.03615568831160267 0.013545674452321688
4 0.627748493503883 0.36317801761748425 0.03006932954530477 0.022738818025830908
4 0.6564735113607905 0.396734663698276 0.03001478246740419 0.01961381802583091
2 0.6112173327884204 0.5356213189502678 0.02384660308425506 0.024119461599340218
4 0.5551151574624612 0.7248489550019297 0.038154564934808025 0.03859113855894449
4 0.6461822625753111 0.837101250924437 0.02384660308425506 0.02411946159934004
4 0.602500446422687 0.842280495909872 0.03319432954530477 0.022829746239076344
4 0.6992703064068009 0.7886577392459543 0.02996023538950343 0.01648881802583091
2 0.6944776663909149 0.7379901495125111 0.03637387662320535 0.026045674452321775
2 0.7503185633066598 0.7129159416740946 0.03174092370110611 0.029034282132453626
2 0.765819058031654 0.5709868544479336 0.037881829545304765 0.022966138558944492
3 0.8489430239393968 0.7655431850101769 0.04596706493480838 0.03881845909205772
4 0.8617782146866315 0.6948215080505727 0.039580697240056396 0.030824102665566854
4 0.8523095316500345 0.824068738850243 0.02688978246740419 0.019522889812585476
2 0.813566811278065 0.6196229312492532 0.022365923701106283 0.02876149749271768
4 0.8068571152558246 0.5486883056224326 0.026998876623205346 0.025772889812585652
4 0.8115116132272295 0.45710019919594186 0.0253545560063543 0.021039925705962758
4 0.6959042041366199 0.41669181103270897 0.026998876623205346 0.025772889812585652
4 0.6888144529188039 0.45832538156582237 0.024146612012708957 0.04130696159934022
4 0.7336087556787476 0.42731942247376464 0.02247501785690744 0.0350114974927175
4 0.6594502812462928 0.5224931816449646 0.039635244317957154 0.033949102665567034
4 0.6368798060030592 0.4832859291376822 0.047284103084255055 0.02480142319868044
7 0.6315161960189452 0.5342490355641729 0.038154564934808025 0.03859113855894432
2 0.5880816160666033 0.687933976709542 0.028725017856907443 0.03519335391920819
4 0.593895239443398 0.6627521202830513 0.04087046185055314 0.015244566772189572
4 0.23053257426700374 0.3551946506996453 0.042951159090609536 0.04497753087881247
4 0.2323757179363377 0.2816662224863999 0.02379205600635448 0.02099446159934022
4 0.28658593100470675 0.2527312287546061 0.025518197240056394 0.030414925705962936
5 0.07827064488385474 0.3643149010953567 0.03651024431795715 0.033858174452321685
2 0.03897631980277684 0.35217025376092365 0.0411704707790068 0.03243206677218975
2 0.04931380194586935 0.3174770050145649 0.031850017856907484 0.035284282132453625
5 0.10325305397446424 0.4073602074427051 0.0519716030842551 0.02493781551854841
4 0.1919315446389734 0.5618909315784576 0.02691705600635439 0.021085389812585474
4 0.16932015908731424 0.5203399290711752 0.02233865016215577 0.0271989974927175
4 0.15606045413662004 0.4323996598708453 0.0268897824674041 0.019522889812585476
2 0.203562340092021 0.7804136110453442 0.030123876623205436 0.02586381802583091
2 0.21180153408566657 0.7598510584589195 0.02225682954530477 0.022511497492717504
2 0.24700837702365197 0.8065070981132205 0.05073638555165925 0.04364235141192587
2 0.18997317288373666 0.8527205200582596 0.0411159237011061 0.029307066772189926
4 0.28546690502682914 0.8155494775009648 0.022447744317957152 0.033448997492717326
4 0.4438345584353958 0.8875428347853853 0.03621023538950343 0.016670674452321777
2 0.49269875242904143 0.865798215426771 0.03006932954530477 0.022738818025830908
4 0.6870294050268292 0.8038652020989359 0.04405000892845372 0.018460494985435005
4 0.6895486586802771 0.6795100597790678 0.03631932954530477 0.022920674452321776
2 0.6332634768614962 0.768692231724107 0.034702282467404186 0.01975021034569906
4 0.5825095004004466 0.771732315189344 0.020694329545304768 0.022466033386094965
3 0.8071276708551418 0.743310483835678 0.03373980032431163 0.05407974623907634
4 0.4337016278344309 0.9339548335317442 0.02880683847375849 0.03988085391920819
4 0.3220514671222635 0.6276713927820865 0.02996023538950343 0.01648881802583091
4 0.35129863635914277 0.6463615568095669 0.0253272824674041 0.01947742570596276
4 0.49080582670263573 0.26476691284034615 0.03319432954530477 0.022829746239076344
4 0.47975132426700373 0.34794312569332764 0.0331670560063543 0.021267246239076342
4 0.507589952108025 0.33071852177411937 0.0333306972400564 0.030642246239076344
4 0.5564620543815013 0.2198659383088822 0.030342064934808198 0.03836381802583091
4 0.675907529624735 0.2562544162055585 0.028779564934808023 0.038318353919208195
4 0.7088836708584371 0.26467466996648215 0.03631932954530477 0.02292067445232169
4 0.5709569768647915 0.2890107434025895 0.033248876623205345 0.025954746239076343
4 0.741497347805954 0.34189038783402853 0.020939791395857908 0.03652853338609478
4 0.7791746258091312 0.3509554992750842 0.05375229139585791 0.03748327962517113
4 0.8259444857932451 0.2987875940230924 0.03829093262955965 0.04640363855894432
4 0.8725740239426922 0.283361170824412 0.01932274431795733 0.03335806927947216
4 0.8878677873353726 0.3087105118114965 0.03001478246740419 0.01961381802583091
2 0.8610519172049891 0.38452886573070477 0.03492047077900686 0.03225021034569897
4 0.8780868275101191 0.8678725631442801 0.02244774431795733 0.03344899749271768
4 0.6105759991826305 0.8123429433234473 0.017596603084255057 0.02393760517284953
4 0.596355586438573 0.8932663343896741 0.017705697240056394 0.03018760517284953
2 0.22674292126217885 0.5858907212327586 0.028643197240056484 0.03050585391920819