2 0.821875 0.73984375 0.090625 0.0703125
4 0.2375 0.1625 0.01796875 0.02421875
4 0.19375 0.175 0.03671875 0.0203125
4 0.25859375 0.1421875 0.02578125 0.028125
4 0.24375 0.20703125 0.0359375 0.01484375
4 0.27421875 0.16640625 0.0390625 0.01640625
4 0.1734375 0.24453125 0.02421875 0.03125
4 0.18828125 0.284375 0.034375 0.015625
4 0.290625 0.2046875 0.01640625 0.02421875
4 0.296875 0.11953125 0.04140625 0.0125
4 0.38125 0.07578125 0.01953125 0.0265625
4 0.3296875 0.0703125 0.01875 0.03984375
4 0.3640625 0.13828125 0.028125 0.0203125
4 0.41875 0.07890625 0.02890625 0.01171875
4 0.4875 0.06875 0.040625 0.01171875
4 0.52421875 0.09609375 0.03125 0.0140625
4 0.5609375 0.10625 0.02421875 0.02890625
4 0.5890625 0.10234375 0.025 0.02265625
4 0.5921875 0.121875 0.0265625 0.0234375
4 0.6453125 0.13984375 0.0390625 0.01796875
4 0.5734375 0.0765625 0.03359375 0.0125
4 0.665625 0.0984375 0.021875 0.03359375
4 0.6453125 0.08828125 0.02265625 0.02578125
4 0.36015625 0.1703125 0.034375 0.01640625
4 0.40234375 0.2046875 0.03125 0.021875
4 0.46640625 0.1703125 0.03359375 0.02109375
4 0.50703125 0.15859375 0.03671875 0.01875
2 0.51953125 0.121875 0.01484375 0.0203125
4 0.52265625 0.18046875 0.01875 0.01796875
4 0.56796875 0.17109375 0.03984375 0.015625
4 0.621875 0.1703125 0.0359375 0.0171875
4 0.61328125 0.18984375 0.0421875 0.01015625
4 0.67265625 0.15546875 0.028125 0.028125
4 0.7171875 0.17578125 0.0359375 0.0140625
4 0.7640625 0.2140625 0.03515625 0.02265625
4 0.65546875 0.20859375 0.0375 0.02578125
4 0.65703125 0.22578125 0.03984375 0.0203125
4 0.60390625 0.2296875 0.03671875 0.02421875
4 0.5640625 0.21171875 0.04296875 0.0140625
4 0.4984375 0.2015625 0.03828125 0.0140625
4 0.48671875 0.22890625 0.034375 0.02421875
4 0.4234375 0.228125 0.03671875 0.0125
4 0.39296875 0.24765625 0.03515625 0.02265625
4 0.33203125 0.27421875 0.02421875 0.02421875
4 0.36484375 0.2875 0.0328125 0.015625
4 0.384375 0.2671875 0.0359375 0.021875
4 0.25625 0.2375 0.01953125 0.02109375
4 0.29609375 0.24453125 0.01875 0.01953125
4 0.2796875 0.2734375 0.015625 0.0296875
4 0.23671875 0.228125 0.0203125 0.01640625
4 0.75078125 0.24296875 0.034375 0.0109375
4 0.74375 0.26875 0.03671875 0.0140625
4 0.7859375 0.25 0.03828125 0.01640625
4 0.71328125 0.303125 0.0390625 0.0203125
4 0.64140625 0.28984375 0.021875 0.01796875
4 0.465625 0.3078125 0.0375 0.02421875
4 0.13984375 0.30546875 0.025 0.01953125
4 0.10859375 0.36640625 0.034375 0.01875
4 0.14296875 0.3578125 0.03515625 0.01484375
4 0.27578125 0.34296875 0.0390625 0.02109375
4 0.36953125 0.34609375 0.03203125 0.02265625
4 0.41015625 0.334375 0.03203125 0.01953125
4 0.51015625 0.33125 0.0375 0.01953125
4 0.4734375 0.346875 0.04765625 0.01796875
4 0.565625 0.33828125 0.0234375 0.03203125
4 0.528125 0.34609375 0.0421875 0.015625
4 0.4875 0.3609375 0.0328125 0.021875
4 0.54921875 0.31328125 0.04765625 0.01875
4 0.61015625 0.3140625 0.03203125 0.01796875
4 0.63671875 0.3484375 0.0328125 0.0296875
4 0.66796875 0.31328125 0.01953125 0.02421875
4 0.7890625 0.3265625 0.028125 0.02890625
4 0.74765625 0.36484375 0.01796875 0.02890625
4 0.6609375 0.38046875 0.03828125 0.021875
4 0.69921875 0.3796875 0.034375 0.01015625
4 0.61875 0.37578125 0.021875 0.02421875
4 0.70234375 0.42265625 0.03125 0.0296875
4 0.50078125 0.4015625 0.0375 0.01953125
1 0.41875 0.37109375 0.02890625 0.01328125
4 0.1796875 0.39375 0.02109375 0.03046875
4 0.27109375 0.37109375 0.03359375 0.0234375
4 0.24296875 0.3765625 0.028125 0.0171875
4 0.2609375 0.41328125 0.03359375 0.01796875
4 0.284375 0.403125 0.03671875 0.01953125
4 0.31875 0.40859375 0.015625 0.025
4 0.33515625 0.43828125 0.0375 0.0296875
4 0.40546875 0.40390625 0.03671875 0.01640625
4 0.434375 0.403125 0.034375 0.01328125
4 0.4640625 0.4234375 0.0203125 0.0296875
4 0.21875 0.44609375 0.04453125 0.0265625
4 0.215625 0.4734375 0.040625 0.01484375
4 0.146875 0.47109375 0.03359375 0.01875
4 0.1296875 0.41484375 0.02109375 0.02890625
4 0.27734375 0.45234375 0.02734375 0.0234375
4 0.2484375 0.48671875 0.03046875 0.0203125
4 0.2453125 0.46953125 0.0375 0.01171875
4 0.16640625 0.49765625 0.0390625 0.02109375
4 0.12265625 0.4421875 0.02734375 0.02734375
4 0.28828125 0.50625 0.0390625 0.02109375
4 0.20546875 0.5359375 0.0328125 0.025
4 0.17109375 0.55390625 0.01796875 0.02265625
4 0.11328125 0.559375 0.0328125 0.0171875
4 0.3828125 0.5234375 0.03828125 0.02265625
4 0.44609375 0.49765625 0.0421875 0.02109375
4 0.4953125 0.4625 0.02421875 0.0328125
2 0.3640625 0.4953125 0.01328125 0.021875
4 0.26640625 0.55625 0.03515625 0.0109375
4 0.33671875 0.5359375 0.034375 0.02265625
4 0.24921875 0.5421875 0.0375 0.02734375
4 0.23515625 0.59609375 0.0328125 0.0234375
4 0.2984375 0.57109375 0.03125 0.01953125
4 0.125 0.59921875 0.034375 0.01875
4 0.33359375 0.5875 0.03671875 0.015625
4 0.40703125 0.59609375 0.034375 0.0171875
4 0.45625 0.5734375 0.040625 0.01328125
4 0.46796875 0.59375 0.03828125 0.01796875
1 0.52109375 0.6203125 0.01484375 0.01953125
4 0.553125 0.50859375 0.04296875 0.01171875
4 0.675 0.48671875 0.0390625 0.04140625
4 0.7359375 0.49609375 0.03046875 0.0296875
4 0.753125 0.47265625 0.03515625 0.01484375
4 0.78671875 0.5125 0.04296875 0.01796875
4 0.72421875 0.44296875 0.015625 0.0359375
4 0.6453125 0.54765625 0.03203125 0.028125
4 0.721875 0.58203125 0.02109375 0.02734375
4 0.690625 0.54375 0.015625 0.01015625
4 0.753125 0.54921875 0.009375 0.01015625
4 0.6875 0.59140625 0.02421875 0.03203125
4 0.5921875 0.59765625 0.02421875 0.03203125
4 0.56015625 0.61484375 0.04765625 0.01953125
4 0.56015625 0.64296875 0.03828125 0.02265625
4 0.48515625 0.64140625 0.0375 0.01640625
4 0.45234375 0.6421875 0.02890625 0.01484375
4 0.45 0.6671875 0.01328125 0.0265625
4 0.384375 0.6609375 0.04609375 0.0265625
4 0.3671875 0.62265625 0.02265625 0.03515625
4 0.33515625 0.671875 0.03671875 0.01796875
1 0.4375 0.68203125 0.01953125 0.015625
4 0.471875 0.68046875 0.01875 0.02734375
4 0.2859375 0.68359375 0.03125 0.0203125
4 0.33046875 0.62890625 0.015625 0.01953125
4 0.2515625 0.65 0.0265625 0.02890625
4 0.23359375 0.68515625 0.01953125 0.02578125
4 0.66875 0.66171875 0.02890625 0.0234375
4 0.6125 0.64453125 0.0359375 0.01640625
4 0.73359375 0.64453125 0.02578125 0.02890625
4 0.70546875 0.63203125 0.03671875 0.01171875
4 0.6359375 0.68828125 0.02421875 0.02578125
4 0.68671875 0.7015625 0.02578125 0.02734375
4 0.64453125 0.7359375 0.0171875 0.0265625
4 0.5796875 0.715625 0.02734375 0.01015625
4 0.5890625 0.70390625 0.02109375 0.01484375
4 0.5 0.7515625 0.03671875 0.01953125
4 0.57890625 0.74453125 0.03359375 0.021875
4 0.4015625 0.71796875 0.0328125 0.02421875
4 0.38125 0.78828125 0.040625 0.01796875
4 0.32109375 0.7 0.0171875 0.01953125
4 0.36484375 0.709375 0.03203125 0.02578125
4 0.15546875 0.72890625 0.0234375 0.01328125
4 0.2078125 0.73671875 0.0234375 0.02109375
4 0.203125 0.7171875 0.02734375 0.025
4 0.25234375 0.7171875 0.03984375 0.0171875
4 0.10859375 0.68515625 0.0296875 0.015625