2 0.9903496848233757 0.7361096075418914 0.011155668617910664 0.037690914772652385
4 0.9819741034412868 0.6984596030776645 0.028252265027114733 0.022365923701106107
4 0.9637508233870573 0.7418959573797357 0.03290340359079593 0.016197744317957154
4 0.941789464975801 0.7563578778344309 0.021974993949875808 0.017569329545304768
4 0.9471400403077659 0.776765835220757 0.023592036104353297 0.026971603084255058
4 0.9191968474893584 0.745024911519651 0.023528403590796287 0.016034103084255236
4 0.8660673023098184 0.7448788611953393 0.04230567466803521 0.02104888555165907
4 0.8497246848233757 0.7336549890363608 0.045412493949875454 0.017978432629560004
5 0.8369519740509872 0.780311800724758 0.02985112646343282 0.028643197240056394
4 0.9797934590238725 0.8046823295387142 0.01101931323171641 0.014253414772652207
4 0.8398320552366847 0.6881652110331836 0.034547716822512696 0.03028751785690744
4 0.8787087237563999 0.5864896627374669 0.02976931323171641 0.014580697240056395
4 0.8403911123200812 0.5920714610331835 0.014171584308955331 0.01899546185055314
2 0.87690078406125 0.6286498891985166 0.025145445745273776 0.02543637662320535
2 0.9041354497522945 0.6478771761301475 0.03607385538619425 0.02406479139585791
2 0.8790536365205781 0.6615032995069421 0.028215903590795934 0.016115923701106104
4 0.936988856368153 0.6414186704481046 0.02667158430895533 0.019213650162155815
2 0.9705598804704538 0.645911301535537 0.03607385538619425 0.02406479139585773
2 0.96127578406125 0.630122660301835 0.023546584308955332 0.019159103084255235
4 0.9492843232888616 0.6767931087597073 0.03134999394987581 0.017732970779006863
4 0.752345169894457 0.8186827796214399 0.032948855386194256 0.02401024431795733
4 0.7751014138443328 0.8018907459362197 0.03605567466803503 0.020939791395857908
4 0.8532491397420319 0.7993481728837366 0.03152271077238851 0.047420470779006865
4 0.8780400614832008 0.835722049506942 0.018895445745273777 0.025327282467404188
4 0.9507099470218201 0.8346465190681329 0.02512726502711473 0.02231137662320535
2 0.7855712812325797 0.7481617739393969 0.03457498789975162 0.034975017856907445
4 0.8006604709277294 0.7062333725594251 0.056422716822512695 0.03066934740221221
4 0.7050616246167214 0.7537884366834543 0.032948855386194256 0.024010244317957154
2 0.7299570854873058 0.7721935633066599 0.034556807181592396 0.03185001785690744
7 0.7046571036376784 0.8233196866834543 0.03291249394987581 0.01776024431795733
2 0.7663440373808997 0.8298657414719927 0.03293067466803503 0.02088524431795733
2 0.7303565404059619 0.8378322000761351 0.020421584308955333 0.0191045560063543
4 0.6435014350197676 0.8597560186643911 0.037636355386194253 0.024092064934808376
2 0.6726167632785988 0.8243230791349724 0.020421584308955333 0.0191045560063543
4 0.6616110855855016 0.8358509143623201 0.04072499394987581 0.017896612012708958
4 0.6966855223537851 0.8505270689887027 0.028243174668035033 0.020803423701106282
2 0.8142230011783503 0.7924163344099782 0.017278403590796288 0.01592500892845372
2 0.6421752843558377 0.8191037451254408 0.04232385538619425 0.024173885551659068
2 0.6636235583599428 0.7585344379012703 0.026707945745273777 0.025463650162155814
2 0.6394002631804029 0.7588929480475402 0.032948855386194256 0.024010244317957154
2 0.5774269831261736 0.8015656432590017 0.02352840359079611 0.016034103084255236
2 0.5501377752806513 0.7917133563273706 0.02976022287263689 0.013018197240056395
4 0.5775315222555892 0.7835968932590016 0.028288626463433175 0.028615923701106105
2 0.619987187848438 0.7382395288106608 0.023546584308955332 0.019159103084255235
4 0.643424687848438 0.7386486318949159 0.028270445745273775 0.025490923701106106
2 0.5620383324622437 0.7606679078694982 0.02353749394987581 0.017596603084255237
2 0.5723263926688982 0.7381889358726754 0.03291249394987581 0.01776024431795715
2 0.5237207210259253 0.7662497061652149 0.028261355386194252 0.023928423701106104
2 0.545059910721075 0.7244303989410446 0.020403403590796287 0.0159795560063543
2 0.5300979860530399 0.7444838003210162 0.05327044574527377 0.02592730032431163
4 0.5719087570320829 0.6756752991032002 0.01729658430895533 0.01905000892845372
4 0.5477218232888614 0.6697838092494701 0.018886355386194254 0.02376478246740419
4 0.6306025009819587 0.6595105568138381 0.02977840359079629 0.016143197240056396
2 0.6516598895456402 0.6661287495896676 0.023582945745273774 0.025409103084255057
2 0.7023956877502421 0.6748276396055537 0.02668976502711473 0.022338650162155815
2 0.7095269317001179 0.6577628705308303 0.028197722872636888 0.012990923701106105
2 0.652659308163551 0.6286423863591428 0.026635222872636886 0.012963650162155815
2 0.6605990731906657 0.6069037540538945 0.03137726502711473 0.022420470779006864
4 0.7097178292407899 0.6249503705308302 0.028252265027114733 0.022365923701106107
4 0.586984311188613 0.6360906477232285 0.03759999394987581 0.01784206493480802
4 0.6023133536376785 0.8215332698822071 0.017242042154477843 0.00967500892845372
4 0.39818945590061466 0.7210854362797126 0.032967036104353475 0.027135244317957153
4 0.37419796487760515 0.6816001964259822 0.04545794574527395 0.025790932629560004
4 0.44831217574818955 0.7008644395261234 0.015761355386194255 0.023710235389503252
2 0.30330874795689655 0.6452030004037418 0.03302157825883123 0.03651024431795715
2 0.4717143560735654 0.43874626907142816 0.025145445745273776 0.02543637662320535
4 0.577355822896078 0.4108997329505761 0.0376727168225127 0.030342064934808198
2 0.6898740036142372 0.4097384277550006 0.03606476502711473 0.02250229139585791
3 0.6476410518188391 0.41681454220334135 0.04231476502711473 0.02261138555165907
4 0.7508433198710159 0.4053333457740639 0.02665340359079611 0.016088650162155816
4 0.7969779764868742 0.3991066651730989 0.03293976502711473 0.022447744317957152
4 0.8595097927436528 0.3947288567311125 0.02353749394987581 0.017596603084255147
4 0.8781779795119362 0.40911863919851665 0.03603749394987581 0.01781479139585791
4 0.8258524102300957 0.40507997564368026 0.02977840359079593 0.016143197240056396
4 0.7303762837666625 0.43154128976770945 0.04853749394987581 0.018032979707460584
4 0.8576018590986274 0.45407658319216215 0.029851126463433176 0.028643197240056394
4 0.6869530158126815 0.508916267446575 0.03917158430895533 0.01943183847375849
2 0.6557484676080796 0.5005582966675683 0.040806807181592394 0.031959112012708776
2 0.692530850121637 0.49026172483290137 0.02977840359079629 0.016143197240056396
2 0.5790950640172834 0.5148468932590016 0.01728749394987581 0.017487508928453722
4 0.5597092597625574 0.4895059740221225 0.01416249394987581 0.017432961850553142
4 0.7692746364223823 0.5947367650109431 0.023528403590796287 0.01603410308425506
2 0.7780183773471959 0.56910551947517 0.026698855386194254 0.023901150162155816
2 0.8085053080653551 0.5665123534847016 0.06118293969514958 0.04325116801906326
2 0.6943837207313377 0.5746776351413267 0.026698855386194254 0.023901150162155816
2 0.7602496152469475 0.5344168737772411 0.032967036104353475 0.027135244317957153
4 0.527991106269957 0.5694292532431156 0.04545794574527377 0.025790932629559827
4 0.632042802015231 0.5462429435833132 0.025136355386194253 0.023873876623205347
4 0.7102268893492484 0.5374503705308302 0.017278403590796288 0.01592500892845372
2 0.6015604164766115 0.5480548595737815 0.03614657825883114 0.03656479139585791
2 0.5299944886853185 0.4936752767820659 0.031413626463433174 0.028670470779006862
4 0.5446927929400446 0.5189343754020942 0.040706813231716585 0.014771612012708778
2 0.35028828708631216 0.6280524565722521 0.03290340359079611 0.016197744317957154
2 0.37050988349551595 0.6440320125786064 0.03605567466803503 0.020939791395857908
2 0.43440875703208287 0.6732752276755705 0.020403403590796287 0.0159795560063543
2 0.41264284134103824 0.6541433981302657 0.020421584308955333 0.0191045560063543
2 0.3649724349215717 0.7900439419617553 0.031395445745273864 0.025545470779006863
2 0.4266184620489348 0.8036212467502939 0.048619307181592394 0.032095479707460586
2 0.32332074522642207 0.8315086931795713 0.04856476502711464 0.022720479707460585
2 0.36061166696759084 0.8681007581143796 0.03917158430895542 0.01943183847375849
2 0.3614792753788472 0.8532706448838546 0.03291249394987581 0.01776024431795733
4 0.5107434771742453 0.8480627678536121 0.018886355386194254 0.02376478246740419
4 0.38080755494209717 0.4856019038123085 0.02980567466803503 0.020830697240056394
2 0.39971157016560355 0.5937553230491878 0.023573855386194255 0.023846603084255236
2 0.3817928171405415 0.5848479273512588 0.020448855386194252 0.0237920560063543
4 0.8836007568356912 0.551415233354318 0.05332498789975162 0.03530230032431163
4 0.763579148326239 0.49931517085514177 0.05172612646343318 0.029025026785361164
4 0.8122575428418488 0.45875440056260236 0.03608294574527378 0.02562729139585791
4 0.781806973560008 0.4550975665530707 0.03604658430895533 0.01937729139585791
2 0.9578376875538502 0.549585726454459 0.037627265027114734 0.022529564934808198
4 0.9840502087292851 0.6102056266166148 0.018904536104353296 0.02688978246740419
2 0.6848552263886785 0.33229922036867443 0.06272725897699054 0.04015344155801355
4 0.5175268258229443 0.3535997017009881 0.03291249394987581 0.01776024431795715
4 0.5881670996306576 0.16418837418427817 0.031404536104353474 0.027107970779006774
4 0.5981642683467644 0.19170940218745539 0.028252265027114733 0.022365923701106107
4 0.5834119428184076 0.04143666679795198 0.045421584308955334 0.01954093262955985
2 0.31477296790266723 0.6891575519458695 0.047111349336070064 0.04144320616851012
2 0.4671955485973854 0.275369561685102 0.028306807181592397 0.03174092370110611
2 0.4669779008603216 0.1784809249156268 0.028352258976990542 0.03955342370110611
2 0.6531375937769252 0.27783386282019246 0.04389544574527378 0.025763659090609535
2 0.5992404341360048 0.2753304257264057 0.02518180718159222 0.031686376623205434
2 0.8958427233636164 0.32738739812697026 0.031413626463433174 0.028670470779006862
4 0.9404461753554061 0.4500533307565302 0.032885222872636885 0.013072744317957153
2 0.9098819765850701 0.46592774674699855 0.034547716822512696 0.03028751785690744
4 0.6525886688143026 0.10358783928124211 0.026753397540672096 0.03327615016215577
4 0.6590113856368153 0.07400943343704347 0.02821590359079611 0.01611592370110613
4 0.7082165000981959 0.07721229991397918 0.026726126463433177 0.02858865016215577
2 0.7815403706097006 0.09802540624464516 0.028288626463433175 0.028615923701106126
2 0.8542420724050988 0.09148112580583596 0.025145445745273776 0.025436376623205435
5 0.6695837086310892 0.5398662585181213 0.039217036104353474 0.02724433847375849
4 0.7779159217411687 0.04951972239726931 0.032894313231716585 0.014635244317957142
2 0.9306500363007452 0.11938002921440263 0.0392170361043533 0.02724433847375849
4 0.9563807684449603 0.2628124293765584 0.02351931323171641 0.014471603084255057
4 0.9454887202403583 0.25480901460390604 0.028197722872636888 0.012990923701106105
4 0.9123903948101976 0.1690663835164737 0.023546584308955686 0.019159103084255103
2 0.9734223018188392 0.42250107507448736 0.031395445745273774 0.025545470779006863
4 0.8499150614832007 0.835231125805836 0.026653403590795932 0.01608865016215546
2 0.6841082543016084 0.8635901306771 0.020430674668035033 0.020667056006354302
2 0.5871832573266704 0.8704929212621788 0.026635222872636886 0.012963650162155815
2 0.3122787060970064 0.849286528406919 0.02510908430895542 0.019186376623205346
3 0.2541980405041577 0.8943711574657565 0.05165340359079611 0.016525026785361163
4 0.2634599318965096 0.7796774119299833 0.02979658430895542 0.019268197240056396
2 0.30912241072107494 0.7203120945595431 0.01885908430895533 0.01907728246740419
4 0.32201381704234555 0.5189541461016708 0.031322722872636974 0.013045470779006862
2 0.3027052808397962 0.4803319768647915 0.02668067466803503 0.020776150162155817
4 0.7595375847017388 0.25390721346881556 0.02976931323171659 0.014580697240056483
3 0.7052227894240032 0.18889013960555365 0.03620112041330899 0.04593979139585782
4 0.8570307291191529 0.14934817288373664 0.02977840359079593 0.016143197240056483
4 0.9075119972695255 0.20179706289962268 0.01884999394987581 0.01751478246740401
4 0.9304222564429075 0.2928311659838778 0.02977840359079593 0.016143197240056396
7 0.858408817533325 0.8525686302700628 0.04541249394987581 0.01797843262955965
4 0.4604177868899205 0.5002741042987757 0.028234084308955333 0.019240923701106104
4 0.33971492233034395 0.4309729050301245 0.02977840359079611 0.016143197240056396
4 0.23330636192729778 0.3220734176120262 0.01572499394987581 0.01746023538950343
4 0.21831716618202393 0.346814318991998 0.02665340359079611 0.016088650162155816
4 0.2881307381943392 0.1652018547058129 0.05171703610435348 0.027462526785361208
5 0.5396290847999348 0.3149190312462928 0.02512726502711473 0.022311376623205436
4 0.6255711299794745 0.31563782588856154 0.023501132513557364 0.011346603084255058
4 0.6568438558771736 0.3122770466675683 0.02041249394987581 0.01754205600635439
4 0.5149649072050334 0.39105879139256255 0.02510908430895533 0.019186376623205346
4 0.5987086481298471 0.3667366757264057 0.023546584308955332 0.019159103084255058
4 0.899190437161067 0.289160695204871 0.02668067466803521 0.020776150162155817
2 0.3132711178792261 0.27580811809849354 0.028288626463433175 0.028615923701106105
2 0.34100523243880254 0.34348654179959964 0.015761355386194255 0.023710235389503433
5 0.39204049161218474 0.4350115685849609 0.032967036104353475 0.027135244317956976
5 0.3568387898167867 0.4422104139585782 0.03608294574527395 0.02562729139585791
2 0.3093007144848217 0.42106607102059285 0.02665340359079611 0.016088650162155816
4 0.27344048253699843 0.40715752962473495 0.029751132513557366 0.011455697240056396
2 0.2069069675098838 0.4278734042193456 0.03292158430895542 0.019322744317957153
5 0.3362263079671593 0.4934183579522237 0.02510908430895542 0.019186376623205346
1 0.4241893953993726 0.5496468129029181 0.025063632513557366 0.011373876623205348
1 0.38512689539937267 0.5489649744291596 0.023510222872636887 0.012909103084255236
4 0.32182291950167363 0.5517666461016708 0.026635222872636977 0.012963650162155815
4 0.31304736232008123 0.582866641637444 0.020403403590796197 0.0159795560063543
2 0.2926530490883647 0.5965745856310894 0.01726931323171659 0.014362508928453721
2 0.3403133233870574 0.73101381533855 0.01884999394987581 0.017514782467404188
5 0.271881485954844 0.6751262796247349 0.037618174668035034 0.020967064934808023
2 0.47402472717424526 0.8474218396882792 0.02512726502711473 0.02231137662320535
3 0.5997696157379269 0.8558673595737816 0.026644313231716586 0.014526150162155815
7 0.7556252268796577 0.6577861899298652 0.020394313231716588 0.0144170560063543
4 0.808251298891973 0.47587371671522644 0.03447499394987581 0.017787517856907444
4 0.832717051229664 0.03094304626053121 0.0220295361043533 0.026944329545304756
4 0.7671193223069028 0.025110057624616933 0.037636355386194253 0.024092064934808154
2 0.48784945794371815 0.08274173092198125 0.015743174668035032 0.020585235389503388
4 0.4197988947120016 0.09561783197764147 0.037618174668035034 0.020967064934808155
1 0.33670913876007325 0.14182858441327345 0.026635222872636886 0.012963650162155772
1 0.3318716478352596 0.1675280137964224 0.014135222872636887 0.012745461850553053
2 0.4257761839396131 0.1426019261334428 0.018922716822512696 0.0300147824674041
4 0.42828758470173883 0.24812522321134348 0.018895445745273777 0.02532728246740401
2 0.48119389520298095 0.42094116030513024 0.01727840359079611 0.01592500892845372
4 0.27510700078556694 0.5236046899331604 0.03134999394987581 0.017732970779006863
4 0.5164859797083281 0.532505951700988 0.023555674668035032 0.020721603084255236
2 0.4535314617543472 0.6095400101429744 0.02510908430895533 0.019186376623205346
2 0.43476782621572774 0.6115564776755704 0.023528403590796287 0.016034103084255236
1 0.4912263835937118 0.7109894618472578 0.020421584308955333 0.019104556006354478
3 0.4793349167711991 0.7404724103051302 0.03766362646343317 0.0287795649348082
2 0.9372746817983139 0.7265885572175799 0.01410795179539832 0.00805796185055314
2 0.9937297357584522 0.5580255178503168 0.006340903590796287 0.015734094155801338
2 0.9818206090986275 0.4562448295387142 0.025090903590796288 0.016061376623205347
4 0.8222279613615637 0.35657429179630434 0.01414431323171641 0.014307961850553053
4 0.839356374027546 0.3670305507247581 0.021929542154477843 0.009756829545304768
4 0.7363131872592628 0.3511679971540357 0.04237839754067192 0.03354888555165925
2 0.4280916211006799 0.41610760998081864 0.02200226502711473 0.02225682954530477
2 0.43599047951193626 0.4014002276755703 0.020403403590796287 0.01597955600635448
2 0.4284228983262389 0.49346499675029387 0.020385222872636888 0.0128545560063543
4 0.5223092537124332 0.47166390908731426 0.034547716822512696 0.03028751785690744
2 0.5660910699692119 0.4669588181779238 0.023546584308955332 0.019159103084255235
2 0.5583240217646098 0.459009950483172 0.020385222872636888 0.0128545560063543
4 0.24792791901069428 0.22622512946257922 0.02821590359079611 0.016115923701106104
4 0.28771258167667674 0.2370768547058129 0.021938632513557366 0.011319329545304768
4 0.3002807593697739 0.2255762930174156 0.02667158430895533 0.019213650162155815
2 0.7729808985226306 0.629179948858319 0.031395445745273955 0.025545470779006863
4 0.34696382006740767 0.5279842727248761 0.028252265027114642 0.022365923701106283
4 0.764411437062871 0.22195778408566658 0.014171584308955331 0.018995461850553053
4 0.8647073946138057 0.03853340380901318 0.01884999394987581 0.017514782467404077
1 0.5976380692818408 0.01355712864850504 0.020348861436318443 0.006604556006354423
2 0.17606253025062102 0.08901940990138842 0.029814765027114644 0.022393197240056485
2 0.234751729020957 0.07363591761202617 0.026671584308955422 0.01921365016215577
2 0.2326210815784809 0.17126489407307582 0.025127265027114643 0.022311376623205436
2 0.27362787665982485 0.10634900608578465 0.02042158430895542 0.019104556006354433
2 0.33149037363476275 0.09876437702694725 0.032948855386194256 0.024010244317957154
1 0.40200286153451437 0.06561668627971254 0.021929542154477667 0.009756829545304768
2 0.792917711263368 0.2912123445562479 0.036310204722264317 0.06468979139585782
2 0.7157875847017389 0.253143554378206 0.040815897540672094 0.03352161201270878
4 0.7568029492613153 0.32105380316039006 0.03915340359079611 0.016306838473758488
4 0.8955745577707674 0.3734811481269703 0.020403403590795934 0.01597955600635448
2 0.5442155490883647 0.6009656254020941 0.014126132513557366 0.011182961850553142
2 0.5491505723069029 0.021305398941044502 0.02979658430895533 0.01926819724005646
2 0.4965245002945876 0.2032178721556833 0.025136355386194253 0.023873876623205437