2 0.7114623891985167 0.8683183883976234 0.0333306972400564 0.03026024431795733
2 0.7256537540538945 0.6515984926996946 0.029243215096964016 0.0645534237011061
2 0.7382782593289002 0.7928274646965174 0.028643197240056394 0.030178423701106107
2 0.6299365105500115 0.271903084419864 0.03064207386326192 0.055205697240056396
2 0.6421131822225228 0.20839000933878613 0.03343979139585791 0.03651024431795715
2 0.7300706984545771 0.456930875004943 0.03187729139585791 0.03648297077900686
1 0.6617825742670037 0.35027750041033234 0.02694432954530477 0.022338650162155815
2 0.3036172926103785 0.4706265511383858 0.04147047970746058 0.04914661201270896
2 0.31034239975182343 0.6768220040604851 0.047938668019063255 0.061755706168510116
2 0.3485321465054125 0.6261401655867266 0.03653751785690744 0.03500229139585791
2 0.3625713271063775 0.5797873169666984 0.027298885551659248 0.042651150162155815
2 0.34676945454365715 0.2565270949698756 0.033385244317957155 0.033385244317957155
2 0.41347175933219554 0.3171003563339613 0.028752291395857908 0.036428423701106105
3 0.3722933802733581 0.37564924188562043 0.03543866801906326 0.06153751785690744
2 0.4077650503210163 0.5274202475676633 0.023928423701106104 0.02853410308425506
3 0.595321777189103 0.34831162581572184 0.03530230032431163 0.05372501785690744
2 0.662158269882207 0.5956581842577082 0.03511138555165907 0.042787517856907445
2 0.6175975665530707 0.7738337771956936 0.014662517856907442 0.03462046185055314
3 0.5394510215037649 0.863505977682161 0.05224433847375849 0.03996252678536116
2 0.472754445204871 0.8928037398570255 0.027135244317956976 0.033276150162155814
2 0.5340156789728165 0.6416582512211113 0.03543866801906326 0.06153751785690744
2 0.5250541416374439 0.3073377982990119 0.024173885551659068 0.04259660308425506
1 0.2120398985373027 0.2385601193196048 0.06421823295387145 0.09952844155801355
2 0.25191269642598224 0.3738430543847966 0.024255706168510204 0.047284103084255055
2 0.31013171427959446 0.8886089379078609 0.026971603084255058 0.023901150162155816
2 0.2767834261301475 0.9032578189952932 0.030151150162155815 0.027080697240056396
2 0.09419565381230846 0.3820664318187809 0.027162517856907487 0.034838650162155815
2 0.0961905762955986 0.45158404504930577 0.027380706168510204 0.04733865016215581
2 0.13411904463897342 0.565019253653448 0.03516593262955987 0.04591251785690744
2 0.14898215989809313 0.65541242857237 0.03346706493480815 0.03807274431795715
2 0.21927706898870264 0.6979487560890799 0.03829093262955983 0.0459670649348082
2 0.2598910174498704 0.20412088961214425 0.03349433847375849 0.039635244317957154
2 0.46279742369781085 0.5014520369349262 0.023901150162155816 0.026971603084255058
2 0.49956854098552544 0.682896905847494 0.025872753246410873 0.050436376623205346
2 0.2724939776755704 0.4336583851479173 0.03343979139585782 0.03651024431795715
2 0.11489926054671624 0.7622897199682279 0.039798885551659155 0.04286933847375849
2 0.3477447625753111 0.8496594862035776 0.02710797077900686 0.03171365016215581
2 0.34664195859755165 0.920794146512003 0.024119338473758488 0.039471603084255236
2 0.47864416070887206 0.7825111221622739 0.03640115016215582 0.02718979139585791
2 0.4774401708551418 0.758306008931749 0.026998876623205346 0.025463650162155814
2 0.7807288120888438 0.762389942375383 0.030260244317957152 0.0333306972400564
4 0.7933634054338663 0.6355683437553548 0.02099433847375849 0.0394170560063543
4 0.6152929525117669 0.6418025271956936 0.017896612012708958 0.04092500892845372
4 0.6520425247501758 0.9115559196472116 0.017951159090609535 0.04405000892845372
4 0.6285095673638497 0.9064962727314668 0.01660684740221221 0.056522735389503254
4 0.4711958993447863 0.8482861266265008 0.02088524431795715 0.0331670560063543
4 0.5129100665530707 0.7756611043053663 0.026971603084255235 0.023901150162155816
4 0.5443843887947748 0.5641099496789838 0.0300420560063543 0.020830697240056394
4 0.5502798327884204 0.5436883555231824 0.0333034237011061 0.02869774431795715
4 0.5046303676914563 0.48040315138326706 0.01762387662320535 0.025300008928453722
4 0.5651820840062364 0.502009370133679 0.014498876623205348 0.025245461850553142
4 0.553216097805954 0.353735511367381 0.0175420560063543 0.020612508928453722
4 0.5430286201270884 0.39689517614003333 0.016006829545304767 0.02214773538950343
4 0.5408506911509765 0.2273502893705582 0.014553423701106283 0.02837046185055305
5 0.43805870210802517 0.337771366480231 0.01943183847375849 0.0393897824674041
5 0.39148943952612336 0.4456480961876915 0.033385244317957155 0.033385244317957155
5 0.40460309415250606 0.4805861578760888 0.024201159090609537 0.04415910308425506
4 0.35630196184725776 0.48924413758354934 0.04437729139585782 0.03670115909060954
4 0.36010307183137175 0.4383810669666984 0.027462526785361163 0.05202615016215582
3 0.3124784549506942 0.08285381574888236 0.02918866801906326 0.06142842370110611
2 0.1824707698822071 0.6040311607154626 0.03631932954530477 0.02250229139585791
4 0.18680589366603875 0.4046760430207109 0.022065914772652385 0.011319329545304768
4 0.18978484334172716 0.3514828591733351 0.02055796185055305 0.014417056006354479
4 0.17995587580913125 0.3704101371765123 0.02250229139585782 0.03631932954530477
4 0.049915999592962904 0.17340054383148978 0.027162517856907476 0.034838650162155774
4 0.05188364853730269 0.24135565706201464 0.020830697240056463 0.030042056006354477
2 0.10322005194586936 0.31704540381560375 0.020748876623205438 0.02535455600635448
2 0.13269509212391117 0.39389823011449765 0.02072160308425506 0.023792056006354388
3 0.05324514569463362 0.4984414541399153 0.03527502678536123 0.05216251785690744
2 0.03017761282019245 0.654360217532596 0.025600017856907475 0.034811376623205346
4 0.5310705422066367 0.15953154383478507 0.0178420649348082 0.03780000892845372
4 0.4045977711033183 0.07733842695081228 0.0147170649348082 0.03774546185055305
4 0.36109896144351594 0.18203560958037215 0.02225682954530477 0.02225682954530477
4 0.5170859086835724 0.20900939245481331 0.02686250892845372 0.017651150162155814
4 0.4713484890396561 0.36454237216227386 0.020776150162155817 0.02691705600635439
4 0.4226321197200513 0.5732685357171102 0.019022735389503432 0.01595228246740401
4 0.4336553944768176 0.5332202341749828 0.014826159090609536 0.04399546185055314
4 0.37879239082336963 0.6584344683466702 0.019322744317957153 0.03313978246740419
3 0.4072037629823482 0.6743497946455641 0.030696620941162676 0.05833069724005639
4 0.3517134679330424 0.7636265288172515 0.01625229139585782 0.03621023538950343
4 0.347674804378206 0.7113373258951521 0.017814791395857822 0.03623750892845372
4 0.3453622820570717 0.6683958494341024 0.024010244317957154 0.03322160308425524
4 0.32076347686149614 0.7813594995962582 0.03354888555165925 0.042760244317956976
4 0.3166623579489285 0.8150350702131093 0.03837275324641087 0.05065456493480802
2 0.29706469845128186 0.945885649758414 0.027026150162155815 0.027026150162155815
4 0.20004187377724109 0.7600220620954344 0.03036933847375849 0.039580697240056396
4 0.20358961363097133 0.7841862650175336 0.030178423701106107 0.028643197240056394
5 0.20369079950694208 0.8795260385564841 0.02568183847375849 0.03949887662320535
4 0.14123170981536762 0.8829607301144977 0.02691705600635439 0.020776150162155817
2 0.054440821828076434 0.9251130482957166 0.046130706168510206 0.04766593262955965
5 0.096729913144504 0.7063397288966817 0.02735343262955987 0.04577615016215582
2 0.07747535267392272 0.6777607613640857 0.02907957386326192 0.05517842370110611
4 0.15317163879807008 0.08954196672181702 0.017896612012708868 0.04092500892845372