1 0.7578125 0.7671875 0.1140625 0.04609375
4 0.28125 0.65546875 0.03828125 0.02890625
4 0.32421875 0.6546875 0.0328125 0.0265625
4 0.26640625 0.77890625 0.02734375 0.02890625
4 0.25703125 0.59375 0.03359375 0.02265625
4 0.32734375 0.38984375 0.0265625 0.025
4 0.32734375 0.5109375 0.034375 0.0171875
4 0.42734375 0.38359375 0.03671875 0.01328125
4 0.5765625 0.5140625 0.0390625 0.0203125
4 0.6890625 0.60234375 0.0421875 0.01875
2 0.8234375 0.459375 0.09296875 0.075
4 0.49140625 0.69765625 0.040625 0.02109375
4 0.24765625 0.29609375 0.03671875 0.02890625
4 0.3015625 0.265625 0.0375 0.02265625
4 0.32578125 0.2296875 0.01953125 0.028125
4 0.35234375 0.2234375 0.0359375 0.01328125
4 0.3703125 0.2875 0.034375 0.0171875
4 0.39921875 0.32734375 0.02421875 0.03046875
4 0.41484375 0.28828125 0.05859375 0.0125
4 0.40625 0.21875 0.025 0.015625
4 0.44296875 0.25078125 0.02578125 0.02265625
2 0.36796875 0.34375 0.01953125 0.0171875
4 0.31875 0.309375 0.01640625 0.01328125
4 0.33828125 0.29140625 0.02265625 0.0125
4 0.35625 0.30703125 0.025 0.0125
4 0.5140625 0.28671875 0.021875 0.02265625
4 0.584375 0.296875 0.0234375 0.01953125
4 0.5546875 0.21953125 0.021875 0.0265625
4 0.57734375 0.2375 0.0203125 0.02265625
4 0.59609375 0.2078125 0.04453125 0.01484375
4 0.61640625 0.24140625 0.03046875 0.0125
4 0.6546875 0.22109375 0.03203125 0.0203125
4 0.646875 0.265625 0.0328125 0.0234375
4 0.7015625 0.2390625 0.04140625 0.01796875
4 0.61953125 0.2203125 0.03984375 0.0109375
4 0.5046875 0.265625 0.02734375 0.015625
4 0.52890625 0.2609375 0.02421875 0.01015625
4 0.60703125 0.27578125 0.03046875 0.0140625
4 0.6421875 0.3078125 0.0359375 0.01953125
4 0.6484375 0.29140625 0.03671875 0.01328125
4 0.6953125 0.32109375 0.0125 0.02734375
4 0.65546875 0.3296875 0.02734375 0.01171875
4 0.75703125 0.32890625 0.02734375 0.01640625
4 0.76171875 0.29453125 0.0375 0.0203125
4 0.74140625 0.27578125 0.04140625 0.0140625
4 0.6625 0.35078125 0.01640625 0.02109375
4 0.57265625 0.3609375 0.03203125 0.0171875
4 0.465625 0.38046875 0.01796875 0.025
4 0.4796875 0.4 0.0296875 0.0234375
4 0.490625 0.375 0.0125 0.02265625
4 0.515625 0.3875 0.01953125 0.01796875
4 0.57734375 0.384375 0.03671875 0.01328125
2 0.54609375 0.40078125 0.0296875 0.01875
4 0.58671875 0.4125 0.0328125 0.0265625
4 0.60703125 0.38828125 0.01640625 0.02890625
4 0.65390625 0.37890625 0.0421875 0.01328125
4 0.6609375 0.39453125 0.03125 0.021875
4 0.3640625 0.3953125 0.0234375 0.02890625
4 0.38828125 0.359375 0.0265625 0.01875
4 0.225 0.3828125 0.03828125 0.01796875
4 0.09140625 0.55234375 0.0203125 0.02578125
4 0.22578125 0.53515625 0.028125 0.01484375
4 0.26015625 0.53203125 0.02421875 0.015625
4 0.3546875 0.55625 0.0375 0.015625
4 0.3734375 0.5515625 0.03515625 0.0125
2 0.29375 0.5296875 0.01953125 0.0109375
4 0.3671875 0.496875 0.03125 0.0203125
4 0.434375 0.48515625 0.028125 0.01875
4 0.48203125 0.4640625 0.02734375 0.01953125
4 0.49453125 0.45078125 0.025 0.01953125
4 0.6109375 0.44296875 0.02109375 0.0296875
4 0.5984375 0.46875 0.01875 0.02421875
4 0.5421875 0.453125 0.03046875 0.0171875
4 0.54296875 0.4296875 0.02890625 0.0125
4 0.471875 0.434375 0.02421875 0.01875
4 0.43125 0.4234375 0.0375 0.0203125
4 0.4171875 0.44375 0.021875 0.02265625
4 0.36875 0.45234375 0.0328125 0.021875
4 0.39375 0.42421875 0.040625 0.0140625
4 0.359375 0.43984375 0.028125 0.01640625
4 0.31328125 0.49296875 0.02578125 0.01953125
4 0.34296875 0.4875 0.01484375 0.02421875
4 0.3921875 0.478125 0.0109375 0.0265625
4 0.40703125 0.5109375 0.02890625 0.01171875
4 0.4625 0.578125 0.02421875 0.01953125
4 0.4234375 0.5703125 0.02421875 0.025
4 0.3 0.58515625 0.034375 0.01953125
4 0.36875 0.60390625 0.04453125 0.025
4 0.38359375 0.61328125 0.02578125 0.02265625
4 0.24296875 0.628125 0.034375 0.0125
4 0.30625 0.6125 0.015625 0.0234375
4 0.33046875 0.5453125 0.01953125 0.02578125
4 0.45390625 0.68515625 0.05078125 0.015625
4 0.4734375 0.671875 0.03515625 0.01328125
4 0.36328125 0.6828125 0.03046875 0.0265625
4 0.4015625 0.66015625 0.021875 0.02265625
4 0.31953125 0.72734375 0.0140625 0.0234375
4 0.21953125 0.715625 0.0265625 0.02421875
4 0.25859375 0.75546875 0.02421875 0.0203125
4 0.23828125 0.78046875 0.02890625 0.01796875
4 0.4265625 0.72734375 0.02265625 0.02734375
4 0.48359375 0.71484375 0.03671875 0.01328125
4 0.32421875 0.76640625 0.0421875 0.01640625
4 0.29375 0.76953125 0.02109375 0.0125
4 0.3890625 0.72265625 0.03203125 0.01953125
4 0.4921875 0.79921875 0.0203125 0.02265625
4 0.32109375 0.79296875 0.03203125 0.021875
4 0.25703125 0.8375 0.02734375 0.02265625
4 0.4453125 0.7609375 0.02890625 0.02578125
4 0.521875 0.74609375 0.03203125 0.015625
4 0.54921875 0.71953125 0.040625 0.0109375
4 0.5359375 0.70390625 0.03046875 0.0171875
4 0.55078125 0.62421875 0.03515625 0.0125
4 0.53984375 0.57734375 0.03046875 0.0203125
4 0.58046875 0.56875 0.02890625 0.01171875
4 0.48984375 0.50859375 0.0390625 0.01484375
4 0.50859375 0.628125 0.0296875 0.02890625
4 0.60390625 0.565625 0.0296875 0.01484375
4 0.7625 0.3828125 0.03671875 0.02109375
4 0.728125 0.3609375 0.0328125 0.0234375
4 0.73046875 0.31953125 0.02265625 0.02421875
4 0.7984375 0.22734375 0.0375 0.01953125
4 0.73125 0.25390625 0.03359375 0.0140625
4 0.8421875 0.33828125 0.0171875 0.02421875
4 0.88203125 0.38671875 0.0390625 0.0125
4 0.86171875 0.40703125 0.03515625 0.0140625
4 0.73984375 0.4171875 0.028125 0.0203125
4 0.72421875 0.4359375 0.03984375 0.0125
4 0.68671875 0.4484375 0.0375 0.015625
4 0.6546875 0.45546875 0.034375 0.01796875
4 0.68125 0.41640625 0.0375 0.0234375
2 0.70078125 0.4109375 0.0359375 0.01328125
4 0.7609375 0.4265625 0.02265625 0.03125
4 0.72578125 0.4640625 0.0390625 0.02421875
4 0.746875 0.47734375 0.02890625 0.01875
4 0.6296875 0.478125 0.03984375 0.00703125
4 0.6515625 0.51484375 0.03359375 0.0203125
4 0.71875 0.58515625 0.03671875 0.01640625
4 0.7328125 0.59921875 0.03984375 0.01484375
4 0.659375 0.5765625 0.04375 0.009375
4 0.61171875 0.621875 0.02734375 0.0234375
4 0.66015625 0.61640625 0.02734375 0.0296875
4 0.63359375 0.6265625 0.02265625 0.0203125
4 0.72265625 0.62890625 0.025 0.01015625
4 0.70078125 0.69609375 0.028125 0.02109375
4 0.80078125 0.68671875 0.02890625 0.02109375
4 0.83828125 0.65625 0.0390625 0.01484375
4 0.73515625 0.65 0.0328125 0.01796875
4 0.56796875 0.70234375 0.0359375 0.0203125
4 0.60625 0.7203125 0.0296875 0.01796875
4 0.6421875 0.70546875 0.02890625 0.0140625
4 0.79453125 0.5671875 0.03359375 0.0203125
4 0.75546875 0.53984375 0.021875 0.0296875
4 0.7984375 0.53125 0.0421875 0.0140625
4 0.48125 0.5953125 0.034375 0.01015625
4 0.75390625 0.69453125 0.01953125 0.0203125
4 0.7296875 0.68046875 0.028125 0.0109375
4 0.5875 0.68515625 0.01640625 0.01484375
4 0.559375 0.7578125 0.03046875 0.01328125
4 0.4375 0.82265625 0.03203125 0.0234375
4 0.40390625 0.815625 0.03828125 0.0234375
4 0.3671875 0.834375 0.0296875 0.0265625
4 0.459375 0.85390625 0.02109375 0.02265625
4 0.3625 0.815625 0.021875 0.02578125
4 0.49765625 0.8546875 0.03359375 0.0203125
4 0.69296875 0.72265625 0.01484375 0.01796875
4 0.7703125 0.71796875 0.03359375 0.01640625
4 0.71328125 0.71796875 0.0265625 0.0265625
4 0.825 0.803125 0.0265625 0.0171875
4 0.7421875 0.8421875 0.0234375 0.0234375
4 0.76328125 0.82109375 0.028125 0.02109375
4 0.8 0.821875 0.021875 0.0203125
4 0.75390625 0.803125 0.034375 0.01875
4 0.6828125 0.821875 0.034375 0.0109375
4 0.65859375 0.8 0.02578125 0.02421875
4 0.63359375 0.80234375 0.02578125 0.021875
4 0.59609375 0.809375 0.0328125 0.01640625
4 0.54453125 0.7953125 0.03203125 0.009375
4 0.47265625 0.54609375 0.02578125 0.01484375
4 0.43359375 0.52734375 0.03359375 0.01796875
4 0.5421875 0.8625 0.0359375 0.0125
4 0.6546875 0.86171875 0.025 0.0265625
4 0.7484375 0.86953125 0.01875 0.028125
4 0.78203125 0.86015625 0.040625 0.021875
4 0.8703125 0.84140625 0.03828125 0.0140625
4 0.16171875 0.89609375 0.0328125 0.01328125
4 0.28203125 0.859375 0.0296875 0.015625
4 0.334375 0.89453125 0.03203125 0.015625
4 0.346875 0.88125 0.03046875 0.0125
4 0.240625 0.80859375 0.02265625 0.01953125
4 0.29609375 0.83515625 0.02578125 0.01796875
4 0.58359375 0.89296875 0.0328125 0.025
4 0.6578125 0.89453125 0.0328125 0.02421875
4 0.5390625 0.89453125 0.01484375 0.02421875
4 0.50390625 0.87421875 0.03203125 0.0125
4 0.71171875 0.8796875 0.03359375 0.0234375
4 0.778125 0.90234375 0.03203125 0.01875
4 0.6875 0.8609375 0.02890625 0.01796875
4 0.4984375 0.92578125 0.028125 0.02265625
4 0.18046875 0.50234375 0.01875 0.025
4 0.18671875 0.4375 0.0375 0.01796875
4 0.2046875 0.4609375 0.03046875 0.01640625
4 0.22578125 0.48046875 0.025 0.01953125
4 0.60859375 0.74140625 0.01484375 0.0234375
4 0.6328125 0.56953125 0.01015625 0.01640625
4 0.628125 0.8515625 0.0296875 0.01875
4 0.659375 0.840625 0.03203125 0.0125
4 0.10546875 0.75 0.03203125 0.0234375
4 0.07890625 0.5125 0.03125 0.01875
4 0.1109375 0.478125 0.0265625 0.0171875
4 0.14375 0.41328125 0.0171875 0.02578125
4 0.18125 0.41640625 0.03515625 0.02421875
4 0.24921875 0.43671875 0.01484375 0.0234375
4 0.28046875 0.3953125 0.02890625 0.01796875
4 0.29296875 0.41796875 0.0328125 0.01328125
4 0.30625 0.375 0.04140625 0.0109375
4 0.27265625 0.36328125 0.03515625 0.0171875
4 0.47109375 0.284375 0.02890625 0.0171875