2 0.08259309412725765 0.8603702657157658 0.026672909194305604 0.0730393937136938
2 0.09141996741802141 0.7019755688589189 0.0352114545971528 0.037538541356328815
2 0.19627569405100775 0.9395418813076969 0.037210365691319504 0.056361315963434674
2 0.2007254982875702 0.8619070328792734 0.0434603656913195 0.05665241439185813
2 0.3136047451534381 0.7385529619534401 0.049455792553055565 0.046006012820281585
2 0.27314470573451455 0.8147366263452982 0.027144381458888846 0.026237168320799496
2 0.1394528514423615 0.4471210949137667 0.027398954597152782 0.0371746683207995
2 0.3236460134864587 0.4307211912752756 0.027653527735416718 0.048112168320799495
2 0.2820443142076394 0.6594669294884513 0.02093074905006951 0.027508569892376045
2 0.29327275493708393 0.6714575072387102 0.024092116641249994 0.029216619106587773
2 0.11050958064079897 0.41327478784167226 0.029470600873680607 0.05912244292790554
2 0.05623965472899339 0.40016051178682427 0.024164851823611146 0.03234161910658777
2 0.013488457065694761 0.3779066761786824 0.010102351823611138 0.03168664764263518
2 0.5396710569894448 0.43786579549466725 0.047966027735416715 0.04905823821317572
2 0.6162160264042364 0.46714872705003324 0.03677395459715278 0.03761131596343468
2 0.5917238662600004 0.422927846156621 0.03677395459715278 0.03761131596343468
2 0.405896775454306 0.5035357990093239 0.029070557370694416 0.04193494292790554
2 0.4758677026003825 0.687198015510878 0.024383057370694416 0.04171661910658777
2 0.4683812045002436 0.6343641139393015 0.02238414627652787 0.022893844499482084
2 0.49145698821958395 0.7185379067433723 0.01653418977951393 0.03979024607105863
1 0.7640170935585768 0.43289138937497673 0.019368249050069508 0.02743579528527036
2 0.7519009128971186 0.5507702481424823 0.026018292553055565 0.04491439371369381
2 0.766380333774931 0.5008237520714237 0.025581881458888844 0.026164393713693813
2 0.629005660712917 0.41180625558608047 0.029070557370694416 0.04193494292790554
2 0.8277412867565633 0.7849953908227187 0.03252286569131968 0.056142992142117085
2 0.7786309863197228 0.7583451536430004 0.02093074905006951 0.02750856989237622
2 0.8136956641313894 0.7191713376795656 0.024201219414791808 0.03390411910658777
2 0.7573540919430561 0.6842548362318237 0.029143292553055568 0.045059942927905536
2 0.6745097968245494 0.9219603515333045 0.01944098423243048 0.030560795285270358
2 0.6941313125921188 0.8913267816409285 0.022456881458888845 0.02601884449948173
2 0.603123799674341 0.8455113215495154 0.01925914627652787 0.022748295285270358
2 0.5499974932535772 0.7807253835840084 0.019331881458888846 0.02587329528527036
2 0.38658895668444515 0.7828615800265706 0.021112587005972294 0.035321069892376225
2 0.12769577422003503 0.3452139925564019 0.034993249050069467 0.028163541356328814
2 0.024918225967396224 0.46575127853604725 0.027617160144236153 0.0465496683207995
2 0.3590918977951392 0.37432348800828796 0.03045121941479172 0.03419521753501122
2 0.34007044728204894 0.4307383079006641 0.032268292553055564 0.04520549214211709
2 0.44946428428802127 0.460055472706807 0.030378484232430482 0.031070217535011223
2 0.5235765443560074 0.5864317280834905 0.01609777868534721 0.021040246071058633
2 0.5108765226045143 0.5784201749403374 0.01617051386770818 0.024165246071058633
2 0.48763773793524356 0.5208452694398193 0.011264808320624908 0.014571922249741043
2 0.6371344705521536 0.7946551428896333 0.019186411094166543 0.01962329528527036
2 0.550250759971077 0.7244026089769026 0.01925914627652787 0.022748295285270358
2 0.5828658510611119 0.8488011414418913 0.009847778685347208 0.02074914764263518
2 0.6967250632577089 0.6667441586053992 0.024092116641249994 0.029216619106587773
2 0.6916219488006604 0.7835142816409284 0.014826219414791808 0.03346747146395259
2 0.6548473409931257 0.7156204603008102 0.012972778685347209 0.020894696856846907
2 0.6484810529053823 0.3412925483901514 0.019186411094166723 0.01962329528527027
2 0.6878156566288545 0.31756179590895206 0.01602504350298606 0.017915246071058634
2 0.730568160712917 0.4070759061241997 0.01922277868534721 0.02118579528527036
2 0.746193813923299 0.4399782973566941 0.022675087005972115 0.03539384449948209
2 0.7867493447928477 0.6031118440897064 0.012936411094166544 0.019332196856846905
2 0.8161335991612507 0.8911191122866715 0.01609777868534721 0.021040246071058633
2 0.7335029371171535 0.902788666463282 0.014644381458888845 0.02565497146395259
2 0.5093380852935424 0.8819454352794196 0.019368249050069508 0.02743579528527036
2 0.4285374545002436 0.6362198664205007 0.017805749050069507 0.027363020678164318
2 0.4502851679311116 0.6297322719210188 0.012972778685347209 0.020894696856846907
2 0.3683610610735074 0.5373500268834175 0.014753484232430659 0.030342471463952768
2 0.49005487632798655 0.5574912448327135 0.01653418977951393 0.03979024607105863
2 0.5847452080156252 0.3247086699779386 0.025945557370694417 0.04178939371369372
2 0.6177934441479169 0.29970651592516273 0.012972778685347209 0.020894696856846907
2 0.6216828167730906 0.36600360401450394 0.021003484232430657 0.03063356989237622
2 0.729408970267813 0.5924868672490702 0.014571646276527872 0.022529971463952768
2 0.736893508736806 0.544430356909988 0.01646145459715278 0.03666524607105863
2 0.70002798195132 0.4726302855698698 0.009884146276527872 0.022311647642635178
2 0.8151646323119103 0.580671763858248 0.027398954597152782 0.0371746683207995
2 0.8770704459508689 0.8546507653059902 0.02107621941479181 0.03375856989237604
2 0.8434364090973965 0.6528720955374485 0.019186411094166543 0.01962329528527036
2 0.7298213186729516 0.30778438151709386 0.045022865691319504 0.05672518899896399
2 0.8368207735544448 0.5366477820552131 0.025800087005972472 0.035539393713693815
2 0.6511177032659726 0.4545737983901514 0.030305749050069507 0.027945217535011224
2 0.6787725374221533 0.5674719046764577 0.017660278685347208 0.021113020678164496
2 0.7367259353142017 0.3356182830886704 0.027217116641249994 0.029362168320799586
2 0.5931246717308338 0.516714233460174 0.01795121941479163 0.03361302067816432
2 0.3954664620996879 0.42502980934840623 0.01951371941479163 0.03368579528527036
2 0.2985758911456255 0.5632811342031812 0.02271145459715278 0.03695634449948208
2 0.18135332997520887 0.6344370043432261 0.025654616641249996 0.029289393713693813
2 0.16658166194718801 0.604623225807179 0.024164851823611146 0.03234161910658777
2 0.08456794253239633 0.5755950053766835 0.022384146276527784 0.022893844499482084
2 0.7764605825406601 0.32907503060747106 0.012863675911805572 0.016207196856846906
2 0.06581728932201433 0.5428381633584008 0.016170513867708357 0.024165246071058633
2 0.45358482057281274 0.2674677123677248 0.020894381458888844 0.025946069892376133
7 0.5433175081681252 0.1577052605484792 0.020712543502986236 0.018133569892376133
3 0.7774165912774661 0.9077822274643179 0.03223192496187508 0.04364299214211727
3 0.7083723844961117 0.7303336236592111 0.027362587005972116 0.0356121683207995
2 0.7227082946403479 0.7750275394988112 0.017660278685347208 0.02111302067816432
2 0.756375433033091 0.8102180227495882 0.014535278685347208 0.020967471463952593
2 0.6873325326725006 0.7000296935515872 0.0159159407294446 0.013227746071058633
2 0.5341185733256951 0.80414576695862 0.012900043502986059 0.017769696856846907
2 0.5294141959508688 0.8708431153870434 0.012754573138263937 0.011519696856846905
4 0.4501026767648269 0.5882896346174658 0.01758754350298606 0.017988020678164317
4 0.4766989315144796 0.4540944170824545 0.020821646276527873 0.022821069892376044
4 0.26188958947451424 0.3647730136488511 0.028852351823611143 0.03255994292790536
4 0.09312336531006984 0.47274183312694246 0.024055749050069464 0.02765411910658777
2 0.16527112224392404 0.4811129512000731 0.017587543502986146 0.017988020678164317
4 0.3766411140757989 0.28825755541946474 0.024455792553055567 0.04484161910658786
4 0.5351128031897228 0.5444432812266436 0.01965918977951393 0.03993579528527036
4 0.5996487350854519 0.5954021596388565 0.009884146276527872 0.022311647642635178
4 0.5880209040634032 0.5998542191921503 0.01609777868534721 0.021040246071058633
4 0.8631098634102088 0.49006172643086054 0.025509146276527873 0.02303939371369381
5 0.4851640885245837 0.3809651321362664 0.01816942496187508 0.0429880206781645
4 0.5447358442241669 0.21864276054847923 0.03372168977951393 0.04059076674922295
4 0.627922471502084 0.7684929032287157 0.028706881458888844 0.02630994292790554
5 0.6767775455902785 0.7505755031048811 0.01606141109416672 0.019477746071058632
4 0.770689240119445 0.6523498647678709 0.014826219414791808 0.03346747146395277
5 0.8315553113578478 0.7136469296978483 0.0318318814588892 0.026455492142117266
5 0.5405822064001047 0.577818707405326 0.026018292553055565 0.04491439371369381
5 0.5069897628208686 0.6466436360652079 0.03364895459715278 0.03746576674922295
7 0.5610246058107645 0.7168619367271616 0.02667290919430556 0.0730393937136938
7 0.5154042877064937 0.7729514249403373 0.02409211664125017 0.029216619106587773
4 0.24063545136611159 0.5268749073625448 0.030487587005972296 0.035757717535011224