2 0.1740347752262784 0.2410348823957833 0.03285104135632886 0.03564833992388783
2 0.38978820781510165 0.2518119204190545 0.06715326674922295 0.035486513840164415
2 0.2514684164587727 0.22300778258606374 0.03263271753501122 0.030960839923887828
2 0.7547326193114756 0.3903571782905388 0.05777826674922295 0.03510451186299814
2 0.8194672074008169 0.38537124794847155 0.03917381596343468 0.03746550790866543
2 0.5831401015287954 0.2689808798871443 0.03910104135632899 0.03590300790866543
1 0.6808563176160647 0.35031711011548083 0.0246746683207995 0.027517504942915848
2 0.5221021716260592 0.6894472301911554 0.05352741439185813 0.04428851087441501
2 0.31953794375196576 0.6593471892021348 0.06639128742738745 0.052610346843970035
2 0.37284272621695447 0.6274313443353311 0.03924659057054054 0.03902800790866543
2 0.42095274048497816 0.618426417453305 0.045132717535011226 0.03147017589344294
2 0.738889411286977 0.672003767720135 0.035976041356328994 0.035775673916276673
2 0.6862138674494489 0.5997905281002585 0.03888271753501123 0.03121550790866543
3 0.623570472288013 0.6328696249442285 0.06424659057054054 0.04004667984777566
2 0.47712781182509634 0.5809144885941124 0.03085189371369381 0.026209672927693363
3 0.6753191011145105 0.41629227859454987 0.05487159057054072 0.03966467787060921
2 0.4383755651348652 0.32027807752941706 0.04549659057054054 0.03928267589344294
2 0.25636358581302965 0.3449146160841609 0.03673802067816441 0.018651840912471053
3 0.15849332009726394 0.4115211373386992 0.04309933664159917 0.054780341901054186
2 0.12383152977439238 0.47398664524736456 0.03561216832079959 0.027963173916276673
2 0.3783178225784633 0.44248334136958156 0.06424659057054054 0.04004667984777566
2 0.7084633949520388 0.4893013556668565 0.0449871683207995 0.02834517589344294
1 0.7420594148016336 0.8072873517125239 0.10320208271265763 0.07282468775644091
2 0.6127314797316112 0.7530693784042695 0.048112168320799495 0.0284725098858317
2 0.10941592700274275 0.635034233194086 0.02630994292790545 0.029143671939110403
2 0.09204864453775405 0.6654857371484187 0.029580492142117155 0.03239600593149898
2 0.587050891227985 0.9075313853243518 0.037247442927905536 0.029589340912470875
2 0.5176823070675853 0.897051483156905 0.04982021753501122 0.03166117688202626
2 0.4104476958188804 0.8466296719019292 0.04862159057054054 0.039410009885831696
2 0.322382615587422 0.8212569401907179 0.03917381596343468 0.03746550790866543
2 0.2883842971427879 0.7467171966165086 0.0486943651776464 0.0409725098858317
2 0.7807558877133285 0.7642257598114697 0.042298815963434676 0.037592841901054184
2 0.5091376370941558 0.5287325646778358 0.029289393713693813 0.026146005931499162
2 0.33424249089926283 0.4708921842592188 0.05130994292790545 0.030162343878220456
2 0.5558800121965998 0.7256420567691705 0.03917381596343468 0.03746550790866543
2 0.2130268862655864 0.8429329634224224 0.04727741439185813 0.0440338428896375
2 0.1517104348606256 0.6020015573006431 0.03412244292790545 0.029462006920082117
2 0.08170614991443752 0.5946784886312935 0.040299668320799585 0.02815417490485981
2 0.23293470202413333 0.4804992890118543 0.03143409057054054 0.03870967292769336
2 0.25659052584545095 0.4842317840689384 0.02787244292790536 0.029207338935304604
2 0.2856593258882322 0.1840434416735927 0.03583049214211709 0.03265067391627659
4 0.41254931162020847 0.18591766498184698 0.04015411910658777 0.025029174904859806
4 0.38710631761606457 0.36228650540002644 0.043133569892376225 0.022031508897248565
4 0.12483744995721877 0.2939171432701982 0.04625856989237613 0.02215884288963732
4 0.12674670636735957 0.318104059772101 0.05712329528527027 0.021042011862998145
4 0.16798179011347458 0.48079771935392157 0.033831344499482 0.023212006920082295
4 0.24316157257846333 0.44799053654039633 0.02630994292790536 0.029143671939110403
4 0.45569795988201617 0.44011307505795916 0.021695217535011226 0.030515170950527092
4 0.47671893527491027 0.437691070609335 0.03128854135632899 0.035584672927693364
4 0.5347347965236153 0.490118392244434 0.02431079528527036 0.019705004942915848
4 0.5200322876322752 0.4265333947158919 0.027290246071058632 0.016707338935304607
4 0.66545610359571 0.4566135310660079 0.02111302067816432 0.01801517095052709
4 0.6210704028099217 0.461553040457548 0.02423802067816432 0.01814250494291585
4 0.7887865957378271 0.4828975053628454 0.03041524607105863 0.01683467292769336
5 0.6684976745215433 0.5723340315602995 0.040081344499482086 0.02346667490485981
5 0.5565991420565547 0.6066373887843929 0.035976041356328994 0.035775673916276673
5 0.5236582094677316 0.5884113122063779 0.0449871683207995 0.02834517589344294
4 0.5101800603773542 0.6351417321683218 0.041172963606069854 0.046904174904859805
4 0.5603983841986718 0.6377918882901012 0.05450771753501123 0.03185217787060921
3 0.9073162336605526 0.7254113161235296 0.06402826674922295 0.03535917984777566
2 0.3766869718737283 0.793996761825817 0.026673815963434676 0.03695617193911023
4 0.5740906648016336 0.814131553803421 0.01359161910658777 0.023946835969555026
4 0.6281788513193984 0.8158412924347143 0.016643844499482086 0.022511669961944137
4 0.6089750870513747 0.8236683798871443 0.03710189371369381 0.026464340912470873
4 0.7877636747264312 0.9651025103057613 0.03637414764263518 0.010839340912470874
4 0.7203578509051136 0.9631526911421201 0.030560795285270358 0.01995967292769336
2 0.6527122785315381 0.9056386214841872 0.026018844499482087 0.02289367193911005
2 0.5804712514432329 0.867097386312935 0.024456344499482086 0.02283000494291585
3 0.4685020984239142 0.9334956605332227 0.05487159057054054 0.03966467787060921
2 0.3106532111203613 0.9391447771488561 0.03717466832079959 0.028026840912470874
4 0.8545764156302031 0.5005678250207781 0.04000856989237604 0.021904174904859807
4 0.9227357183590715 0.6363342286710997 0.039863020678164676 0.018779174904859808
4 0.8145614993763182 0.6665721684047071 0.021331344499482086 0.022702670950527092
4 0.8040862640586267 0.5088870023970958 0.019987168320799498 0.027326503954332716
4 0.6456937212545558 0.5364747860089238 0.027581344499482085 0.022957338935304605
4 0.43310383002206143 0.5600090809894582 0.016571069892376045 0.02094916996194396
4 0.47432814350429664 0.5544156555903068 0.04611302067816432 0.01903384288963732
4 0.3446791848606256 0.5941386832706357 0.033758569892376133 0.021649506920082117
3 0.3323225800220614 0.5641156022439965 0.06083049214211709 0.03366934585538672
4 0.2381209698068137 0.6086561225099516 0.03681079528527027 0.02021434091247105
4 0.2894480293601076 0.6183056951336339 0.03844606989237613 0.02184050790866543
4 0.33125453969918983 0.6252122697344824 0.035539393713693725 0.026400673916276672
4 0.2175195254311662 0.6368912104566731 0.04542381596343468 0.03772017589344294
4 0.18307175082406033 0.6367293843729497 0.051819365177646404 0.04109984387822045
2 0.0517853635205074 0.6412961620532786 0.02943494292790545 0.029271005931498985
4 0.224013582088976 0.7595156269585759 0.04215326674922295 0.03446784190105419
4 0.20095707174989377 0.7518450484033945 0.032705492142117175 0.032523339923887916
5 0.10733335028594104 0.7415707346769608 0.04193494292790545 0.029780341901054184
4 0.09610905996306948 0.8030812376427103 0.023112168320799587 0.027453837946721647
2 0.05521654031836236 0.8830207470342504 0.030381012820281585 0.04958350593149916
5 0.267389054586386 0.8673307855518132 0.04825771753501131 0.031597509885831696
2 0.2918817863894209 0.8890320306088974 0.057705492142117176 0.03354201186299797
4 0.8825624443711384 0.8829664895455146 0.043133569892376045 0.022031508897248385