0 0.8967090671650272 0.3822489084318063 0.13623182835784534 0.15766964247680565
2 0.8437422766851087 0.1690390871934035 0.12603795680654778 0.14182643692972233
2 0.9727492667354859 0.4387729717864245 0.013066566033373306 0.04087957313826394
7 0.9500608757351691 0.11050184821132025 0.02071529172311415 0.03793641109416668
2 0.8787967073723749 0.08224825522142436 0.01873671189493038 0.059738675911805574
7 0.6764529573723748 0.07753865216354223 0.02343085594746519 0.030196646276527784
2 0.8806602640219525 0.509374452884723 0.07910100180902227 0.0502195119678472
2 0.6809391457500154 0.6486512391695145 0.033454309135968606 0.07256598423243048
2 0.6475323400049489 0.19654257209142417 0.05195864767057934 0.06831489532659725
1 0.8634207751032289 0.6442943135420494 0.02836401741285428 0.03499324905006951
4 0.3276978748306579 0.1202644807170489 0.026473968792335524 0.028706881458888934
4 0.10716628957540748 0.2387196207253126 0.026392081637205765 0.027144381458888932
4 0.10111220488598396 0.5631929438635765 0.03198034034363304 0.04444098423243048
2 0.11455282790761952 0.7246395901401044 0.04233798620519007 0.06340918977951393
2 0.31157939337516616 0.48752471589940993 0.023512743102595036 0.03175914627652787
4 0.30630763794809923 0.6328917672861808 0.025818871551297563 0.016206881458888843
1 0.2830062567858633 0.6894502386008335 0.015700243102595123 0.03157730832062491
2 0.11055248190977691 0.4875389804327085 0.033044873360319825 0.06475348423243048
4 0.271406931253093 0.11973649743454887 0.023922178878243817 0.03957164627652778
2 0.2789084927639108 0.200478004368403 0.042017081637205765 0.027508057370694415
2 0.30493540422930004 0.1963905696228822 0.016771420171816587 0.02223867591180557
4 0.3237020143606368 0.2711366496950003 0.029107645861557074 0.019404616641249994
4 0.3047982061291794 0.31841103998760445 0.03206887155129756 0.016352351823611146
4 0.18616771483560662 0.29844141926229184 0.016764776119281777 0.051889808320625085
2 0.22573706863536538 0.5434097335668404 0.023267081637205856 0.02707164627652787
4 0.2445070007929695 0.6330177474345489 0.020223968792335522 0.028561411094166544
4 0.42105064789772195 0.3688312269173267 0.029025758706427318 0.017842116641249996
4 0.389371279964469 0.286744772320174 0.025818871551297473 0.016206881458888843
1 0.39107654285476784 0.37360899268489617 0.01759029172311406 0.037863675911805575
4 0.49304739936806 0.5472848416587157 0.022857645861557075 0.01925914627652787
4 0.4466028465636695 0.4484284611497573 0.021458920171816588 0.022347778685347208
4 0.5216891350074231 0.284349083774931 0.02161605042954129 0.05512391109416672
2 0.5158651809144088 0.35070078238816016 0.026146420171816585 0.022456881458888845
4 0.4922063528952476 0.27975184954250043 0.022857645861557075 0.019259146276527785
4 0.5020284102221938 0.25651437129399346 0.013810194482076099 0.025290940729444423
4 0.5796830987113761 0.17775489807947967 0.0235946302577247 0.03332164627652778
4 0.6338659876755282 0.12895502858843805 0.02178646879233561 0.028597778685347252
4 0.6016399858665058 0.17670154435600746 0.025982645861557074 0.019331881458888932
4 0.49962046246075753 0.1532075333380907 0.0247476944820761 0.02554551386770836
4 0.7350788483726918 0.4066462303357993 0.016191566033373482 0.04095230832062491
4 0.7144730992772029 0.38191833405927145 0.011258404567984215 0.03615570554708327
4 0.6505024525111347 0.42345056420763943 0.029271420171816588 0.022529616641249993
4 0.6709001616925319 0.43722277668857695 0.020626760515449583 0.06602504350298606
4 0.6575060470386394 0.483843203550313 0.040208920171816584 0.022784189779513752
4 0.5213095974681806 0.4259189879352435 0.01471095318850324 0.0424784407294446
2 0.4704408955228727 0.2174512180836115 0.023021420171816586 0.02238414627652787
4 0.41663754409796316 0.12468118341434062 0.021206614653892685 0.04731141109416668
4 0.4111168051792397 0.25987380100552115 0.02030585594746519 0.030123911094166723
2 0.36727719470921866 0.4098185964083684 0.036012743102595036 0.0320500870059723
4 0.31727387268295126 0.3937928996950003 0.01381019448207601 0.025290940729444423
4 0.28523489936805996 0.5424479520317016 0.023512743102595036 0.03175914627652787
4 0.13940117820087528 0.4146833618915974 0.01693519448207601 0.02536367591180557
4 0.6038631478977219 0.3730862350854519 0.019896420171816587 0.022311411094166723
2 0.6180108570791191 0.3867129772016672 0.014137743102595125 0.031540940729444425
2 0.649578439620836 0.3366045276385075 0.02310330732694634 0.023946646276527782
2 0.716256927296364 0.4523581206284034 0.01652575870642714 0.01755117591180557
3 0.5267949575995174 0.5003559434823268 0.0233423247398008 0.058285278685347205
4 0.49095927691225133 0.5871285916587157 0.02293953301668683 0.020821646276527873
2 0.375935142470655 0.5132709047289934 0.02203213025772479 0.03328527868534721
4 0.3888434989839472 0.6848738010055212 0.034614017412854636 0.03513871941479163
4 0.6014198213488988 0.47940897026781304 0.03231453301668665 0.021039851823611143
1 0.784275423451177 0.12463381734177151 0.026146420171816585 0.022456881458888932
4 0.7555418345778818 0.34454627383878533 0.03272396879233561 0.028852351823611143
4 0.8176866304848673 0.4124799626683687 0.02523901741285428 0.03492051386770836
4 0.8192834300098977 0.38201121266836874 0.020223968792335255 0.02856141109416672
7 0.5503486442796774 0.4688338397588547 0.011340291723114149 0.03771820554708327