2 0.3245530940042216 0.7572858453280515 0.04638915258848364 0.047350188998963996
2 0.26821208874254976 0.7583432311838624 0.04602513154179624 0.04110018899896399
2 0.4232944308923942 0.7041179958661707 0.06541216837349921 0.05291098428423435
2 0.43432439420186564 0.5437969259737947 0.034814615756780756 0.03590326674922295
4 0.6107287285297895 0.41180840963885645 0.028109589448421346 0.027799668320799498
3 0.3844862049934406 0.26645533002657057 0.04004814732681172 0.04549659057054054
4 0.442594836605824 0.22849725765299506 0.038121626280124235 0.03917381596343468
4 0.38927168650700195 0.33516894272301767 0.031234589448421436 0.027945217535011314
4 0.42379787592718854 0.38996345058090054 0.03803062101845249 0.03761131596343468
4 0.3144823310618035 0.5305777961138398 0.02682010523343692 0.03241439371369381
4 0.29430488090651175 0.695241763648851 0.038303636803468065 0.042298815963434676
4 0.2650423151356136 0.6770204565767566 0.03793961575678066 0.03604881596343468
4 0.28801156534737504 0.45269039061332184 0.03463260523343692 0.03277826674922295
4 0.22630822589895364 0.42892971298689736 0.03839464206513998 0.04386131596343468
4 0.5115687046405049 0.6326367940469252 0.04124662628012423 0.039319365177646406
2 0.4763607047816791 0.4854364623677247 0.031234589448421345 0.027945217535011224
4 0.5048728416557344 0.45042360752916066 0.026183068401734032 0.021476893713693813
4 0.642280378346263 0.6038310897464803 0.03463260523343692 0.03277826674922295
2 0.6551990653473752 0.4355883579434453 0.027002115756780753 0.035539393713693815
2 0.6401193678935064 0.5263781778358215 0.039304694681858265 0.05948631596343468
4 0.8140195994776549 0.5127950591435184 0.03775760523343692 0.032923815963434674
4 0.5177508152062008 0.5908302837078431 0.037575594710093266 0.02979881596343468
4 0.3621602388413718 0.6497794063290876 0.038303636803468065 0.042298815963434676
4 0.38982323628112303 0.5732875268834174 0.03343412628012441 0.03895549214211709
4 0.5522461835232302 0.6988953407799375 0.028928636803468067 0.041862168320799496
4 0.5160888756448399 0.6833452694398193 0.04362817363517095 0.05345463978475227
4 0.652640296649175 0.7279042905322685 0.025439615756780755 0.03546661910658777
4 0.6767170205525772 0.49568894996172796 0.044917657850155376 0.04883991439185813
2 0.6829824311041557 0.4687625769261986 0.03141659997176518 0.031070217535011223
4 0.7216970496329467 0.3533708633201288 0.03637711575678075 0.035976041356328904
4 0.6121554496611816 0.328704811210433 0.023877115756780753 0.035393844499482
4 0.6012256549369709 0.315896596156621 0.020661110495108836 0.03368579528527027
4 0.8215954229998864 0.6832167210541772 0.04070059471009344 0.029944365177646405
4 0.6047565334949953 0.7262176660489972 0.03445059471009344 0.029653266749222952
4 0.6347478703831679 0.6762518992997741 0.030036110495108837 0.03412244292790536
4 0.7539767415427948 0.5578935434277528 0.028928636803468067 0.041862168320799496
2 0.5248304839326358 0.2685357526905964 0.022405621018452494 0.036883569892376136
1 0.7375411284874372 0.45055407837394074 0.02369510523343692 0.032268844499482086
4 0.6838679098457069 0.6857146364794926 0.018643584186749607 0.025800520678164497
2 0.5104171863658277 0.4783666710113959 0.020388094710093264 0.02899829528527036
2 0.40039046800644584 0.41847159429459424 0.02682010523343692 0.03241439371369381
1 0.34633157053845975 0.5259609166681697 0.031143584186749607 0.026382717535011223
4 0.7222108020520212 0.5773905601769757 0.025257605233436918 0.03234161910658777
4 0.7067068993929503 0.6070973308551402 0.026183068401734032 0.021476893713693813
4 0.7235604704255203 0.6274633347840816 0.029308068401734035 0.02162244292790554
2 0.7640181414298554 0.676497994213541 0.03583108418674961 0.026601041356328993
4 0.7613327571866361 0.7110913180348585 0.047314615756780753 0.03648546360606986
2 0.9034222756730748 0.6355368922704608 0.04858868942018653 0.058360463606069855
1 0.9368956573560453 0.5243061397892615 0.026911110495108657 0.03397689371369381
1 0.5055029022355478 0.39399167101139587 0.018734589448421345 0.027363020678164495
4 0.8260436444136271 0.30229205273337756 0.02195059471009344 0.029071069892376133
2 0.7696787943006876 0.42398942432116477 0.023149073663405774 0.022893844499482084
4 0.7828004205808121 0.46098000207142376 0.03445059471009344 0.029653266749222952
2 0.685438844145396 0.5916371507475162 0.02195059471009344 0.029071069892376046
2 0.6599684072854581 0.6116243190683159 0.01653505261671846 0.016352746071058633
2 0.6154672493647155 0.6411149199779386 0.023877115756780753 0.03539384449948209
4 0.4231586520237863 0.6210871720448532 0.02949007892507769 0.02474744292790554
4 0.5781555071160489 0.7940430208875615 0.028564615756780754 0.0356121683207995
2 0.5407340179217413 0.5012390907799376 0.018279563140062117 0.019550520678164318
2 0.5550471469032887 0.46453745740532604 0.0181885578783902 0.017988020678164317
1 0.4464093523202523 0.307439894956548 0.01488154735504672 0.014717471463952681
4 0.6876945049793232 0.26721719355158713 0.015427578925077689 0.02409247146395277
4 0.48844274680446664 0.5718277266357484 0.028837631541796326 0.040299668320799495