2 0.6444306469387215 0.18384281524509496 0.04019910266556703 0.03951703333863614
2 0.7024931995251463 0.17457635590391352 0.04006271034569906 0.03482953333863614
2 0.5478762441940124 0.2544740359245944 0.05904003087881229 0.04286020934118149
2 0.553145102732074 0.4223246072565489 0.030642246239076344 0.03315794533736351
4 0.38509012153669253 0.5882870566120479 0.024119461599340218 0.023710220003181702
3 0.636413277646614 0.7009484992441404 0.03399456677218957 0.04100680800445424
4 0.5803391223946223 0.749241095918231 0.03376724623907634 0.03319430800445424
4 0.6236381444979461 0.6300274719128222 0.027289925705962937 0.02530908267027261
4 0.5813884600164946 0.5789740492520947 0.03376724623907634 0.03319430800445424
4 0.6798212629986308 0.41694566923936793 0.022738818025830908 0.029942038669636163
4 0.6817427788337483 0.24354453190645886 0.033903638558944314 0.03788180800445433
4 0.7141233698208328 0.25800647390200454 0.03367631802583091 0.03006930800445442
4 0.7151162538274306 0.4922905672342773 0.03202288981258548 0.02692612667090888
4 0.7818718448145152 0.5063525198918232 0.03082410266556703 0.03940794533736351
4 0.46483877216983077 0.3436916246021848 0.036892246239076346 0.03323067067154524
2 0.5160566282006102 0.4891399372613215 0.02728992570596276 0.02530908267027261
4 0.490633079375109 0.530827997931276 0.022329641066226813 0.01587953866963616
4 0.332133920757905 0.39521885662000217 0.03050585391920819 0.028470445337363516
2 0.3371754587628534 0.5708819279519568 0.021221782132453626 0.0314863573360908
2 0.34311923337345956 0.47397056528486586 0.02980717194503919 0.05813976400381797
4 0.16459341660126986 0.5166591466422739 0.03519335391920828 0.028524989337999785
4 0.4627617951310844 0.38823196526895754 0.03358538981258548 0.026944308004454243
4 0.6175833389420204 0.3013030352482766 0.03082410266556703 0.03940794533736351
4 0.596401009237707 0.38511496125082195 0.0276081744523216 0.03624658267027261
4 0.4143363184880494 0.2810194492759572 0.021449102665567033 0.0392988573360908
4 0.4538390876883792 0.29227457527054834 0.03422188730530316 0.04881930800445442
4 0.3084954954476535 0.26819327995704745 0.021267246239076342 0.033048857336090795
4 0.3084570768678266 0.5110802139560929 0.03716503087881238 0.042605670671545325
2 0.30449099089530696 0.5400228266231839 0.027380853919208283 0.02843408267027243
4 0.2766123803121811 0.6660858872931382 0.03215928213245363 0.031613626670908876
4 0.39354982772575636 0.6733160372772298 0.018142246239076343 0.033012494668999894
4 0.40649009692608623 0.6848802459420936 0.014971782132453626 0.031413632001908984
4 0.13843539654301015 0.34202277331318276 0.03818196159934022 0.02387385200509069
4 0.35787336982083284 0.2621518179503659 0.02880696159934022 0.023764764003817974
4 0.331995179929105 0.3194648786203203 0.024255853919208193 0.028397720003181703
4 0.22091762443968638 0.4597727999681833 0.021449102665567033 0.03929885733609062
2 0.4905779404204533 0.7206081132638669 0.015108174452321599 0.03610113200190899
1 0.25135161902941006 0.5679756512969563 0.01805131802583091 0.02988749466899989
4 0.28130485814235034 0.3169307719605473 0.016352425705962938 0.02518181333545444
2 0.48285768329431733 0.5028029952657758 0.017914925705962936 0.025199994668999894
2 0.6026557062555709 0.5459251919160039 0.021130853919208194 0.028361357336090798
1 0.6467359783588946 0.42670247724382226 0.02724446159934022 0.02374658267027261
4 0.2528950501456493 0.43440917329727435 0.02113085391920828 0.028361357336090798
4 0.2655685463847256 0.4014603132956836 0.022329641066226813 0.01587953866963616
4 0.24577888361088643 0.3837279206317743 0.02862510517284953 0.017514764003817972
2 0.19863711064963283 0.3397602919716831 0.03340353338609488 0.02069430800445433
4 0.19655778510195449 0.303859154638774 0.043051318025830954 0.03017839600572696
2 0.05851456433141424 0.404650589990455 0.04065374373179385 0.05514203333863606
1 0.036286560174779145 0.5244000159930003 0.021221782132453626 0.0314863573360908
1 0.4967406753767585 0.5893308412635487 0.014789925705962936 0.025163632001908985
4 0.17461195962078319 0.7359994926400467 0.01791492570596289 0.025199994668999894
2 0.21992812279033375 0.6011426873010924 0.020903533386094873 0.020548857336090798
4 0.20224652929596676 0.5646421133036377 0.030460389812585566 0.026907945337363515
2 0.28942358353174413 0.41367850262572914 0.019477425705962937 0.025218176002545434
2 0.3135657771843957 0.3891870326225475 0.012909176959604095 0.014207950668363622
2 0.3560404336900287 0.35198647728359317 0.018096782132453627 0.03144999466899989
4 0.5570717362764535 0.34105642592300356 0.02719899749271768 0.02218408267027261
4 0.3780016648854102 0.18772398261459328 0.024346782132453625 0.0315227200031817
2 0.44826973462710085 0.4836808252705483 0.01612510517284953 0.01736931333545435
2 0.4377353999082224 0.523633663271821 0.016079641066226814 0.01580681333545435
1 0.5663197379923132 0.6674007499204582 0.011346676959604096 0.014189769334818081
4 0.32264028266117906 0.7483347659532293 0.010011497492717503 0.02198408800127254
4 0.49514238611816885 0.40269390726450316 0.021403638558944317 0.0377363573360908