7 0.2265625 0.93046875 0.02734375 0.0328125
4 0.57421875 0.98515625 0.06484375 0.025
2 0.42578125 0.90703125 0.04921875 0.04140625
2 0.51171875 0.8703125 0.0609375 0.0515625
2 0.3921875 0.8390625 0.0453125 0.04609375
7 0.44921875 0.8203125 0.02890625 0.0484375
7 0.33203125 0.84296875 0.0546875 0.0171875
7 0.0890625 0.9 0.0265625 0.02421875
4 0.29765625 0.871875 0.02734375 0.028125
2 0.18125 0.86953125 0.11328125 0.05859375
2 0.10234375 0.7296875 0.05078125 0.0359375
2 0.1484375 0.67578125 0.1578125 0.06171875
2 0.1671875 0.64296875 0.05859375 0.04765625
4 0.11015625 0.63671875 0.0609375 0.0234375
4 0.13828125 0.56328125 0.04453125 0.01640625
2 0.090625 0.5703125 0.04765625 0.04609375
1 0.1984375 0.53203125 0.05 0.0328125
4 0.08671875 0.5046875 0.06328125 0.0390625
4 0.02265625 0.52734375 0.04296875 0.021875
4 0.06171875 0.40859375 0.04375 0.01953125
2 0.0859375 0.29453125 0.08671875 0.04765625
2 0.24375 0.365625 0.06328125 0.05546875
4 0.1109375 0.38359375 0.02421875 0.0296875
2 0.29609375 0.50546875 0.05078125 0.0375
4 0.3984375 0.43984375 0.0484375 0.04609375
4 0.25 0.475 0.03828125 0.021875
2 0.203125 0.4765625 0.03046875 0.02578125
1 0.4609375 0.5265625 0.03359375 0.02890625
4 0.57109375 0.54609375 0.03125 0.0234375
4 0.5484375 0.58671875 0.06484375 0.01875
2 0.615625 0.51953125 0.05 0.05546875
5 0.6765625 0.48984375 0.0234375 0.02109375
2 0.5734375 0.465625 0.06875 0.02109375
2 0.53828125 0.47734375 0.0703125 0.034375
1 0.4578125 0.46875 0.034375 0.0171875
2 0.50546875 0.34609375 0.0640625 0.03671875
2 0.359375 0.29375 0.0640625 0.05
2 0.415625 0.37421875 0.0328125 0.0203125
4 0.309375 0.34609375 0.03203125 0.02265625
5 0.35078125 0.43984375 0.03671875 0.02734375
5 0.7109375 0.57578125 0.02109375 0.02109375
4 0.5625 0.684375 0.046875 0.0484375
3 0.6671875 0.67890625 0.05625 0.0546875
4 0.46171875 0.7234375 0.065625 0.0203125
4 0.3890625 0.7546875 0.03359375 0.025
4 0.35234375 0.7640625 0.0484375 0.021875
2 0.32109375 0.93046875 0.05546875 0.01875
2 0.54453125 0.80859375 0.053125 0.04765625
2 0.478125 0.7546875 0.07578125 0.03671875
2 0.49296875 0.775 0.03515625 0.0359375
4 0.55078125 0.74765625 0.03671875 0.03515625
2 0.47734375 0.5828125 0.04921875 0.05
4 0.440625 0.5921875 0.02578125 0.02734375
4 0.3828125 0.59609375 0.0453125 0.01328125
4 0.2375 0.7265625 0.04296875 0.015625
7 0.1359375 0.98046875 0.084375 0.02890625
7 0.28828125 0.98984375 0.0390625 0.015625
4 0.2953125 0.95234375 0.02578125 0.01796875
4 0.2828125 0.96328125 0.0328125 0.0234375
4 0.17109375 0.728125 0.04921875 0.0140625
2 0.23984375 0.64453125 0.0375 0.03046875
2 0.25234375 0.63125 0.02734375 0.02734375
2 0.27890625 0.60625 0.02890625 0.03671875
4 0.21875 0.590625 0.021875 0.0234375
4 0.15390625 0.59296875 0.0359375 0.021875
4 0.2109375 0.56328125 0.028125 0.02578125
4 0.2625 0.5625 0.04140625 0.0109375
4 0.2578125 0.55078125 0.0453125 0.009375
2 0.253125 0.53671875 0.03046875 0.021875
4 0.40625 0.54921875 0.0328125 0.0140625
2 0.24765625 0.2046875 0.0734375 0.05703125
2 0.1578125 0.2984375 0.07265625 0.05078125
2 0.171875 0.05703125 0.090625 0.084375
4 0.43125 0.06171875 0.0625 0.04375