7 0.21957610932614618 0.44437344028743925 0.03502961664125 0.029125210345699058
4 0.26541528618788235 0.43477713143280833 0.03379442496187508 0.043142246239076344
4 0.3588574680836115 0.4913657637235465 0.020676175911805574 0.016216033386094963
4 0.45702090472899337 0.41536921654739817 0.02136716014423623 0.045903533386094784
2 0.3519872594023961 0.36390835345698985 0.05566942496187508 0.04377874373179384
2 0.2834061392457644 0.6375073263391011 0.055887630508958355 0.053153743731793844
2 0.3849432701359724 0.2704000458560002 0.05937630642076393 0.0688696719450392
2 0.38437891926229184 0.21261027790931147 0.049455792553055565 0.04515938730530315
2 0.4677233218070837 0.4726732511871342 0.07547408510611113 0.08963681301126591
2 0.6412497811538891 0.3809129631821858 0.10588893692972227 0.121750631037097
2 0.6343140226045143 0.6196117503292043 0.05167290919430556 0.07332985141192587
2 0.9557486922480558 0.4088012486133447 0.04542290919430556 0.073147994985435
2 0.9679655369956425 0.6621308370931468 0.06406892600871501 0.06280152837152997
2 0.8215334271460766 0.21049647776366226 0.0630104526972918 0.09083560015828454
2 0.8318994970532991 0.7229510136570395 0.0591581008736803 0.0594946719450391
4 0.8500286351617019 0.562650011149757 0.019368249050069508 0.027108069279472246
7 0.820487911947188 0.6351782290173034 0.02583645459715278 0.03666492570596276
7 0.5635819888851741 0.5324550796378065 0.02285692496187508 0.0428239974927175
4 0.7870363662600004 0.4725956609914725 0.041170513867708355 0.02461956677218975
7 0.6181461215783339 0.7300036810497322 0.03800914627652787 0.022966138558944315
7 0.6603693359591325 0.699222693981856 0.03179551386770836 0.024346782132453625
4 0.5704548104079172 0.7941965616911177 0.02590918977951393 0.03978992570596276
4 0.40024553428802123 0.4917893125490476 0.02903418977951393 0.03988085391920819
4 0.3786452508530213 0.603584618896396 0.024637630508958352 0.05224446159934022
2 0.3018450550895838 0.5240585917785074 0.03837282218833345 0.03859113855894449
7 0.4534439226807644 0.5300311101209074 0.035320557370694415 0.04162521034569906
7 0.30754431553881967 0.23223480463148877 0.039717116641249994 0.029261602665567033
2 0.5811533082237158 0.6500744886507219 0.04138871941479181 0.03399456677218957
2 0.5767924633339588 0.6304295783841652 0.03666485182361114 0.032295674452321774
2 0.6459385875746531 0.4481913913954312 0.052798998100139015 0.05462531551854859
2 0.6983920935585768 0.4879729569139797 0.02271145459715278 0.0365739974927175
7 0.7428460359035418 0.2511465583259055 0.02896145459715278 0.036755853919208194
4 0.5208515878589935 0.6420741205457487 0.04229790919430556 0.07305706677218975