4 0.633824517044677 0.8167803907370225 0.02798115626060227 0.04139788981258548
4 0.5689931799287012 0.9086018293751092 0.040099210344286186 0.03082410266556721
4 0.5997893121426864 0.9170902792959668 0.02970734736759475 0.046130853919208195
4 0.5779663866447904 0.8520335806287502 0.03557540145127884 0.03537521034569906
4 0.6263865284774225 0.8725219253767584 0.02937996515360979 0.036755853919208194
4 0.6751389978073833 0.79055285985821 0.05605159255827132 0.04065374373179402
4 0.6737873181331361 0.8414250380714554 0.033958337748947895 0.03376724623907634
4 0.6515948596029484 0.8553655176174843 0.029270837748947898 0.03363085391920819
4 0.6923686817427998 0.94802437905854 0.03384921034428636 0.030642246239076344
4 0.7404614413614465 0.9591377238065482 0.032668656260602266 0.04153428213245362
4 0.7886335573333629 0.9053391223946224 0.02798115626060227 0.04139788981258548
4 0.7973240218540004 0.8182793915949521 0.03848214664195524 0.029216138558944494
4 0.7238220344678721 0.7961747225529069 0.02976191106992552 0.04769335391920837
4 0.7481226300213685 0.7978137789002553 0.026200401451278842 0.035102425705962934
4 0.5282590525240395 0.9066588961472988 0.026527783665263982 0.04447742570596276
4 0.4755953547936249 0.854230229612536 0.028035719962933213 0.04296038981258547
4 0.5409624052491119 0.7553548089211379 0.023075401451278843 0.0350114974927175
4 0.5668502934535468 0.6904739550019297 0.026200401451278665 0.03510242570596276
4 0.5932044623280208 0.7061300472426554 0.023075401451278843 0.0350114974927175
4 0.6339113078815171 0.7072917304704657 0.020114092558271325 0.03960806927947225
4 0.6679490019837345 0.6742375380714554 0.034176592558271324 0.04001724623907634
4 0.6461112075186974 0.6983342676174843 0.018551592558271324 0.03956260517284953
2 0.6597074268486584 0.6173881444979461 0.036121038474587405 0.05100021034569906
4 0.5531052519837345 0.6775791499082224 0.02749008293962447 0.027335389812585476
4 0.5375000993513294 0.723391755081072 0.024910719962933037 0.04286946159934022
4 0.5729018860118182 0.7294000626820616 0.03390377404661713 0.03220474623907634
4 0.6793428589699763 0.7317772534317193 0.03859127404661713 0.03234113855894431
4 0.7627357123280208 0.7011971916740946 0.03702877404661713 0.032295674452321774
4 0.7996925645049391 0.7517367492750842 0.034176592558271324 0.04001724623907634
4 0.7107466263931714 0.7128764892459543 0.027926592558271325 0.03983538981258548
4 0.7166345278444501 0.7471150969260864 0.030887901451278843 0.03523881802583091
4 0.6995611005324557 0.6389077918323791 0.02625496515360979 0.036664925705962935
4 0.6225992964487718 0.6520957651102017 0.03072421034428636 0.030551318025830908
4 0.5941642724021545 0.6216413869760988 0.029434528855940556 0.038318353919208195
4 0.5428473090626434 0.6301729524946472 0.024637901451278844 0.03505696159934022
4 0.491778371583848 0.7129914641731296 0.03277778366526398 0.044659282132453626
4 0.46024562938839625 0.683409264252272 0.03557540145127884 0.03537521034569906
4 0.47171884272790743 0.6760370334526019 0.03691964664195542 0.029170674452321778
4 0.4287426582443368 0.7218640104913483 0.02965278366526398 0.044568353919208194
4 0.41628978746309714 0.7683669374509524 0.03061508293962447 0.02742631802583091
4 0.45705119671892425 0.7710911206787627 0.04823909255827132 0.040426423198680436
4 0.5701687556119316 0.7631074729486184 0.02603671034428636 0.03041492570596276
4 0.5959326474445636 0.7842550472426554 0.030669646641955418 0.02898881802583091
4 0.541686635463664 0.9328576832943174 0.02403770072563951 0.017869461599340043
4 0.5784971547009577 0.9568120088419956 0.02921627404661713 0.03206835391920819
4 0.48966034399385183 0.9210767488128658 0.03379464664195524 0.029079746239076342
4 0.46944704771471607 0.9021138001456492 0.02140377404661713 0.031841033386094605
4 0.45184039626343725 0.8682161732651874 0.024747028855940555 0.03818196159934004
4 0.4231424773889632 0.8526282771843956 0.03061508293962447 0.02742631802583091
4 0.38190240769618267 0.9257762721698308 0.029270837748947988 0.03363085391920819
4 0.39314495334234617 0.8222193631569154 0.03439484736759475 0.04626724623907634
4 0.42555071477509154 0.8768015630777729 0.02296627404661713 0.031886497492717325
4 0.36521341550073094 0.8957621632360576 0.019786710344286272 0.030233069279472245
4 0.35414942992870124 0.9148531440357276 0.030451391832631992 0.022738818025830908
4 0.3862004941791862 0.7129352913701607 0.026418656260602268 0.04135242570596294
4 0.3720015849233591 0.7094382183297648 0.02151290145127884 0.03496603338609496
4 0.3456598289329093 0.7837168043022844 0.029270837748947988 0.03363085391920819
4 0.3301613145049391 0.7653987133151998 0.029434528855940556 0.038318353919208195
4 0.3793974226723071 0.742068861903274 0.03379464664195542 0.029079746239076342
4 0.36086073219828674 0.8606968414493028 0.02970734736759475 0.046130853919208195
4 0.353147435919151 0.8413701799291051 0.023075401451278843 0.03501149749271733
4 0.33679574962148184 0.8434100530486432 0.0278174651536097 0.036710389812585474
4 0.3663914803841882 0.8175235029695009 0.03061508293962456 0.02742631802583091
4 0.3734400885515562 0.7954211824363874 0.03557540145127884 0.03537521034569906
4 0.3912079419096008 0.7667506131569153 0.01844246515360961 0.03643760517284953
4 0.3040824533423462 0.8248108172344082 0.028834328130301134 0.021130853919208194
4 0.3326067574260302 0.8130322312618885 0.027926592558271412 0.03983538981258548
4 0.2876117159562179 0.8010467083006348 0.021676592558271413 0.039653533386094966
4 0.27480418110982757 0.8373933852602391 0.025873019237293703 0.02572742570596276
4 0.311932158877309 0.848043728754606 0.026309528855940557 0.038227425705962756
4 0.2875150014355804 0.8878563865138803 0.021567465153609612 0.036528533386094963
4 0.2448438625981733 0.83044470328607 0.019895837748947987 0.03335806927947225
4 0.2310715392771956 0.8167686481923628 0.028834328130301134 0.021130853919208194
4 0.2434797700399019 0.79138220328607 0.029598219962933124 0.04300585391920819
4 0.20414445152824762 0.784706305951637 0.029761911069925696 0.04769335391920819
4 0.17840784154678108 0.7643399816576 0.0356299651536097 0.03693771034569906
4 0.2217883085144893 0.8420641648854102 0.02932540145127884 0.03519335391920819
4 0.21970001885877552 0.8718425930986555 0.035248019237293704 0.02600021034569906
2 0.2768180596956157 0.760694492940371 0.031160719962933035 0.04305131802583091
2 0.3047148812024948 0.7309471569678514 0.053035719962933124 0.04368781551854859
4 0.19897331269084054 0.7262034841648823 0.026036710344286274 0.03041492570596276
4 0.24940982230948738 0.7372486327529566 0.022584328130301135 0.02094899749271768
4 0.22467271713734424 0.7231095764056081 0.023511911069925694 0.047511497492717505
4 0.22493312276497432 0.6409873981923628 0.03584821996293312 0.04318771034569906
4 0.2795660590626435 0.6378336544605689 0.02485615626060227 0.04130696159934022
4 0.26635922013256913 0.6851405634734844 0.01606150961864685 0.012954641066226813
4 0.29384681387196687 0.6436744775009648 0.01499008293962456 0.026971676959604098
4 0.3044494971744111 0.6785579428612287 0.02749008293962456 0.027335389812585476
4 0.28335574717441114 0.679171708300635 0.022638891832631992 0.022511497492717504
4 0.27243560534177913 0.6575922249936823 0.027599210344286185 0.030460389812585476
4 0.36217766242068805 0.6072763247562556 0.0215674651536097 0.036528533386094963
4 0.3885665476298981 0.5791369528903585 0.026527783665263982 0.04447742570596276
4 0.33866080606741855 0.6728702325155298 0.021567465153609612 0.03652853338609478
4 0.33102686614155236 0.5886316248353978 0.030887901451278843 0.03523881802583091
4 0.35329124654143895 0.5543559132360576 0.027599210344286185 0.030460389812585476
4 0.3755655506251229 0.5427591836900287 0.04187996515360961 0.03711956677218957
4 0.3233656443645207 0.5036117671552658 0.03061508293962456 0.02742631802583091
4 0.3202232861971527 0.5256004274218226 0.027271828130301136 0.021085389812585474
4 0.3126761702252364 0.5782169620615586 0.026527783665263982 0.044477425705962935
4 0.28316971949959696 0.5618705480340782 0.03277778366526398 0.044659282132453626
4 0.28531506205786833 0.6009103159807669 0.015099210344286273 0.030096676959604097
4 0.28161465398316754 0.5173392980340783 0.020858137023308566 0.016216033386094963
4 0.297492625127227 0.4793391928612287 0.03670139183263199 0.022920674452321776
4 0.29050601514576047 0.4584272992877194 0.027599210344286185 0.030460389812585476
4 0.2639484935462141 0.593711581420173 0.02151290145127884 0.03496603338609496
4 0.180109240002835 0.8354564637109114 0.024801592558271413 0.039744461599340045
4 0.15270100261670674 0.8120106035234969 0.02765377404661713 0.03202288981258548
4 0.13998274780738332 0.8061243163764782 0.022911710344286275 0.030323997492717324
4 0.16786715643023825 0.6864423021907133 0.028943455534962848 0.024255853919208193
4 0.11225705189106731 0.7959824382423752 0.021185519237293705 0.025591033386094964
4 0.1423984196770822 0.7857208881632329 0.02716270072563942 0.017960389812585475
4 0.16952142566753198 0.711419570137402 0.03217758293962456 0.027471782132453625
4 0.22324164799271778 0.5925498981923628 0.04166171034428627 0.03086956677218975
4 0.39887905425332004 0.6281056503039338 0.04059028366526398 0.04488660266556703
4 0.4334896672300115 0.6114577079049235 0.02625496515360961 0.036664925705962935
4 0.4292535458157995 0.5349406720115463 0.027762901451278844 0.03514788981258547
4 0.4129192176854984 0.515082813077773 0.027926592558271325 0.03983538981258548
4 0.3699951077040319 0.49521659395658535 0.02151290145127884 0.03496603338609496
4 0.33833587993655045 0.48440712608903896 0.026200401451278842 0.03510242570596276
4 0.3473462921876025 0.4512991093959916 0.025873019237293703 0.025727425705962936
4 0.3180407381039185 0.46310042742182256 0.01956845553496276 0.023983069279472247
4 0.3286310085223385 0.40804921456884113 0.032450401451278844 0.035284282132453625
4 0.1899579220393349 0.6248001085380619 0.03595734736759484 0.04631271034569906
4 0.7315675247644073 0.4581064212201234 0.026636911069925696 0.04760242570596294
4 0.7596280373782791 0.43304658524760387 0.030342264427970278 0.01961381802583091
4 0.697874571043543 0.4786378815658224 0.028035719962933213 0.04296038981258565
4 0.8133358799365504 0.470586037675744 0.034176592558271324 0.04001724623907634
4 0.5484177188666248 0.43137173964166575 0.03379464664195542 0.029079746239076342
4 0.5235367699550839 0.45790314740093996 0.024747028855940555 0.03818196159934022
4 0.5518527429132419 0.4625535434817317 0.032013891832631994 0.022784282132453627
4 0.6307416347458739 0.4821553381505977 0.027380955534962937 0.024210389812585477
4 0.6648165343830541 0.4725613778048986 0.030560519237293703 0.02586381802583091
2 0.5933681203179036 0.46447374465623065 0.05012897477225664 0.04984688730530316
2 0.05236860888515821 0.4246901114410557 0.05062004809323424 0.06390938730530316
5 0.4739435416394483 0.6501648552393565 0.02798115626060227 0.04139788981258565
4 0.6043602171373442 0.7120617984962967 0.020223219962933036 0.04273306927947225
4 0.39782744182478275 0.44122777593075446 0.028090283665263983 0.044522889812585474
4 0.09939989862568996 0.7189342049354227 0.035684528855940555 0.03850021034569906
4 0.08192471114689447 0.8007752383215175 0.038918656260602244 0.041716138558944495
4 0.228340864960426 0.6713879520324287 0.033958337748947895 0.03376724623907634
4 0.4237897742162532 0.6696111887045937 0.04883929328391083 0.05761392319868044