1 0.2964567098169736 0.8036794414298584 0.07234166442319179 0.12704053482570893
4 0.3006127315910929 0.3011342955683013 0.03721049498543509 0.0456334045679843
4 0.31121526246990533 0.34283047263752275 0.035511602665567035 0.040864017412854545
4 0.17432301623082902 0.31714215513381117 0.035329746239076296 0.034614017412854546
4 0.3581380750854599 0.2613447772509356 0.030778638558944315 0.03905585594746528
4 0.5770161072179135 0.28117151911033517 0.030642246239076344 0.034368355947465276
4 0.4558003367639424 0.3102149672104558 0.026091138558944314 0.03881019448207601
4 0.6056615959351425 0.3782578810506943 0.021449102665567033 0.04012703301668674
4 0.5092365399835055 0.5601430461341282 0.030960494985435006 0.04530585594746519
4 0.44582256083318794 0.6933516938047075 0.02792642319868044 0.04826708163720568
2 0.6192720841901529 0.7922384938955646 0.09688702335696497 0.1127257293077852
4 0.306241920624891 0.5214877391458662 0.030960494985435093 0.04530585594746519
4 0.6538166364473733 0.17777652419871784 0.03716503087881229 0.044070904567984306
4 0.6966322737526764 0.22404401458777942 0.03086956677218975 0.042180855947465276
4 0.7377573789255258 0.23910244855440585 0.03197742570596276 0.026637743102595035
4 0.7494450366848001 0.2643104884684976 0.019886602665567032 0.04004514586155707
4 0.6901753367639424 0.29793189394099306 0.024528638558944316 0.03872830732694634
4 0.6568687432695755 0.3364521613538476 0.036846782132453626 0.033133404567984304
4 0.6992835638026889 0.3420537081653443 0.025210600158284534 0.06216580732694625
4 0.7666385483632826 0.31739786691720007 0.021130853919208194 0.029189533016686742
4 0.742866079242095 0.36089556139927614 0.029034282132453626 0.03272396879233561
2 0.6326128893503672 0.30955546868079387 0.020948997492717503 0.02293953301668674
4 0.6559761815119506 0.2519952741987178 0.016170569279472247 0.01956887155129756
4 0.6783285546314888 0.26725510402690134 0.017914925705962936 0.02590075870642732
4 0.6664195880175836 0.28822270126793936 0.017960389812585652 0.02746325870642723
4 0.7232870166265404 0.44094823157109264 0.027335389812585653 0.027954581637205676
4 0.7277448475844951 0.5134816508383981 0.02581835391920819 0.0294351944820761
4 0.7991053705457487 0.4651426481248645 0.03202288981258548 0.028200243102595123
4 0.7858157603583342 0.4924421325210323 0.027335389812585653 0.027954581637205857
4 0.8197959552646271 0.5039628086857426 0.02480142319868044 0.04810330732694634
4 0.7908813450772125 0.532081164633208 0.019704746239076344 0.033795145861557074
4 0.8200065554229117 0.5649821958408724 0.029170674452321778 0.03741146879233561
4 0.773154287476223 0.5682200604947649 0.03238660266556703 0.040700243102595124
4 0.8121091388881487 0.616254768771651 0.027880959092057723 0.04670458163720568
4 0.8127108809705899 0.5293722444613914 0.019977530878812644 0.043170145861557076
4 0.7416505717202476 0.42668433570953557 0.021221782132453626 0.03231453301668665
4 0.7517075333195878 0.4496305127787571 0.016397889812585477 0.02738137155129756
4 0.754830184810656 0.5300583192011923 0.02287521034569906 0.03552142017181659
4 0.7302991977427796 0.5743782072608331 0.02774456677218957 0.042017081637205675
4 0.7483361439027136 0.575780254976841 0.021449102665567033 0.04012703301668665
4 0.7287881735278848 0.6300107315710927 0.03018760517284953 0.01874335594746519
4 0.7112680529156291 0.592589296699955 0.01805131802583091 0.03058825870642714
4 0.7353397018994148 0.6938275701057034 0.021221782132453626 0.03231453301668665
4 0.770450487792792 0.690422609115284 0.02774456677218957 0.042017081637205675
4 0.7845668120868291 0.6646446811415514 0.024710494985435004 0.04497830732694617
4 0.692055051661988 0.604550386139077 0.025545569279472248 0.020060194482076098
4 0.6621425796378064 0.5177021613538477 0.026045674452321598 0.0372476944820761
4 0.6184942165473981 0.4159249773872212 0.02880696159934022 0.024911468792335613
4 0.601829553773559 0.43479448609364846 0.03068771034569906 0.03593085594746519
4 0.6293551602000497 0.4396114608788778 0.02550010517284953 0.0184976944820761
4 0.6223610141192579 0.46814589665452655 0.02255696159934022 0.024583920171816587
4 0.6390005963308539 0.5290867186807938 0.021449102665566856 0.04012703301668665
2 0.6155032603583342 0.5013678324301752 0.02600021034569906 0.0356851944820761
4 0.613628523290458 0.5445003567404347 0.035511602665567035 0.040864017412854635
4 0.6414496464099961 0.5594735815256641 0.03340353338609496 0.022032130257724703
4 0.6615181055020539 0.6038034356641071 0.023193459092057722 0.04645892017181659
4 0.6485323721951014 0.61465572648271 0.029125210345699058 0.03584896879233561
4 0.5812322457768578 0.3185077448000757 0.03523881802583091 0.03148901741285446
4 0.6215761009497074 0.33360712234426704 0.024346782132453625 0.03247830732694625
4 0.5614472800208826 0.17635786635137324 0.027790030878812287 0.043579581637205766
4 0.3616398451437196 0.08589439789772195 0.030460389812585566 0.028118355947465278
4 0.40845031215333616 0.21567375113165377 0.021221782132453626 0.03231453301668674
4 0.4203652904457238 0.24869429104574553 0.021130853919208194 0.02918953301668683
4 0.4170477253228868 0.34980308966626456 0.02301160266556703 0.040208920171816584
4 0.42614158049573625 0.3665402103130509 0.019841138558944316 0.03848264586155707
2 0.4299365187381115 0.2818376616925319 0.014653533386094963 0.021049484396167807
4 0.4795704573761981 0.34730885346107443 0.029125210345699058 0.035848968792335525
4 0.5056759678010394 0.4108833525565633 0.024346782132453625 0.03247830732694616
4 0.5381989627864744 0.45299560945396833 0.025909282132453627 0.0325601944820761
4 0.5549007294795218 0.4622920443251058 0.02581835391920819 0.0294351944820761
4 0.5887338233696002 0.5763202448000756 0.03519335391920819 0.029926517412854636
4 0.5596229848897982 0.570803907169976 0.02880696159934022 0.024911468792335613
4 0.563341366784825 0.510361052127022 0.02443771034569906 0.035603307326946346
4 0.5859066885715796 0.5060486883776406 0.018096782132453627 0.03215075870642714
4 0.5658693217202476 0.4358966406616327 0.024255853919208193 0.029353307326946167
4 0.566962808788124 0.3928050599289381 0.029307066772189572 0.042098968792335524
4 0.5440110420950764 0.38383617367831946 0.027335389812585653 0.027954581637205766
4 0.523897118896396 0.3379438195398765 0.029216138558944317 0.03897396879233552
4 0.5580591702291796 0.35571449570458685 0.024665030878812288 0.043415807326946255
4 0.5344709060434145 0.32487060945396823 0.021221782132453626 0.03231453301668683
4 0.4701439815910929 0.29224953923672314 0.02430131802583091 0.03091580732694634
4 0.4834850675636126 0.3205006919956852 0.028716033386094963 0.02178646879233561
4 0.5036217228156044 0.36717429613412816 0.030142141066226813 0.017180855947465278
4 0.4737667382550105 0.3898648456591583 0.018096782132453627 0.03215075870642732
4 0.41953989099971983 0.46234403324382944 0.02581835391920819 0.0294351944820761
4 0.4191390742275301 0.42167808966626447 0.030551318025830908 0.03124335594746519
4 0.37572639185764967 0.3011099621220732 0.027653638558944316 0.03889208163720577
4 0.37317570486891566 0.3747931235874625 0.03431281551854841 0.05328213025772479
4 0.36664456004176516 0.3923491157855463 0.029034282132453626 0.03272396879233561
4 0.3196295045523465 0.2555385125516145 0.019795674452321686 0.03692014586155708
4 0.3495276047106311 0.315002043759279 0.027153533386094875 0.021704581637205768
4 0.42252483551030123 0.32291304104574553 0.03041492570596276 0.02655585594746528
4 0.30974735385270125 0.48061707768047696 0.026591243731793845 0.0559976944820761
4 0.3281934769722394 0.4960816253964847 0.021449102665567033 0.04012703301668665
4 0.29143997156196305 0.3892484492317744 0.033858174452321685 0.03765713025772479
4 0.322908931907662 0.4220266497067442 0.027335389812585653 0.027954581637205676
4 0.23729202916295272 0.356876362506186 0.028716033386094873 0.021786468792335523
4 0.22726014812585582 0.2541198547042699 0.030642246239076344 0.034368355947465276
4 0.1965928213245362 0.3026735413844298 0.027380853919208283 0.029517081637205768
4 0.1656694302583094 0.2886453409094599 0.02439224623907634 0.034040807326946254
4 0.2615000704666064 0.46280213591193425 0.03363085391920828 0.029844630257724703
4 0.2865742783050229 0.5178238285849881 0.019886602665567032 0.04004514586155707
4 0.1993744920159342 0.3713825978068649 0.024755959092057724 0.04654080732694634
4 0.18991692399010324 0.3421454771600786 0.01786946159934022 0.024338258706427317
4 0.25806518190766203 0.425424966644629 0.0276081744523216 0.03732958163720568
4 0.20448920401098586 0.5471638478068648 0.027289925705962937 0.02639208163720568
4 0.17207620612255686 0.37437812302163553 0.029170674452321688 0.03741146879233552
4 0.1126497303374517 0.32193919776143637 0.029079746239076297 0.034286468792335614
4 0.232585460279192 0.4909204918593996 0.03225021034569906 0.03601274310259513
4 0.265191023290458 0.5627611923343695 0.0229206744523216 0.03708392017181659
4 0.2971002528364869 0.5837796992317743 0.021585494985435095 0.044814533016686656
4 0.3099041297169487 0.5666774084131715 0.02443771034569906 0.035603307326946165
4 0.39269389766363744 0.5615561391912947 0.019841138558944316 0.03848264586155707
4 0.4374153642775426 0.5388689116925318 0.02756271034569906 0.035767081637205676
4 0.45498094899642083 0.5778528465636695 0.018096782132453627 0.03215075870642714
4 0.4949490679593239 0.4724759497976013 0.024665030878812465 0.043415807326946346
4 0.3797703488381363 0.5207640428547679 0.035420674452321686 0.03773901741285464
4 0.46421119648913844 0.5992774672104558 0.02287521034569906 0.03552142017181659
4 0.6826693429656416 0.712236733380115 0.02930706677218975 0.042098968792335614
4 0.6971804723533859 0.6731366118288176 0.03238660266556703 0.040700243102595124
4 0.7384275979802065 0.665497852217879 0.03050585391920819 0.02968085594746519
4 0.8461324493921323 0.7099295256690559 0.027790030878812287 0.043579581637205676
4 0.804470135127225 0.6495176481248646 0.021358174452321778 0.037002033016686656
4 0.744916941870285 0.7809590779076195 0.02876149749271768 0.02334896879233561
4 0.7049655432822106 0.833129087518558 0.02154003087881229 0.043252033016686654
4 0.6802466881093612 0.8172108384230692 0.021403638558944317 0.03856453301668665
4 0.6423709518994147 0.6986998558359236 0.027471782132453625 0.03264208163720568
4 0.6209362210997446 0.6880865824301752 0.02154003087881229 0.043252033016686654
4 0.599578046647423 0.6532136154468621 0.02301160266556703 0.040208920171816584
4 0.5854102465682807 0.6234409062654649 0.026136602665567034 0.0403726944820761
4 0.6304870658477529 0.6398571223442671 0.03247753087881229 0.04382524310259513
2 0.639626385127225 0.6581567429910533 0.021449102665567033 0.04012703301668665
4 0.638365413498755 0.7223830173013128 0.03519335391920819 0.029926517412854636
4 0.5922345595795467 0.6966327448000756 0.034130959092057725 0.0470321302577247
4 0.5835415211788869 0.7205615677308541 0.02439224623907634 0.034040807326946164
4 0.5566942131821858 0.6046023750578005 0.015244566772189749 0.041361984396167804
4 0.5254813171013941 0.6344060617379604 0.027653638558944316 0.03889208163720568
4 0.4700556826990849 0.7194671364777612 0.02461956677218975 0.041853307326946344
4 0.459595555818623 0.7364465965636695 0.024665030878812288 0.043415807326946165
4 0.465916100487489 0.6578712172104558 0.018551423198680438 0.04777575870642732
4 0.40931074782192195 0.621715711217562 0.030642246239076344 0.03436835594746519
4 0.42556388512722504 0.6693752832438294 0.036892246239076346 0.034695904567984215
4 0.4099927094212621 0.645153211217562 0.027335389812585476 0.027954581637205676
4 0.42666939555206634 0.7342599768213942 0.014835389812585476 0.02729948439616763
4 0.3545443429656416 0.7294330359573629 0.027471782132453625 0.03264208163720568
4 0.3863375637361818 0.8271368735874625 0.027517246239076344 0.034204581637205675
4 0.42630934586863545 0.8563396947092187 0.024665030878812288 0.04341580732694652
4 0.4083967686716045 0.7516488726829513 0.026091138558944495 0.0388101944820761
4 0.3186486439027137 0.5982992226375228 0.02930706677218975 0.042098968792335614
4 0.30893867478152603 0.641059932723431 0.026000210345698972 0.0356851944820761
4 0.3325496710206024 0.6726850689740497 0.021267246239076342 0.03387703301668665
4 0.5049822636570396 0.7904037562200364 0.027653638558944316 0.03889208163720585
4 0.5232177866182932 0.7448489167809145 0.03519335391920819 0.029926517412854636
4 0.5416100854437942 0.7853544080744872 0.024755959092057724 0.04654080732694634
4 0.40689513849243736 0.4849150740624323 0.0166706744523216 0.03675637155129756
4 0.3693713725908127 0.78186199513876 0.025636497492717503 0.0231851944820761
4 0.3771695007249158 0.7540678657855463 0.01648881802583091 0.03050637155129756
4 0.3402197670222519 0.6135999960432711 0.019341033386094785 0.021295145861557074
4 0.2608816080093364 0.6028915473773235 0.019704746239076344 0.033795145861557074
4 0.1686366205457487 0.49818411521971945 0.03073317445232169 0.03749335594746519
4 0.1684176602000497 0.4637681716421545 0.032522994985435094 0.04538774310259512
4 0.1408549498543507 0.43078525327936035 0.033858174452321685 0.0376571302577247
4 0.14289247446495695 0.5277011968569252 0.027335389812585563 0.027954581637205857
4 0.15859637932123732 0.42203105099536825 0.030460389812585566 0.02811835594746519
4 0.1502563450772126 0.5656548982364062 0.029216138558944317 0.03897396879233561
4 0.3263284147523962 0.7277820047496985 0.02242056927947216 0.019896420171816587
4 0.34808740597690757 0.8033209153105764 0.022966138558944315 0.03864642017181659
4 0.33549046608517974 0.7468628753964847 0.03376724623907634 0.034532130257724704
4 0.2751787548815509 0.8791264987568045 0.024346782132453625 0.03247830732694652
4 0.21752772776366225 0.8070334927639108 0.030551318025830908 0.03124335594746519
4 0.2437863508832004 0.8220886047042699 0.027471782132453625 0.03264208163720568
4 0.25112748944214475 0.8592610560837508 0.025727425705962936 0.0263101944820761
4 0.2598061559769076 0.8079475395754073 0.026091138558944314 0.0388101944820761
4 0.22503869939213228 0.7424796698331322 0.018233174452321598 0.03683825870642714
4 0.24060386341961273 0.7127136047042699 0.030551318025830908 0.03124335594746519
4 0.23286791976696114 0.6888633469023537 0.02742631802583091 0.03107958163720568
4 0.21775974531463946 0.6536628312985215 0.022966138558944315 0.03864642017181659
4 0.2208332695295343 0.5979484198331322 0.01662521034569897 0.035193871551297565
4 0.4532245692129651 0.4637084594085398 0.021130853919208194 0.029189533016686652
4 0.46371578833415283 0.42090680574506656 0.026091138558944495 0.0388101944820761
4 0.15318276827589306 0.6124480110812766 0.019886602665567032 0.04004514586155707
4 0.1783311839527261 0.72380159090946 0.03367631802583091 0.0314071302577247
4 0.191283476510021 0.8193630744011167 0.03193196159934022 0.025075243102595124
4 0.20862174069578598 0.8505345092722543 0.031005959092057722 0.046868355947465544
4 0.24705976656003345 0.9345886047042699 0.02461956677218975 0.041853307326946164
4 0.032850918579826915 0.2416176119403591 0.021358174452321667 0.03700203301668683
4 0.09710729836328265 0.3524865128902988 0.02287521034569897 0.03552142017181659
4 0.07303095236163318 0.4124314009499397 0.022920674452321665 0.03708392017181659
4 0.08897420110799195 0.4225500293986421 0.0197047462390763 0.033795145861557074
4 0.1385530007914228 0.2978908661242306 0.025772889812585565 0.02787269448207601
4 0.1239198509497074 0.359688181253093 0.02430131802583091 0.030915807326946255
4 0.13113192352788486 0.6613325684082227 0.03234113855894431 0.03913774310259512
4 0.14581420064577352 0.7356774711671846 0.03238660266556703 0.040700243102595124
4 0.12046119648913844 0.6172926413390012 0.028716033386094873 0.02178646879233561
4 0.13182459382357142 0.5775750440979632 0.01975021034569897 0.035357645861557076
4 0.17307303411101066 0.7851075831075438 0.03238660266556703 0.040700243102595124
4 0.16576665096234264 0.8566926560383223 0.02604567445232169 0.0372476944820761
4 0.18633991224511376 0.757026848711376 0.0243922462390763 0.034040807326946344
4 0.0788132540901281 0.5842654573723748 0.027471782132453625 0.032642081637205854
4 0.4311460145814764 0.1620607502271426 0.02880696159934022 0.024911468792335523
4 0.49815165815498563 0.1522896025565633 0.02618206677218975 0.04193519448207601
4 0.4785211197543259 0.17679163557325006 0.02443771034569906 0.0356033073269463
4 0.4643820634069774 0.20178831354698273 0.02581835391920819 0.02943519448207601
4 0.2888080312080168 0.6483744657401178 0.027153533386094875 0.021704581637205678
4 0.4658789965682807 0.629705273632891 0.017596676959604096 0.014963258706427318
4 0.1829588479802065 0.6946087358665058 0.026000210345698972 0.0356851944820761
4 0.20103289805934882 0.7241767271600785 0.01975021034569897 0.035357645861557076
4 0.1678731247688908 0.1492552922889409 0.03234113855894431 0.03913774310259503
4 0.39854881175762474 0.0636166061746079 0.02600021034569906 0.035685194482076035
4 0.43990123746358767 0.08648754014123436 0.024346782132453625 0.032478307326946274
4 0.5123672708496825 0.10303323100526578 0.03032399749271768 0.02343085594746528
4 0.5181913735152495 0.1418500695398765 0.03243206677218957 0.042262743102595035
4 0.5124702224198929 0.2141345053155253 0.028716033386094787 0.02178646879233561
4 0.5615896840192331 0.23503350350650293 0.02439224623907634 0.034040807326946344
4 0.541018771245394 0.25410773010075466 0.019795674452321776 0.03692014586155708
4 0.5880301635652619 0.25633861544686204 0.020022994985435007 0.04473264586155708
4 0.5916719891129404 0.2201554539814728 0.026136602665566853 0.0403726944820761
4 0.7157640216411053 0.39752578019161167 0.022829746239076344 0.033958920171816585