2 0.7992987962671217 0.13901452410881315 0.04906479139585773 0.03650112133990877
2 0.8786550596598023 0.11415143145285814 0.02738070616851047 0.04718408267027256
2 0.8473135564133916 0.16379689544872197 0.028534103084255236 0.023764764003817974
2 0.606065219157449 0.24147481074949617 0.053479556006354304 0.020930665340545128
2 0.6599578323879738 0.24288331675681402 0.019104556006354478 0.020530676002545344
2 0.8266526343371385 0.40735599144649476 0.028643197240056394 0.030014764003817973
2 0.8772992909921161 0.2813571127864036 0.02880683847375849 0.039389764003817974
2 0.5158726416407392 0.17087995273708767 0.028534103084255236 0.023764764003818016
7 0.5383265198887976 0.3618049447405875 0.04563978246740419 0.019277258672817866
2 0.9026753920477762 0.34963494545667617 0.02837046185055314 0.014389764003817973
2 0.9786515109603439 0.3841195808004029 0.023873876623205347 0.025272720003181703
2 0.9732333538983292 0.3363906054662212 0.0333306972400564 0.030069308004454332
2 0.7284390511383858 0.30384863609958634 0.031659103084255236 0.02380112667090888
3 0.45665773417498273 0.42961860606299707 0.03968979139585791 0.036392033338636054
2 0.504399758931749 0.47002597740290586 0.061455697240056395 0.030396572008272216
2 0.4836236087695932 0.49635212006681506 0.028479556006354302 0.02063976400381797
2 0.3878571412369974 0.4764839680537703 0.027053423701106104 0.02843408267027243
2 0.720176943186162 0.6428838640992682 0.03204093262955983 0.04567612667090888
2 0.7059332110430695 0.6083361414305865 0.027080697240056396 0.02999658267027261
2 0.7366746964325728 0.5930656774347225 0.039580697240056396 0.030142033338636055
2 0.9339803445661339 0.660218456794994 0.03478410308425524 0.023837489337999784
2 0.9740462370176518 0.6927224214671757 0.028561376623205348 0.025327264003817972
2 0.49727345698587966 0.7887577960693605 0.027135244317957153 0.03312158267027243
2 0.5446666542259362 0.7596157360757239 0.031659103084255055 0.02380112667090888
2 0.5995138413197229 0.7063367420830416 0.02225682954530477 0.022129538669636163
3 0.6197990677807725 0.7081355994191323 0.03349433847375849 0.03944430800445424
2 0.3798149959461055 0.6686169240531339 0.04141593262955982 0.04578521467218159
2 0.29658766437220585 0.7809527447087709 0.04577615016215582 0.027089758672817866
2 0.2828388100701348 0.7628203627068618 0.06460797077900686 0.031995434675363296
1 0.6057067090111793 0.21724697008272348 0.02839773538950343 0.015952264003817974
2 0.849632618105084 0.6576741647835401 0.07409206493480838 0.03835452267663584
2 0.8954769521146158 0.627732673456358 0.039580697240056396 0.030142033338636055
2 0.9494786595009419 0.6228911794636758 0.03155000892845372 0.017551126670908877
2 0.934798550734644 0.613343456794994 0.014444329545304769 0.022038632001908986
2 0.7548831797934813 0.6690741941040408 0.022093188311602674 0.012754538669636162
2 0.8514348514659925 0.733491777450631 0.0253545560063543 0.020603401336727067
2 0.4564399513038368 0.7554634907304061 0.03472955600635448 0.020712489337999785
2 0.37336835268380864 0.7693436300524976 0.03354888555165925 0.04256930800445424
2 0.4135257483817375 0.7518385040579064 0.02535455600635448 0.020603401336727244
2 0.4347558660764892 0.74427145206077 0.012881829545304768 0.022020450668363622
2 0.9786637788205468 0.83108548746813 0.01463524431795733 0.03297613200190881
3 0.8981910746806314 0.7856088081237671 0.02247501785690744 0.03462953866963616
2 0.8531983543086618 0.9905957527848127 0.034647735389503255 0.016024989337999784
2 0.9565688161592145 0.9777332207988121 0.022365923701106283 0.028379538669636162
2 0.5758370133992712 0.9436094754137236 0.03952615016215581 0.027017033338636053
2 0.5773546489509304 0.9014310660804963 0.02225682954530477 0.022129538669636163
2 0.4416898843404338 0.8842242900620427 0.022093188311602674 0.012754538669636162
2 0.31530861648352626 0.9171356927116342 0.01913182954530477 0.022093176002545078
2 0.3673932678634981 0.9325885173854067 0.019077282467404012 0.018968176002545432
3 0.1892498660731939 0.2600669853596352 0.04276024431795715 0.03330339600572696
2 0.43341647199682287 0.015201570058860931 0.015897735389503252 0.015806813335454452
2 0.3120908969157449 0.027073766709088953 0.02535455600635439 0.020603401336727112
2 0.41131755519557556 0.11730896272277014 0.0333306972400564 0.030069308004454332
2 0.604222075488115 0.16800094808240532 0.02379205600635448 0.020585220003181703
2 0.9363566911542719 0.2554764127943578 0.04596706493480838 0.038027258672817865
3 0.5673458181845143 0.40043164007795096 0.024119338473758488 0.0393352200031817
2 0.5336020637202875 0.4086344914067238 0.03305796185055314 0.014444308004454242
2 0.4266565884770538 0.4472419107256336 0.019022735389503432 0.015843176002545433
1 0.5768611400191814 0.43726856874599634 0.0316045560063543 0.02067612667090888
1 0.6403508957012243 0.4708265034213596 0.029960235389503254 0.015970445337363515
2 0.5533870892911279 0.7972248240769965 0.04276024431795715 0.03330339600572714
2 0.4373679918856205 0.3707884987269063 0.03949887662320535 0.025454533338636055
2 0.7730969862035776 0.3418758947724042 0.0566045560063543 0.020967028007636036
7 0.3895890109603439 0.3772652180537702 0.034675008928453724 0.017587489337999786