4 0.10515982452648653 0.832840291958086 0.02783583992388783 0.0314045361043533
4 0.07991708540090145 0.7811187106741926 0.02346667490485981 0.03918976502711473
4 0.08284842581908088 0.7475340510332723 0.03207767095052709 0.020494307181592397
4 0.059555505857136946 0.7630272408266178 0.02333934091247101 0.03606476502711473
4 0.03313492730195563 0.7402119095427245 0.021967841901054174 0.04074317466803503
4 0.10896525684572014 0.7586260871376258 0.023212006920082205 0.03293976502711473
4 0.1436639090131669 0.8275942557555366 0.027390170950527093 0.02046703610435365
4 0.1413692385569314 0.8455539153964569 0.021776840912471007 0.036055674668035206
4 0.18399047867109966 0.8926879906302261 0.02346667490485981 0.03918976502711473
4 0.17598431908927906 0.8590396984757482 0.02346667490485981 0.03918976502711473
4 0.1820579055531258 0.8442277647325269 0.03265067391627659 0.034556807181592576
4 0.15123366988758183 0.7760635720123152 0.027899506920082206 0.032967036104353475
4 0.13589251277721917 0.7306510780624395 0.032841674904859806 0.0392443071815924
4 0.10564659726389955 0.725005066060387 0.026273339923887827 0.031395445745273955
4 0.08509401673155188 0.7116010962128121 0.03140650889724857 0.042360216822512696
4 0.07005660714973129 0.6779118974424762 0.017089340912471006 0.03602840359079629
4 0.06246428304317425 0.6341073552879984 0.018906508897248563 0.04228749394987581
4 0.04384693422203785 0.7074539516972023 0.02595500494291587 0.023582945745273955
4 0.03707962247277049 0.6050465691836449 0.02008700692008223 0.03292158430895533
4 0.048621958936617214 0.5902664516972023 0.017216674904859786 0.03915340359079611
4 0.04702496684528261 0.552748270979043 0.02933467292769344 0.029851126463433176
4 0.08416286950702097 0.6193863251355733 0.020341674904859785 0.03917158430895533
4 0.10775953699750696 0.6156164305217675 0.03701983893530465 0.02677157825883114
4 0.08197296981103212 0.5388857588787946 0.018779174904859808 0.03916249394987581
4 0.062279893727308744 0.5043880390312198 0.028281508897248564 0.04234203610435348
4 0.04667213977297605 0.5230516806199633 0.026591674904859787 0.039207945745273774
4 0.11149332654083392 0.4280937046240685 0.025156508897248565 0.04232385538619425
4 0.10682573117973863 0.48511131908544913 0.02333934091247101 0.03606476502711473
4 0.10604713977297604 0.5233971142649889 0.057106845855386903 0.05969316256778665
4 0.14123522327107324 0.5228203973442802 0.023594008897248563 0.04231476502711473
4 0.11572854589475552 0.573465291958086 0.035839340912471006 0.036137487899751616
4 0.1632468275294171 0.42370618647369584 0.020087006920082206 0.03292158430895533
4 0.17263246190236675 0.576922090064492 0.027326503954332716 0.018904536104353477
4 0.14144612889856112 0.5751777828828997 0.027326503954332716 0.018904536104353654
4 0.1774101452101835 0.49802493042357165 0.02346667490485981 0.03918976502711473
4 0.15883390015309937 0.47447380093507646 0.024901840912471006 0.03607385538619425
4 0.12324656863216854 0.46567097267624524 0.02939833992388783 0.031413626463433174
4 0.17398542038187342 0.7738516322189698 0.017089340912471006 0.03602840359079629
4 0.1795151787848304 0.7340306081166688 0.031597509885831744 0.0470477168225127
4 0.2048308551725649 0.688073213502863 0.02308467292769345 0.02981476502711473
4 0.19551686357552192 0.6481658309893057 0.02333934091247105 0.03606476502711473
4 0.16441410220681543 0.7019039093463327 0.020087006920082206 0.03292158430895533
4 0.2315339821311408 0.8765544514026147 0.01708934091247105 0.03602840359079629
4 0.20903689962162675 0.8725163911959601 0.03265067391627659 0.034556807181592576
4 0.24989932156073702 0.8477481953524905 0.025092841901054187 0.040761355386194256
4 0.2272722464655968 0.8085447947867564 0.030706171939110228 0.025172716822512698
4 0.2139737504199295 0.7897129815550399 0.03057883794672147 0.0220477168225127
4 0.20883526426009397 0.7240425297596417 0.027899506920082206 0.032967036104353475
4 0.2347093561611481 0.6835584303253758 0.025156508897248565 0.04232385538619425
4 0.23140262543852003 0.5921112737095175 0.03265067391627659 0.034556807181592396
4 0.2549528719784789 0.6086584242752515 0.02333934091247105 0.03606476502711473
4 0.2753635310660079 0.6447231893023663 0.02034167490485981 0.03917158430895533
4 0.2572846931192864 0.6664981953524904 0.03258700692008221 0.032994307181592394
4 0.2032577207996153 0.534902761707465 0.01527217292769345 0.02976931323171659
4 0.27793938581864336 0.5431515989432867 0.022031508897248565 0.04230567466803503
4 0.2644644762368228 0.5094714905320302 0.026591674904859808 0.039207945745273774
4 0.30118056764358536 0.4713947736113216 0.03364017095052709 0.020503397540672097
4 0.2665508996588078 0.47744478571157006 0.03290534190105419 0.040806807181592394
4 0.22962390262455729 0.46316411709365923 0.029589340912471052 0.03610112646343318
4 0.2385386461987667 0.4936919544276767 0.02372134288963732 0.045439765027114734
4 0.31557735418398175 0.6934061289975159 0.029271005931498985 0.028288626463433175
4 0.26656950981146965 0.7454771682251273 0.017216674904859806 0.03915340359079629
4 0.3040894144503744 0.8027402223816577 0.025092841901054187 0.040761355386194256
4 0.31095883836665095 0.7683970386384363 0.02346667490485981 0.03918976502711473
4 0.2936174880626398 0.8487839754067197 0.023594008897248563 0.04231476502711473
4 0.30375915061020986 0.8683788579202771 0.022893671939110228 0.02512726502711473
4 0.28935309380385843 0.7424839784317818 0.018779174904859808 0.03916249394987581
4 0.262787935210621 0.7040391019683486 0.01995967292769336 0.02979658430895533
4 0.3150746298871443 0.5714993127407373 0.018906508897248563 0.04228749394987581
4 0.31610788927868444 0.5269635175611974 0.02490184091247105 0.03607385538619425
4 0.3023372079480341 0.5964311350476401 0.030769838935304605 0.026735216822512696
4 0.3326839411421201 0.6763140777678519 0.026400673916276585 0.03452044574527395
4 0.35413317680766404 0.7444237283335859 0.03877333992388783 0.03146816861791084
4 0.3686240997353575 0.7148134963857627 0.031088173916276673 0.034547716822512696
4 0.347162935210621 0.704529981358648 0.03383117193911023 0.025190897540672098
4 0.3587596684047071 0.7843038397699045 0.030706171939110228 0.025172716822512698
4 0.3302115626634884 0.8904129392041703 0.02802684091247105 0.0360920361043533
4 0.31159155524911464 0.9254691952542945 0.03484984387822054 0.050190897540672096
4 0.35519697521105853 0.9100941801289842 0.021776840912471052 0.036055674668035206
4 0.3709983887472118 0.9250333788993201 0.025220175893442942 0.04388635538619425
4 0.396578003385679 0.7767095083878153 0.024774506920082297 0.032948855386194256
4 0.41386366247320805 0.8127560926967707 0.02528384288963732 0.045448855386194253
4 0.4026423195835707 0.8580140505422928 0.02908000494291585 0.02360112646343282
4 0.3997003447924416 0.7384373487468949 0.036157675893442945 0.043949987899751616
4 0.4281383625869387 0.6542077944921687 0.03121550790866543 0.0376727168225127
4 0.3964692099252004 0.5876015565924172 0.0440975098858317 0.047120439695149584
4 0.3808322810660079 0.6453367885402403 0.029780341901054184 0.040788626463433175
4 0.34918569163641167 0.6740657765381879 0.026591674904859808 0.039207945745273774
4 0.3564490463890471 0.5725214572563472 0.026082338935304695 0.026707945745273777
4 0.3531595617120863 0.49982884582002873 0.023339340912470963 0.03606476502711473
4 0.41987221783386575 0.5502288216195318 0.02059634288963732 0.045421584308955334
4 0.41765314323301717 0.5087998457218328 0.017216674904859806 0.03915340359079629
4 0.32899916152180586 0.4215447645361353 0.03383117193911023 0.025190897540672098
4 0.3252255627006695 0.4949777193565955 0.01995967292769345 0.02979658430895533
4 0.3700379969970694 0.41162486387220537 0.026146005931499072 0.028270445745273952
4 0.3970634120160975 0.4195964451560987 0.024583505931498984 0.028261355386194252
4 0.37324922722540593 0.5054157704880636 0.02927100593149907 0.028288626463433175
4 0.36551764026726763 0.5225623638722053 0.019832338935304606 0.02667158430895533
4 0.42259265262455725 0.464286776439992 0.03603034190105418 0.04082498789975162
4 0.41157689817593307 0.4853214391059745 0.02190417490485963 0.03918067466803503
4 0.3850979698110321 0.5406492885402404 0.028281508897248564 0.04234203610435348
4 0.42603203452604904 0.6291896137740095 0.029780341901054184 0.040788626463433175
4 0.4584002296596828 0.889595848648699 0.023594008897248563 0.04231476502711473
4 0.4993953027776567 0.9382833335233884 0.02758117193911023 0.025154536104353652
4 0.4749218847928791 0.9443924329576545 0.02034167490485981 0.03917158430895533
2 0.42672180673198934 0.9191060866466465 0.01995967292769336 0.02979658430895533
4 0.22442979486899128 0.9741925206844554 0.04084517589344294 0.04397725897699054
4 0.2732957177966847 0.9447822766363838 0.02777217292769345 0.0298420361043533
4 0.27307022471676695 0.9119606862773042 0.024137836958138335 0.017323855386194253
4 0.45272848019115547 0.4918123336215844 0.02652800790866543 0.03764544574527377
4 0.4587609628909499 0.573898125776062 0.02021434091247105 0.03604658430895533
4 0.46586119707361917 0.6489572131100796 0.028217841901054187 0.040779536104353475
2 0.4621512652486771 0.7208276679305398 0.0730501808363588 0.06759656615858275
4 0.422018355172565 0.6893367734149299 0.029716674904859807 0.039226126463433174
4 0.5034354984427631 0.800774243164309 0.03057883794672147 0.0220477168225127
4 0.5272894925112641 0.8290446889095827 0.024265170950527094 0.020448855386194252
4 0.5047314015987932 0.864859469062008 0.026591674904859808 0.039207945745273774
4 0.49436956315777997 0.8890236769075301 0.028026840912470874 0.0360920361043533
4 0.514266863575522 0.6500202642415477 0.03290534190105419 0.04080680718159222
4 0.5030919416364117 0.6749611769075303 0.03357650395433272 0.018940897540672096
4 0.5455977766173836 0.6673941166026799 0.02034167490485981 0.03917158430895533
4 0.5432341219784789 0.610335595525441 0.025156508897248565 0.04232385538619425
4 0.4716137899632565 0.6036674390077786 0.03682883794672147 0.02208407825883114
4 0.5310803373780677 0.7743662792686624 0.03277800790866543 0.03768180718159222
4 0.571344534526049 0.6300350171684139 0.01715300790866543 0.03759090359079611
4 0.5631845246402173 0.6768736557320955 0.02021434091247105 0.03604658430895533
4 0.5657219342220379 0.7104901316297946 0.02595500494291585 0.023582945745273774
4 0.5619177963890472 0.5737168394753168 0.01708934091247105 0.03602840359079611
4 0.5888304648681163 0.5652776255796704 0.03357650395433272 0.018940897540672096
4 0.5354136461987666 0.4954191226528041 0.02034167490485963 0.03917158430895533
4 0.45726874155986197 0.4379197191602038 0.03670150395433271 0.01895907825883114
4 0.4282815785180002 0.420559502337691 0.03708350593149916 0.028334078258831143
4 0.49291046981103215 0.541276523316734 0.02346667490485981 0.03918976502711473
4 0.5260903843357686 0.5516282160369459 0.029207338935304604 0.026726126463433177
4 0.5703961412558508 0.5190657009116353 0.030769838935304605 0.026735216822512696
4 0.23223424946852736 0.3991016170936592 0.021967841901054184 0.04074317466803503
4 0.2687792445256115 0.42275728571157006 0.03414950692008221 0.03300339754067192
4 0.2504284925484451 0.43202774658215437 0.028217841901054187 0.040779536104353656
4 0.32301841695901334 0.3957226079202771 0.02432883794672147 0.022011355386194253
4 0.3445578359323741 0.3849078277678519 0.025156508897248565 0.04232385538619425
4 0.39744411950702097 0.6212089421310366 0.029016337946721472 0.022038626463433176
4 0.16387163825292023 0.9261726563212707 0.024774506920082207 0.032948855386194256
4 0.18801213380429593 0.9474118520665445 0.026591674904859808 0.039207945745273774
4 0.16276939467871088 0.8956902707826512 0.02333934091247101 0.03606476502711473
4 0.24751712638992213 0.982059041958086 0.02027800790866543 0.035881916083828
4 0.2278292978719219 0.5647402526322786 0.03265067391627667 0.03455680718159222
4 0.17843413433576857 0.5496056111417309 0.02308467292769345 0.02981476502711473
4 0.2984455454004639 0.5768726139704012 0.02471083992388783 0.031386355386194255
4 0.43547738281571274 0.9535401739806642 0.017216674904859806 0.03915340359079593
4 0.48432074251126406 0.8287947040348932 0.024137836958138335 0.017323855386194253
4 0.5305007227396006 0.9228355955254411 0.022031508897248565 0.04230567466803521
4 0.5843234011045014 0.8676668273750685 0.02008700692008212 0.032921584308955684
4 0.5399194850968903 0.8642827521412993 0.022957338935304605 0.02668976502711473
4 0.5659819193932902 0.7808208123479539 0.02333934091247105 0.03606476502711473
4 0.5972730231573425 0.684104893631847 0.024710839923887916 0.031386355386194255
4 0.6012694564651593 0.6052031888113868 0.023212006920082295 0.03293976502711473
4 0.5482518858186433 0.5447242310640604 0.01619800296574958 0.014153403590796287
4 0.6328311797734136 0.7319793122497579 0.019450336958138338 0.01729658430895533
4 0.06171881962075171 0.46062440349260036 0.029844008897248565 0.04235112646343318
4 0.1002083862757539 0.9351794967785463 0.03265067391627659 0.034556807181592576
4 0.10132787589563055 0.9839664547222643 0.027899506920082206 0.03206709055547137
4 0.13041980969773892 0.9033164184215192 0.02620967292769345 0.029832945745273776
4 0.1374164979856526 0.40558290036934236 0.021012836958138336 0.01730567466803503
4 0.22608902022877403 0.3006050297596417 0.02432883794672147 0.022011355386194253
4 0.2827873477953722 0.32828512304558755 0.029525673916276585 0.03453862646343318
4 0.29280167635055354 0.3510050055591448 0.03140650889724857 0.042360216822512696
4 0.23888083889812356 0.3702271833504379 0.030706171939110228 0.025172716822512698
4 0.31260484038099834 0.36362318022717993 0.015463173916276673 0.034456813231716586
4 0.457596346806789 0.3339907432625047 0.029844008897248565 0.04235112646343318
4 0.4788837563886096 0.3677163034691592 0.026591674904859808 0.039207945745273864
4 0.5028650844494994 0.3928617492144331 0.020150673916276673 0.03448408430895542
4 0.5511633215979181 0.4540946858845206 0.0237213428896375 0.045439765027114734
4 0.5552725014456937 0.3916037762436003 0.01721667490485963 0.0391534035907962
4 0.5389617519399853 0.3891645774732643 0.024137836958138335 0.017323855386194253
4 0.642962207948034 0.5984128333269968 0.018588173916276672 0.03447499394987581
4 0.6969029500393686 0.6362355410743232 0.03351283695813834 0.017378397540672098
4 0.25236236015266184 0.2695004755049156 0.021904174904859807 0.03918067466803503
4 0.21873677665456465 0.2700862827847038 0.025092841901054187 0.040761355386194256
7 0.17659835619832914 0.28781413826909397 0.013327670950527093 0.020385222872636888
4 0.3970925869209573 0.3805248547970191 0.026273339923887827 0.031395445745273864
4 0.3727929238790956 0.3631919090517452 0.026719008897248563 0.04233294574527395
4 0.3011526872249684 0.2994788669954634 0.025891337946721472 0.022020445745273953
4 0.3239017791260226 0.25897658684303815 0.02034167490485981 0.03917158430895533
4 0.3301226042211628 0.29808453863843626 0.023212006920082205 0.03293976502711464
4 0.024326318594987482 0.8605016836450254 0.015399506920082217 0.03289431323171641
4 0.016508501408512666 0.7838755511314682 0.013837006920082218 0.032885222872636885
4 0.01596999053409775 0.8354471414905478 0.024392504942915873 0.023573855386194255
4 0.046774321560737006 0.8465664486721401 0.020278007908665387 0.037609084308955334
4 0.0631487380626398 0.8474431474424762 0.016834672927693452 0.02977840359079593
4 0.08043173855693139 0.845199391392352 0.028345175893442966 0.0439045361043533
4 0.0025281741262413596 0.7329715812838933 0.005056348252482719 0.026644313231716586
4 0.012655896464502997 0.6009766927202118 0.025311792929005993 0.028306807181592397
4 0.006445023688815141 0.575118174668035 0.012890047377630281 0.018931807181592396
4 0.01771946882244896 0.5432005541565303 0.02758117193911026 0.025154536104353652
4 0.00817265560889736 0.5165653312838933 0.01634531121779472 0.03292158430895533
4 0.021495726236822766 0.5080579396951497 0.01852450692008222 0.03291249394987581
4 0.014827868061327253 0.47049885236113215 0.029655736122654507 0.01894089754067192
4 0.0028849542780281807 0.44851931323171657 0.005769908556056361 0.02979658430895533
4 0.0050522907418749 0.420430674668035 0.0101045814837498 0.032885222872636885
4 0.004237877947159 0.38288067769309714 0.008475755894318 0.031386355386194255
4 0.08301549946852736 0.39823348780155576 0.02295733893530465 0.02668976502711464
4 0.03282449847994419 0.402630096311008 0.018460839923887827 0.03134999394987581
4 0.003977892775906617 0.23911249697493792 0.007955785551813234 0.02509999394987581
4 0.030974132890074873 0.16037441861791082 0.032141337946721485 0.022056807181592353
4 0.03490294612221699 0.2557323704133089 0.02620967292769344 0.029832945745273953
4 0.06051044117930112 0.27932440651766244 0.01677100593149905 0.028215903590796197
4 0.08514302665456466 0.2693090570833965 0.02034167490485981 0.03917158430895542
4 0.11750985768120392 0.2804374546240685 0.018524506920082208 0.03291249394987581
4 0.10856328060889738 0.25069086729005097 0.02432883794672147 0.022011355386194253
4 0.11765709631249743 0.33435734016268787 0.02777217292769345 0.029842036104353476
4 0.11400817289051239 0.3663749546240685 0.030706171939110273 0.025172716822512698
4 0.14329376627444135 0.3188777859079618 0.029525673916276585 0.03453862646343318
4 0.14774118574209366 0.3056192618056608 0.024647172927693452 0.029823855386194253
4 0.17280751133152544 0.3424925479100143 0.026146005931499072 0.028270445745273865
4 0.15241675688290118 0.3634726684215191 0.03357650395433272 0.01894089754067192
4 0.07859854939197768 0.16143292456983915 0.020469008897248564 0.04229658430895542
4 0.09545312695857582 0.18888121369925476 0.02764483893530465 0.026717036104353477
4 0.05157845155942444 0.2300420240041051 0.013837006920082207 0.032885222872636975
4 0.12622030730064307 0.1242010901626879 0.02764483893530465 0.026717036104353477
4 0.13130439673023933 0.09531756606038694 0.01715300790866543 0.03759090359079618
4 0.16944904247189546 0.1947817557555366 0.01689833992388783 0.0313409035907962
4 0.1892840400004375 0.20661868042357162 0.015399506920082207 0.032894313231716585
4 0.0009112425856261915 0.07891988553861942 0.001822485171252383 0.017214771077238854
4 0.06687714079874027 0.12307440651766241 0.02333934091247101 0.03606476502711464
4 0.1862346358558244 0.147211864166793 0.02346667490485981 0.039189765027114645
4 0.18596006323214215 0.09641697862817356 0.026591674904859808 0.039207945745273864
4 0.24167686954420203 0.22489650263227867 0.032523339923887826 0.0314318071815924
4 0.27107520946808983 0.19381012909571177 0.02021434091247105 0.03604658430895542
4 0.3360900558177683 0.13245499345889647 0.02777217292769345 0.029842036104353476
4 0.3587781393158655 0.1318055536655509 0.02809050790866543 0.03765453610435347
4 0.4141513888215739 0.13447201141287737 0.032841674904859806 0.03924430718159235
4 0.4150307979091029 0.1704231469514968 0.03271434091247105 0.036119307181592356
4 0.292846733194086 0.08141012304558756 0.021522172927693362 0.02980567466803503
4 0.23425830038056086 0.1576499152982611 0.016834672927693452 0.0297784035907962
4 0.4539314718253795 0.13626631556940763 0.026591674904859808 0.039207945745273864
2 0.5086441936507591 0.2702100443939729 0.01932300296574958 0.014171584308955331
4 0.4943641763505536 0.35217766188041555 0.01995967292769336 0.02979658430895533
4 0.5607359342592189 0.3150549117822197 0.02126750494291585 0.023555674668035032
4 0.5741325893924152 0.3698333153730159 0.03032416996194378 0.015797716822512697
4 0.6014736807991777 0.33170205629782956 0.030451503954332715 0.018922716822512696
3 0.46121077813743944 0.2644640384420446 0.022575336958138337 0.017314765027114643
4 0.6527988284808192 0.8172719176359522 0.021649506920082117 0.03293067466803521
4 0.6252149979484716 0.8038270411725191 0.02034167490485981 0.03917158430895533
4 0.6657007350968903 0.8650145260472086 0.01708934091247105 0.036028403590795934
4 0.6194398418266921 0.753781589377121 0.026082338935304605 0.026707945745273777
4 0.6252706891649538 0.6873935200952802 0.020087006920082296 0.03292158430895533
4 0.6073987341454881 0.47395773399092667 0.02088550296574958 0.01418067466803503
4 0.6002918882901012 0.5333054629136879 0.015272172927693362 0.02976931323171659
4 0.6181425745636676 0.44041852614540444 0.025092841901054187 0.040761355386194256
4 0.6485224357420937 0.30853272189067826 0.028281508897248564 0.04234203610435348
4 0.6728685197344824 0.3055486224564124 0.016898339923887916 0.03134090359079611
4 0.6668068621298282 0.2625344206610143 0.03564833992388792 0.03144998789975162
4 0.5133873848672412 0.1538037943939729 0.02777217292769336 0.02984203610435352
4 0.5592954510651329 0.23534014070498088 0.016452670950527094 0.02040340359079611
4 0.5736563814072001 0.17056456839807796 0.026337006920082118 0.032957945745273866
4 0.5964744574909234 0.20508046896381207 0.023148339923887918 0.031377265027114645
4 0.4884311472245309 0.09505096311007957 0.03772017589344294 0.043959078258831205
4 0.7175363739928263 0.20656622179248246 0.02965300790866543 0.03766362646343317
4 0.670083053840602 0.14377533030193468 0.03746550790866543 0.03770907825883123
4 0.6842543473010806 0.3329650953290493 0.03370383794672147 0.022065897540671918
4 0.7236445221687593 0.6895287127172962 0.024265170950527094 0.020448855386194252
4 0.7424900226630509 0.6872940470262515 0.01976867193911023 0.02510908430895533
4 0.724263946085036 0.6551491675377563 0.029780341901054184 0.040788626463433175
4 0.7772324371877873 0.6976548301055429 0.02965300790866543 0.03766362646343317
4 0.7893769515222434 0.6297406222600207 0.02659167490485963 0.039207945745273774
4 0.5185909021302658 0.46718958352338846 0.022957338935304605 0.02668976502711473
4 0.3901687662744413 0.32031406264254136 0.021904174904859807 0.03918067466803503
4 0.6072661525873763 0.8607673875817229 0.03083350593149916 0.028297716822512697
4 0.5229614312562884 0.7243071919346449 0.029525673916276675 0.03453862646343318
4 0.3180352148309352 0.9591083970496926 0.026146005931498982 0.028270445745273775
4 0.2940247118651857 0.9730345416634985 0.01689833992388783 0.03134090359079629
4 0.3892244653252268 0.9571782583878152 0.025092841901054187 0.040761355386194256
4 0.3619443823214212 0.9554566771039219 0.02745383794672147 0.022029536104353653
4 0.37164037589563054 0.9847664063212708 0.018524506920082208 0.030467187357458413
4 0.6199133912186697 0.9147599959929792 0.028281508897248564 0.042342036104353296
4 0.6088073142207253 0.09418842075921015 0.02652800790866543 0.03764544574527391
4 0.5818163912930319 0.12372592983439645 0.02652800790866543 0.03764544574527386
4 0.5715765696579328 0.06818445696175952 0.025092841901054187 0.040761355386194256
4 0.6157483809129085 0.1731537580932277 0.01683467292769336 0.0297784035907962
4 0.7545602356283629 0.46778097774441074 0.029143671939110403 0.025163626463433175
4 0.691484574069376 0.4431895230221464 0.04084517589344294 0.04397725897699054
4 0.713559914944666 0.8027781464605175 0.023275673916276673 0.03450226502711473