4 0.5265625 0.2609375 0.02734375 0.02734375
4 0.5 0.25546875 0.01875 0.034375
4 0.14453125 0.4453125 0.03515625 0.0265625
4 0.1484375 0.50625 0.01484375 0.03359375
4 0.15390625 0.46875 0.03828125 0.0296875
4 0.09453125 0.46875 0.03359375 0.03515625
4 0.125 0.409375 0.0390625 0.02734375
4 0.09921875 0.35546875 0.03828125 0.02734375
4 0.15234375 0.31015625 0.04453125 0.021875
4 0.190625 0.3265625 0.03671875 0.015625
4 0.5296875 0.296875 0.03984375 0.03046875
4 0.565625 0.4515625 0.034375 0.01875
4 0.48359375 0.2171875 0.0453125 0.02109375
4 0.45390625 0.19296875 0.034375 0.02265625
4 0.43515625 0.21953125 0.03125 0.021875
4 0.32265625 0.25859375 0.04296875 0.02734375
4 0.2703125 0.26171875 0.0375 0.02734375
4 0.26328125 0.23359375 0.02890625 0.0328125
4 0.20703125 0.2640625 0.0328125 0.0359375
4 0.15 0.2609375 0.02734375 0.0296875
4 0.1578125 0.23984375 0.03828125 0.015625
4 0.17109375 0.21640625 0.03515625 0.0171875
4 0.21484375 0.2078125 0.0359375 0.0421875
4 0.32890625 0.153125 0.0375 0.01640625
4 0.2875 0.171875 0.03046875 0.03515625
4 0.1640625 0.18828125 0.01640625 0.01640625
4 0.3984375 0.271875 0.028125 0.02890625
4 0.42734375 0.2734375 0.0203125 0.0296875
2 0.4671875 0.27890625 0.03671875 0.0390625
4 0.43515625 0.315625 0.0484375 0.02421875
4 0.40234375 0.30234375 0.03359375 0.028125
4 0.246875 0.29296875 0.04921875 0.01796875
4 0.2125 0.3078125 0.06171875 0.03125
4 0.63671875 0.44296875 0.0375 0.01953125
4 0.61328125 0.40546875 0.040625 0.0203125
4 0.42578125 0.35625 0.03046875 0.01875
4 0.440625 0.3640625 0.0359375 0.01796875
4 0.3890625 0.3609375 0.025 0.01953125
4 0.3015625 0.384375 0.03359375 0.01875
4 0.25703125 0.375 0.03984375 0.02109375
7 0.053125 0.43046875 0.03828125 0.0265625
7 0.02421875 0.30078125 0.04296875 0.01796875
7 0.19765625 0.36015625 0.02421875 0.02265625
4 0.178125 0.50625 0.03828125 0.02265625
7 0.09609375 0.6015625 0.034375 0.01171875
2 0.20859375 0.4859375 0.0328125 0.0328125
4 0.27109375 0.4609375 0.04453125 0.02578125
4 0.2359375 0.43671875 0.02890625 0.03359375
2 0.19921875 0.4078125 0.0453125 0.025
2 0.22578125 0.4 0.0734375 0.0375
2 0.171875 0.40859375 0.04140625 0.03046875
4 0.296875 0.4328125 0.0296875 0.0265625
2 0.27109375 0.41328125 0.046875 0.02578125
4 0.31484375 0.3140625 0.02890625 0.0234375
2 0.28359375 0.303125 0.0546875 0.04296875
2 0.33359375 0.29609375 0.0546875 0.02890625
4 0.240625 0.32890625 0.03671875 0.01953125
4 0.5015625 0.190625 0.01796875 0.0296875
4 0.7375 0.2640625 0.04921875 0.025
4 0.64375 0.26015625 0.02265625 0.0296875
4 0.62265625 0.24375 0.03828125 0.0203125
4 0.6515625 0.22890625 0.04140625 0.02109375
4 0.5671875 0.26953125 0.0375 0.02890625
4 0.63671875 0.34296875 0.040625 0.0203125
4 0.559375 0.35 0.0421875 0.01953125
4 0.5 0.38984375 0.0265625 0.034375
4 0.52265625 0.37578125 0.0390625 0.02578125
5 0.640625 0.36171875 0.03359375 0.021875
5 0.596875 0.34609375 0.02578125 0.02265625
4 0.71484375 0.3796875 0.04375 0.01484375
4 0.68203125 0.36015625 0.02265625 0.03125
4 0.646875 0.403125 0.01953125 0.02890625
4 0.7140625 0.4375 0.01953125 0.01484375
1 0.665625 0.48828125 0.06484375 0.04765625
4 0.5515625 0.4734375 0.04375 0.025
4 0.5046875 0.4734375 0.05078125 0.02734375
4 0.50546875 0.42578125 0.05078125 0.02109375
4 0.5921875 0.4625 0.0234375 0.03046875
5 0.62734375 0.55 0.040625 0.034375
7 0.5328125 0.52734375 0.02109375 0.03046875
4 0.48671875 0.55 0.046875 0.03125
4 0.653125 0.60390625 0.05078125 0.01796875
4 0.54453125 0.571875 0.04609375 0.01640625
4 0.5046875 0.57890625 0.0421875 0.01953125
4 0.465625 0.5765625 0.025 0.0234375
7 0.34453125 0.6109375 0.0375 0.0171875
2 0.3453125 0.5484375 0.07265625 0.046875
4 0.27890625 0.53203125 0.03203125 0.0484375
4 0.2296875 0.5390625 0.03984375 0.01640625
4 0.134375 0.5578125 0.04375 0.046875
4 0.16875 0.56171875 0.0234375 0.03125
2 0.2125 0.45625 0.04765625 0.04140625
4 0.375 0.5109375 0.03203125 0.03125
4 0.4140625 0.46015625 0.0515625 0.04375
4 0.4046875 0.421875 0.04140625 0.0328125
4 0.50390625 0.3390625 0.04765625 0.0296875
4 0.740625 0.35390625 0.03671875 0.02265625
7 0.80546875 0.3421875 0.04375 0.021875
4 0.775 0.31953125 0.04375 0.02109375
4 0.7328125 0.328125 0.0359375 0.02265625
4 0.74609375 0.4140625 0.040625 0.021875
4 0.70078125 0.51953125 0.0453125 0.01796875
4 0.7234375 0.54296875 0.0453125 0.02734375
4 0.571875 0.53515625 0.03671875 0.02734375
4 0.42421875 0.64453125 0.04140625 0.021875
4 0.30390625 0.609375 0.03203125 0.03359375
4 0.28203125 0.5984375 0.02890625 0.03203125
4 0.1640625 0.74375 0.03984375 0.02109375
4 0.15 0.76875 0.05625 0.04140625
7 0.1328125 0.80625 0.0421875 0.03671875
7 0.33046875 0.78984375 0.04453125 0.0234375
4 0.30546875 0.81171875 0.02890625 0.03359375
4 0.25703125 0.7828125 0.03515625 0.028125
4 0.23203125 0.76171875 0.0234375 0.02578125
4 0.228125 0.79453125 0.03203125 0.025
4 0.1890625 0.76171875 0.01953125 0.0234375
4 0.20078125 0.84765625 0.04140625 0.02578125
4 0.2015625 0.82109375 0.0546875 0.0328125
4 0.25234375 0.82421875 0.03828125 0.02265625
7 0.2734375 0.83671875 0.03828125 0.009375
7 0.246875 0.91796875 0.03828125 0.03515625
7 0.1 0.86015625 0.0453125 0.015625
7 0.06484375 0.83984375 0.03203125 0.02265625
4 0.09609375 0.83828125 0.04609375 0.02265625
4 0.40234375 0.80859375 0.0421875 0.03671875
4 0.35234375 0.81328125 0.046875 0.03203125
4 0.2484375 0.87265625 0.075 0.025
4 0.44609375 0.78359375 0.04375 0.028125
4 0.359375 0.73984375 0.04609375 0.01875
4 0.3765625 0.76640625 0.03046875 0.0296875
4 0.390625 0.678125 0.03828125 0.03671875
7 0.3265625 0.65234375 0.05234375 0.03671875
4 0.52421875 0.63359375 0.0296875 0.0265625
4 0.6328125 0.64375 0.0375 0.0171875
4 0.6296875 0.66796875 0.04140625 0.02421875
4 0.56640625 0.690625 0.0453125 0.01953125
2 0.584375 0.64140625 0.04921875 0.03984375
4 0.58984375 0.67734375 0.05 0.0203125
4 0.65546875 0.6859375 0.0390625 0.03125
4 0.76328125 0.625 0.02890625 0.02421875
4 0.75234375 0.64375 0.03125 0.02109375
4 0.68515625 0.621875 0.0328125 0.01953125
2 0.721875 0.59140625 0.06328125 0.02578125
4 0.72734375 0.7109375 0.04296875 0.028125
1 0.4890625 0.725 0.034375 0.028125
4 0.4765625 0.7078125 0.03984375 0.0171875
4 0.49140625 0.79765625 0.03984375 0.046875
4 0.5640625 0.88984375 0.0515625 0.0296875
4 0.66953125 0.89140625 0.04609375 0.0140625
4 0.53984375 0.85703125 0.040625 0.021875
7 0.646875 0.8265625 0.03984375 0.021875
4 0.57265625 0.91953125 0.03984375 0.02734375
4 0.46171875 0.853125 0.03515625 0.04140625
4 0.56640625 0.76796875 0.02734375 0.03359375
7 0.22421875 0.70390625 0.02734375 0.03125
4 0.10078125 0.6390625 0.040625 0.02265625
4 0.11953125 0.6859375 0.04453125 0.0390625
4 0.40078125 0.121875 0.04453125 0.025
4 0.49296875 0.10234375 0.0390625 0.03515625
4 0.571875 0.1734375 0.0453125 0.0234375
4 0.6296875 0.2015625 0.0359375 0.021875
4 0.58203125 0.12265625 0.03359375 0.0203125
4 0.81796875 0.43828125 0.03671875 0.028125
4 0.8265625 0.6515625 0.04921875 0.03125