4 0.6307542757805976 0.1734375 0.025320904567984213 0.0359375
4 0.5762106179332529 0.08125 0.03889208163720568 0.0265625
4 0.6077881665537719 0.075 0.02564845318850324 0.0421875
4 0.5795536239261467 0.13671875 0.03280585594746519 0.0296875
4 0.6289328262101389 0.11875 0.026719630257724704 0.0328125
4 0.666821250565827 0.20078125 0.0532821302577247 0.0328125
4 0.670963195952414 0.1515625 0.02968085594746519 0.0296875
4 0.6506473739261468 0.13671875 0.02499335594746519 0.0296875
4 0.698942111035848 0.05 0.0325601944820761 0.025
4 0.7470487403890615 0.04140625 0.02852779172311415 0.0375
4 0.7878917463819554 0.096875 0.023922178878243727 0.0390625
4 0.7866357835825137 0.18046875 0.03576708163720586 0.0265625
4 0.7138190812985215 0.1984375 0.02721095318850324 0.0421875
4 0.7364753312985215 0.1984375 0.02186835594746519 0.0296875
4 0.5379293679332529 0.08125 0.02244156603337366 0.040625
4 0.48234775327936036 0.128125 0.025484678878243728 0.0390625
4 0.5349604189286211 0.22734375 0.01874335594746519 0.0296875
4 0.5534780455683013 0.29140625 0.025157130257724702 0.0328125
4 0.5807775299644691 0.27734375 0.022032130257724703 0.0328125
4 0.6189768928093393 0.27890625 0.017508404567984213 0.0359375
4 0.6492475689740497 0.3125 0.030008404567984214 0.0359375
4 0.6302452634561256 0.2875 0.016109678878243727 0.0390625
2 0.6346627685445083 0.3671875 0.033706614653892686 0.046875
4 0.5387604483272632 0.30390625 0.0263101944820761 0.025
4 0.5278539258260261 0.25859375 0.020797178878243727 0.0390625
4 0.5632558372914153 0.25390625 0.03272396879233561 0.028125
4 0.6654358129811558 0.25703125 0.03576708163720586 0.0265625
4 0.7417183519907364 0.2921875 0.034204581637205675 0.0265625
4 0.782415273067064 0.24609375 0.03165279172311415 0.0375
4 0.6932365863869041 0.278125 0.023758404567984216 0.0359375
4 0.701987466644629 0.2453125 0.026637743102595125 0.03125
4 0.6754891644060652 0.3484375 0.025157130257724702 0.0328125
4 0.6029933666900575 0.33046875 0.029517081637205678 0.0265625
4 0.5726131478977219 0.35859375 0.025320904567984213 0.0359375
4 0.5231454144060652 0.3484375 0.0235946302577247 0.0328125
4 0.4829541836279422 0.265625 0.02869156603337366 0.040625
4 0.45109335199073647 0.2921875 0.03132524310259512 0.03125
4 0.4600589162150877 0.3 0.034204581637205675 0.0265625
4 0.4226717808689802 0.253125 0.02564845318850324 0.0421875
4 0.41649370194530794 0.20703125 0.0294351944820761 0.025
4 0.45707775836774295 0.2078125 0.04719590456798421 0.0359375
4 0.5633720239715752 0.221875 0.02334896879233561 0.028125
4 0.590217806988262 0.2015625 0.027872694482076098 0.025
4 0.5540833124153289 0.05625 0.024174484396167806 0.0140625
4 0.5911262890095805 0.03515625 0.02647396879233561 0.028125
4 0.5012891830621153 0.06484375 0.0325601944820761 0.025
4 0.4800349807781231 0.0828125 0.01866146879233561 0.028125
4 0.46042848767552813 0.1140625 0.022195904567984214 0.0359375
4 0.4316483904344901 0.1265625 0.0294351944820761 0.025
4 0.3986964495704587 0.0546875 0.025075243102595034 0.03125
4 0.3997056716421546 0.1546875 0.03198034034363299 0.04375
4 0.43678294776143645 0.103125 0.02030585594746519 0.0296875
4 0.38007592435568804 0.08203125 0.017098968792335523 0.028125
4 0.3716835702172451 0.06328125 0.027545145861556986 0.01875
4 0.38250048224846117 0.259375 0.022359678878243815 0.0390625
4 0.3674929579382017 0.2625 0.020387743102595036 0.03125
4 0.3502479042293 0.1890625 0.024993355947465278 0.0296875
4 0.3345443391004376 0.20546875 0.025239017412854548 0.034375
4 0.3785057010407967 0.23125 0.029353307326946344 0.0234375
4 0.3720653505203984 0.115625 0.02564845318850324 0.0421875
4 0.36322926108127646 0.13515625 0.020469630257724792 0.0328125
4 0.34859022896910086 0.13125 0.025157130257724793 0.0328125
4 0.3745418973318951 0.1578125 0.02787269448207601 0.025
4 0.3781239207376434 0.17890625 0.032887743102595034 0.03125
4 0.392234008367743 0.2078125 0.015864017412854547 0.034375
4 0.3149588574178034 0.146875 0.027545145861557076 0.01875
4 0.34082531659920046 0.16015625 0.025320904567984304 0.0359375
4 0.2965839936684219 0.16953125 0.017672178878243728 0.0390625
4 0.2883111482364062 0.13359375 0.02310330732694634 0.0234375
4 0.3246990275896199 0.125 0.022195904567984304 0.0359375
4 0.30565245646786365 0.0859375 0.018989017412854546 0.034375
4 0.258377986771017 0.13828125 0.018825243102595035 0.03125
4 0.2444006959524141 0.1515625 0.025982645861557074 0.01875
4 0.25328769504790294 0.17578125 0.025484678878243815 0.0390625
4 0.21558297716007857 0.1796875 0.025812227498762753 0.0453125
4 0.18881908129852149 0.1984375 0.032887743102595034 0.03125
4 0.237158084012055 0.12578125 0.026637743102595035 0.03125
4 0.2386320528043905 0.09765625 0.03247830732694625 0.0234375
2 0.281296508367743 0.2078125 0.028609678878243817 0.0390625
2 0.3063031524202777 0.2375 0.05040279172311406 0.0375
4 0.20330098315297235 0.23515625 0.02343085594746528 0.0296875
4 0.2537104189286211 0.22734375 0.02137703301668683 0.0203125
4 0.22879562811001822 0.240625 0.02112472749876284 0.0453125
4 0.22071313319840086 0.3203125 0.03165279172311406 0.0375
4 0.27277027815544674 0.32578125 0.02071529172311406 0.0375
4 0.26502969923177444 0.2796875 0.014553822930778537 0.009375
4 0.287078439620836 0.32109375 0.01381019448207601 0.025
4 0.30055776345612567 0.2875 0.02631019448207601 0.025
4 0.2803271506112554 0.2859375 0.0230214201718165 0.021875
4 0.2675438675945686 0.30625 0.026392081637205765 0.0265625
4 0.3483125107425922 0.36015625 0.019070904567984215 0.0359375
4 0.37105729195025666 0.38828125 0.02408595318850324 0.0421875
4 0.33296082768047686 0.2953125 0.019070904567984215 0.0359375
4 0.3170248891912947 0.37578125 0.026637743102595035 0.03125
4 0.334795565356005 0.409375 0.02647396879233561 0.028125
4 0.3551932745374021 0.42265625 0.03765713025772479 0.0328125
4 0.30104800712454755 0.45703125 0.0294351944820761 0.025
4 0.29980973371879927 0.4359375 0.024420145861557073 0.01875
4 0.29778356626051616 0.38515625 0.024085953188503328 0.0421875
4 0.2681812754419133 0.3984375 0.028691566033373573 0.040625
4 0.27479312358746244 0.36171875 0.012493355947465368 0.0296875
4 0.26198218509828025 0.4421875 0.021131371551297563 0.015625
4 0.2740793933751662 0.4796875 0.03387703301668674 0.0203125
4 0.26528424751360913 0.4984375 0.024911468792335523 0.028125
4 0.25341276854450834 0.3671875 0.020469630257724792 0.0328125
4 0.1970686725466657 0.13046875 0.020633404567984303 0.0359375
4 0.16866038952997894 0.15078125 0.026473968792335524 0.028125
4 0.1566959780645897 0.15546875 0.018579581637205765 0.0265625
4 0.1700856914298583 0.27265625 0.029271420171816543 0.021875
4 0.12812059871137604 0.1640625 0.019978307326946255 0.0234375
4 0.15559050147033804 0.1765625 0.027381371551297516 0.015625
4 0.17447994233436945 0.2484375 0.0309158073269463 0.0234375
4 0.21365090569963807 0.365625 0.03881019448207601 0.025
4 0.38601390660414925 0.34140625 0.03814845318850324 0.0421875
4 0.4162812607425922 0.36015625 0.025157130257724702 0.0328125
4 0.4054013144514938 0.43359375 0.025075243102595124 0.03125
4 0.3880943057450666 0.45078125 0.025320904567984213 0.0359375
4 0.34496510346107445 0.46875 0.01890713025772479 0.0328125
4 0.3140869176854257 0.4765625 0.025157130257724793 0.0328125
4 0.3186172874277009 0.509375 0.023021420171816586 0.021875
4 0.29196957824630376 0.49609375 0.01668953301668674 0.0203125
4 0.2969569713943273 0.55 0.029762743102595034 0.03125
4 0.18564209237979795 0.33359375 0.03189845318850328 0.0421875
4 0.6881928030315331 0.5234375 0.024249727498762752 0.0453125
4 0.7117597778167625 0.55078125 0.028943871551297563 0.015625
4 0.6580482796257847 0.50234375 0.025484678878243728 0.0390625
4 0.7666862952296171 0.51640625 0.03009029172311415 0.0375
4 0.5099892379026707 0.53984375 0.0325601944820761 0.025
4 0.4879847631174414 0.5125 0.02211401741285446 0.034375
4 0.5163144810052658 0.50859375 0.030670145861557075 0.01875
4 0.5935730218238687 0.4953125 0.026146420171816585 0.021875
4 0.6250310617379604 0.50625 0.029271420171816588 0.021875
2 0.555295093850136 0.51015625 0.046042840343633 0.04375
2 0.03383285165205213 0.5171875 0.04677982473980082 0.0578125
5 0.4610924717330116 0.325 0.025484678878243728 0.0390625
4 0.5912203850074231 0.271875 0.016191566033373662 0.040625
4 0.36565938376422774 0.52109375 0.022441566033373484 0.040625
4 0.10864690242027772 0.2375 0.029762743102595034 0.03125
4 0.09950095375433018 0.15859375 0.0378209045679843 0.0359375
4 0.22695648914586614 0.290625 0.029762743102595034 0.03125
4 0.4138013919048282 0.303125 0.04645227611928178 0.0515625