7 0.21474570738303092 0.49031885714144485 0.03807274431795715 0.03346706493480802
4 0.25815478814615167 0.47155126623205434 0.03829093262955983 0.045967064934808025
4 0.35805537661991016 0.512345635955401 0.0222022824674041 0.01913182954530477
4 0.44238373782184015 0.4216581805976697 0.027380706168510117 0.04733865016215581
2 0.3324496302733581 0.3877177828711459 0.060220479707460584 0.04947389448011288
2 0.30691739082336966 0.6699984488616142 0.0603841209411625 0.05884889448011279
2 0.3494950340889619 0.29038881533855 0.06846935633066593 0.07461026217486459
2 0.3414546631477993 0.23245358441327343 0.05243525324641087 0.05090002678536125
2 0.46127978814615167 0.47509682629559863 0.0860386858759707 0.0967852711033185
2 0.6169785888775003 0.35675770372958293 0.11788870373287814 0.13170574188232517
2 0.6460968932590017 0.5931315803527883 0.06071140340856669 0.07759889448011296
2 0.9281518680984935 0.33094877475017576 0.054434129869616044 0.07592730032431154
2 0.9710154780826074 0.5793686838407852 0.057969043834785336 0.0699227621748646
2 0.7673529155834313 0.15710039731619144 0.0735386858759707 0.09656708279171564
2 0.854273631894916 0.6623703242637085 0.06515344155801372 0.06361821509696383
4 0.8467633206135556 0.5005697536468574 0.02392842370110628 0.02853410308425506
7 0.8301446107915975 0.5775998579489284 0.03036933847375849 0.039580697240056396
7 0.5635786736978108 0.5190571063273707 0.028888659090609538 0.044240923701106286
4 0.7727706672049891 0.42273903408566654 0.042678423701106104 0.02886138555165907
7 0.6464980880634261 0.705604306813838 0.03949887662320535 0.02568183847375849
7 0.6825486363591428 0.6679639849791711 0.034838650162155815 0.02716251785690744
4 0.609485057624617 0.7775923551095547 0.030396612012708955 0.0411431972400564
4 0.3985712824641088 0.5068047479681098 0.033548885551659156 0.04276024431795715
4 0.3942986140380084 0.6199769038123085 0.03061480032431154 0.053643197240056395
2 0.3072292621715693 0.5536331091700397 0.04292388555165925 0.04292388555165907
7 0.45529856939573976 0.535130345370322 0.03826365909060954 0.0444045649348082
7 0.2693847942352316 0.26477911485208266 0.04276024431795715 0.03354888555165925
2 0.5983685052717105 0.6329111006453279 0.0428420649348082 0.03823638555165907
2 0.5917775860348312 0.6132707564895264 0.03968979139585791 0.03661933847375849
2 0.6313780539744642 0.42105202881066084 0.05728639448011297 0.06035684740221221
2 0.6881598879839959 0.45250262621287307 0.0272170649348082 0.03796365016215582
7 0.6964461262161683 0.21131456452447578 0.03349433847375849 0.039635244317957154
4 0.539034415580136 0.6342184561652149 0.0513091298696164 0.07587275324641088