4 0.10920309923384774 0.6880393473949662 0.02912521034569897 0.03568494292790554
4 0.09428514139543123 0.6324079315553659 0.026182066772189705 0.04178939371369381
4 0.1058758592629776 0.600575734698519 0.030278533386094875 0.021695217535011226
4 0.07956341184940234 0.6104066530193186 0.02609113855894436 0.03866439371369381
4 0.058432557930194085 0.5832277229116947 0.023057066772189706 0.04164384449948209
4 0.12827369648913842 0.6175256401990371 0.0243922462390763 0.03390411910658777
4 0.1468849556603385 0.6925427568244256 0.027153533386094875 0.0215496683207995
4 0.14111232877987662 0.7092401052528491 0.024528638558944316 0.038591619106587774
4 0.1724365366182931 0.7641073877178377 0.02461956677218975 0.04171661910658777
4 0.17221757627259415 0.7296960004142848 0.026136602665567034 0.04022689371369381
4 0.17968909547292405 0.7176133773787555 0.03381271034569897 0.03590326674922295
4 0.1650295504083467 0.6439768242356024 0.02912521034569897 0.03568494292790554
4 0.1597366451563549 0.596502510753367 0.035511602665567035 0.04066354135632881
4 0.13278770025006212 0.5844584290741665 0.0275172462390763 0.034049668320799496
4 0.11427338097058995 0.566545337055884 0.032432066772189704 0.042080492142117086
4 0.10697770651826828 0.5308989354843072 0.01984113855894436 0.03837329528527036
4 0.10880697947952186 0.48622213627009564 0.019932066772189706 0.04149829528527036
4 0.07553748990436314 0.5527033149299774 0.027289925705962892 0.026237168320799496
4 0.09137778708051154 0.4518300196447072 0.021267246239076297 0.03375856989237604
4 0.10434078833415276 0.44027393548430727 0.019886602665567032 0.03993579528527036
4 0.1111076138818311 0.4039725624487781 0.030596782132453627 0.03263271753501122
4 0.13277567689309713 0.47650037985995486 0.02301160266556703 0.040081344499482086
4 0.15552285510634248 0.4785701480569199 0.03836381802583091 0.03143409057054054
4 0.14690872156196305 0.3976112464853433 0.021449102665567033 0.04000856989237613
4 0.13485735094970738 0.3598394187350843 0.029397994985435095 0.04505994292790536
4 0.11651652790931151 0.37477521402035463 0.029307066772189704 0.04193494292790545
4 0.19716948284473418 0.2966994098437442 0.026227530878812376 0.043351893713693725
4 0.18230901246990533 0.35058854321835564 0.02609113855894436 0.03866439371369364
4 0.17402515102884966 0.38852519086099085 0.061193564264907255 0.06526543507002262
4 0.20706497156196307 0.3948094241117678 0.023102530878812377 0.04320634449948209
4 0.17235500244077545 0.43867074007520246 0.03698317445232169 0.03761131596343468
4 0.2490274995377816 0.30445409780925087 0.021267246239076342 0.033758569892376133
4 0.22602557172024765 0.4549464034336034 0.027153533386094875 0.0215496683207995
4 0.1968238050272002 0.4461364836650617 0.027153533386094875 0.0215496683207995
4 0.24652227665567028 0.37967242163056847 0.02618206677218975 0.04178939371369363
4 0.23398517273646205 0.3520932311838624 0.026045674452321598 0.037101893713693726
4 0.2014310855103012 0.3356163606295325 0.030596782132453627 0.03263271753501131
4 0.18701821067490337 0.6468642297361203 0.019795674452321686 0.036810795285270356
4 0.2007935541692704 0.6094541209686147 0.03417642319868044 0.04840326674922295
4 0.23485866561032603 0.5703166923087328 0.022784282132453627 0.032268844499482086
4 0.23367659883813632 0.5296916923087329 0.026091138558944314 0.03866439371369381
4 0.1919353797169487 0.573880494004144 0.021267246239076297 0.03375856989237604
4 0.2200245904583591 0.7595440122011091 0.0197956744523216 0.036810795285270356
4 0.20022055581862302 0.7510786947899323 0.033858174452321685 0.03746576674922295
4 0.24434262885901886 0.7349421184874153 0.026227530878812466 0.043351893713693815
4 0.2306150979802065 0.6933368153442622 0.030460389812585566 0.027945217535011224
4 0.22212063638086627 0.6702631883797915 0.03193196159934022 0.024892992142117265
4 0.23119410800933635 0.6056912661300504 0.02756271034569897 0.0356121683207995
4 0.2630973258768828 0.5729129993808275 0.026272994985435005 0.04491439371369381
4 0.2808183717993899 0.4829044294884513 0.033858174452321685 0.03746576674922295
4 0.29864236929210747 0.5039789088102868 0.024528638558944316 0.038591619106587774
4 0.3099352219576745 0.5425683738640987 0.02301160266556703 0.040081344499482086
4 0.28936430918383527 0.5615195810600279 0.03381271034569906 0.03590326674922295
4 0.2641560575344827 0.4210957882559569 0.01648881802583091 0.03041524607105863
4 0.33450566145369093 0.44598231823974627 0.023102530878812377 0.04320634449948209
4 0.32796850494805796 0.4095182793646169 0.02930706677218975 0.04193494292790554
4 0.3717268651354724 0.38088170306209984 0.03340353338609479 0.021840766749222952
4 0.337260936922227 0.37935774441842873 0.03560253087881238 0.043788541356328814
4 0.30457045737619814 0.35819337386409883 0.03068771034569897 0.035757717535011314
4 0.3070422395086517 0.38937059925699297 0.026272994985435005 0.044914393713693726
4 0.3397878580093364 0.6006334309361934 0.030551318025830908 0.031070217535011223
4 0.28148126451496935 0.640117616006216 0.019841138558944316 0.03837329528527036
4 0.3068055249398106 0.7038697468996281 0.02618206677218975 0.04178939371369381
4 0.3191774928073571 0.6720011627392284 0.02618206677218975 0.04178939371369381
4 0.28693930581862304 0.7470397040955572 0.024710494985435004 0.04484161910658777
4 0.2922405712580292 0.7679151302742395 0.024210389812585654 0.02765411910658777
4 0.30422844272821475 0.642187384203181 0.021449102665567033 0.04000856989237622
4 0.2865491977427797 0.5992015175777926 0.01961381802583091 0.030560795285270358
4 0.3645030500126353 0.4821359880082879 0.019977530878812468 0.04306079528527036
4 0.3749488050272002 0.437840178454994 0.027653638558944316 0.0387371683207995
4 0.34712533339873014 0.5032853959900053 0.03202288981258557 0.028017992142117087
4 0.35973664515635495 0.5871873610438172 0.02756271034569897 0.0356121683207995
4 0.3657115120076869 0.6580991745260526 0.04006271034569897 0.036194365177646404
4 0.3861005683550353 0.6328979673301236 0.03068771034569897 0.035757717535011224
4 0.36767717728880855 0.6181098753118409 0.03514788981258565 0.02816354135632899
4 0.36140209672656526 0.6981976356509231 0.03197742570596294 0.026455492142117266
4 0.3125901751772375 0.7951304476854164 0.027608174452321686 0.0371746683207995
4 0.28762727909644575 0.824456228702663 0.03739235141192587 0.05167381596343468
4 0.3328715829365117 0.8200020150965932 0.024528638558944316 0.038591619106587774
4 0.3451359022159839 0.8382062055432993 0.026272994985435096 0.04491439371369381
4 0.4005555249398106 0.6995032704732767 0.025954746239076343 0.03397689371369381
4 0.40950462760537765 0.7382018974377473 0.02792642319868044 0.048112168320799495
4 0.38881169437756735 0.7798457419372294 0.030414925705962936 0.026382717535011223
4 0.4112058684341776 0.6622387109199828 0.03725595909205772 0.04698631596343468
4 0.455966787476223 0.587399222706807 0.03234113855894449 0.038955492142117264
4 0.43900895651826827 0.5154343314743126 0.04520485141192587 0.052037688998963993
4 0.41238427203681677 0.568306774402218 0.03243206677218975 0.042080492142117266
4 0.37621109131628894 0.5887669776692057 0.02930706677218975 0.04193494292790554
4 0.4038610667056828 0.49047287283064145 0.027380853919208192 0.0293621683207995
4 0.4159004139609734 0.4202866513666888 0.026091138558944314 0.03866439371369364
4 0.469372406439126 0.4835100893321956 0.023193459092057722 0.046331344499482084
4 0.4760255717202476 0.44330246629666625 0.019886602665567032 0.03993579528527036
4 0.4088260483632826 0.3384737251880064 0.035102425705962934 0.026601041356328813
4 0.3897554511079919 0.4089874323839354 0.02117631802583091 0.03063356989237622
4 0.45027776246990536 0.33810769809970115 0.02742631802583091 0.030924668320799587
4 0.4741471714828208 0.3518598289931133 0.02581835391920819 0.029289393713693723
4 0.4334061627073321 0.4304236306885244 0.028943353919208194 0.02943494292790554
4 0.4221193217202476 0.44581319024181826 0.021085389812585474 0.027508569892376045
4 0.49044577289474656 0.40116847022560764 0.03716503087881247 0.04386131596343468
4 0.47453962806759603 0.4191201036002191 0.02461956677218957 0.04171661910658777
4 0.4383808192129651 0.4669604441707597 0.029397994985435005 0.04505994292790536
4 0.45758311177026006 0.5622900607961482 0.030915030878812467 0.043570217535011224
4 0.4362239034696252 0.8230113910276066 0.024710494985435004 0.04484161910658777
4 0.46600834336135294 0.8787326980997012 0.028897889812585474 0.027872442927905184
4 0.44100834336135303 0.8798970918133948 0.02301160266556703 0.040081344499482086
2 0.40005072274909736 0.8434715942945943 0.02117631802583091 0.030633569892376044
4 0.19377799069578594 0.8522965924325675 0.041897994985435096 0.04564213978475209
4 0.2472750637361818 0.8357233684874152 0.02742631802583091 0.030924668320799497
4 0.25337429955041685 0.803364632755439 0.023983069279472156 0.01984161910658777
4 0.5132982511871342 0.43374337572612565 0.029261602665567033 0.04037244292790536
4 0.501622616784825 0.5164295971900783 0.022920674452321776 0.03695634449948208
4 0.49284466184940234 0.5911577694398193 0.027790030878812287 0.0434246683207995
2 0.47526836843417763 0.6592549520286426 0.07387542069139794 0.07209763192686935
4 0.4420550516619879 0.6201218314743127 0.03238660266556703 0.040517992142117085
4 0.4973683404583591 0.7466265194398194 0.03193196159934022 0.024892992142117088
4 0.5147520687507467 0.7794561360652079 0.025591033386094964 0.021476893713693813
4 0.485882922669955 0.808963853600219 0.029307066772189572 0.04193494292790554
4 0.4708489560560499 0.8300040996712778 0.029170674452321778 0.037247442927905536
4 0.5393021247023838 0.6015109185301966 0.03560253087881247 0.043788541356328814
4 0.5235323721951014 0.6241500519048081 0.03340353338609496 0.021840766749222952
4 0.5650295504083467 0.6253465248165029 0.02301160266556703 0.040081344499482086
4 0.5751570566765528 0.5701132152632089 0.026272994985435005 0.04491439371369381
4 0.5080006489172786 0.5474248860652079 0.038227425705962936 0.02674659057054054
4 0.5304165211788869 0.7263118653870434 0.035511602665567035 0.04066354135632899
4 0.5977822144358271 0.5948756207637269 0.0197956744523216 0.036810795285270356
4 0.5803052094212621 0.6394989160489972 0.022920674452321776 0.03695634449948208
4 0.576549723607027 0.6717484898703148 0.02572742570596276 0.026164393713693813
4 0.6008330065974106 0.5384072969424093 0.019795674452321776 0.036810795285270356
4 0.6289352745440991 0.5363161040145039 0.03340353338609496 0.021840766749222952
4 0.5914376230530312 0.45748478267438575 0.02301160266556703 0.040081344499482086
4 0.5282496497752084 0.38297924235151415 0.0365739974927175 0.023548815963434677
4 0.503326206122557 0.35988849876165496 0.036801318025830906 0.03136131596343468
4 0.5408071372387961 0.4919175947088791 0.02618206677218975 0.04178939371369381
4 0.5710174744649569 0.5085036271738677 0.03050585391920819 0.029507717535011226
4 0.6204719051854848 0.4874248397464802 0.030460389812585476 0.027945217535011224
4 0.3191808751646022 0.2957104904894873 0.02301160266556703 0.040081344499481995
4 0.3505816393503672 0.32632263565092307 0.035375210345698974 0.035976041356328814
4 0.33116404961692386 0.3311385682397463 0.02930706677218975 0.04193494292790545
4 0.40805315855069707 0.3119112251880064 0.025636497492717503 0.023039393713693724
4 0.431354266230829 0.3061321060814185 0.026272994985435005 0.044914393713693726
4 0.4329324527573446 0.5485743172062889 0.03036946159934022 0.024820217535011225
4 0.1466469264308787 0.7919070560386372 0.025954746239076298 0.03397689371369363
4 0.1646073162434643 0.8176690353604729 0.029261602665567033 0.04037244292790554
4 0.1512745904583591 0.7627460949137668 0.02292067445232169 0.03695634449948208
4 0.2145451317620128 0.8669755225401913 0.0229206744523216 0.03695634449948208
4 0.281585249933493 0.45548790488134544 0.03229567445232169 0.03739299214211726
4 0.23782087806759605 0.43014545657675657 0.024346782132453625 0.03234161910658777
4 0.3465343000126353 0.4829728959900053 0.025954746239076343 0.03397689371369363
4 0.40109639720141893 0.8794090942945942 0.019841138558944316 0.03837329528527036
4 0.4737860879510766 0.7696295258499601 0.025545569279472248 0.01991439371369381
4 0.49783500488155086 0.8702095686540311 0.02310253087881229 0.04320634449948209
4 0.5623461342692953 0.8288717851555851 0.021221782132453626 0.03219606989237604
4 0.5197039932030684 0.8152116995474433 0.024255853919208193 0.029216619106588126
4 0.562143894298425 0.7412626232449263 0.024483174452321777 0.03702911910658777
4 0.6127683684341776 0.6528507866033271 0.025909282132453627 0.03241439371369381
4 0.6332650733696003 0.5775768048002922 0.02287521034569906 0.03539384449948209
4 0.5936509924116457 0.5066671453708327 0.016034176959604095 0.014790246071058633
4 0.6362800762725941 0.7080819421038451 0.020858069279472247 0.01969606989237622
4 0.143786070070895 0.3171788837888963 0.030960494985435093 0.045132717535011226
4 0.08313835589776532 0.7870419276264246 0.03381271034569899 0.03590326674922295
4 0.07301084962955914 0.8422752371797184 0.03105142319868044 0.04825771753501122
4 0.11922060840504778 0.7634567243594368 0.027471782132453625 0.032487168320799495
4 0.22720632383181866 0.28043655500517994 0.022420569279472245 0.019768844499482085
4 0.33587061850068467 0.1971445579006641 0.02568196159934022 0.024601893713693722
4 0.3832146314328083 0.2379664569910413 0.030642246239076344 0.03419521753501122
4 0.3886068250854599 0.2619668831697237 0.03243206677218975 0.042080492142117176
4 0.332493217405328 0.26927426902553464 0.030460389812585566 0.027945217535011224
4 0.40473193025830945 0.27842663709866516 0.01818771034569906 0.0351755206781645
4 0.5503399469513568 0.2818148486378204 0.030960494985435006 0.045132717535011226
4 0.5631725675636126 0.3195502890845265 0.029261602665567033 0.04037244292790545
4 0.5812466176427549 0.34921851840636203 0.021312710345699058 0.035321069892376135
4 0.6153919486007094 0.4203828889606919 0.02631845909205772 0.04647689371369381
4 0.6316330625490476 0.3601709809789746 0.019886602665567032 0.03993579528527036
4 0.6165847240692456 0.35383108974648025 0.025545569279472248 0.019914393713693725
4 0.6732452156894683 0.5804085523190927 0.021312710345699058 0.035321069892376045
4 0.7176915491547055 0.6291885006236818 0.03335806927947225 0.02027826674922295
4 0.3664841210079671 0.17381406575854694 0.02301160266556703 0.040081344499481995
4 0.33342156842154236 0.16674858250776997 0.026227530878812376 0.043351893713693725
7 0.28983069279472173 0.17425502150673394 0.014653533386094786 0.020967471463952725
4 0.48243103292387646 0.31392318135047814 0.027517246239076344 0.034049668320799586
4 0.46224055337784764 0.29217661393930133 0.02622753087881229 0.043351893713693725
4 0.40675141983346813 0.21340095058090053 0.0271989974927175 0.023112168320799587
4 0.43706940564770325 0.17991420843878336 0.02301160266556703 0.040081344499481995
4 0.4350810083132702 0.21912225765299506 0.02287521034569906 0.035393844499482
4 0.02654972360702712 0.6973651515715765 0.013454746239076299 0.03339469685684691
4 0.03374244648913843 0.6219285039289414 0.015017246239076298 0.03346747146395259
4 0.026580815847752882 0.6715475142680237 0.014789925705962891 0.02565497146395259
4 0.05056388512722506 0.6892058951614357 0.022920674452321665 0.03695634449948208
4 0.06556675950040444 0.6939832863939301 0.018051318025830952 0.030488020678164494
4 0.08282245566033845 0.6955265157157656 0.029443459092057766 0.04662244292790554
4 0.024293238650721905 0.5660423769644707 0.016488818025830944 0.03041524607105863
4 0.02038097697223941 0.5122452888751294 0.012301423198680434 0.04738442224974104
4 0.06447430628084144 0.4413484379655067 0.03211381802583093 0.031142992142117264
4 0.057405952361633185 0.41351453639393015 0.03340353338609485 0.021840766749222952
4 0.03873852038746413 0.44411171898275337 0.026182066772189705 0.04178939371369381
4 0.03232103582687031 0.46553295471472966 0.017960389812585575 0.027363020678164318
4 0.05100518817586822 0.3817379975188006 0.02715353338609485 0.021549668320799586
4 0.08402227665567027 0.38724098076957764 0.028897889812585585 0.02787244292790536
4 0.07849369068315068 0.3585530545908952 0.021267246239076297 0.033758569892376133
4 0.09480901246990532 0.3546639212162837 0.018142246239076298 0.03361302067816441
4 0.09445365980433829 0.31556503391273083 0.03340353338609488 0.021840766749222952
4 0.08276600204506405 0.2902932061624718 0.021176318025830955 0.030633569892376134
4 0.09610107633910117 0.2646382346985191 0.015017246239076298 0.03346747146395277
4 0.09342470572684547 0.22642975930562495 0.0322047462390763 0.034267992142117086
4 0.06393944569771562 0.315421638751295 0.019795674452321665 0.036810795285270356
4 0.17737380839241249 0.26163520512901445 0.02425585391920828 0.02921661910658786
4 0.1278822737526764 0.25455260525284895 0.019659282132453625 0.03212329528527027
4 0.08815453252816503 0.17973669582338955 0.019795674452321665 0.03681079528527027
4 0.06987354546028876 0.22361512841221282 0.02912521034569897 0.03568494292790536
4 0.12143238229073819 0.08665662985995484 0.03202288981258557 0.028017992142117133
4 0.09173652210332375 0.11463823469851905 0.023801212852981445 0.01359161910658786
4 0.07249242860895677 0.15230305459089521 0.024710494985435073 0.04484161910658786
4 0.17657687186589693 0.019156606700591043 0.03193196159934022 0.024892992142117147
4 0.1597280041566351 0.11225378928941425 0.027426318025830954 0.030924668320799587
4 0.18088159012915472 0.14021396939703812 0.017960389812585565 0.02736302067816441
4 0.2058133939692207 0.13670582568334438 0.02301160266556703 0.040081344499481995
4 0.23367998119538153 0.15340102005899187 0.018096782132453627 0.032050520678164406
4 0.23201218111623922 0.12296865736254481 0.02568196159934022 0.024601893713693722
4 0.22350701082055266 0.20707182961228582 0.027471782132453625 0.032487168320799585
4 0.2141918467930723 0.23645111455847392 0.03202288981258565 0.028017992142117087
4 0.25218594028743924 0.19791299938082746 0.03068771034569897 0.035757717535011314
4 0.2596347274344578 0.18504912634529816 0.025909282132453627 0.03241439371369372
4 0.2741435083132702 0.22661804218489837 0.02742631802583091 0.030924668320799497
4 0.25113791732618573 0.24255341129148622 0.031841033386094786 0.02176799214211709
4 0.22147183471887838 0.029582530398074108 0.021540030878812465 0.04313356989237614
4 0.23175611685133202 0.060395882755438966 0.028943353919208194 0.02943494292790545
4 0.18101197077054026 0.09092244478993225 0.014971782132453626 0.03190497146395273
4 0.27552283722616083 0.009938945306660906 0.02894335391920828 0.019877890613321812
4 0.3020147925572949 0.0821574127392283 0.018096782132453627 0.032050520678164426
4 0.3181398977301444 0.09861716666816973 0.01657974623907634 0.033540246071058585
4 0.21980403463973608 0.004535488627460483 0.023983069279472156 0.009070977254920965
4 0.3273952257851052 0.04029524441842873 0.02618206677218975 0.04178939371369372
4 0.33786371285298145 0.004967828164543759 0.028852425705962935 0.009935656329087519
4 0.3651656619159094 0.12850156575854693 0.03376724623907634 0.034340766749223
4 0.4004666644231918 0.10495274979511222 0.022920674452321776 0.036956344499482
4 0.4750203835443794 0.059235681350478145 0.029034282132453626 0.03255994292790545
4 0.49703177586424746 0.06290433685099614 0.029216138558944317 0.038809942927905426
4 0.5491171130904082 0.07847152481650284 0.033949102665567034 0.040590766749222996
4 0.5423048234361072 0.11321039785203213 0.033858174452321775 0.037465766749222994
4 0.44358251543940613 0.007907660567615214 0.022738818025830908 0.015815321135230428
4 0.37180445533113404 0.06091380541946473 0.01805131802583091 0.03048802067816443
4 0.5869808259433897 0.08922493424596226 0.029261602665567033 0.04037244292790543
2 0.611453291699365 0.23124761435358612 0.019204641066226814 0.01649829528527027
4 0.5816270508705651 0.3085207437992562 0.02117631802583091 0.030633569892376134
4 0.6537377315910928 0.2863867245688338 0.02260242570596276 0.026018844499482087
4 0.6538119394295094 0.3427094991759397 0.02862510517284953 0.01849744292790545
4 0.6881498355103013 0.31294707051605786 0.030278533386094965 0.021695217535011312
3 0.5679617044732043 0.2152801660489972 0.023983069279472247 0.01984161910658786
4 0.6380448162434643 0.7956183294073981 0.02287521034569906 0.03539384449948209
4 0.6140162828573694 0.7763974485139858 0.022966138558944315 0.038518844499482084
4 0.6402581856020788 0.8448006921038452 0.019795674452321776 0.036810795285270356
4 0.618834163498755 0.7268876000855625 0.02581835391920819 0.029289393713693813
4 0.6388905992338477 0.6633687555860804 0.021267246239076342 0.03375856989237604
4 0.6648069268930972 0.45172062614041036 0.02076714106622681 0.016571069892376045
4 0.645304420624891 0.5073905833363395 0.01648881802583091 0.03041524607105863
4 0.6819345909205776 0.421977468158693 0.026182066772189573 0.04178939371369381
4 0.7386128367639424 0.29964439578511753 0.029397994985435005 0.04505994292790536
4 0.7621639970304991 0.3024590266785297 0.018096782132453627 0.032050520678164496
4 0.7663824840983754 0.2592355655536592 0.036892246239076346 0.034486315963434676
4 0.641060572182466 0.11956309760436312 0.027471782132453625 0.032487168320799585
4 0.6679162403665815 0.20906009119422234 0.016216033386094963 0.021040246071058543
4 0.6951175863682311 0.14912001096276395 0.02600021034569906 0.035539393713693725
4 0.7095354390337981 0.18756392680236417 0.02439224623907634 0.03390411910658786
4 0.6282817758642475 0.05679126985410411 0.038772994985435 0.045496590570540583
4 0.8253566673261858 0.21580874318008364 0.03234113855894449 0.038955492142117173
4 0.792773836368231 0.14457159801864788 0.03859113855894432 0.039246590570540585
4 0.7676925830030188 0.3311469528572121 0.03505696159934022 0.025038541356328815
4 0.7318737210997447 0.6864188037668348 0.025591033386094787 0.021476893713693813
4 0.7515186313663014 0.6894153711780117 0.019522889812585476 0.02743579528527036
4 0.7403167069139797 0.6539509061241997 0.03086956677218975 0.04200771753501122
4 0.7817744326990849 0.7075639036430004 0.03234113855894431 0.03895549214211709
4 0.8080808684341776 0.6437539607150949 0.029307066772189926 0.04193494292790554
4 0.5818891268139549 0.4250725430134679 0.024255853919208193 0.029216619106587773
4 0.4877119148189032 0.25343944561850174 0.02461956677218975 0.04171661910658795
4 0.5857609022159839 0.8269989160489972 0.03050585391920819 0.029507717535011226
4 0.5320639377136498 0.6753850661728317 0.03068771034569906 0.035757717535011224
4 0.2878462394421447 0.8588676160062161 0.02742631802583091 0.030924668320799497
4 0.26148832792194676 0.8671360343270156 0.01805131802583091 0.030488020678164317
4 0.35633782666830555 0.8736706705971112 0.026227530878812466 0.043351893713693815
4 0.3302837920285695 0.865496451614358 0.028852425705962935 0.026309942927905183
4 0.3336050203209571 0.898981039703699 0.021358174452321688 0.036883569892376046
4 0.586593628001089 0.8825040533525502 0.029397994985435005 0.04505994292790518
4 0.7448160579967011 0.08265594892827066 0.029216138558944317 0.03880994292790545
4 0.7125945913827959 0.10449671567749368 0.029216138558944494 0.03880994292790545
4 0.7148868655976907 0.04884602915972902 0.02622753087881229 0.043351893713693725
4 0.7345892633278351 0.1613631457851175 0.01805131802583091 0.030488020678164453
4 0.8071679231321734 0.4779470241973304 0.030460389812585476 0.027945217535011224
4 0.7521023384132951 0.44061399814248237 0.041943459092057725 0.04720463978475227
4 0.6990505124033983 0.7951238697302696 0.024483174452321777 0.037029119106587946