2 0.8747256708065081 0.8568135915681936 0.045569365177646405 0.040080792553055744
4 0.8743104478948134 0.8154618929549645 0.046404119106587774 0.024492160144236053
4 0.8305582938420375 0.8500375679168396 0.03673802067816467 0.01802395459715278
4 0.804449558110061 0.8576688831713188 0.02431079528527036 0.019295513867708537
4 0.801904600914132 0.8787990007624993 0.027872442927905538 0.02874324905006951
4 0.7873541033953313 0.8393371104698952 0.02587329528527018 0.019331881458888846
4 0.7342483740734957 0.8234042923656244 0.04320634449948209 0.02285692496187508
4 0.7240750074481073 0.8072526155038883 0.04782106989237604 0.021403527735416716
5 0.6932402303598021 0.8493316659407284 0.03419521753501122 0.030451219414791807
4 0.8243039857364856 0.9172978030992006 0.013227746071058633 0.0159159407294446
4 0.7310185202683888 0.7587060127303465 0.03746576674922295 0.03364895459715278
4 0.8077865355698698 0.6687336697404507 0.032050520678164315 0.017914851823611144
4 0.7690151339982932 0.6633928595199646 0.016571069892376045 0.020676175911805574
2 0.7894517584815646 0.7105217794478464 0.026164393713693813 0.025581881458888844
2 0.8092355655536592 0.7381558169669089 0.03866439371369381 0.025872822188333443
2 0.7792933544287888 0.7443155511993396 0.030560795285270358 0.01944098423243048
4 0.8433922417323416 0.7420432299609367 0.029071069892376046 0.020967116641249995
2 0.874732132964836 0.7561414443417354 0.040299668320799495 0.02747168977951393
2 0.8724804282501062 0.7374641795240965 0.029071069892376046 0.020967116641250172
4 0.8423541265546952 0.7810875461653465 0.03368579528527036 0.019513719414791807
4 0.5958558081100611 0.8625239565939232 0.035539393713693634 0.025800087005972472
4 0.6244174557526962 0.852494339952673 0.038518844499482084 0.022747822188333443
4 0.7014508366461084 0.8741134603936451 0.036703787427387446 0.05080008700597247
4 0.7126943976471443 0.9175543358686105 0.02162244292790554 0.028597778685347207
4 0.7835505531476624 0.9377564266743048 0.029289393713693813 0.025654616641250173
2 0.6556161058765306 0.8026027895158327 0.03924659057054072 0.03837282218833345
4 0.6854513091435184 0.7652294228745827 0.05926799214211709 0.03259560087368065
4 0.5745673130724598 0.783418338052812 0.03710189371369381 0.02583645459715278
2 0.5920801447516603 0.8095444269586454 0.04066354135632899 0.03528418977951375
7 0.5479277303598021 0.8527138519205202 0.035321069892376045 0.02111258700597247
2 0.6045030620390024 0.8779307510468397 0.03695634449948208 0.02271145459715278
2 0.5663673612532142 0.8756967570307633 0.022821069892376044 0.020821646276527873
4 0.47450734698519065 0.8708111949104161 0.04178939371369381 0.025945557370694417
2 0.5155154906988842 0.844883821335312 0.022748295285270358 0.01925914627652787
4 0.501089117663355 0.8530236296559369 0.043133569892376045 0.02129442496187508
4 0.5295758366461083 0.8781138954235065 0.03234161910658777 0.024164851823611146
2 0.6664594065384846 0.8546374149907979 0.01962329528527036 0.019186411094166543
2 0.4881182367699429 0.829913437976562 0.048112168320799495 0.027653527735416718
2 0.5327436861079891 0.7765877630146869 0.030997442927905537 0.02881598423243048
2 0.5080711718399654 0.770138394473576 0.035539393713693634 0.025800087005972118
2 0.43208871464403636 0.7929777888502427 0.024238020678164496 0.017733013867708182
2 0.40874325992930666 0.7747914865135413 0.030342471463952768 0.01475348423243048
4 0.43835798532220077 0.7756630022811107 0.03419521753501122 0.03045121941479163
2 0.49684472746431785 0.7430855852030204 0.02587329528527036 0.019331881458888846
4 0.5206632171252357 0.7511156375397217 0.0293621683207995 0.02721711664125017
2 0.4318190409465533 0.7485010902370135 0.02587329528527036 0.019331881458888846
2 0.4499162235353765 0.7285697967340274 0.03368579528527036 0.019513719414791807
2 0.39312041398208264 0.7415977800165274 0.0293621683207995 0.027217116641249994
2 0.4298413180348586 0.7071857592149648 0.02260274607105863 0.016134146276527872
2 0.40731134657090584 0.7217574054914927 0.05755994292790536 0.02943423328249999
4 0.4746658205160578 0.6663419004574995 0.019768844499482085 0.022311411094166723
4 0.4534457919800106 0.6527885467340273 0.021476893713693636 0.025472778685347208
4 0.5370202713018462 0.6680121968102772 0.032050520678164315 0.017914851823611144
2 0.5559329371414463 0.6808388519205204 0.027799668320799498 0.027180749050069508
2 0.6016435434277527 0.7047478241851037 0.029289393713693813 0.025654616641250173
2 0.6148349021952584 0.6896131334556592 0.03034247146395259 0.014753484232430659
2 0.5709607777119869 0.6430297273954857 0.027290246071058632 0.01624324905006951
2 0.5866414356937042 0.6247154852792703 0.035539393713693815 0.025800087005972295
4 0.6280455316409285 0.657309126521805 0.03077911910658777 0.02412848423243048
4 0.5043554745688338 0.6320935338162496 0.04000856989237604 0.02122168977951393
4 0.44800265901968384 0.8199214953472567 0.017769696856846907 0.01290004350298588
4 0.28763885546224593 0.6605497613991664 0.03568494292790536 0.028925087005972117
4 0.2781397309789746 0.6131662683330206 0.048112168320799585 0.027653527735416718
4 0.3441435665871165 0.6537717781166663 0.01827911910658786 0.02383754350298606
2 0.22309266604899722 0.5551368692067011 0.036194365177646404 0.0398625870059723
2 0.46676139102760655 0.4004084291428468 0.027799668320799498 0.027180749050069508
4 0.579751542599183 0.4040217787822565 0.04059076674922295 0.03372168977951393
2 0.6898328639393014 0.43657774601284666 0.04178939371369381 0.025945557370694417
3 0.6463375750641719 0.4321272885659022 0.04327911910658777 0.02441942496187508
4 0.7516051178682428 0.4507480423656244 0.027363020678164318 0.017805749050069507
4 0.7996423575291606 0.45821439703902705 0.035539393713693634 0.025800087005972295
4 0.862159474154549 0.4731477595962145 0.02587329528527036 0.019331881458888846
4 0.874494654262173 0.4931511350711798 0.04000856989237604 0.02122168977951393
4 0.824695861458102 0.4732393317845479 0.032050520678164315 0.017914851823611144
4 0.7217891852794196 0.4709520928024647 0.05101884449948209 0.023038762917777688
4 0.8375918136916323 0.5314694058727424 0.03419521753501158 0.030451219414791807
4 0.6493469509951852 0.5350704506099995 0.04327911910658777 0.02441942496187508
2 0.6228764962804556 0.5169568834556592 0.04535104135632899 0.035393292553055566
2 0.6618662216733497 0.5176101936761452 0.03212329528527036 0.019477351823611145
2 0.5413182812266436 0.5087099319926385 0.01962329528527036 0.019186411094166723
4 0.5334351606723138 0.4768968875397218 0.01642552067816432 0.01755117591180557
4 0.6973049538906694 0.6447714525098605 0.024238020678164496 0.01773301386770836
2 0.7163289356937044 0.6216969752112841 0.0293621683207995 0.027217116641249994
2 0.747251449961728 0.628000873387673 0.06624573821317573 0.04836607123840277
2 0.6321915301931863 0.6018040089306245 0.0293621683207995 0.027217116641249994
2 0.7111170508713508 0.5827981293715967 0.03739299214211726 0.03208645459715278
4 0.4716029406561031 0.5477919222089926 0.049674668320799496 0.02768989532659738
4 0.582848655709915 0.5553478894395829 0.027799668320799498 0.027180749050069508
4 0.6617720223353034 0.5698993922893745 0.02111302067816432 0.017660278685347208
2 0.5519989160489972 0.5474814912631939 0.04080909057054072 0.03840918977951393
2 0.5016222344936313 0.4729549231589232 0.03419521753501122 0.03045121941479163
4 0.50727076695862 0.5024787689986108 0.04298802067816432 0.01816942496187508
2 0.275509190656103 0.5523560549021524 0.03361302067816441 0.01795121941479181
2 0.2900789588530681 0.574648628990347 0.04015411910658786 0.02434668977951393
2 0.3409115587292336 0.6226308808902081 0.021040246071058633 0.01609777868534721
2 0.32726858974648027 0.5971951230064233 0.02274829528527027 0.01925914627652787
2 0.22876896960643509 0.7181089946816664 0.032487168320799585 0.027289851823611145
2 0.2834543155536592 0.7503935113991664 0.053163541356328815 0.03557513050895835
2 0.1728079139820826 0.7467256103729859 0.05279966832079959 0.02776263050895835
2 0.19398940116180102 0.7946175965052775 0.040081344499481995 0.02278418977951411
2 0.20089437262575371 0.7804096261405553 0.03368579528527036 0.01951371941479163
4 0.34889307093034266 0.819887087387222 0.023112168320799587 0.02707164627652787
4 0.35971087034944216 0.42006892534312473 0.03234161910658786 0.024164851823611146
2 0.3380284613342675 0.5337320350505206 0.026164393713693723 0.025581881458888844
2 0.323131207405326 0.5184707109623261 0.023039393713693724 0.025509146276527873
4 0.8256846650155399 0.6363205600330548 0.05643409057054072 0.038772865691319505
4 0.7283430922276797 0.5480594534597911 0.05458049214211709 0.03248649810013902
4 0.7904085986378204 0.5224223674037493 0.03880994292790554 0.028997822188333446
4 0.7629385701017732 0.5090144840449993 0.038518844499482084 0.022747822188333443
2 0.8988845705160579 0.6564680994519784 0.04178939371369381 0.025945557370694417
4 0.901187625106953 0.7243095628828464 0.021622442927905182 0.028597778685347207
2 0.7153102069910413 0.35872484973631885 0.06929796360606985 0.04687630642076392
4 0.5441822237402644 0.3299309685617704 0.035321069892376045 0.021112587005972294
4 0.6839275820934851 0.16123290710701332 0.03739299214211726 0.03208645459715278
4 0.684034589951368 0.19244653951583274 0.029216619106587773 0.024092116641249994
4 0.7255415014477421 0.0385214525098605 0.04952911910658777 0.02456489532659727
2 0.21852929053226852 0.602847670593472 0.05211046360606986 0.046476262917777865
2 0.5243299501666158 0.236744666225069 0.03434076674922295 0.03357621941479172
2 0.560091975807179 0.13914231440145786 0.03321491439185813 0.04291485182361114
2 0.7042314658823814 0.2949896580569439 0.048112168320799495 0.027653527735416718
2 0.6535786484712046 0.2766585385659022 0.029726041356328992 0.03502961664125
2 0.923336722706807 0.4163152249269436 0.035757717535011224 0.030487587005972296
4 0.9193490818885973 0.5521981735401729 0.03354024607105828 0.01638871941479163
2 0.8839381207637269 0.5584851943417354 0.03902826674922295 0.03368532218833344
4 0.7709031972711317 0.12018837338767296 0.029726041356328815 0.03502961664125
4 0.7877653655919312 0.09326219747586739 0.030488020678164317 0.017878484232430568
4 0.8345119330031079 0.1116842359448604 0.031142992142117264 0.031940984232430567
2 0.898880494004144 0.15388861331968676 0.03263271753501122 0.030414851823611144
2 0.9723351106295326 0.1685674027386103 0.026164393713693813 0.025581881458888935
5 0.6216564445850444 0.5599074496600689 0.04200771753501122 0.030633057370694418
4 0.9128552568244256 0.10517835638583257 0.03673802067816467 0.01802395459715278
2 0.9600297398703148 0.5333020499650687 0.0293621683207995 0.02721711664125017
4 0.6858236825933324 0.9080345187142702 0.030560795285270358 0.01944098423243048
2 0.5127693263070261 0.8870895051309023 0.02296661910658777 0.023946646276527872
2 0.41467858271716695 0.8651800971708677 0.030342471463952768 0.01475348423243048
2 0.15496544251812988 0.761188153875972 0.029071069892376133 0.020967116641249995
3 0.08107202419733031 0.789441746865868 0.05556079528527027 0.020022865691319502
4 0.13385888399829324 0.678176285334861 0.033831344499482 0.022638719414791807
2 0.1999954603008102 0.6321539640964582 0.022893844499481997 0.02238414627652787
4 0.28952464888548946 0.4357497831506595 0.033540246071058634 0.01638871941479163
2 0.2853123378844534 0.39214525351538165 0.03077911910658786 0.024128484232430657
4 0.8178209309361932 0.3024910739007632 0.032050520678164676 0.017914851823611144
3 0.789610347809251 0.22120535951996462 0.04288101282028158 0.049383057370694504
4 0.9531998128630628 0.22754301244600614 0.03368579528527036 0.01951371941479172
4 0.9781227301504052 0.2956383958047561 0.01493579528527036 0.019077308320624996
4 0.9674334791169479 0.3910963661694783 0.02743579528527036 0.019368249050069508
2 0.8580775182014744 0.9461670322976381 0.03197774607105828 0.016352351823611146
3 0.8555175984329326 0.9173517012755894 0.01762414764263518 0.009775043502985881
7 0.6872213627009562 0.9282924673274995 0.04774829528527036 0.019841027735416718
4 0.43125623056468976 0.4589846485576385 0.03219606989237604 0.021039851823611143
4 0.3401475411514411 0.35419000541524276 0.030488020678164494 0.017878484232430568
4 0.27805641770162703 0.21282142942718724 0.01962329528527036 0.019186411094166723
4 0.2529279851128038 0.23291637709048585 0.02743579528527027 0.019368249050069508
4 0.39145544582338954 0.0736114994313191 0.057705492142117176 0.03255923328250003
5 0.5792314658823814 0.2978990653513883 0.02765411910658777 0.02405574905006951
4 0.662296522954476 0.3240602154276383 0.025582196856846907 0.013081881458888934
4 0.6940002872224996 0.3303459298084369 0.02431079528527036 0.019295513867708357
4 0.5268834077768296 0.36623214447357594 0.029071069892376223 0.020967116641249995
4 0.6173992458661708 0.36646657418510364 0.025946069892376043 0.020894381458888934
4 0.9406355386702417 0.3800140490151381 0.029216619106587773 0.024092116641249994
2 0.37271610029045027 0.19110812395635385 0.03263271753501131 0.030414851823611144
2 0.37465528184581615 0.2667620873872219 0.018351893713693723 0.025400043502986146
5 0.3899827212590649 0.37332055870187464 0.03568494292790554 0.028925087005972294
5 0.3527010450803825 0.369505880890208 0.03880994292790545 0.028997822188333355
2 0.31374986104381725 0.3345139382609025 0.02736302067816441 0.017805749050069507
4 0.2837006420610638 0.30946004008451367 0.030342471463952768 0.014753484232430569
2 0.21186202936461682 0.3103516992788193 0.035321069892376135 0.021112587005972294
5 0.31316335608141854 0.4141287030785413 0.029071069892376223 0.020967116641250172
1 0.3772386646012551 0.49614046286218716 0.02721747146395277 0.014680749050069507
1 0.339539611458102 0.48453146884611087 0.02565497146395277 0.014644381458888845
4 0.27631401943981937 0.46805379008451364 0.028852746071058543 0.016279616641249994
4 0.25707171381546684 0.49581576738309 0.021040246071058633 0.01609777868534721
2 0.23170784077993756 0.504210148841979 0.01955052067816441 0.017623911094166722
2 0.22713800310488114 0.6525930974552081 0.02282106989237622 0.020821646276527873
5 0.18074034615662105 0.5764131103729859 0.04171661910658786 0.024383057370694416
2 0.3127929050907424 0.8074604757799649 0.02921661910658786 0.02409211664125017
3 0.43237550496690796 0.8538425536678815 0.027363020678164318 0.017805749050069507
7 0.6610185434277527 0.7033658557202425 0.021040246071058633 0.01609777868534721
4 0.7810871025667618 0.5382473891552424 0.036810795285270356 0.019586454597152782
4 0.9739019187350844 0.10141627032979086 0.02630994292790554 0.028706881458888934
4 0.9127482489665427 0.07396472397701312 0.04371576674922295 0.033794424961875034
2 0.6172559665015539 0.05118706630131893 0.016571069892376045 0.020676175911805574
4 0.5450363641441891 0.043503159291214816 0.040081344499482086 0.02278418977951392
1 0.4464704315553659 0.06530738373999963 0.02721747146395277 0.014680749050069464
1 0.43291519975233095 0.08825457446944407 0.014644696856846906 0.012827308320624998
2 0.5350042386274605 0.09134124724711759 0.021767992142117266 0.03172277868534723
4 0.4956805653442622 0.19839133425308986 0.02162244292790554 0.028597778685347207
2 0.4822601124915593 0.38600043702663156 0.02118579528527036 0.01922277868534721
4 0.24163295843878335 0.42515842847725677 0.03368579528527036 0.019513719414791807
4 0.47505758044085533 0.507130554617812 0.025946069892376043 0.020894381458888844
2 0.38337519458504443 0.5654535073151038 0.029071069892376223 0.020967116641249995
2 0.3648071311028091 0.5619836684092705 0.024238020678164406 0.01773301386770836
1 0.3812968101769757 0.6770995221327427 0.02431079528527027 0.019295513867708357
3 0.359783529159729 0.7033535508180899 0.042080492142117176 0.03219555737069442
2 0.8113738002521782 0.8262915966021869 0.01762414764263518 0.009775043502985881
2 0.9330583633201288 0.6767435786504159 0.013227746071058633 0.01591594072944442
2 0.9551945366033271 0.5700935351474297 0.019477746071058632 0.01606141109416672
4 0.8394882615819366 0.42372964105510347 0.01635274607105828 0.015988675911805573
4 0.852823015510878 0.43902733273447847 0.02394692224974122 0.011483013867708359
4 0.7574227783311596 0.3928628071832633 0.04705909057054072 0.03855466014423614
2 0.4317164569910412 0.36532556753558987 0.024456344499482086 0.02242051386770836
2 0.4463611538478881 0.3524982592149649 0.022675520678164317 0.017696646276527783
2 0.4031868885464072 0.4416886989944787 0.022457196856846905 0.013009146276527873
4 0.5027502409037721 0.44873617315892317 0.040517992142117265 0.03215918977951393
2 0.5476624805646898 0.45627526301468696 0.02587329528527036 0.019331881458888846
2 0.542630378207325 0.4470275495838189 0.022457196856846905 0.013009146276527873
4 0.3283347076102138 0.12190483548736082 0.030488020678164408 0.017878484232430568
4 0.36236295120007306 0.1453053146857983 0.02409247146395268 0.014608013867708358
4 0.37916946153915526 0.13632970497840247 0.029143844499481996 0.022529616641249993
2 0.6878914125343405 0.6793282904657633 0.032487168320799495 0.027289851823611145
4 0.3106355155108779 0.4516468868741317 0.03077911910658786 0.02412848423243048
4 0.8348650357747577 0.27165864798895767 0.016571069892376045 0.020676175911805574
2 0.3349700053766835 0.06322016650940944 0.026018844499481997 0.02245688145888891
2 0.39909031741117673 0.010221146657777442 0.02274829528527027 0.0192591462765278
2 0.4587007578578829 0.020539744397326004 0.03710189371369381 0.0258364545971528
1 0.5404237928040709 0.008492379655937046 0.023946922249741043 0.011483013867708353
2 0.8359138054194648 0.3496745452154159 0.04531680810555159 0.06816942496187509
2 0.774762289703699 0.2886656164538188 0.043788541356328814 0.03535692496187508
4 0.7890195347413004 0.3679348891552424 0.04157106989237604 0.021258057370694416
4 0.9047836217971842 0.46279083463433945 0.021113020678164673 0.017660278685347208
2 0.47543426199622124 0.5828208856398607 0.014571922249741043 0.011264808320624908
2 0.6993257578578829 0.014939135355520244 0.028488873035529317 0.008467116641250027
2 0.58114718445085 0.1729899843293398 0.026164393713693813 0.025581881458888935