0 0.5171890626425414 0.37614318238474675 0.10056360226293641 0.10211577792830422
6 0.5664527435570923 0.24696029342059472 0.08165906615858276 0.07457063206674715
4 0.6065737495090207 0.29252842096478604 0.045430674668035034 0.02268722749876275
6 0.1945469690620079 0.5298125734966054 0.11765110831306051 0.08582903663473136
2 0.5106173966569092 0.5898338681603955 0.0801511083130606 0.08386374491161738
1 0.2847169302271799 0.3125221749215149 0.032967036104353475 0.028282130257724792
1 0.30423908986810033 0.30993608548239304 0.02668976502711464 0.023267081637205766
1 0.3380328277678519 0.3425505116471034 0.03144998789975162 0.036012743102595036
1 0.34886578863843626 0.3240085515611951 0.03292158430895542 0.020469630257724792
1 0.21845612597245384 0.3410023790145294 0.023592036104353474 0.027790807326946342
1 0.47398396330647136 0.3377700791508149 0.03143180718159222 0.032887743102595034
1 0.45661465612487895 0.30742083785724217 0.03610112646343318 0.030008404567984304
2 0.7093811078220812 0.3668523123037873 0.05644089754067192 0.03576043758467105
2 0.4510408461146163 0.15532274932263146 0.04710225897699054 0.041519114653892554
7 0.06092997228346175 0.3984917316826343 0.020585210772388528 0.04793953301668683
2 0.5363294272021178 0.30793209294562485 0.02674430718159222 0.032642081637205764
1 0.5443146440246306 0.3372101571699761 0.018931807181592396 0.03223264586155707
4 0.38804646330647136 0.3422738726829513 0.04390453610435348 0.028855340343633084
2 0.6257146349494442 0.358733275103229 0.029851126463433176 0.02968085594746528
1 0.4719043546006273 0.5176213534610744 0.08939884328594587 0.062480067842395924
2 0.6747657341873184 0.4616635232942067 0.023573855386194255 0.024665807326946343
2 0.7654180052645574 0.4616015682966811 0.02977840359079629 0.01718085594746519
2 0.45168223731057644 0.39989494290019634 0.031413626463433174 0.029762743102595125
3 0.46890259532904927 0.6732948213488988 0.023682939695149584 0.043415807326946165
1 0.49140885440423565 0.6463262075995175 0.02199317466803503 0.021458920171816588
1 0.5101411945669235 0.7766345053155252 0.020430674668035033 0.021377033016686652
4 0.30018389070498086 0.5531914405253472 0.017323855386194253 0.02433825870642714
1 0.784807312937129 0.16752734170242944 0.026707945745273777 0.026392081637205765
2 0.3803016201187213 0.2199861148810352 0.03933521077238851 0.048922178878243724
3 0.1782401921310366 0.4134439450479029 0.025281801131468162 0.049747694482076096
4 0.279731531900941 0.7988691106971636 0.03458407825883123 0.03773901741285464
4 0.40901399004105093 0.5881252832438294 0.020448855386194252 0.02450203301668665
4 0.10602884884509074 0.3593982541838715 0.03289431323171654 0.0157821302577247
4 0.15669646935659554 0.3372056716421546 0.0297784035907962 0.017180855947465278
1 0.24483227361132162 0.3075790473773236 0.01730567466803503 0.021213258706427318
4 0.32414758976990443 0.3737562460432711 0.012590903590796199 0.01628009724103805
4 0.6044350534691592 0.46222344527504544 0.031313632513557364 0.012575243102595123
2 0.754107800542293 0.39811227838258934 0.021974993949875808 0.0183339201718165