4 0.47265625 0.2671875 0.06796875 0.03046875
2 0.34375 0.38203125 0.06484375 0.05078125
2 0.19609375 0.290625 0.09375 0.046875
2 0.08515625 0.090625 0.0859375 0.065625
4 0.2421875 0.159375 0.046875 0.0375
2 0.54765625 0.3078125 0.06484375 0.059375
5 0.28203125 0.63984375 0.0515625 0.015625
7 0.36640625 0.74296875 0.03125 0.021875
2 0.5375 0.584375 0.07109375 0.03828125
5 0.6796875 0.7015625 0.05234375 0.0203125
3 0.52109375 0.45546875 0.03984375 0.03828125
2 0.60078125 0.21484375 0.0796875 0.06015625
2 0.5203125 0.1578125 0.08046875 0.053125
2 0.6359375 0.15703125 0.08828125 0.0671875
2 0.61875 0.0578125 0.06328125 0.05703125
7 0.45703125 0.125 0.0515625 0.02734375
2 0.30078125 0.228125 0.0671875 0.03671875
7 0.1828125 0.15859375 0.03203125 0.01328125
1 0.08359375 0.29296875 0.0390625 0.0234375
2 0.3453125 0.08828125 0.05859375 0.0421875
4 0.75546875 0.3609375 0.03125 0.04375
2 0.32890625 0.45703125 0.05703125 0.0625
7 0.253125 0.428125 0.025 0.02265625
2 0.29375 0.51484375 0.03828125 0.02421875
4 0.3453125 0.2046875 0.034375 0.04453125
4 0.2734375 0.1296875 0.0140625 0.02734375
7 0.43046875 0.09140625 0.034375 0.02578125
5 0.77109375 0.21875 0.03125 0.03515625
7 0.846875 0.26015625 0.01484375 0.040625
5 0.79453125 0.36875 0.034375 0.02109375
4 0.84296875 0.4625 0.06484375 0.025
7 0.80859375 0.1640625 0.03984375 0.01328125