4 0.99936834902377 0.6843839218120251 0.0012633019524599832 0.02380121285298138
4 0.9904160888775003 0.7294236371722891 0.0191678222449994 0.018096782132453627
4 0.9773623043782061 0.7452615858395056 0.02217500892845372 0.017823997492717503
4 0.9839532236150852 0.7649746922659963 0.02702615016215546 0.027335389812585476
4 0.9537475263750288 0.7344233742401653 0.02373750892845372 0.01786946159934022
4 0.8998958234529295 0.7359798625616829 0.04256932954530477 0.02310253087881229
4 0.8825174086802772 0.7245422573888334 0.04563978246740419 0.020068459092057723
5 0.8732066383877377 0.772684240695786 0.031768197240056396 0.030596782132453627
4 0.8684588628201924 0.6796245624825407 0.03648297077900686 0.032295674452321774
4 0.9002252857105197 0.5759145407749282 0.029960235389503254 0.01648881802583091
4 0.8620804034052714 0.5826131701626726 0.01595228246740419 0.019204641066226814
2 0.9017565580316539 0.6189060228282395 0.02543637662320535 0.02572742570596276
2 0.9309628169601076 0.6369346088007591 0.03793637662320535 0.026091138558944314
2 0.906221915580136 0.6510509330947963 0.028425008928453722 0.01800585391920819
4 0.962844062495881 0.6292728729865241 0.028479556006354302 0.021130853919208194
2 0.9887484488616142 0.6317446551189778 0.022503102276771613 0.025954746239076343
2 0.9870700363210754 0.615937798692487 0.025859927357849345 0.021085389812585474
4 0.9790827171222635 0.664883764052751 0.031550008928454075 0.018096782132453627
4 0.7911850710172976 0.8155871430447839 0.034811376623205346 0.02600021034569906
4 0.8119651753193686 0.79823215848419 0.037881829545304765 0.022966138558944492
4 0.8907214208551417 0.7919343458686354 0.03365797970746058 0.04939224623907634
4 0.9186651887120494 0.8271049677345325 0.020803423701106282 0.02871603338609461
4 0.9888700898917978 0.823750298692487 0.022259820216404335 0.024210389812585477
2 0.8188094646866315 0.7429907290173035 0.036564791395857554 0.03698317445232178
4 0.830545805596022 0.6996044418702849 0.056795470779006506 0.032886707838416386
4 0.7385316294592839 0.7515868275262354 0.034811376623205346 0.02600021034569906
2 0.7646128883877377 0.7695244852855095 0.03810001785690744 0.035466138558944496
7 0.7436651887120492 0.8220129877927921 0.03313978246740419 0.019704746239076344
2 0.8054248490204747 0.8261525700043879 0.03475682954530477 0.02287521034569906
2 0.7704595137931272 0.8360671276053775 0.022229556006354477 0.020948997492717326
4 0.6842316874942332 0.8616688696878189 0.041061376623205345 0.026182066772189927
2 0.710920872559425 0.8249644915537158 0.02220228246740419 0.019386497492717324
4 0.7017640608710278 0.8371917069139798 0.0425420560063543 0.021540030878812642
4 0.7379061124131553 0.8499561313663013 0.031659103084255236 0.024346782132453625
2 0.851590737007766 0.7868914932030684 0.01905000892845372 0.017733069279472248
2 0.6796163254815244 0.820930209421262 0.04421365016215582 0.02783549498543536
2 0.6980429971540356 0.7582172607540457 0.027026150162155815 0.027335389812585476
2 0.6723162942319363 0.7605921029947714 0.034811376623205346 0.02600021034569906
2 0.6137458636309713 0.8049582169431095 0.02373750892845372 0.017869461599340043
2 0.5854844959362197 0.7963273630239014 0.029932961850553143 0.01492631802583091
4 0.6118697179330425 0.7869440028364869 0.031768197240056396 0.030596782132453627
2 0.651649238225582 0.7396885696086766 0.025327282467404188 0.01947742570596276
4 0.6758407146866315 0.7388307632613282 0.028588650162155817 0.027380853919208192
2 0.5950952751572128 0.7653728797169487 0.02376478246740419 0.01943196159934022
2 0.6032662853034825 0.7414041823033735 0.03313978246740419 0.019704746239076344
2 0.5569367560824894 0.7712902591046931 0.028561376623205348 0.02581835391920819
2 0.5757316205308303 0.7296710604374765 0.02058523538950343 0.016216033386094786
2 0.5620100397677095 0.7487931334778724 0.0567409237011061 0.029761707838416383
4 0.5982554569759938 0.6780092720368167 0.01913182954530477 0.022420569279472245
4 0.5739548863591428 0.6726170783841653 0.019186376623205346 0.025545569279472248
4 0.6565082877391146 0.6601829260351673 0.02998750892845372 0.01805131802583091
2 0.6784651083559655 0.6655069235278848 0.023873876623205347 0.02568196159934022
2 0.7293418157422918 0.6724532569931221 0.028534103084255236 0.024255853919208193
2 0.7352781700443629 0.6546663634196127 0.02837046185055314 0.014880853919208192
2 0.6762344066516823 0.6271802094212621 0.02680796185055314 0.014835389812585476
2 0.6821025771063776 0.6054870658477529 0.03319432954530477 0.022829746239076344
4 0.7331429257264057 0.62180839931299 0.02853410308425506 0.024255853919208193
4 0.610827594963285 0.6377707169431096 0.03938978246740419 0.019886602665567032
4 0.6398543960983754 0.8244583747023839 0.017378414772652385 0.011437605172849174
4 0.42740321468663156 0.7316019703083219 0.033276150162155814 0.027517246239076344
4 0.3993912629823482 0.6925250984424249 0.04733865016215581 0.02792642319868044
4 0.47618558806342615 0.7080340896669363 0.017596603084255057 0.02393760517284953
2 0.32539465543386625 0.658357035431159 0.03505683847375849 0.04006271034569906
2 0.4793615864418683 0.4426364102000496 0.02543637662320535 0.02572742570596276
4 0.5842166818154857 0.4105489873970806 0.039607970779006865 0.03238660266556703
2 0.6965666773512588 0.40522865307391376 0.039471603084255055 0.024574102665567032
3 0.6545564553544361 0.4141573721951014 0.04259660308425506 0.024665030878812288
4 0.758135422887032 0.3984307352855096 0.02686250892845372 0.017960389812585565
4 0.8040518948838546 0.3896156764308787 0.03478410308425524 0.02443771034569897
4 0.8664018904196279 0.38284049069578596 0.02376478246740419 0.01943196159934022
4 0.8861649655007057 0.3966900420285695 0.03782728246740419 0.019841138558944316
4 0.8330399655007057 0.39514426240339834 0.029987508928454077 0.018051318025830997
4 0.739095096588138 0.42598743395272615 0.0487920560063543 0.021721887305303157
4 0.8698093084386912 0.44384618685571997 0.031768197240056396 0.030596782132453627
4 0.7014508206135558 0.5061008312871591 0.04100682954530477 0.02305706677218957
2 0.6700780896882792 0.4981602991547055 0.042787517856907445 0.03560253087881229
2 0.7050025146072013 0.48590199155371583 0.02998750892845372 0.01805131802583091
2 0.5930752589251584 0.5154410758768828 0.019077282467404012 0.019295569279472246
4 0.5723536558409034 0.4914125424907879 0.01592500892845372 0.017642141066226812
4 0.7911366578694983 0.5891383033113405 0.02373750892845372 0.01786946159934022
2 0.7976906209378674 0.5619991417911427 0.028561376623205525 0.02581835391920819
2 0.8280775503210162 0.5581981918702849 0.06326365909060953 0.045568564264907255
2 0.7135201724799949 0.5712628300335179 0.026998876623205527 0.025772889812585652
2 0.7775866266199102 0.5286183404583591 0.03489319724005639 0.03068771034569906
4 0.5464417666357961 0.5726481706248909 0.04733865016215581 0.02792642319868044
4 0.6490485693957397 0.545961301661988 0.025409103084255237 0.024164925705962757
4 0.7276957207757115 0.5334134890464334 0.01905000892845372 0.017733069279472248
2 0.6186207297041653 0.5474185015828457 0.03656479139585791 0.03698317445232178
2 0.5419803632272295 0.49599474241164554 0.0333306972400564 0.030642246239076344
4 0.558822989850435 0.5214721155311837 0.042487508928453724 0.01841503087881229
2 0.3711202126580367 0.6386044765765281 0.03311250892845372 0.018142246239076343
2 0.3932679480475401 0.6548659740692455 0.037881829545304765 0.022966138558944315
2 0.4593429614402207 0.682556716547398 0.02058523538950343 0.016216033386094963
2 0.4363594289728166 0.6631474870013692 0.02220228246740419 0.01938649749271768
2 0.3981890474783472 0.8025904202291796 0.03171365016215581 0.027471782132453625
2 0.4616339387120492 0.8138067165473981 0.05057274431795715 0.03426735141192587
2 0.3599038433384319 0.8459850675636126 0.048873876623205435 0.0264093873053028
2 0.40036124796481454 0.8823006522824908 0.0394170560063543 0.02144910266556721
2 0.40008851257531114 0.8666756522824908 0.03313978246740401 0.019704746239076344
4 0.5498157771858077 0.8554152065182683 0.019186376623205346 0.025545569279472248
4 0.39124002353565507 0.49395120612255694 0.031659103084255145 0.024346782132453625
2 0.41890314772322856 0.6025138638818311 0.023846603084255236 0.024119461599340218
2 0.400030416797952 0.594937044602359 0.020748876623205348 0.025591033386094964
4 0.9035042443146619 0.5400907010414849 0.05534206493480838 0.039091243731793845
4 0.7777269484545771 0.49192232251167045 0.053670470779006864 0.03279577962517113
4 0.8238519261334428 0.4503174957103509 0.03640115016215582 0.0276081744523216
4 0.7925610158250173 0.44706446357789725 0.037881829545304765 0.022966138558944315
2 0.9776139001588604 0.5360002461060623 0.04103410308425524 0.02461956677218975
4 0.998563779624735 0.5945401718120251 0.002872440750530103 0.02848871285298138
2 0.6858280004037418 0.32683086843417763 0.06479888555165925 0.044051528371529966
4 0.5192268814911741 0.35555995902555076 0.03313978246740401 0.019704746239076344
4 0.5759603023529064 0.16121657713052398 0.0333034237011061 0.029079746239076297
4 0.5881699760540127 0.1896825579301941 0.028534103084255236 0.02425585391920828
4 0.5613193295453047 0.03819661427754252 0.04566705600635448 0.021630959092057755
2 0.3409884277550006 0.7017576944440744 0.049173885551659156 0.04359688730530316
2 0.4632302516215578 0.2789687152937569 0.031822744317957154 0.03372178213245362
2 0.45526201866768634 0.1803493588672662 0.03036933847375849 0.03992631802583095
2 0.6489768368489054 0.27344144398185594 0.04733865016215581 0.02792642319868044
2 0.5958791103878557 0.2734581643566848 0.02710797077900686 0.03202288981258557
2 0.8979734443973874 0.3127014869348622 0.0333306972400564 0.030642246239076344
4 0.9516496436660387 0.43529555245341073 0.03305796185055314 0.015017246239076344
2 0.9230706761334428 0.4532044664808911 0.03648297077900686 0.032295674452321774
4 0.636519926947517 0.09660615934211988 0.027135244317957153 0.03358538981258559
4 0.6399079797074606 0.06703231960867659 0.028425008928453722 0.01800585391920826
4 0.6899079797074605 0.06848717102060238 0.030205697240056395 0.030551318025830953
2 0.7659483283274888 0.08553593019180242 0.030205697240056395 0.030551318025830953
2 0.8376187767853611 0.07590852909644574 0.02543637662320535 0.02572742570596289
5 0.6863712913925626 0.5368961902209323 0.03955342370110611 0.029261602665567033
4 0.7580852353895035 0.03767509171200035 0.034647735389503255 0.01662521034569898
2 0.9130415166390915 0.10230955621433444 0.033276150162155814 0.0275172462390763
4 0.9506796586835724 0.24551999861334473 0.017432961850553142 0.014562605172849529
4 0.9419495409888207 0.23745744602692004 0.029932961850553143 0.01492631802583091
4 0.9029767698855025 0.15199130746797568 0.0269170560063543 0.021085389812585564
2 0.9800240596565072 0.4056678884259304 0.027026150162155815 0.027335389812585476
4 0.8905674622509995 0.8278491138153241 0.028425008928454076 0.01800585391920819
2 0.7264191874942332 0.8628964005666312 0.020721603084255236 0.02402853338609461
2 0.6290220361142614 0.8748986439027137 0.02837046185055314 0.014880853919208192
2 0.35007487580583596 0.8644395508705651 0.026917056006354478 0.021085389812585474
3 0.29624649228277167 0.9120670571387712 0.05186250892845372 0.01868781551854859
4 0.29577711363097137 0.795706271245394 0.03160455600635439 0.021221782132453626
2 0.33687367207295776 0.7344338021242063 0.02066705600635439 0.020903533386094963
4 0.33567186200941357 0.5313769982841403 0.033057961850553055 0.015017246239076344
2 0.31234741030513025 0.4924365187381115 0.028506829545304768 0.02269335391920819
4 0.7554489793004235 0.24452448528550966 0.029960235389503254 0.01648881802583091
3 0.695777924511885 0.18110083128715906 0.03985343262955983 0.04644910266556703
4 0.8456727844959989 0.1347068675762478 0.02998750892845372 0.01805131802583091
4 0.90045178774241 0.1862753792547303 0.020639782467404187 0.019341033386094875
4 0.9301450162320544 0.27693748317393857 0.03001478246740419 0.01961381802583091
7 0.9002424711794532 0.8453093984550601 0.04563978246740419 0.020068459092057723
4 0.47266730153883224 0.5064715896669363 0.03160455600635448 0.021221782132453626
4 0.3458087467502938 0.44109297908381045 0.02998750892845372 0.01805131802583091
4 0.2307274431795714 0.33467183135366607 0.0175147824674041 0.01925010517284953
4 0.21712859334172716 0.360825154394062 0.02686250892845372 0.017960389812585652
4 0.2739983818982112 0.17429427249903517 0.053643197240056395 0.031233279625171174
5 0.5380490194784653 0.31550326035833426 0.025381829545304768 0.022602425705962936
4 0.6246723120921391 0.31255776827589304 0.023655688311602675 0.013181961599340219
4 0.6558268547058128 0.3079983004083467 0.020612508928453722 0.017778533386094874
4 0.5191138331954575 0.3938184769722394 0.026917056006354478 0.021085389812585655
4 0.6021621124164506 0.3650008066765529 0.025327282467404188 0.019477425705962937
4 0.898086492693104 0.2744429689881736 0.028506829545304768 0.022693353919208282
2 0.30717116639421016 0.2853598046314888 0.030205697240056485 0.030551318025830908
2 0.3411427917995996 0.3527208008705651 0.017623876623205435 0.02550010517284953
5 0.39893374675029386 0.44263875870898167 0.034865923701106104 0.029125210345699058
5 0.36317352475347103 0.4517493342566599 0.03796365016215582 0.027653638558944493
2 0.31440874228606697 0.43158994695135683 0.02686250892845372 0.017960389812585652
4 0.2767178275134146 0.41956130839241246 0.029905688311602674 0.01336381802583091
2 0.2123240909060952 0.4434557979675713 0.03316705600635448 0.021267246239076342
5 0.3468996883083074 0.5035929790838105 0.026917056006354478 0.021085389812585655
1 0.4399599415547183 0.5562753613745486 0.025245461850553142 0.014789925705962936
1 0.4009656254020942 0.5590450087089816 0.023682961850552964 0.01474446159934022
4 0.3370122195578955 0.5634309803374518 0.026807961850553053 0.014835389812585476
4 0.3313213271063775 0.595280373910961 0.02058523538950343 0.016216033386094963
2 0.3112951992653561 0.6110955905248661 0.01746023538950343 0.01612510517284953
2 0.3698361765371846 0.7439822983632827 0.0206397824674041 0.019341033386094962
5 0.2954986497518234 0.6902829853520166 0.04103410308425506 0.02461956677218975
2 0.512343050724758 0.8558865679593239 0.026971603084255058 0.024210389812585477
3 0.639673163955283 0.8588106426490725 0.026835235389503432 0.016397889812585477
7 0.7820849861969871 0.6521240366182932 0.02055796185055314 0.014653533386094963
4 0.8210132982924214 0.46663281749710545 0.03626478246740419 0.019795674452321776
2 0.4684011724832901 0.08312501788018165 0.01597955600635448 0.02076714106622681
4 0.40074606818121905 0.09911607924209502 0.03944432954530477 0.02301160266556703
1 0.3212046185055306 0.14989967775102694 0.026807961850553053 0.014835389812585564
1 0.31773474512873606 0.17478601748447026 0.014280688311602674 0.01290917695960414
2 0.41092563758025413 0.14548261388183112 0.020857970779006862 0.031841033386094876
4 0.42138762499835236 0.2527639164682559 0.020776150162155817 0.027153533386094785
2 0.48764169074393937 0.4249177127864744 0.020612508928453722 0.017778533386094964
4 0.2881383429346901 0.5370215930321486 0.0331397824674041 0.019704746239076344
4 0.5325332252399384 0.5363242257185983 0.0253545560063543 0.021039925705962758
2 0.47380883603483126 0.6166051076136249 0.02847955600635448 0.021130853919208194
2 0.45590826988220706 0.6199885203874641 0.02373750892845372 0.01786946159934022
1 0.520085592527653 0.7179008346523713 0.02376478246740401 0.01943196159934022
3 0.5104611765371846 0.748074067959324 0.038018197240056395 0.030778638558944315
2 0.9697992203686745 0.7145882473597036 0.015788641233702095 0.009829641066226812
2 0.9914225482940691 0.44114238717228915 0.017154903411861967 0.01612510517284953
4 0.8259444857932451 0.3465249059769076 0.015897735389503252 0.016079641066226814
4 0.8448444902574721 0.35566422525637975 0.023628414772652206 0.01161946159934022
4 0.7392257357932452 0.34400164805934874 0.04435001785690744 0.03564799498543501
2 0.43372180397446425 0.42256795110799195 0.02225682954530477 0.022511497492717504
2 0.44046668181548565 0.40636628958779397 0.02058523538950343 0.016216033386094963
2 0.43975934415250606 0.5000480934278599 0.020530688311602673 0.013091033386094787
4 0.5330184204513999 0.4746509398252209 0.038045470779006864 0.03234113855894431
2 0.5766320527566483 0.468111434810656 0.025327282467404188 0.01947742570596276
2 0.5679019350618966 0.4600488822242312 0.020530688311602673 0.013091033386094963
4 0.2376302337646503 0.23804688394009083 0.028425008928453722 0.01800585391920828
4 0.27918648822887715 0.24784543276559184 0.022065914772652385 0.011573997492717503
4 0.2898921631477993 0.23488243151195065 0.02847955600635448 0.02113085391920828
2 0.7971917889569304 0.62289117768452 0.03171365016215581 0.027471782132453625
4 0.3599997061652149 0.538331691936792 0.02853410308425506 0.024255853919208193
4 0.7580012349824663 0.211802913498755 0.01595228246740419 0.019204641066226814
4 0.8430232970779006 0.027652885522936467 0.020421594155801158 0.006841033386094852
2 0.1556244829538714 0.1029157145023341 0.031659103084255104 0.024346782132453625
2 0.21308242694751697 0.0842853864473733 0.03006932954530477 0.022738818025830953
2 0.21872054667086357 0.18361779671393 0.025381829545304768 0.02260242570596289
2 0.2550205109570486 0.11595893527287435 0.02220228246740401 0.0193864974927175
2 0.31262845941492107 0.10592235721791354 0.03481137662320544 0.026000210345698972
1 0.3806966209411626 0.06886027790931151 0.023628414772652383 0.01161946159934022
2 0.7920001339268061 0.28072640973783125 0.0417704886359143 0.06680706677218975
2 0.710958639608849 0.2455725082467632 0.042787517856907445 0.03560253087881238
4 0.7574029914752881 0.31173471733882097 0.03936250892845372 0.018324102665567034
4 0.9011490373353727 0.36042593309479626 0.020585235389503253 0.016216033386094876
2 0.5649423506453278 0.6036397578510518 0.014253414772652384 0.011346676959604096
2 0.5251090941558013 0.021525939825220858 0.031468188311602675 0.013409282132453616
2 0.48690748498246633 0.2039148909997198 0.025409103084255237 0.024164925705962938