2 0.819789120308102 0.23843436620989644 0.034614017412854636 0.03456589754067192
2 0.6029767565587207 0.2598361466569092 0.0673446302577247 0.03319429508134393
2 0.7416198547042698 0.2239128030763758 0.03280585594746519 0.0298693071815924
2 0.239936766735486 0.41714763514583597 0.058051517412854546 0.03470225292686635
2 0.1751339603130509 0.41598913524403186 0.040945904567984304 0.03616475897699054
2 0.4100146506112554 0.28841007766965604 0.03930151741285446 0.03459316861791084
1 0.31332335707911907 0.3738112464839586 0.024911468792335523 0.028261355386194252
2 0.4757326673467414 0.7045441377781146 0.053855340343633 0.044049981849627426
2 0.6787658141128097 0.6627434989198455 0.06832727611928177 0.051944295081343836
2 0.6239897829051451 0.6342912459929793 0.03954717887824373 0.039280668617910665
2 0.5766610815256641 0.627763990041051 0.04530585594746519 0.029942030054229286
2 0.25883177238969557 0.6978118278660478 0.03782090456798422 0.03614657825883114
2 0.31124079941348853 0.6223123789975159 0.03905585594746528 0.02990566861791084
3 0.37448774988845834 0.65315837889932 0.06454717887824382 0.03942611436318479
2 0.5206500989385188 0.593052646755105 0.0309976944820761 0.025172716822512698
3 0.3200812901412343 0.43871408381797605 0.05509029172311406 0.037809072208706954
2 0.5554190038451873 0.33223786660267984 0.04727779172311415 0.03776362041330898
2 0.7383576566041492 0.345805983794535 0.03683825870642714 0.01739657825883114
3 0.8359453075540889 0.4073298119551703 0.04349105042954129 0.054923849336070064
2 0.8726364020815934 0.46771786611170063 0.03584896879233561 0.02832498789975162
2 0.6164649672104558 0.4498162520431034 0.06454717887824372 0.03942611436318479
2 0.28724445669500626 0.5135459121750031 0.04514208163720577 0.026817030054229286
1 0.257217283470972 0.8329998941228265 0.10524742198083885 0.07090337334017534
2 0.3862740196761621 0.7712316680287357 0.049911468792335614 0.02840680113146803
2 0.8876804686807939 0.6280104714978949 0.02647396879233561 0.028270445745273775
2 0.9064371127333285 0.6578161461659299 0.029762743102595125 0.031413626463433174
2 0.4141865784734463 0.9245657462875668 0.03749335594746519 0.02989657825883114
2 0.48289231286961415 0.9108986769075301 0.050075243102595125 0.03153180113146803
2 0.5889652504542852 0.855248640606785 0.050484678878243726 0.03934430113146803
2 0.6772807999793153 0.8252844055357038 0.04094590456798421 0.03616475897699054
2 0.7109398270031084 0.7496758723582164 0.05056656603337366 0.04090680113146803
2 0.21876229308191042 0.7913572947867564 0.044070904567984306 0.03618293969514959
2 0.4865107943251058 0.543620273316734 0.0294351944820761 0.025163626463433175
2 0.6612075791508149 0.47586566763595217 0.05303646879233561 0.02842498184962743
2 0.4433395692011922 0.7410856257760621 0.04094590456798421 0.03616475897699054
2 0.7866591220055827 0.8407690258508168 0.04752345318850324 0.042451120413308986
2 0.845527268205824 0.5972871914436656 0.034286468792335614 0.028315897540672097
2 0.9164129782917323 0.5867587576022484 0.04045458163720568 0.026789758976990364
2 0.7633875548405553 0.47958608615566717 0.03165279172311415 0.0376727168225127
2 0.7395815626424715 0.4864809807694729 0.028036468792335612 0.028279536104353475
2 0.7067845092722541 0.18776167963800472 0.036094630257724705 0.03301248789975157
4 0.5789903799190406 0.19561456537301586 0.04029080732694634 0.02366475897699045
4 0.6081002685445084 0.3708372791704665 0.04333392017181659 0.022120439695149673
4 0.8694715377663851 0.2895201432390636 0.04645892017181623 0.022138620413308895
4 0.8667216740170037 0.312167302879984 0.05731453301668665 0.02063975292686626
4 0.828395079150815 0.47683833605747133 0.03404080732694652 0.023628397540672096
4 0.7525252979431505 0.4482633632830302 0.02647396879233561 0.028270445745273775
4 0.5397796364777612 0.4517145744482022 0.02186835594746537 0.02980567466803503
4 0.517986523632891 0.4500248094210876 0.033051517412854635 0.034556807181592396
4 0.46035108604821995 0.5059566468533009 0.024420145861557073 0.018886355386194254
4 0.4746050158309748 0.44273902936685827 0.02738137155129756 0.015779536104353474
4 0.3304931676854257 0.47863055669061305 0.021295145861557074 0.01886817466803503
4 0.37407939337516616 0.48201008674484236 0.024338258706427317 0.017323855386194253
4 0.20681665027257115 0.5122965086824028 0.030506371551297474 0.015797716822512697
5 0.32912101820582407 0.5942828277678519 0.0402089201718165 0.022102258976990363
5 0.44096924299105333 0.6222856288011241 0.03782090456798422 0.03614657825883114
5 0.47324283243017523 0.6029361859827166 0.04514208163720568 0.026817030054229463
4 0.48723341135384757 0.6491253847530525 0.04308161465389251 0.047111349336070064
4 0.43772805631089345 0.6543077884420445 0.05468085594746519 0.02999657220870695
3 0.0922340926069406 0.7601431353422277 0.06421963025772479 0.033176114363184794
2 0.6223409944613915 0.7999571526088376 0.026965291723114147 0.03764544574527377
4 0.42534980778123155 0.8308521077238854 0.013728307326946165 0.023510222872636887
4 0.3719791463158423 0.8352305355151783 0.016771420171816497 0.02196590359079629
4 0.39192315411775835 0.8423799601832134 0.0388101944820761 0.025218168617910663
4 0.21280446291504268 0.9936868883672897 0.03667448439616772 0.012626223265420577
4 0.2803195115355617 0.9886504513044188 0.030833920171816586 0.0220477168225127
2 0.3476574977407518 0.926523156026683 0.027708920171816587 0.0220295361043533
2 0.420962200929255 0.8847492673648057 0.026146420171816585 0.022020445745273776
3 0.5334754890343245 0.9447969539366975 0.05509029172311415 0.037809072208706954
2 0.691451763344584 0.9425900802037388 0.03741146879233561 0.028334078258831143
4 0.1416486736783195 0.5330175539601385 0.04012703301668674 0.020539758976990542
4 0.07580791044933645 0.6709579154946528 0.03996325870642727 0.01741475897699054
4 0.1831324095448253 0.6958084454506863 0.023103307326946255 0.023564765027114732
4 0.19218426221293025 0.5380004906302261 0.020142081637205766 0.02667158430895533
4 0.35057661635137316 0.5576777072563471 0.029271420171816588 0.022038626463433176
4 0.5632846562654649 0.5698560412707149 0.018252033016686653 0.02041249394987581
4 0.5220421805757244 0.5664901467551051 0.04629514586155707 0.019013620413308986
4 0.6523947438955645 0.5992895320973327 0.033958920171816585 0.0220658975406721
3 0.6649290434205947 0.56888441461089 0.0610946302577247 0.033157933645025395
4 0.7597978081199158 0.6077292668738263 0.03692014586155708 0.01895907825883114
4 0.7083205173013128 0.6207150802037388 0.03856453301668665 0.020530668617910842
4 0.6663820007929695 0.6306304356881289 0.035767081637205676 0.02676248789975162
4 0.7802397829051452 0.635200281900941 0.04719590456798439 0.03620112041330899
4 0.8146557264827099 0.6346190198006927 0.05369156603337331 0.04092498184962743
2 0.9461513879480993 0.6306951099633805 0.02959896879233561 0.028288626463433175
4 0.7745928912274597 0.7578610770804809 0.042344630257724704 0.033048849336070066
4 0.7984807705806732 0.749403682466675 0.032887743102595124 0.03143180718159222
5 0.8914871421319708 0.7343150136523725 0.042098968792335614 0.02836134933607006
4 0.9031782366594754 0.7945576220636289 0.023348968792335258 0.028252265027114733
2 0.9421345160581176 0.8713701069383184 0.027620388964152198 0.05014544574527378
5 0.7336635967908121 0.8678127940011894 0.048512743102595124 0.03152271077238851
2 0.7082574830414308 0.8903281434354554 0.057969630257724704 0.03313975292686635
4 0.11768007067153027 0.9158073280624395 0.043333920171816545 0.022120439695149586