4 0.56175212889932 0.42486990017091986 0.02209316861791084 0.038136497492717504
4 0.5112577460911751 0.6069633346523714 0.03452044574527378 0.02600021034569906
4 0.4334190924021831 0.6539088793212373 0.05332498789975162 0.035920779625171304
7 0.5482355713249442 0.6525629911580044 0.04236930718159222 0.03247753087881229
7 0.5413543122497579 0.6781396526782023 0.0376727168225127 0.030778638558944315
4 0.4067004936552882 0.22351668566858574 0.031495439695149584 0.043096782132453625
4 0.6575731681269315 0.3807909427282147 0.03766362646343317 0.029216138558944317
3 0.7307924995090207 0.3454277557394807 0.05644998789975162 0.03601170783841656
2 0.4832261113381226 0.08514215894640846 0.06602497579950324 0.07065949247815259
4 0.2975805445903646 0.3984364661516867 0.0392443071815924 0.03238660266556703
4 0.3882373608471433 0.4065421343358023 0.02981476502711473 0.022738818025830908
4 0.3282492824901162 0.433698016230829 0.031395445745273864 0.025909282132453627
4 0.3354077975172308 0.45577760471063106 0.03927157825883114 0.03707410266556703
4 0.19842646886561618 0.6751915312745238 0.03945338544042354 0.06832410266556703
4 0.47494858313060495 0.8105596960934269 0.07854315651766228 0.07414820533113406
2 0.3603275469280557 0.8454993342566599 0.11297269867214013 0.08452341567683277
2 0.27356789031219736 0.8359448263391013 0.0723204275949012 0.07865384890464355
3 0.3107497277444108 0.7823484648980454 0.06906816256778665 0.05668792069139794
2 0.24890423359814323 0.8930299006331381 0.08173178903121973 0.08517663354437914
4 0.23345597471934867 0.7886917416202228 0.04082498789975162 0.03555706677218975
2 0.25307760742929775 0.6705327750063177 0.07689884328594587 0.06004024122451135
4 0.4767332760472085 0.714534142253361 0.03450226502711473 0.02287521034569906
2 0.703478104109648 0.8867287056603385 0.08791815651766229 0.07442098997087002
7 0.9351305415653025 0.4255795716537406 0.06596134328594587 0.059721992478152686
2 0.8511322705862595 0.35361599194942717 0.08779998184962742 0.0541084899708701
2 0.6276175025340828 0.3338333747023838 0.04558521077238851 0.048193459092057724
2 0.5861885266363837 0.3287223258768827 0.031495439695149584 0.043096782132453625
2 0.568024333916172 0.29460573865072187 0.054923849336070064 0.04221624373179385
4 0.4866107074527388 0.2641166051063425 0.0721477107723885 0.048966348904643374
4 0.4468214996072165 0.2723322703874641 0.031495439695149584 0.043096782132453625
4 0.6615879815550398 0.26530233504808276 0.034465903590796286 0.01662521034569906
4 0.37470612597245384 0.3631869394295094 0.04405907220870695 0.054397994985435
4 0.23811918617910824 0.38186508010002485 0.03926248789975162 0.035511602665567035
4 0.23612996018321333 0.44273438394009085 0.03610112646343318 0.029170674452321597
4 0.23772934250037894 0.5833821159934022 0.03926248789975162 0.035511602665567035
4 0.27602422803899834 0.5868397366056579 0.06116475897699045 0.04083560015828454
2 0.11295608059652226 0.48445521951689907 0.09114315046753818 0.09169941818411545
4 0.5338589330558502 0.46389529625171166 0.048582945745273776 0.026409387305303157
2 0.505339023316734 0.529460460279192 0.04083407825883114 0.03711956677218975
7 0.42705039685330093 0.49906225494805795 0.03925339754067192 0.033949102665567034
2 0.4103714360809124 0.45170988182851984 0.06601588544042354 0.06909699247815268
4 0.44345158079291397 0.3644061101209074 0.06432612041330898 0.04717652837152997
2 0.36083854781181846 0.2620192445232167 0.09729315651766246 0.07469377461060622
4 0.3687277949831481 0.14117554710964142 0.03608294574527395 0.02604567445232169
4 0.797593659248137 0.280976462324256 0.050172716822512696 0.031142351411925874
2 0.5327493883672898 0.13891802830502292 0.04243293969514976 0.04341503087881238
2 0.7761726563212706 0.22411269688484986 0.045539758976990544 0.040380959092057724
4 0.8078509449597069 0.5671640149106808 0.03453862646343318 0.029125210345699058
2 0.6659538155694076 0.4786745132613282 0.05812157220870695 0.054807171945039104
2 0.5557213392789251 0.7308925796378064 0.07860678903121965 0.08508570533113406
2 0.6957878030763757 0.7732428671805364 0.0738829275949012 0.07869931301126591
2 0.7478315712267484 0.7232034147523962 0.07854315651766246 0.07414820533113406
2 0.7112668364502547 0.6143452403000745 0.045539758976990544 0.040380959092057724
2 0.6628656978865732 0.6191858529947714 0.042460210772388506 0.04810253087881229
2 0.6215821677341481 0.6390748041692704 0.04399543969514959 0.04346049498543501
2 0.6880788004440971 0.5222797607540457 0.04234203610435348 0.027790030878812287
2 0.567698122751 0.5070602745440993 0.0392352168225127 0.03082410266556703