2 0.8133963574178033 0.10863194396587192 0.04555151741285464 0.036412688998963993
2 0.8926268340120551 0.08389946361057907 0.027292840343633173 0.044914393713693726
2 0.8580980257805976 0.13304759305624914 0.029271420171816588 0.02318494292790545
2 0.617158765265148 0.20973433333633945 0.05418953301668665 0.022786836641599174
2 0.6692568537997587 0.21198388399829327 0.019732645861557076 0.01962329528527036
2 0.8175261782008754 0.3718575359841546 0.026473968792335257 0.029289393713693723
2 0.878600876300996 0.24743542473544955 0.02852779172311415 0.038737168320799584
2 0.5342477679786815 0.14111707403071455 0.029271420171816588 0.02318494292790545
7 0.5400053657855464 0.328670577959656 0.04465075870642732 0.019225188998963992
2 0.8961325350528517 0.3144217175395205 0.028780097241038048 0.013809942927905449
2 0.9683859933297377 0.3484649237019922 0.023103307326946522 0.024456344499481995
2 0.9669773015611952 0.3009906102197569 0.031161468792335258 0.029507717535011312
2 0.7300848111721334 0.2707188751069531 0.032396420171816584 0.023330492142117177
3 0.45469862958035623 0.3949912448327135 0.0392196302577247 0.03455909057054054
2 0.4978001763918529 0.43506828122664365 0.057723968792335614 0.0307448858558109
2 0.4746149819097769 0.46108712572612565 0.029107645861557074 0.02005994292790536
2 0.3828745392367232 0.4419797148489241 0.02631019448207601 0.026164393713693813
2 0.6939747342846261 0.6028421703922234 0.03198034034363299 0.045132717535011226
2 0.6824540581199157 0.5698670045526232 0.02647396879233561 0.029289393713693813
2 0.7137007360936485 0.5536041497140589 0.03897396879233561 0.02987159057054072
2 0.9003951526474203 0.6197256476471443 0.03552142017181659 0.02347604135632899
2 0.9393005223896956 0.650646007862392 0.02935330732694652 0.02474744292790554
2 0.46349493894346755 0.747623939208361 0.026637743102595125 0.03241439371369381
2 0.5125842141582382 0.7180605636916324 0.03231453301668665 0.021767992142117266
2 0.5706733531223902 0.6654770651393743 0.023021420171816586 0.022893844499482084
3 0.5900408288121307 0.6676923825505512 0.033215291723114146 0.038955492142117264
2 0.35898558062115293 0.630134686312877 0.03971095318850324 0.04393409057054072
2 0.26826100407232983 0.7403509024001461 0.043415807326946255 0.02540241439185813
2 0.256702706356322 0.7229643492569929 0.06093085594746528 0.03245293507002245
1 0.6183870725920942 0.18629683333633945 0.028861984396167807 0.01537244292790545
2 0.8194727012679394 0.617259927216649 0.07375840456798421 0.03928513192686935
2 0.865477920060275 0.587060850914132 0.037411468792335256 0.02979881596343468
2 0.9187257507929696 0.5822427642725329 0.03050637155129756 0.017007717535011225
2 0.9051545737237479 0.5735227357364856 0.015208920171816232 0.02252997146395259
2 0.7253132654922906 0.6294389036430004 0.020967597241038048 0.013446069892376223
2 0.8140205613992763 0.6915514518237548 0.025982645861557074 0.019914393713693634
2 0.427015206356322 0.7150319170824545 0.035357645861557076 0.02035104135632899
2 0.34367043984797857 0.7290452212590649 0.03337906603337348 0.042080492142117266
2 0.38507336782171125 0.7123093314743126 0.02590075870642732 0.018351893713693813
2 0.40579530359736005 0.7035507615819364 0.013564533016686652 0.020894696856846907
2 0.9376041463158422 0.7871100467375216 0.02811835594746519 0.030924668320799497
3 0.8550273417024293 0.7418575128247907 0.02211401741285428 0.035321069892376045
2 0.9423425559722091 0.8305325610055452 0.010767081637205678 0.02699914764263518
2 0.7927376243804319 0.948946574859284 0.034040807326946164 0.02496576674922295
2 0.8949961651990348 0.9309349753974032 0.02178646879233561 0.029071069892376046
2 0.5256596670080571 0.8998178318885973 0.0388101944820761 0.02674659057054072
2 0.5317768701965605 0.8574483953708327 0.023021420171816586 0.022893844499482084
2 0.400892040368377 0.8417228496712778 0.02253009724103805 0.013518844499482086
2 0.2744999587311712 0.8741073182397463 0.019896420171816587 0.022748295285270358
2 0.3243804500247439 0.888929643508806 0.019732645861557076 0.01962329528527036
3 0.20766093453245332 0.23114503039807408 0.042180855947465276 0.03157963978475227
2 0.3474957977160079 0.00584860473612033 0.025982645861557074 0.01169720947224066
2 0.43641445556335245 0.08956103618904235 0.03116146879233561 0.02950771753501129
2 0.6201443244011167 0.1378957206398924 0.022857645861557075 0.019768844499481998
2 0.9376007400503774 0.22208651427253284 0.043989017412854284 0.03633991439185813
3 0.5653428804848675 0.3656782723353035 0.023840291723114148 0.038518844499481994
2 0.5313806382867835 0.37427417638807936 0.03346759724103805 0.01402826674922295
2 0.42337006445149383 0.4128165996712777 0.01956887155129756 0.01649829528527036
1 0.5712310323393183 0.4020331492997742 0.030670145861557075 0.020132717535011224
1 0.6310663777713339 0.43509605231909276 0.030424484396167628 0.015445217535011223
2 0.517650172435124 0.7552330779596559 0.04061835594746519 0.031506865177646406
2 0.44054095432015716 0.33797926551087787 0.03872830732694617 0.02518409057054054
2 0.7710063822938897 0.307780073411542 0.05731453301668665 0.0229323858558109
7 0.39346123643233266 0.3440687537240536 0.035193871551297565 0.017226041356328815