2 0.07959257211051114 0.11383344866594754 0.039598831185697445 0.09423467887824377
2 0.7378929689638121 0.5662005370890166 0.08640110831306061 0.08419129353213642
4 0.053243695548882156 0.1519442803031533 0.021965903590796178 0.016771420171816497
4 0.04630789431921814 0.16871902250123721 0.02828862646343312 0.029598968792335523
4 0.07768515934633279 0.18895627939864218 0.02510908430895542 0.02006019448207601
4 0.09880618042357164 0.1925383028043905 0.020448855386194276 0.02450203301668674
4 0.0877459605759968 0.17201776289029877 0.018840903590796175 0.01660764586155703
4 0.05369366832332323 0.2292880303031533 0.02980567466803503 0.02186835594746528
4 0.0480567466803503 0.20066838534610745 0.025090903590796177 0.01693519448207601
4 0.0779896863755 0.24130002939864217 0.03134999394987581 0.018825243102595035
4 0.053044228529977686 0.2519852238807182 0.02980567466803503 0.02186835594746528
4 0.024805599041482468 0.23392794267305375 0.017287493949875797 0.01808825870642732
4 0.024951044786756353 0.25892794267305375 0.025099993949875794 0.0184976944820761
4 0.04930615017295061 0.28109619176854256 0.025081813231716564 0.01537269448207601
2 0.03296353268650794 0.29289350689740495 0.018822722872636942 0.013482645861556985
4 0.03397658684303819 0.33269631331984006 0.023510222872636943 0.013728307326946253
4 0.03256407776785188 0.35855945047496984 0.011110216822512741 0.030260710085908294
4 0.0829998941228264 0.2965231179332529 0.025154536104353496 0.02787269448207601
4 0.063668632022578 0.3319217073723748 0.02353749394987581 0.018415807326946254
4 0.052908394024630545 0.3629636674582831 0.014217036104353497 0.027299484396167806
4 0.022798713208275447 0.42627921698331317 0.023537493949875792 0.018415807326946164
1 0.0497475534691592 0.4912933853461075 0.009447722872636932 0.012991322930778537
4 0.05025609269677067 0.44437744176854255 0.014207945745273887 0.025736984396167627
4 0.03831060460062735 0.5403450390095805 0.017360216822512743 0.03058825870642732
4 0.05298163777811461 0.509879611035848 0.02668067466803503 0.021704581637205678
4 0.07924922198887416 0.5921222229762071 0.025099993949875787 0.0184976944820761
4 0.0954645744482022 0.5584499078473446 0.025154536104353496 0.027872694482076098
4 0.11321515583029136 0.5200082055633525 0.02666249394987581 0.01857958163720568
4 0.01832081234795378 0.5968783220262674 0.01891362646343312 0.029107645861557074
4 0.13065264070498084 0.5620761968569252 0.028206813231716588 0.015536468792335612
4 0.15385833654845057 0.5210041395299789 0.0235284035907962 0.016853307326946166
4 0.14173506556940763 0.45208704319345205 0.02195681323171659 0.015208920171816586
4 0.13799698721238055 0.4811980110812765 0.02353749394987581 0.018415807326946164
4 0.10813222521032799 0.45228511702874175 0.028206813231716543 0.015536468792335612
4 0.11683558040013053 0.6050006812530929 0.020439765027114642 0.022939533016686654
4 0.13809295686356365 0.6320202046588413 0.02668067466803503 0.021704581637205678
4 0.13242421896381207 0.5979318097017955 0.0219659035907962 0.016771420171816587
4 0.16744865875715761 0.5734330987113762 0.02822499394987581 0.01866146879233561
4 0.19554184250037893 0.5664903799190405 0.02666249394987581 0.018579581637205855
4 0.16730321301188372 0.548433098711376 0.020448855386194252 0.024502033016686832
4 0.1993208274732643 0.5444106620312161 0.023592036104353474 0.027790807326946342
4 0.1848492613146815 0.47483514642738384 0.018904536104353477 0.027545145861557076
4 0.19469189392643468 0.42039662991904053 0.02510908430895542 0.020060194482076098
4 0.17422031264254137 0.39411741293572733 0.03133181323171659 0.015700243102595036
4 0.2059970325883121 0.3486887262555674 0.026644313231716586 0.015454581637205766
4 0.19155728268650796 0.28458196065173513 0.023592036104353474 0.027790807326946255
4 0.21488569837755253 0.26460365332478886 0.02980567466803503 0.02186835594746528
4 0.16566694837755253 0.267183098711376 0.023555674668035032 0.021540807326946344
4 0.0943419151018694 0.36548115784734464 0.02046703610435352 0.02762703301668683
4 0.10540668012898405 0.38678294776143635 0.025090903590796198 0.0169351944820761
4 0.1373243006404888 0.36557301108127643 0.017351126463433085 0.029025758706427318
4 0.2482481651018694 0.3574152730670641 0.023555674668035032 0.021540807326946344
4 0.24604986084714325 0.3825381037997587 0.02666249394987581 0.018579581637205765
4 0.22339815602668311 0.3845067175491401 0.023564765027114732 0.02310330732694634
4 0.22293052341492992 0.438453911126705 0.012645445745273865 0.02565509724103805
4 0.2173617794650541 0.4215530161696591 0.02195681323171659 0.015208920171816586
4 0.2169714149054777 0.4887814597472239 0.01730567466803503 0.02121325870642714
4 0.1809298966569092 0.6071120578927731 0.02822499394987581 0.01866146879233561
4 0.21194354732083914 0.5648493147901782 0.023610216822512697 0.030915807326946165
4 0.19357534240218308 0.6314569606517352 0.017323855386194298 0.024338258706427317
4 0.19695487245641238 0.6750431863414756 0.020476126463433088 0.02918953301668683
4 0.1795764749157404 0.6431314450479029 0.01422612646343313 0.028861984396167627
4 0.17091454722264326 0.6318630744011166 0.017342036104353475 0.027463258706427317
4 0.22480105386194266 0.22266513681644548 0.014171584308955421 0.019486984396167806
4 0.20135446350286307 0.22233094414339175 0.023555674668035032 0.021540807326946344
4 0.17404252975964168 0.2292327193581624 0.02193863251355732 0.012083920171816587
4 0.18942663524403183 0.1870075978068649 0.020494307181592352 0.03231453301668674
4 0.21450844847574838 0.19975990332478888 0.023610216822512697 0.0309158073269463
2 0.21195107503737737 0.1631639840574835 0.018904536104353477 0.027545145861556986
4 0.2564414184215191 0.15379895013628558 0.020403403590796197 0.016689533016686787
4 0.283672059813871 0.26725061849907983 0.020448855386194252 0.024502033016686832
4 0.30460218335043787 0.23802014190482815 0.018831813231716586 0.015045145861556985
4 0.31697491832332325 0.21549004466379013 0.022011355386194253 0.024583920171816587
4 0.31737943930236623 0.2850212946637901 0.023519313231716587 0.015290807326946343
4 0.31178342427525163 0.2634328997067442 0.026626132513557367 0.012329581637205766
4 0.27178565905174523 0.3733744657401178 0.02666249394987581 0.018579581637205765
4 0.2833453277678519 0.3454165620766447 0.028243174668035033 0.02178646879233561
4 0.27357996320827543 0.4131363285849881 0.029851126463433176 0.02968085594746519
4 0.29603168012898406 0.3767927148356066 0.023592036104353474 0.027790807326946342
4 0.2846538185944697 0.4360006184990798 0.011082945745273864 0.025573210085908293
4 0.30655154449216876 0.43876044832726324 0.018831813231716586 0.015045145861557075
4 0.3063833728491958 0.4098541983272632 0.03133181323171659 0.015700243102595123
4 0.3189924571581512 0.42794910108622525 0.02353749394987581 0.018415807326946344
1 0.30928163475305254 0.5050438675945687 0.009447722872636889 0.012991322930778537
4 0.29923446906200796 0.524326134102912 0.03917158430895533 0.020797178878243727
4 0.26956060460062736 0.5282257400503774 0.02980567466803503 0.02186835594746519
4 0.30356342075921017 0.5967776662150877 0.02195681323171659 0.015208920171816586
4 0.29908045383850157 0.632179577680477 0.03135908430895542 0.020387743102595123
4 0.2970048694313503 0.6783961584131715 0.028206813231716588 0.015536468792335612
4 0.3000071495837754 0.657138634102912 0.02508181323171659 0.015372694482076099
4 0.33969636347942195 0.6284880116471033 0.028206813231716588 0.015536468792335612
4 0.3216048936318471 0.6083359639310955 0.02666249394987581 0.018579581637205855
4 0.2909775832288009 0.7170049570336905 0.0266534035907962 0.017017081637205854
4 0.23709405912649997 0.7237363138856671 0.026717036104353477 0.027954581637205676
4 0.18608607103035663 0.8217510900049488 0.02823408430895542 0.020223968792335612
4 0.4037775650784283 0.7626715818643485 0.029823855386194253 0.02499335594746519
4 0.4063258481577197 0.7977050011316538 0.02979658430895533 0.020305855947465368
4 0.38152531517662414 0.6989742520361648 0.02353749394987581 0.018415807326946164
4 0.36664468285945856 0.5590862364323327 0.02511817466803503 0.0216226944820761
4 0.35015714050858915 0.68029949513876 0.029878397540672008 0.03436835594746519
4 0.32374008625386297 0.7066915767759657 0.017323855386194253 0.024338258706427317
4 0.3496758723582165 0.7319029387163247 0.02666249394987581 0.01857958163720568
4 0.4057844509116353 0.5703203075540889 0.028261355386194252 0.024911468792335613
4 0.4304662883438487 0.5143226130720129 0.028370439695149584 0.04366146879233561
4 0.44505498740877225 0.33537874152071534 0.02509090359079611 0.0169351944820761
4 0.4249146833504379 0.23171483095983722 0.02831589754067192 0.034286468792335614
4 0.42196694535249046 0.2623473552700967 0.028206813231716588 0.015536468792335523
4 0.3867152465821545 0.24778356626051617 0.029942030054229286 0.04530585594746528
4 0.34618569535249044 0.2663188822938897 0.02508181323171659 0.015372694482076099
4 0.3358976351458359 0.2441948988022331 0.020467036104353475 0.02762703301668674
4 0.37671755698520065 0.14124363919129468 0.03133181323171659 0.015700243102595036
4 0.3858425721105111 0.09778356626051617 0.023573855386194255 0.024665807326946298
4 0.33507950282867033 0.1035698988022331 0.025154536104353475 0.02787269448207601
4 0.3352567648307229 0.1340386488022331 0.026698855386194254 0.024829581637205767
4 0.3583357165279251 0.2055075350528517 0.028297716822512697 0.03116146879233552
4 0.39746184904148246 0.2143978561746079 0.029878397540671918 0.034368355947465276
4 0.4249187076491305 0.09808013738227236 0.02677157825883114 0.03732958163720577
4 0.2210215480082102 0.110328911126705 0.03136817466803503 0.021950243102595034
4 0.24524484318775 0.10984091022219382 0.02353749394987581 0.018415807326946254
4 0.17865224082661785 0.08128986431520828 0.020503397540672007 0.033877033016686785
4 0.15605962334017515 0.0934147280645897 0.023592036104353474 0.027790807326946276
4 0.11861416549465287 0.10475501978770371 0.021974993949875808 0.0183339201718165
4 0.1268539123713949 0.17778308401205498 0.028206813231716588 0.015536468792335523
4 0.14990104781181846 0.2437832202626736 0.020448855386194252 0.024502033016686832
4 0.12893456283893312 0.26676369685692525 0.01884999394987581 0.018170145861556984
4 0.2665946858845206 0.5557332643606369 0.026698855386194254 0.024829581637205677
4 0.2398640142415477 0.5282190959978426 0.017351126463433175 0.02902575870642714
4 0.3903407372123805 0.46797323552782155 0.02822499394987581 0.01866146879233561
4 0.3735799632082754 0.40789555065668387 0.023610216822512697 0.030915807326946165
4 0.378916903001621 0.3849526956137298 0.032976126463433175 0.02984463025772479
4 0.3946782583878153 0.40757132406243224 0.026689765027114554 0.023267081637205856
4 0.32708221311007957 0.4751959153105766 0.02666249394987581 0.01857958163720568
4 0.3360077612164856 0.5317767859573628 0.02508181323171659 0.015372694482076099
2 0.3747117129136878 0.6024268006566839 0.01730567466803503 0.02121325870642714
4 0.4860021742752516 0.2543024819097769 0.02822499394987581 0.018661468792335524
4 0.5325635568870049 0.19793961725588435 0.020448855386194252 0.02450203301668674
4 0.46109255698520063 0.13682173281428808 0.02508181323171659 0.01537269448207601
4 0.47908961982413373 0.4093994176854256 0.022029536104353476 0.027708920171816587
4 0.44317030054229295 0.41440782225341 0.023573855386194255 0.024665807326946166
4 0.4875929871141847 0.527739981909777 0.02980567466803503 0.02186835594746519
4 0.4659583607489474 0.4358767085040286 0.012636355386194254 0.02409259724103805
4 0.44587364060678497 0.6104196850982803 0.02668067466803503 0.021704581637205678
4 0.4308935352205907 0.5877601130720128 0.028188632513557365 0.012411468792335612
4 0.45563498086766874 0.6763346121675017 0.02666249394987581 0.01857958163720568
4 0.40340031517662417 0.6978278318643485 0.02822499394987581 0.01866146879233561
4 0.36991110430603974 0.7175571556996381 0.020476126463433175 0.029189533016686652
4 0.4530781283101448 0.7741546364777612 0.03134999394987581 0.018825243102595125
4 0.4858224506170477 0.7607162562200365 0.02668067466803503 0.021704581637205855
4 0.5073974687674203 0.70800733604822 0.02508181323171659 0.015372694482076099
4 0.5067975050681655 0.60488233604822 0.033003397540672094 0.034532130257724704
4 0.5206736527070335 0.5721141016520521 0.029823855386194253 0.02499335594746519
4 0.5318242552645573 0.47384369798857906 0.02820681323171641 0.015536468792335612
4 0.532969119627742 0.536302754411014 0.032948855386194256 0.025157130257724702
4 0.5889009570599554 0.478667316826343 0.02822499394987581 0.01866146879233561
4 0.5548355501495095 0.6680097778167624 0.02668067466803503 0.021704581637205678
4 0.5666174117822197 0.5439171805757244 0.02822499394987581 0.01866146879233561
4 0.5956736527070334 0.568183518205824 0.04232385538619425 0.02564845318850324
4 0.5836690772768727 0.653994865446862 0.028234084308955333 0.020223968792335612
4 0.5671901044042357 0.6423546805757244 0.023519313231716587 0.015290807326946165
4 0.6412856136758137 0.4829553471294963 0.029823855386194253 0.02499335594746519
4 0.5824146077238853 0.4383698654468621 0.026644313231716586 0.015454581637205677
4 0.657182803567355 0.39459553200063396 0.026698855386194254 0.024829581637205767
4 0.6084907735131259 0.3533840338096563 0.02512726502711473 0.02318519448207601
4 0.6319191831540462 0.35059322648270996 0.02822499394987581 0.018661468792335524
4 0.5444509994108249 0.3606476571699761 0.028206813231716588 0.015536468792335523
4 0.512156128997516 0.31701384385013603 0.018904536104353477 0.027545145861557076
4 0.5282760326865079 0.26693527872127365 0.02668976502711473 0.023267081637205766
4 0.5088584121750032 0.28749011816039555 0.017360216822512698 0.03058825870642732
4 0.5328135417616943 0.24090836725588435 0.026698855386194254 0.024829581637205767
4 0.5479163669954634 0.28466168928215174 0.023519313231716587 0.015290807326946255
4 0.598453219062008 0.5086447438955645 0.02507272287263689 0.013810194482076099
4 0.5817429629136879 0.5915767526019918 0.02511817466803503 0.0216226944820761
4 0.6911760084860111 0.3271690145877794 0.028243174668035033 0.021786468792335523
4 0.6536214663315334 0.31975930631089344 0.021974993949875808 0.018333920171816585
4 0.6135095507386847 0.27575367876670215 0.02353749394987581 0.018415807326946254
4 0.6312964935570923 0.24356197648271 0.023592036104353654 0.027790807326946255
4 0.6491197978118184 0.21762027419871782 0.023519313231716587 0.015290807326946343
4 0.6450453761688455 0.18891874208654222 0.02508181323171659 0.01537269448207601
4 0.6222482256031114 0.16588735583592365 0.02666249394987581 0.018579581637205765
4 0.8219214935570924 0.23357174355688026 0.03290340359079593 0.017344630257724793
4 0.7526760689872531 0.15201852838258936 0.02976931323171659 0.015618355947465279
4 0.694795391294156 0.14332960312239015 0.02041249394987581 0.018252033016686743
4 0.7206407946885605 0.28733190864031416 0.02199317466803503 0.021458920171816498
4 0.7293527193565955 0.30719402928710055 0.021974993949875808 0.018333920171816585
4 0.7561152072563472 0.3401769476498947 0.026717036104353654 0.027954581637205766
4 0.7249652012062229 0.35900219075248974 0.02199317466803503 0.021458920171816498
4 0.6871748305965223 0.4453834260531687 0.032967036104353656 0.028282130257724702
4 0.6888827763417961 0.470301538898039 0.023592036104353654 0.027790807326946165
4 0.6783583667990716 0.4075525554063823 0.02509090359079611 0.0169351944820761
4 0.7907492824901162 0.38290668023704016 0.02355567466803521 0.021540807326946253
4 0.804552707256347 0.33763844584087244 0.029805674668035208 0.02186835594746528
4 0.8409078428931626 0.27321409769532323 0.02511817466803521 0.0216226944820761
4 0.8183440591264999 0.6932742921773993 0.029823855386194253 0.02499335594746519
4 0.8894650802037388 0.6942359266189955 0.023610216822512697 0.030915807326946165
4 0.8555304417382532 0.6374027504542852 0.03132272287263689 0.014137743102595125
4 0.8444384056338997 0.6114134605401935 0.02664431323171641 0.015454581637205677
4 0.7274059626191003 0.7785334407524898 0.03447499394987581 0.018989017412854636
4 0.7084650650784283 0.7467035866140467 0.02820681323171641 0.015536468792335612
4 0.7239218934354554 0.7169784650627493 0.02666249394987581 0.01857958163720568
4 0.7543860982559155 0.7146004155377191 0.03134999394987581 0.018825243102595125
2 0.6530417668738264 0.7574230806211529 0.017351126463433175 0.02902575870642714
4 0.8245566559284871 0.41786485640175053 0.0298420361043533 0.02811835594746519
4 0.891630005559145 0.26039651515360634 0.022020445745273776 0.026146420171816585
4 0.8275260780624396 0.12230669493636126 0.02355567466803521 0.0215408073269463
4 0.7993056292921035 0.1073744137286968 0.021947722872637066 0.013646420171816498
4 0.810447662371395 0.14195745364278853 0.029823855386194253 0.024993355947465278
4 0.7679243399662962 0.22077185040885672 0.017351126463433175 0.029025758706427318
4 0.7380141261688455 0.184046456356322 0.025154536104353475 0.02787269448207601
4 0.6832948099120669 0.1814437567858633 0.017351126463433175 0.029025758706427273
4 0.7312146803253758 0.2242586985544059 0.0220568071815924 0.032396420171816584
4 0.7252141443192182 0.13313905359736 0.029842036104353476 0.028118355947465278
4 0.7157164244716434 0.11253662652813852 0.023628397540672096 0.034040807326946296
4 0.6913340480082102 0.08568087743264967 0.02353749394987581 0.0184158073269463
4 0.6227476744716433 0.11740891225835877 0.02508181323171659 0.01537269448207601
2 0.5455311894987579 0.14333732643728148 0.02822499394987581 0.018661468792335524
2 0.5519493611417309 0.17191602781676246 0.02041249394987581 0.018252033016686785
2 0.5704721021647405 0.13187088195520544 0.025145445745273776 0.026310194482076055
2 0.5414976744716433 0.12166704432510586 0.02051248789975162 0.035439533016686744
4 0.17065599286972127 0.7217477679786815 0.01428066861791084 0.03823698439616781
4 0.18339234220579134 0.7617176707376434 0.017332945745273866 0.025900758706427142
4 0.20117019466511937 0.7279634684536512 0.023555674668035032 0.021540807326946167
4 0.1837281646108901 0.6851142271600785 0.01735112646343313 0.02902575870642714
4 0.1070616463623216 0.8055738913390013 0.026717036104353477 0.027954581637205676
4 0.06904401677563052 0.8528926266396801 0.0204670361043535 0.027627033016686654
4 0.07278611943135027 0.6901469651742909 0.021956813231716565 0.015208920171816586
4 0.1891493792921035 0.13935134780686492 0.034465903590796154 0.017426517412854548
4 0.1998929992144331 0.5084322184536513 0.01422612646343313 0.028861984396167807
4 0.2121298996819713 0.5968805647901781 0.02666249394987581 0.01857958163720568
4 0.18750662870292828 0.5286185656946893 0.017342036104353475 0.02746325870642714
4 0.8283816135776177 0.5380135820914911 0.034556807181592576 0.033051517412854635
4 0.10814235733110186 0.7226795041838715 0.02041249394987581 0.018252033016686653
4 0.16942074579658753 0.7780796551338112 0.025090903590796198 0.0169351944820761
4 0.14417985128097766 0.7379835996158872 0.014189765027114642 0.022611984396167628
4 0.13781622179248246 0.7187798982364062 0.02051248789975162 0.03543953301668683
4 0.7037952249157404 0.6156583045018712 0.02508181323171659 0.015372694482076099
4 0.7082474173413645 0.8436195301916116 0.03293976502711473 0.0235946302577247
4 0.7001122095940382 0.7885602159672604 0.025136355386194253 0.0247476944820761
4 0.7728548180052945 0.799596213253727 0.03291249394987581 0.01890713025772488
4 0.8630980229239504 0.7292217582562014 0.0298420361043533 0.02811835594746519
4 0.8588877667756305 0.8114986697215907 0.023610216822512697 0.030915807326946165
4 0.7998627456001958 0.8747666316165212 0.020539758976990362 0.04012703301668665
4 0.7506985377546735 0.8867210770031082 0.03137726502711473 0.023512743102595123
4 0.7430451190385667 0.9144742627787572 0.001571590359079522 0.0016443871551295786
4 0.6455615858610795 0.9492797099743665 0.02667158430895533 0.020142081637205676
4 0.6515661461659299 0.9067646613538475 0.02509999394987581 0.0184976944820761
4 0.2998718359592754 0.9025330212580418 0.029842036104353476 0.02811835594746519
4 0.33428319739559387 0.9069815038451872 0.02822499394987581 0.018661468792335257
4 0.26983435713471016 0.843932627205507 0.026707945745273954 0.02639208163720568
4 0.21926673057308116 0.883312709747224 0.02353749394987581 0.01841580732694652
2 0.13545935713471013 0.8509749225466656 0.012627265027114642 0.02253009724103805
4 0.17535310410964802 0.8574805500908571 0.02668067466803503 0.021704581637205678
4 0.6706554719888741 0.5611279347595959 0.02668067466803503 0.021704581637205678
4 0.6739122821955286 0.5836204104493363 0.03293067466803503 0.022032130257724703
4 0.6303349990180414 0.6156007507929695 0.025145445745273776 0.0263101944820761
2 0.8863566982793566 0.29427687019656046 0.020476126463433175 0.029189533016686742
4 0.8555753726528043 0.5107993068767204 0.029805674668035208 0.02186835594746519
4 0.8628838786047325 0.5580870646786364 0.029805674668035208 0.02186835594746519
4 0.8318611375817229 0.5987873077812316 0.02353749394987581 0.018415807326946164
4 0.8108173845566607 0.6084865343754832 0.015697722872636887 0.013318871551297563
4 0.7590589209556018 0.44317911691720013 0.01883181323171641 0.015045145861557075
1 0.8775089391059744 0.38539319312733894 0.06135565651766228 0.07506859905006032
4 0.8865475958200285 0.3270893701965604 0.032967036104353295 0.028282130257724792
4 0.6509504634046672 0.26363213704358807 0.020439765027114733 0.02293953301668683
4 0.6147397317514315 0.08422459803400752 0.011064765027114731 0.02244821008590827
4 0.7850022347764936 0.06670514812486457 0.017351126463433175 0.029025758706427273
4 0.6561687076491306 0.08596083842306909 0.01425339754067192 0.03354948439616776
4 0.2648605108237022 0.7949595386708964 0.029887487899751618 0.03593085594746519
4 0.228618483794535 0.7444991932388806 0.029832945745273953 0.026555855947465366
4 0.02323661308663847 0.9045270477160077 0.02356476502711465 0.023103307326946522
4 0.06006444739559389 0.9213526995704587 0.021974993949875808 0.018333920171816585
4 0.008924128211948984 0.8622952821121757 0.007994307181592353 0.0316594357756486
4 0.010273004773577968 0.8254946449570457 0.011055674668035032 0.02088571008590847
4 0.011367351280977654 0.744944007801916 0.014135222872636941 0.013236984396167805
4 0.011862254969969696 0.6956843142243512 0.015743174668035032 0.021131371551297563
4 0.02446224891984549 0.7122167169833131 0.020448855386194266 0.02450203301668665
4 0.05166964353365122 0.6873461917685425 0.018886355386194254 0.024420145861557073
4 0.04027814646051746 0.7442103454320157 0.020430674668035033 0.02137703301668683
4 0.052705423587880516 0.7310552481909778 0.020430674668035033 0.021377033016686652
4 0.09026451092189805 0.7392462064678635 0.01728749394987581 0.018088258706427142
2 0.08259745666717191 0.7646556422435123 0.02668067466803503 0.021704581637205678
4 0.12727467329329292 0.9217378018998794 0.02042158430895542 0.019814533016686654
4 0.10158432688408911 0.9387139399595202 0.018886355386194254 0.024420145861557073
4 0.16483376062731042 0.9299287601767652 0.020467036104353475 0.027627033016686654
4 0.1931496581679824 0.9612672913844298 0.025072722872636934 0.013810194482076099
2 0.19602921847283272 0.9189160170741703 0.023573855386194255 0.024665807326946166
4 0.25397807385902704 0.9393236923343695 0.023564765027114642 0.023103307326946165
4 0.240483200420656 0.9033009831529725 0.01728749394987581 0.018088258706427496
4 0.3338741312370111 0.8366690038451872 0.01730567466803503 0.021213258706427495
4 0.3719377334999474 0.9315787121220731 0.018813632513557367 0.011920145861557074
4 0.4939081822702834 0.9415977640219525 0.023519313231716587 0.015290807326946165
4 0.5258939804748853 0.9321065773417926 0.023592036104353474 0.027790807326946165
4 0.5151019262201592 0.9576797874277009 0.023555674668035032 0.021540807326946167
4 0.5982769988216496 0.7470078810506943 0.02511817466803503 0.0216226944820761
2 0.49192492134838534 0.19772493328925791 0.018922716822512696 0.03067014586155703
4 0.28175958098930576 0.20717625565420955 0.012645445745273954 0.02565509724103805
4 0.2721936834486337 0.17485507858498806 0.01571590359079611 0.016443871551297517
4 0.2998959817514315 0.10072485979265253 0.02354658430895542 0.019978307326946255
4 0.31930905708339646 0.07938877035353062 0.017323855386194253 0.024338258706427272
4 0.7938464905320302 0.2436394623492158 0.029832945745273776 0.02655585594746528