1 0.21004105834299908 0.7024743026210418 0.13065685775648764 0.08107077488562524
4 0.7241821234718614 0.7308273063238547 0.049004066033373664 0.041716027735416716
4 0.6797770262308236 0.7173090137707991 0.042508404567984215 0.036883057370694416
4 0.712187813770066 0.8592971452296881 0.03790279172311415 0.03833645459715278
4 0.7626813794647553 0.6763222974901395 0.040700243102595124 0.03215918977951393
4 0.7344014919709412 0.4493779377827437 0.03601274310259513 0.03205008700597212
4 0.7080580772261916 0.572051718367952 0.04053646879233561 0.02903418977951393
4 0.6334631117132166 0.4142560957427783 0.041853307326946164 0.024383057370694416
4 0.45153476028830697 0.5013164185967017 0.04695024310259512 0.03230466014423605
4 0.31710552860567265 0.5567098205728127 0.04843085594746528 0.030778527735416717
2 0.20995036861062144 0.3731868461240279 0.11930327792830413 0.10265483415618064
4 0.4984041954981288 0.7107466231938545 0.0485946302577247 0.033903527735416716
4 0.8360215456798429 0.37839525018743125 0.04744156603337331 0.041679660144236144
4 0.7875530681810801 0.33200990624760485 0.0454696302577247 0.033830792553055565
4 0.7712386714150119 0.28871384792697985 0.029926517412854636 0.03502961664125
4 0.745542630596409 0.2748507164680909 0.040208920171816584 0.02278418977951393
4 0.7135390360689046 0.33418869566652837 0.04053646879233561 0.02903418977951393
4 0.6745927227490645 0.36527438829583386 0.034695904567984215 0.03670121941479163
4 0.6676533259829963 0.3221965355222922 0.06553646879233561 0.029616071238402864
4 0.6913940411572872 0.25408296836795197 0.030833920171816586 0.02256598423243057
4 0.6464876549066686 0.2756663744281255 0.03436835594746519 0.03045121941479172
2 0.7032466672311404 0.39091082114149367 0.026228307326946164 0.024019381458888933
4 0.7607349406368888 0.3711808558107645 0.021295145861557074 0.01922277868534721
4 0.7447038268875075 0.34817911369454924 0.027545145861557076 0.019368249050069508
4 0.7225798433958508 0.35780803362243113 0.029107645861557074 0.019404616641249994
4 0.5653571636130958 0.2909445758911463 0.02968085594746519 0.030342116641249993
4 0.49142834068231733 0.2798602991056601 0.03116146879233561 0.028815984232430657
4 0.5385246687014785 0.2107297458190282 0.029844630257724703 0.033467116641249996
4 0.5110547659425165 0.22257512917777822 0.02968085594746519 0.030342116641249993
4 0.49827480495209714 0.1871643060395143 0.051392081637205676 0.02772626291777782
4 0.47010221732199753 0.21537957180708373 0.03387703301668665 0.02107621941479172
4 0.4356519742194024 0.18336585239229203 0.04061835594746519 0.03059668977951393
4 0.4334620324508599 0.23091299961875036 0.0407821302577247 0.03372168977951393
4 0.3828135792623566 0.18759810429215307 0.04843085594746528 0.030778527735416717
4 0.4720807971501809 0.19357730698944484 0.04489642017181659 0.02289329255305561
4 0.5792182677515388 0.2725400680073616 0.032396420171816584 0.022602351823611144
4 0.5559478640880657 0.26029398793524355 0.02746325870642714 0.017805749050069507
4 0.4728078154675467 0.25211650560267396 0.035603307326946165 0.024237587005972294
4 0.4295048727944929 0.27451752925402817 0.04374335594746519 0.03066942496187508
4 0.426178476932936 0.2557129778672573 0.041853307326946164 0.024383057370694506
4 0.3724326792169281 0.27240886217593785 0.020305855947465368 0.030123911094166723
4 0.41095626865604995 0.2928129343642712 0.030670145861557075 0.01944098423243066
4 0.3063572998637144 0.2622876733463544 0.03247830732694625 0.024164851823611146
4 0.30912045171816527 0.22567802611989612 0.04538774310259504 0.032268292553055564
4 0.33502785447712724 0.21379627516996552 0.048267081637205764 0.027653527735416718
4 0.398657664517607 0.31125380983923645 0.02318519448207601 0.025509146276527783
4 0.4895626255080264 0.3484830125365282 0.03889208163720568 0.027435322188333354
4 0.5944448773170488 0.39930258975885463 0.026637743102595125 0.03183188145888893
4 0.5765137488683463 0.414491178664688 0.0376571302577247 0.03364895459715278
4 0.5703932236535756 0.3870383258911463 0.020223968792335612 0.028561411094166635
4 0.5425548286965297 0.3918524592498963 0.026228307326946164 0.024019381458888933
4 0.4798124892574078 0.3708846893982643 0.041853307326946164 0.024383057370694416
2 0.5076851837394838 0.39650293844833373 0.03576708163720586 0.027362587005972293
4 0.46393518373948384 0.39548464589527815 0.042508404567984215 0.036883057370694416
4 0.44757652136958337 0.36623290377906287 0.026719630257724704 0.033394381458888935
4 0.40107665762020195 0.3425219936348267 0.0466226944820761 0.02605466014423614
4 0.3908351984388049 0.3555486704965628 0.03913774310259512 0.03212282218833336
4 0.695874580505552 0.44379943179882 0.034695904567984215 0.03670121941479163
4 0.6796011273170487 0.401284623478195 0.0325601944820761 0.025727351823611144
4 0.840934774987628 0.4721452501874312 0.04522396879233561 0.029143292553055745
4 0.9409292101974499 0.682811952884723 0.029762743102595125 0.031904616641249994
4 0.8068950469230384 0.6266320752255562 0.034040807326946164 0.02420121941479163
4 0.7726052561044355 0.6125689220151742 0.029271420171816588 0.022529616641249993
4 0.6701796189493058 0.6086243447928478 0.0434976944820761 0.02598192496187508
4 0.6517195460185272 0.5988311174942713 0.040208920171816584 0.02278418977951393
2 0.7384382960185272 0.6008495188047922 0.02269387155129756 0.016134146276527872
4 0.6699881891665507 0.545415829975209 0.03905585594746519 0.030560322188333443
4 0.6043698332190856 0.514237258736806 0.034204581637205675 0.027326219414791807
4 0.5603398722286661 0.478099083774931 0.034204581637205675 0.02732621941479163
4 0.5493238070998037 0.4614564444322573 0.031079581637205856 0.02725348423243048
4 0.43161068464399505 0.4189214926848962 0.03157090456798421 0.03662848423243066
4 0.43867623416902524 0.44951752925402816 0.02655585594746519 0.030269381458888845
4 0.49957279059146026 0.45015461531006984 0.035767081637205676 0.027362587005972293
4 0.5037722896869491 0.42606315187920174 0.03387703301668683 0.02107621941479181
4 0.5769165405914602 0.4519548110735075 0.03107958163720568 0.02725348423243048
4 0.6199262341690253 0.4537361698309727 0.04538774310259512 0.032268292553055564
4 0.6305704850735363 0.47817312537805606 0.02959896879233561 0.028779616641249995
4 0.6785509616677879 0.5003579031134728 0.04061835594746519 0.03059668977951393
4 0.6595210006773685 0.46480160961048667 0.04670458163720585 0.02761716014423623
4 0.6912999451594446 0.4905107776385075 0.034122694482076096 0.02576371941479181
4 0.726852342830024 0.558443813257709 0.034204581637205675 0.027326219414791807
4 0.6971681648562912 0.5429272628208686 0.02334896879233561 0.028634146276527873
4 0.6483245511069098 0.5191618012898616 0.01874335594746519 0.030087543502986237
4 0.6264429070543752 0.5483037874221532 0.03387703301668665 0.021076219414791632
4 0.5550083203287868 0.5997013268410768 0.03107958163720568 0.02725348423243048
4 0.5965374010614812 0.6030088180073616 0.0329696302577247 0.03353985182361115
4 0.7201696528705037 0.6542648063238548 0.04218085594746519 0.030633057370694418
4 0.6451696528705038 0.6525191619471881 0.05352779172311415 0.038700130508958354
4 0.6274875079134578 0.6575696846486115 0.03436835594746519 0.030451219414791807
4 0.7693751147654343 0.7147126502636812 0.03864642017181659 0.022747822188333443
4 0.7074582909301446 0.6797187480032297 0.02334896879233561 0.028634146276527873
4 0.6965374010614813 0.6053363438429172 0.028200243102595123 0.031868249050069505
4 0.539728558342999 0.7101478643601393 0.05616146879233561 0.029397865691319504
4 0.5230799689038772 0.6902529384483337 0.041853307326946164 0.024383057370694416
4 0.6330624785148157 0.7341685522397923 0.03938340456798421 0.036810322188333446
4 0.599270654679526 0.6998292666205908 0.02968085594746519 0.030342116641249993
4 0.6688638596770515 0.7919635216545838 0.02334896879233561 0.028634146276527873
4 0.7743292876507842 0.8092439002636812 0.03601274310259513 0.03205008700597212
4 0.7250629500206847 0.8369682035503132 0.03116146879233561 0.02881598423243048
4 0.7400228867008446 0.8693085780753478 0.034204581637205675 0.027326219414791807
4 0.5594955037295863 0.7597666578631255 0.0314071302577247 0.03350348423243048
4 0.5025937285148157 0.7311318583762156 0.041771420171816585 0.022820557370694418
4 0.6552450949777304 0.8298810957427782 0.04834896879233561 0.029216027735416716
4 0.6863279986412036 0.8423090137707991 0.02590075870642732 0.017769381458888844
4 0.5988855523501053 0.7669258476426394 0.04053646879233561 0.02903418977951393
4 0.4764649977366925 0.8132351903481947 0.02968085594746537 0.030342116641249816
4 0.652771870192501 0.857133926764827 0.04061835594746519 0.030596689779513752
4 0.7091723563976912 0.9208704248649658 0.03436835594746519 0.030451219414791807
4 0.5321041660994867 0.7880001074262851 0.03938340456798421 0.036810322188333265
4 0.4575645115315024 0.7503715144363893 0.03872830732694634 0.024310322188333445
4 0.4347101876962127 0.7162868019554518 0.04654080732694634 0.024492160144236053
4 0.4512016468776098 0.7034055954584378 0.035767081637205676 0.027362587005972116
4 0.4538519340781681 0.6199754996187503 0.040208920171816584 0.02278418977951393
4 0.4757369001569701 0.576007947282049 0.03749335594746519 0.03052395459715278
4 0.4356098671402834 0.5547862575025351 0.03387703301668683 0.02107621941479181
4 0.5422792689947343 0.5205950550895838 0.0450601944820761 0.026018292553055565
4 0.4960361120519007 0.6357829907850351 0.03946529172311415 0.03837282218833345
4 0.41246229420950486 0.544883927430417 0.035603307326946346 0.024237587005972294
4 0.2895692695605611 0.31417682845659745 0.043825243102595036 0.03223192496187508
4 0.3294982287419582 0.30184113582729194 0.04078213025772479 0.03372168977951393
4 0.3359219691310198 0.260634907578785 0.03124335594746528 0.03037848423243057
4 0.28627609396167764 0.1471166150257294 0.04530585594746528 0.030705792553055566
4 0.3495473778828756 0.1930662010817711 0.0403726944820761 0.02590918977951393
4 0.21733906546754667 0.24617040444465293 0.02655585594746528 0.030269381458888845
4 0.16622030076822558 0.283215156344514 0.043333920171816545 0.02285692496187508
4 0.18245613240543138 0.3101231484607293 0.04193519448207601 0.025945557370694417
4 0.30580177917149953 0.3559103867772224 0.035848968792335525 0.028925087005972294
4 0.31714539292088095 0.37880302611989614 0.04497830732694626 0.024455792553055567
4 0.35274870024782723 0.4030406131258683 0.0434976944820761 0.02598192496187508
4 0.3839953782215598 0.41859353115388914 0.042098968792335614 0.029070557370694416
4 0.3651734571452322 0.3721179214464933 0.04555151741285455 0.035393292553055566
2 0.34585024705932393 0.36074401035232667 0.041853307326946254 0.024383057370694416
4 0.28174680348175907 0.3584716891139238 0.03321529172311406 0.038227351823611144
4 0.30924436171321645 0.40670982057281274 0.04711401741285455 0.035429660144236055
4 0.2846947410664301 0.4147216891139238 0.034204581637205855 0.02732621941479163
4 0.40434217774659 0.44949869224805583 0.041525758706427315 0.018133057370694417
4 0.3747299208491851 0.4800213404244447 0.04061835594746528 0.03059668977951393
4 0.28997314054603174 0.5303285053183335 0.042017081637205765 0.027508057370694415
4 0.27257760063194 0.5408477780197571 0.04670458163720585 0.027617160144236052
4 0.3528416327441156 0.5388144589655559 0.049583920171816495 0.02300239532659738
4 0.3918908446390462 0.5990259135627086 0.036012743102595036 0.0320500870059723
4 0.34325194877748916 0.5791667020317016 0.03790279172311397 0.03833645459715278
4 0.3684124010614813 0.5976991496950003 0.029517081637205768 0.027217116641249994
4 0.27585973088966476 0.5736966456109377 0.028943871551297563 0.01627961664125017
4 0.284436870758328 0.6480244983844794 0.035848968792335525 0.028925087005972294
4 0.18325282903521395 0.608215156344514 0.035848968792335525 0.028925087005972294
4 0.1514772065794053 0.5676804221120835 0.04506019448207601 0.026018292553055565
4 0.258832683173657 0.5912471683123612 0.03889208163720585 0.027435322188333444
4 0.41946032394683125 0.6933032436348266 0.04382524310259513 0.03223192496187508
4 0.37533850972248006 0.7000792672861809 0.035767081637205766 0.027362587005972293
4 0.341997065240404 0.6743337316669795 0.035603307326946346 0.024237587005972117
4 0.21609190524535285 0.4903743461240279 0.04061835594746528 0.03059668977951393
4 0.26210709011649047 0.47505912385944465 0.033133404567984304 0.03666485182361114
4 0.22037661352223878 0.4530198164887501 0.048267081637205764 0.027653527735416718
4 0.5322259175698247 0.6116558129733685 0.03848264586155707 0.019622822188333444
4 0.22967080562946562 0.6303635664887501 0.026392081637205765 0.027144381458888846
4 0.25816761985381687 0.6232238669255905 0.03223264586155707 0.019477351823611145
4 0.40264796019744986 0.6702833177230211 0.02293953301668683 0.020821646276527873
4 0.416281092264197 0.7517515232701044 0.03552142017181659 0.022675087005972296
4 0.5269087330373713 0.8526438356747921 0.0407821302577247 0.03372168977951375
4 0.562928120192501 0.8550427902719449 0.047114017412854634 0.035429660144236055
4 0.5972964761399664 0.8854940096867366 0.03938340456798421 0.03681032218833309
4 0.4977911210970123 0.8777159176467713 0.028036468792335612 0.02874324905006951
4 0.6057707174335392 0.8685247152338199 0.0314071302577247 0.03350348423243048
4 0.45901854816623383 0.8674499116628475 0.04061835594746519 0.030596689779513752
4 0.28669208955066355 0.6761676821800696 0.021458920171816588 0.022347778685347208
4 0.20803814506858753 0.6493674864166321 0.040454581637205764 0.02747168977951393
4 0.266669516619885 0.6663380872903126 0.03617651741285455 0.03517508700597229
4 0.1344612042045561 0.7194422906531945 0.03256019448207601 0.025727351823611144
4 0.20952980325461645 0.7820526998475001 0.032887743102595034 0.031977351823611146
4 0.19251272161741065 0.7551265239356946 0.035848968792335525 0.028925087005972294
4 0.15530264868663216 0.7448968855429514 0.027954581637205766 0.027180749050069508
4 0.20653760006611313 0.73984701605191 0.04053646879233552 0.02903418977951393
4 0.27573133536679206 0.7796920724726737 0.03856453301668683 0.021185322188333446
4 0.30459996381549453 0.7647580567051044 0.034450243102595035 0.03201371941479163
4 0.330091286746273 0.7747149381639933 0.03272396879233552 0.028852351823611143
4 0.3669295454527003 0.7927388927611461 0.03881019448207601 0.025872822188333443
4 0.42313860187513547 0.7932668760436462 0.03683825870642714 0.01802395459715278
4 0.5516033593383673 0.5645087092498964 0.030833920171816586 0.022565984232430482
4 0.5949029799851536 0.556933251802952 0.03889208163720585 0.027435322188333444
4 0.41033538670084446 0.8616350163362505 0.040208920171816584 0.022784189779513752
4 0.29545733717581435 0.8285296159756598 0.034614017412854546 0.03513871941479181
4 0.1976406348918222 0.8083060753224653 0.028364017412854547 0.03499324905006951
4 0.16540798903026518 0.7888287234988542 0.050239017412854546 0.03550239532659738
4 0.0780407858417619 0.744659189779514 0.04506019448207603 0.026018292553055565
4 0.7940630127746978 0.9982628473582988 0.03856453301668665 0.0034743052834024014
4 0.6779190343714239 0.9349686392457646 0.035603307326946165 0.02423758700597247
4 0.6173876481208053 0.9561883693941324 0.03872830732694617 0.024310322188333445
4 0.607111889414378 0.9387826638470489 0.03387703301668683 0.02107621941479181
4 0.7328621619156153 0.8964523063238549 0.03107958163720568 0.02725348423243048
4 0.6694547591566533 0.9074612350854518 0.0325601944820761 0.025727351823611144
4 0.3613999197175313 0.8807837534184724 0.04078213025772479 0.03372168977951375
4 0.2845950802784094 0.8594886752462155 0.04078213025772479 0.03372168977951375
4 0.4074084605361342 0.8951196635627087 0.02334896879233561 0.028634146276527873
4 0.44746025045022597 0.8851277209334031 0.037002033016686656 0.02114895459715278
4 0.23303922433094412 0.8286374123284377 0.042344630257724794 0.033758057370694414
4 0.15988832937389824 0.8323968855429514 0.03889208163720577 0.027435322188333444
4 0.261331320667471 0.817591462765278 0.03576708163720586 0.027362587005972473
4 0.44169160730220236 0.93883394918191 0.03593085594746537 0.030487587005972473
4 0.8604770703287867 0.6068111909168756 0.026637743102595125 0.03183188145888884
4 0.8678524790806424 0.5390970140551395 0.043661468792335255 0.02910692496187508
4 0.8446573185197643 0.558064566391841 0.0356851944820761 0.025800087005972295
4 0.8187499157608024 0.5699463173417716 0.03107958163720568 0.02725348423243048
4 0.36859054273916686 0.7202099293302779 0.02334896879233561 0.028634146276527873
4 0.3817888263216805 0.5402685094023961 0.016607645861557073 0.019113675911805572
4 0.32576231286555485 0.8261137840036807 0.035767081637205766 0.027362587005972116
4 0.2950102798488681 0.8051102997712503 0.03700203301668683 0.02114895459715278
4 0.8832372981662339 0.877323712668369 0.0407821302577247 0.03372168977951375
4 0.9624423620519007 0.6466387167524313 0.03732958163720568 0.027398954597152782
4 0.9374932717082677 0.6023613866803132 0.0325601944820761 0.025727351823611144
4 0.9187598818396043 0.5277971445640979 0.026637743102595125 0.03183188145888884
4 0.8792879460639558 0.519075454784584 0.043989017412854284 0.03535692496187508
4 0.8044517203742153 0.5204548104079173 0.023348968792335258 0.028634146276527873
4 0.7814778878324983 0.46920078172257007 0.03576708163720586 0.027362587005972293
4 0.7637514772716202 0.48829562062840337 0.03864642017181659 0.022747822188333443
4 0.7605136126177277 0.4414024368328132 0.04645892017181659 0.02292966014423605
4 0.7962873383074681 0.439113891429966 0.042098968792335614 0.029070557370694416
4 0.6103387929663094 0.30057480223979216 0.03576708163720586 0.027362587005972293