4 0.24211302269585472 0.5496948883644635 0.03557540145127884 0.035775673916276673
4 0.24352918975623022 0.5763528888587549 0.03842758293962447 0.02809050790866543
4 0.5105331181645331 0.8837475306832594 0.03579365626060227 0.04202567391627667
4 0.5690276644436688 0.8665719595424519 0.038318455534962936 0.02496550790866543
4 0.5306100051878415 0.8689183681356895 0.04059028366526398 0.045341674904859984
4 0.5434348982016 0.9273357045995361 0.04366071996293321 0.043906508897248384
4 0.4790822215225775 0.9106310242574688 0.03908234736759475 0.04684050790866543
4 0.43165166081547157 0.9470340978697342 0.03908234736759475 0.04684050790866543
4 0.3759572215225776 0.906429002508639 0.03455853847458741 0.05133700692008212
4 0.3828991914855107 0.8644643369953193 0.026418656260602268 0.04164367193911005
4 0.277733064165667 0.5378461457788373 0.042261911069925696 0.04853034190105419
4 0.4209771218775481 0.4685761754363324 0.027872028855940555 0.038582338935304605
4 0.20981638866777103 0.6007971319386728 0.03455853847458741 0.05133700692008212
4 0.1929637053653268 0.6353167119767289 0.03105159255827141 0.04027217292769336
4 0.22302322759784537 0.6482769684025195 0.0309424651536097 0.03714717292769336
4 0.28752718249983605 0.7502652327369754 0.04080853847458741 0.05159167490485981
4 0.30221467587641404 0.8001524861970166 0.03902778366526398 0.04527800790866543
4 0.27513382070427095 0.8139138972617118 0.0403174651536097 0.037529174904859984
4 0.3180281596343453 0.8626034066532522 0.04673115626060227 0.0424713428896375
4 0.3285638663504345 0.9193627426228073 0.0387549651536097 0.03746550790866543
4 0.30520821190393077 0.9160639876798914 0.026418656260602268 0.04164367193911005
4 0.27967249856441956 0.9079822322426839 0.026309528855940557 0.038518671939110405
4 0.2615326229738565 0.8673426447902539 0.0516369110699257 0.04891234387822081
4 0.1821030725183695 0.7670932939919513 0.026418656260602268 0.04164367193911023
4 0.20978163921592524 0.8034273834215474 0.041989092558271414 0.04071784190105419
4 0.25340017524344194 0.9209942268054764 0.021021828130301134 0.021140170950527094
4 0.2824428676163788 0.6718218977560035 0.03713790145127884 0.035839340912470874
4 0.27714773240716883 0.644223479771226 0.03530258293962456 0.027963173916276673
2 0.27463285681660565 0.60422056228074 0.050074411069925696 0.04884867688202625
4 0.3176462468351391 0.627096988174183 0.039409729581579976 0.05621550790866543
4 0.3117310635326948 0.6620622371855998 0.03735615626060227 0.04208934091247087
4 0.33760653885310554 0.8172418271094877 0.033105165879249124 0.05439833992388756
4 0.3592533603599847 0.8470712485543063 0.04927580290255769 0.0706600098858317
4 0.39673357922660946 0.4010875865010277 0.031160719962933035 0.043397172927693364
4 0.3643650233288269 0.43184549657714 0.031215283665263983 0.04495967292769336
4 0.35907977868630453 0.6280029135733344 0.027762901451278844 0.0354573389353046
4 0.36280497941194395 0.6109427475657231 0.029489092558271413 0.04020850593149898
4 0.3719691590861911 0.6621696665390838 0.026036710344286274 0.030706171939110228
4 0.41452619211848296 0.7429222594287213 0.027872028855940555 0.038582338935304605
4 0.4160415628997226 0.78914334342111 0.03283234736759475 0.046585839923887915
7 0.5166888597270125 0.9763170326604257 0.03751984736759475 0.04677684091247088
7 0.4154760785088193 0.8501445104173044 0.029161710344286364 0.03083350593149916
4 0.5622245929367896 0.8373473745614799 0.03272321996293322 0.043460839923887565
7 0.6743773633552095 0.8966825652836705 0.02156746515360979 0.036765170950527094
2 0.5349453303229178 0.8119826186299809 0.04204365626060227 0.04228034190105419
4 0.4969840280533323 0.756452860227024 0.03762897477225646 0.04990184091247087
4 0.48072162179273015 0.7964730237631772 0.04187996515360979 0.037592841901054184
2 0.46047111997863155 0.8386777698088445 0.03768353847458741 0.051464340912470874
2 0.4472543573647599 0.813886016843095 0.059141876223535304 0.08510451186299797
2 0.46816456889017244 0.8648091882879136 0.04231647477225664 0.05009284190105419
4 0.4632637924813026 0.7363021863107473 0.03406746515360961 0.03727450692008212
2 0.4504537684346855 0.7670746838392895 0.03773810217691818 0.05302684091247105
4 0.3432414691603249 0.7454941611018764 0.030833337748947986 0.03402217292769336
2 0.3389706314113769 0.7781793271094877 0.058487111795565025 0.06635451186299797
2 0.3210762924813026 0.7305084896570577 0.04269842068857255 0.061030341901054184
4 0.3744616981089327 0.8148317515200558 0.02954365626060227 0.04177100593149916
4 0.17970230273292165 0.5893993755128821 0.03374008293962456 0.02789950692008212
4 0.19850689955236228 0.34215696098814563 0.039409729581579976 0.05621550790866543
4 0.21484617296600722 0.43435904844057555 0.03535714664195542 0.029525673916276675
4 0.20462543557987894 0.45819579646340924 0.031160719962933126 0.043397172927693364
4 0.18278764111484178 0.4338351250185905 0.03283234736759484 0.046585839923887915
4 0.24124249265878786 0.5074118878701718 0.03902778366526398 0.04527800790866543
4 0.29817702813815034 0.4228896492388783 0.031215283665263983 0.04495967292769336
4 0.3222023159797655 0.4966282381741829 0.03126984736759475 0.04652217292769336
4 0.375198341207509 0.5472940830409867 0.0418799651536097 0.037592841901054184
4 0.3563218556354793 0.5277482455885567 0.03751984736759484 0.04677684091247105
5 0.31644587850097006 0.4150280696951138 0.03105159255827141 0.04027217292769336
5 0.3101487492822098 0.4609308187065306 0.029161710344286274 0.03083350593149916
4 0.317556999915182 0.33840190269891945 0.028199411069925694 0.04795733893530461
4 0.30455600291040685 0.37464315022746153 0.03697421034428618 0.03115184091247105
4 0.35451879737544406 0.40014982760377915 0.0321230192372937 0.026273339923887917
4 0.3727355732361597 0.3265677475657231 0.02107639183263199 0.022702670950527092
1 0.4340624536360463 0.36270817741349876 0.06511905771188112 0.07754667984777566
4 0.44570430336589373 0.4774073473754427 0.03762897477225664 0.04990184091247087
4 0.4550321741471336 0.5239467663488034 0.04258929328391083 0.05790534190105419
4 0.4085291963796521 0.533787339961069 0.03628472958157989 0.05608817391627667
4 0.42586551851950355 0.44061034292681833 0.03702877404661713 0.03271434091247087
5 0.5028570936545798 0.3866351087441492 0.04544147477225664 0.050220175893442943
7 0.5018178941100666 0.48360560923844076 0.036974210344286364 0.03115184091247105
4 0.5348015197006298 0.5248500331547173 0.04404266587924912 0.05484400889724857
4 0.5503149362128511 0.3494507851318837 0.03310516587924894 0.05439833992388783
4 0.5432067859426987 0.463385951139495 0.02830853847458741 0.0510823389353046
4 0.5598932889379235 0.5008368715957305 0.03126984736759475 0.04652217292769336
4 0.5655604463796522 0.5401858730786053 0.030724210344286185 0.03089717292769336
7 0.6274205509188231 0.6506723869187697 0.027981156260602092 0.04170733893530461
2 0.5651561638955146 0.6637825405690913 0.06689981252120454 0.08386034684397004
4 0.5643178609929569 0.7325962075652855 0.05621528366526398 0.045978344866803765
4 0.5830207317741967 0.7795176285158127 0.026527783665263982 0.04476867193911023
4 0.6221253825925033 0.8695178874130611 0.05815972958158007 0.05697951186299832
4 0.6186655658949476 0.8341706364244782 0.03702877404661713 0.03271434091247087
2 0.5051214210670907 0.8146791957022874 0.053526793283910835 0.05835101087441501
4 0.5220609283234848 0.6432498646756482 0.03880952885594056 0.03902800790866543
4 0.46358622941194394 0.6150492688202613 0.05843254809323426 0.06479201186299796
4 0.4285019012816428 0.6339610949039848 0.04544147477225646 0.050220175893442943
4 0.32487095899352386 0.5546317391627661 0.04248016587924912 0.054780341901054186
4 0.2853719824919868 0.31909614577883716 0.03272321996293313 0.04346083992388783
7 0.2593476850317248 0.25779388984733814 0.03450397477225646 0.04977450692008221
4 0.24405750172928053 0.2923771368815886 0.03450397477225646 0.04977450692008221
4 0.26225194102217453 0.3314542243340185 0.03110615626060227 0.04183467292769345
4 0.3431671243246188 0.2995449911399325 0.03283234736759484 0.04658583992388783
4 0.4566567054501448 0.32059893186212307 0.03137897477225664 0.04964717292769345
4 0.4747990702409348 0.2939555188202614 0.040917665879249124 0.054716674904859805
4 0.500838236668338 0.44444760874414924 0.03902778366526398 0.04527800790866543
4 0.6421675863981855 0.5644311393902276 0.03283234736759475 0.046585839923887915
4 0.6346229265093862 0.6908663053978389 0.041989092558271324 0.04071784190105419
4 0.6290896891232579 0.7148940544092557 0.03875496515360979 0.03746550790866543
4 0.7982637858578807 0.7992411739906388 0.03283234736759475 0.046585839923887915
4 0.8253892810485572 0.8066053464240405 0.056979175497895794 0.06785334486680342
7 0.8665499943880685 0.8153237718231919 0.04862103847458741 0.0519100098858317
7 0.805128888667771 0.6250542574887359 0.036121038474587405 0.051400673916276673
4 0.8325718423886354 0.6457315134202349 0.04187996515360979 0.037592841901054184
4 0.8150916765093863 0.698219843458291 0.037356156260602444 0.04208934091247105
4 0.7999924661651 0.7273343404925414 0.030724210344286185 0.03089717292769336
4 0.8329413754209272 0.7247650974126237 0.03412202885594055 0.038837006920082115
4 0.8094567462021669 0.7699675094659023 0.028943455534962935 0.02458350593149916
4 0.8918798658022803 0.7396844432680106 0.03757441106992552 0.04833934091247087
4 0.8650991109929569 0.744852104332706 0.047440484390903495 0.06278384288963731
4 0.8566888994675443 0.6944382688574423 0.03272321996293322 0.04346083992388792
7 0.8645658868536724 0.6705060203403171 0.020114092558271325 0.039826503954332536
7 0.9503124138955146 0.6794764551310087 0.04376984736759475 0.04703150889724857
7 0.926051479960098 0.8365249511766759 0.02825397477225664 0.04951983893530496
7 0.9145311374018267 0.8751736157014125 0.030942465153609787 0.03714717292769336
4 0.906192847746113 0.8451041137242461 0.034613102176918174 0.05289950692008212
4 0.8077206645284868 0.5508355074887359 0.04862103847458741 0.0519100098858317
4 0.8240525034585608 0.5984426779449714 0.044042665879248946 0.05484400889724857
4 0.9046725316815294 0.6870051122413713 0.04653274881887341 0.08147017589344294
4 0.7730654115332618 0.5126524165762649 0.04080853847458741 0.05159167490485981
4 0.7501784938399142 0.607950329123835 0.03143353847458741 0.051209672927693364
4 0.7720906993748771 0.5853723335724593 0.03880952885594056 0.03902800790866543
4 0.6819195671608919 0.5910864812912818 0.04689484736759475 0.047158842889637495
7 0.6717062642583342 0.6595181463103097 0.05212798439090331 0.06297484387822046
4 0.608722658538037 0.4691849649796594 0.037247028855940556 0.03896434091247105
4 0.5937375539988661 0.36060846102532673 0.02954365626060227 0.04177100593149907
4 0.6180381495523622 0.3592515494663398 0.0360119110699257 0.04827567391627667
4 0.6544096699707824 0.41549889087310243 0.03143353847458741 0.051209672927693364
2 0.6030108610777749 0.4087103799986874 0.05363592068857237 0.06147601087441501
4 0.6363144343987526 0.39598488691876965 0.03466766587924912 0.054462006920082205
4 0.6300669235989794 0.32844721843970054 0.04220734736759475 0.046967841901054186
4 0.5464310227806728 0.23663245015091178 0.032450401451278844 0.03564833992388783
4 0.5665525498225147 0.24292887110143888 0.030942465153609787 0.03714717292769345
4 0.5601363695152953 0.31464470361095287 0.027817465153609788 0.037019838935304604
2 0.5220560161572507 0.2849280287060931 0.04297123920022692 0.06884284190105419
4 0.6381547313108605 0.25367005292638084 0.04080853847458741 0.05159167490485981
1 0.7068054944728864 0.483352235739906 0.03735615626060227 0.04208934091247087
4 0.691361543747247 0.49993489927605933 0.028090283665263983 0.044832338935304604
4 0.777073354454353 0.46509166707055644 0.058050602176918174 0.053854511862997965
4 0.8498784265942042 0.3741748484012069 0.04420635698624196 0.059531508897248564
4 0.8285069127992063 0.26924992646209667 0.02669147477225664 0.04945617193911023
4 0.8237598706964218 0.40518742646209666 0.03283234736759475 0.046585839923887915
7 0.7700842883897694 0.30676983110100137 0.03283234736759475 0.04658583992388783
4 0.8769865636175129 0.3596321873365116 0.039136911069925874 0.04840300790866543
4 0.8374924992822098 0.48241842992213774 0.04996528366526398 0.045723676882026255
4 0.730872966249918 0.39905549018853037 0.04187996515360979 0.037592841901054184
7 0.7452950424813026 0.747794079123835 0.038754965153609613 0.03746550790866543
4 0.7100246866761873 0.8840525726980444 0.03283234736759475 0.046585839923887915
4 0.750932428871639 0.8552073311010012 0.05185516587924912 0.05516234387822081
4 0.1342310569092729 0.7041184501137308 0.03768353847458741 0.051464340912470874
4 0.09579852868630452 0.6172750247145793 0.04538691106992565 0.04865767589344294
4 0.14678316452848672 0.5239043680985083 0.036121038474587405 0.051400673916276673
4 0.16149299447288637 0.4611324540680634 0.03110615626060227 0.04183467292769336
4 0.095111537123825 0.5249283572240934 0.029489092558271413 0.04020850593149898
4 0.35047368203649987 0.22473599212851564 0.03902778366526398 0.04527800790866543
4 0.5574255756832305 0.16823261862998096 0.045714293283910835 0.058032675893442943