2 0.16015625 0.06875 0.0890625 0.0328125
2 0.60078125 0.73203125 0.071875 0.08046875
4 0.19765625 0.0453125 0.01328125 0.021875
4 0.21328125 0.0390625 0.0265625 0.02578125
4 0.2328125 0.0703125 0.01640625 0.02265625
4 0.23671875 0.09140625 0.0203125 0.01796875
4 0.21640625 0.0796875 0.01328125 0.01796875
4 0.271875 0.04921875 0.01796875 0.028125
4 0.24453125 0.0421875 0.01328125 0.025
4 0.284375 0.0734375 0.01484375 0.03046875
4 0.29453125 0.04921875 0.01796875 0.0265625
4 0.2765625 0.02109375 0.015625 0.01640625
4 0.30078125 0.02109375 0.015625 0.02734375
4 0.32265625 0.046875 0.0125 0.025
2 0.334375 0.03125 0.0109375 0.01953125
4 0.3734375 0.03515625 0.01015625 0.02265625
4 0.3984375 0.034375 0.02890625 0.009375
4 0.3375 0.08046875 0.0234375 0.02265625
4 0.371875 0.06328125 0.015625 0.021875
4 0.4015625 0.0546875 0.02578125 0.01171875
4 0.4640625 0.028125 0.01484375 0.02265625
1 0.5265625 0.05625 0.01328125 0.00859375
4 0.48125 0.0546875 0.02421875 0.01328125
4 0.575 0.0484375 0.02890625 0.01640625
4 0.5453125 0.0609375 0.01796875 0.025
4 0.625 0.08984375 0.01484375 0.02265625
4 0.5921875 0.1046875 0.02421875 0.02265625
4 0.55546875 0.1203125 0.01484375 0.025
4 0.6296875 0.03046875 0.02578125 0.01640625
4 0.59609375 0.1390625 0.0125 0.0265625
4 0.55546875 0.16015625 0.0140625 0.02265625
4 0.4890625 0.14453125 0.0125 0.0203125
4 0.5171875 0.14296875 0.01484375 0.021875
4 0.4890625 0.1125 0.01171875 0.02734375
4 0.63828125 0.12734375 0.01953125 0.01875
4 0.6640625 0.15 0.0171875 0.025
4 0.63125 0.14296875 0.0125 0.02265625
4 0.60703125 0.175 0.01640625 0.028125
4 0.60078125 0.203125 0.01484375 0.025
4 0.5828125 0.1734375 0.0203125 0.0171875
4 0.57890625 0.20546875 0.02421875 0.021875
4 0.5109375 0.1875 0.02421875 0.0171875
4 0.45859375 0.1953125 0.01640625 0.02265625
4 0.4328125 0.17421875 0.01171875 0.0296875
4 0.3890625 0.203125 0.0109375 0.02578125
4 0.3265625 0.1859375 0.02421875 0.021875
4 0.30703125 0.20859375 0.0171875 0.028125
4 0.309375 0.16015625 0.01796875 0.021875
4 0.4046875 0.0953125 0.0234375 0.01796875
4 0.42578125 0.10625 0.01328125 0.0234375
4 0.40546875 0.13671875 0.0265625 0.01484375
4 0.396875 0.24453125 0.01796875 0.021875
4 0.42109375 0.24296875 0.01484375 0.02421875
4 0.4234375 0.221875 0.01953125 0.02109375
4 0.4765625 0.2234375 0.02421875 0.0109375
4 0.459375 0.21796875 0.0109375 0.021875
4 0.525 0.21953125 0.01875 0.01484375
4 0.6390625 0.18984375 0.01640625 0.028125
4 0.5984375 0.21875 0.0265625 0.021875
4 0.6640625 0.20390625 0.02109375 0.015625
4 0.70546875 0.209375 0.0265625 0.01796875
4 0.675 0.190625 0.02734375 0.01328125
4 0.6640625 0.18203125 0.025 0.01640625
4 0.26640625 0.215625 0.01796875 0.0125
4 0.26640625 0.19296875 0.01875 0.02265625
4 0.27265625 0.16640625 0.009375 0.021875
4 0.23125 0.1796875 0.02890625 0.01796875
4 0.24375 0.2046875 0.0265625 0.021875
2 0.2078125 0.20078125 0.02421875 0.0171875
4 0.19921875 0.24296875 0.0140625 0.0203125
4 0.309375 0.27578125 0.021875 0.01796875
4 0.28125 0.29453125 0.0125 0.01796875
4 0.259375 0.30546875 0.02265625 0.01953125
4 0.3265625 0.30859375 0.01171875 0.02265625
4 0.30546875 0.303125 0.009375 0.02578125
4 0.41328125 0.26875 0.015625 0.0234375
4 0.3859375 0.27890625 0.01796875 0.02578125
4 0.45078125 0.271875 0.02578125 0.0265625
4 0.41640625 0.2921875 0.0234375 0.021875
4 0.47421875 0.28359375 0.02421875 0.00859375
4 0.4765625 0.30546875 0.01171875 0.01875
4 0.4484375 0.30390625 0.0125 0.0296875
4 0.465625 0.3171875 0.01484375 0.021875
1 0.540625 0.3109375 0.01171875 0.00859375
4 0.56015625 0.30234375 0.0171875 0.0359375
4 0.56328125 0.27265625 0.01796875 0.02734375
4 0.6296875 0.309375 0.0125 0.021875
4 0.66484375 0.30625 0.01640625 0.02890625
4 0.71015625 0.30625 0.01171875 0.028125
4 0.6890625 0.30859375 0.0125 0.02421875
4 0.6609375 0.34609375 0.01171875 0.02734375
4 0.64140625 0.328125 0.01484375 0.02421875
4 0.74765625 0.303125 0.01328125 0.02578125
4 0.753125 0.25078125 0.025 0.025
4 0.84921875 0.20546875 0.01640625 0.0265625
4 0.79140625 0.41484375 0.0203125 0.028125
4 0.82578125 0.41953125 0.01640625 0.028125
4 0.7296875 0.38984375 0.015625 0.02265625
4 0.59296875 0.36953125 0.01796875 0.02265625
4 0.71171875 0.35859375 0.03046875 0.02734375
4 0.7375 0.33359375 0.02109375 0.015625
4 0.76171875 0.3609375 0.01484375 0.025
4 0.60390625 0.4078125 0.02109375 0.02578125
4 0.55 0.4296875 0.03984375 0.02578125
4 0.37578125 0.4359375 0.01328125 0.0234375
4 0.275 0.41171875 0.03046875 0.02578125
4 0.3046875 0.41015625 0.0125 0.028125
4 0.290625 0.375 0.04140625 0.028125
4 0.30859375 0.3359375 0.0125 0.02421875
4 0.2875 0.325 0.02421875 0.01796875
4 0.18671875 0.36015625 0.01171875 0.0296875
4 0.14453125 0.3671875 0.02109375 0.0203125
4 0.15 0.31796875 0.0234375 0.02265625
4 0.1796875 0.31953125 0.02109375 0.025
4 0.24921875 0.3453125 0.028125 0.02578125
4 0.2578125 0.38359375 0.03046875 0.028125
4 0.1453125 0.40546875 0.034375 0.025
4 0.15625 0.20703125 0.0171875 0.02890625
4 0.15625 0.23046875 0.015625 0.02109375
4 0.128125 0.16484375 0.03125 0.01875
4 0.13984375 0.14296875 0.025 0.0203125
4 0.15078125 0.10703125 0.015625 0.0203125
4 0.22265625 0.11796875 0.01171875 0.02734375
4 0.28671875 0.14375 0.0203125 0.01875
4 0.30859375 0.12421875 0.01484375 0.0171875
4 0.590625 0.27109375 0.0203125 0.02421875
4 0.56328125 0.24375 0.02734375 0.01484375
4 0.50546875 0.38828125 0.01484375 0.02578125
4 0.44609375 0.36875 0.02734375 0.02109375
4 0.4234375 0.3734375 0.02578125 0.03046875
4 0.4453125 0.3890625 0.01953125 0.02421875
4 0.5125 0.32734375 0.01640625 0.025
4 0.56640625 0.33828125 0.0109375 0.02421875
2 0.63515625 0.37890625 0.01796875 0.01484375
4 0.29609375 0.471875 0.015625 0.0265625
4 0.24140625 0.515625 0.0203125 0.01953125
4 0.1828125 0.4421875 0.0125 0.0234375
4 0.44765625 0.47265625 0.025 0.01953125
4 0.45234375 0.4375 0.021875 0.021875
4 0.5625 0.48671875 0.01796875 0.0265625
4 0.47421875 0.46015625 0.02265625 0.01015625
4 0.64375 0.44921875 0.0171875 0.0234375
4 0.62109375 0.43359375 0.01015625 0.0265625
4 0.7078125 0.46171875 0.01484375 0.025
4 0.728125 0.41171875 0.015625 0.02578125
4 0.7484375 0.3796875 0.02578125 0.0171875
4 0.80234375 0.4640625 0.01640625 0.03046875
4 0.78984375 0.49453125 0.01796875 0.02421875
4 0.73828125 0.5140625 0.01171875 0.02578125
4 0.63828125 0.50859375 0.0296875 0.03046875
4 0.60625 0.5203125 0.02109375 0.028125
4 0.51015625 0.5265625 0.01328125 0.0265625
4 0.571875 0.5296875 0.021875 0.0296875
4 0.51484375 0.5828125 0.015625 0.028125
4 0.69921875 0.5578125 0.01796875 0.025
4 0.57890625 0.5640625 0.015625 0.028125
4 0.60234375 0.59375 0.02109375 0.040625
4 0.6859375 0.58515625 0.01640625 0.02578125
4 0.67421875 0.56875 0.01171875 0.02265625
4 0.51953125 0.634375 0.0203125 0.02734375
4 0.47578125 0.57421875 0.0125 0.02578125
4 0.43359375 0.6453125 0.02109375 0.02421875
4 0.39296875 0.5953125 0.0203125 0.0234375
4 0.390625 0.61875 0.015625 0.0265625
4 0.4 0.53359375 0.0125 0.0265625
4 0.35859375 0.50078125 0.0234375 0.0171875
4 0.309375 0.51328125 0.01953125 0.0234375
4 0.3296875 0.49609375 0.02890625 0.01484375
4 0.28359375 0.5171875 0.021875 0.0234375
4 0.32578125 0.53359375 0.0125 0.02265625
4 0.54453125 0.59375 0.0109375 0.025
4 0.625 0.58046875 0.01796875 0.0234375
4 0.36796875 0.67578125 0.01796875 0.02578125
4 0.36015625 0.63828125 0.015625 0.01953125
4 0.3171875 0.59765625 0.015625 0.021875
4 0.28671875 0.6140625 0.02421875 0.02109375
4 0.2609375 0.6296875 0.0109375 0.02265625
4 0.23359375 0.6234375 0.01328125 0.02421875
4 0.21015625 0.6015625 0.0140625 0.0234375
4 0.2765625 0.7984375 0.0140625 0.03203125
4 0.196875 0.728125 0.01328125 0.02890625
4 0.1890625 0.6703125 0.01640625 0.01796875
4 0.32890625 0.703125 0.0171875 0.0203125
4 0.3484375 0.71171875 0.01484375 0.01953125
4 0.3796875 0.7390625 0.0234375 0.0234375
4 0.3984375 0.71015625 0.01953125 0.0203125
4 0.4828125 0.6765625 0.0234375 0.03125
4 0.5078125 0.6796875 0.02421875 0.02109375
4 0.4453125 0.6671875 0.01328125 0.025
4 0.42265625 0.77421875 0.01875 0.02265625
4 0.378125 0.7859375 0.01953125 0.0265625
4 0.315625 0.81875 0.01875 0.0234375
4 0.72421875 0.815625 0.021875 0.02734375
4 0.725 0.88515625 0.028125 0.021875
4 0.66953125 0.85 0.0109375 0.0296875
4 0.64453125 0.83828125 0.01171875 0.02578125
4 0.80703125 0.73203125 0.015625 0.03359375
4 0.77578125 0.7109375 0.01328125 0.0265625
4 0.74765625 0.72578125 0.015625 0.02421875
4 0.74453125 0.75546875 0.01484375 0.0296875
2 0.78671875 0.6578125 0.02734375 0.015625
4 0.45546875 0.81015625 0.02421875 0.0265625
4 0.30234375 0.8671875 0.02265625 0.01953125
4 0.16875 0.79921875 0.0171875 0.02109375
4 0.15390625 0.77109375 0.0109375 0.02109375
4 0.1875 0.7828125 0.02109375 0.0265625
4 0.26484375 0.74609375 0.0265625 0.01484375
4 0.228125 0.71484375 0.02421875 0.02265625
4 0.22578125 0.66171875 0.0265625 0.015625
4 0.26796875 0.71015625 0.02890625 0.01953125
4 0.17890625 0.7 0.0234375 0.02734375
4 0.15859375 0.68984375 0.0296875 0.02265625
4 0.1328125 0.6640625 0.01484375 0.0203125
4 0.16328125 0.5984375 0.0109375 0.025
2 0.1890625 0.525 0.0140625 0.02578125
2 0.21640625 0.5328125 0.015625 0.01796875
2 0.17734375 0.5484375 0.02265625 0.02265625
2 0.1671875 0.5203125 0.03203125 0.0171875
4 0.75234375 0.1859375 0.0359375 0.01328125
4 0.790625 0.2 0.02265625 0.015625
4 0.7578125 0.215625 0.01796875 0.02109375
4 0.71640625 0.196875 0.0265625 0.015625
4 0.8328125 0.12734375 0.02421875 0.02578125
4 0.8796875 0.0921875 0.0234375 0.01796875
4 0.72109375 0.08828125 0.0125 0.021875
4 0.18515625 0.1765625 0.0140625 0.03359375
4 0.54375 0.2046875 0.02734375 0.01171875
4 0.6296875 0.2203125 0.015625 0.02421875
4 0.56328125 0.19375 0.02421875 0.0140625
4 0.5734375 0.81875 0.02890625 0.03203125
4 0.75234375 0.125 0.015625 0.01796875
4 0.80625 0.1875 0.01328125 0.02421875
4 0.76796875 0.16015625 0.02109375 0.01171875
4 0.7484375 0.153125 0.03203125 0.01875
4 0.64765625 0.70078125 0.0125 0.025
4 0.8703125 0.715625 0.01953125 0.0296875
4 0.81640625 0.7046875 0.021875 0.02265625
4 0.82734375 0.77578125 0.015625 0.03203125
4 0.75859375 0.86171875 0.02421875 0.028125
4 0.8390625 0.8609375 0.0265625 0.021875
4 0.90078125 0.80625 0.0359375 0.01796875
4 0.9125 0.759375 0.01875 0.02890625
4 0.9390625 0.753125 0.0015625 0.0015625
4 0.9734375 0.659375 0.01640625 0.0234375
4 0.93203125 0.6625 0.01640625 0.02265625
4 0.928125 0.31953125 0.025 0.028125
4 0.9328125 0.35390625 0.01484375 0.02734375
4 0.8703125 0.2875 0.02265625 0.0234375
4 0.90859375 0.23984375 0.01484375 0.02109375
2 0.87734375 0.1578125 0.02109375 0.0109375
4 0.88359375 0.19609375 0.01796875 0.02578125
4 0.59609375 0.665625 0.01875 0.0234375
4 0.6171875 0.6703125 0.0171875 0.03046875
4 0.64765625 0.62890625 0.0234375 0.02265625
2 0.3359375 0.86484375 0.02578125 0.01953125
4 0.54609375 0.84453125 0.01875 0.02734375
4 0.5921875 0.853125 0.0171875 0.028125
4 0.6328125 0.825 0.015625 0.02109375
4 0.64140625 0.8046875 0.0109375 0.015625
4 0.48046875 0.746875 0.01171875 0.01796875
1 0.42421875 0.86015625 0.06640625 0.05703125
4 0.3671875 0.86640625 0.025 0.0296875
4 0.30546875 0.63359375 0.01953125 0.01875
4 0.13125 0.58984375 0.02109375 0.01015625
4 0.1140625 0.75546875 0.02734375 0.01484375
4 0.1328125 0.63046875 0.03203125 0.01328125
4 0.8234375 0.28125 0.03125 0.02734375
4 0.7734375 0.24296875 0.02265625 0.0265625
4 0.93828125 0.02421875 0.015625 0.0234375
4 0.9296875 0.05 0.01953125 0.0203125
4 0.9453125 0.08671875 0.015625 0.0203125
4 0.8890625 0.02890625 0.028125 0.01875
4 0.853125 0.028125 0.01953125 0.02109375
4 0.775 0.0296875 0.0109375 0.0171875
4 0.72734375 0.02734375 0.01875 0.01953125
4 0.7421875 0.0421875 0.02265625 0.0171875
4 0.71796875 0.06875 0.0203125 0.0171875
4 0.77421875 0.059375 0.01953125 0.01875
4 0.7609375 0.0703125 0.01796875 0.0171875
4 0.76875 0.1078125 0.015625 0.01640625
2 0.79375 0.1015625 0.01796875 0.0234375
4 0.946875 0.15234375 0.01640625 0.01796875
4 0.9625 0.12734375 0.0203125 0.0171875
4 0.95390625 0.1890625 0.0234375 0.0171875
4 0.984375 0.21796875 0.0109375 0.02421875
2 0.94375 0.21875 0.02109375 0.021875
4 0.96328125 0.2765625 0.0203125 0.021875
4 0.928125 0.26171875 0.01484375 0.01640625
4 0.8640625 0.35 0.01953125 0.01640625
4 0.95546875 0.39140625 0.009375 0.01953125
4 0.965625 0.5109375 0.0125 0.02265625
4 0.95703125 0.54140625 0.0234375 0.021875
4 0.98203125 0.53203125 0.01875 0.021875
4 0.7765625 0.60390625 0.01953125 0.0234375
2 0.2421875 0.475 0.0265625 0.0171875
4 0.25078125 0.27109375 0.02421875 0.01015625
4 0.21953125 0.26015625 0.01484375 0.01328125
4 0.146875 0.28359375 0.0171875 0.02109375
4 0.1265625 0.30078125 0.021875 0.015625
4 0.28671875 0.771875 0.02265625 0.02734375