5 0.42578125 0.49296875 0.028125 0.0171875
7 0.31875 0.5375 0.0140625 0.040625
6 0.6328125 0.83359375 0.090625 0.075
6 0.72890625 0.60546875 0.071875 0.1015625
6 0.03671875 0.69296875 0.0625 0.0984375
7 0.259375 0.71484375 0.0265625 0.0328125
3 0.2609375 0.34921875 0.0359375 0.046875
3 0.4390625 0.3390625 0.0328125 0.05625
4 0.053125 0.30625 0.034375 0.0328125
1 0.16640625 0.196875 0.021875 0.0171875
4 0.16171875 0.36484375 0.0171875 0.025
4 0.1203125 0.3875 0.021875 0.021875
4 0.13828125 0.24453125 0.0171875 0.0296875
4 0.22578125 0.48359375 0.028125 0.021875
4 0.3734375 0.53359375 0.0296875 0.04375
4 0.3578125 0.37421875 0.0171875 0.046875
4 0.38984375 0.3078125 0.0234375 0.0359375
4 0.30625 0.25625 0.028125 0.03125
4 0.30078125 0.33984375 0.0171875 0.04375
4 0.3734375 0.1796875 0.0203125 0.040625
4 0.6859375 0.34140625 0.03125 0.0234375
1 0.6140625 0.48515625 0.01875 0.021875
1 0.6265625 0.50078125 0.0203125 0.0296875
1 0.48203125 0.1890625 0.015625 0.03125
4 0.425 0.27578125 0.03125 0.03125
1 0.42890625 0.40078125 0.021875 0.01875
1 0.45234375 0.4484375 0.0109375 0.021875
4 0.44765625 0.39921875 0.0140625 0.0265625
4 0.6671875 0.5171875 0.021875 0.0140625
4 0.67890625 0.725 0.01875 0.028125
3 0.7296875 0.3140625 0.021875 0.05625
1 0.26875 0.67109375 0.0234375 0.03125
4 0.25390625 0.515625 0.028125 0.0234375
4 0.08203125 0.49375 0.028125 0.0203125
4 0.1640625 0.6640625 0.0234375 0.025
4 0.21015625 0.64609375 0.025 0.0234375
2 0.1359375 0.2984375 0.0265625 0.0328125
3 0.615625 0.33671875 0.0453125 0.0265625
4 0.33515625 0.68046875 0.015625 0.059375
4 0.29765625 0.6640625 0.034375 0.015625
4 0.5609375 0.26484375 0.015625 0.0328125
4 0.75625 0.40546875 0.028125 0.0171875
4 0.68984375 0.4578125 0.028125 0.0203125
4 0.56171875 0.29765625 0.021875 0.028125
4 0.5 0.52421875 0.015625 0.021875
4 0.34140625 0.45703125 0.01875 0.03125
2 0.30078125 0.41015625 0.021875 0.01875
4 0.2796875 0.2625 0.0265625 0.0296875
4 0.6265625 0.40625 0.0140625 0.034375
4 0.47421875 0.73671875 0.0296875 0.03125
4 0.4125 0.60546875 0.0265625 0.0296875
4 0.30234375 0.378125 0.0125 0.0265625
4 0.2921875 0.703125 0.01875 0.01875
2 0.321875 0.72890625 0.0234375 0.0234375
2 0.3828125 0.67265625 0.025 0.0234375
4 0.465625 0.5328125 0.0390625 0.0515625
1 0.45078125 0.48359375 0.021875 0.015625
4 0.565625 0.34921875 0.01875 0.01875
4 0.42734375 0.91953125 0.025 0.0296875
2 0.3109375 0.79453125 0.0109375 0.01875
2 0.171875 0.76796875 0.028125 0.0203125
2 0.01875 0.5859375 0.0234375 0.034375
4 0.23671875 0.45703125 0.0296875 0.0421875
4 0.58125 0.50390625 0.0140625 0.028125
4 0.21015625 0.50390625 0.021875 0.028125
4 0.371875 0.2484375 0.0359375 0.0578125
4 0.49609375 0.2828125 0.015625 0.009375
4 0.48203125 0.271875 0.0171875 0.040625
2 0.478125 0.315625 0.0203125 0.025
4 0.2296875 0.25546875 0.015625 0.0375
4 0.11640625 0.17109375 0.021875 0.0203125
4 0.05234375 0.15703125 0.0296875 0.028125
4 0.08984375 0.20703125 0.0171875 0.0359375
2 0.19453125 0.1328125 0.0125 0.009375
4 0.2515625 0.16015625 0.0140625 0.0328125
4 0.4171875 0.17109375 0.01875 0.0125
4 0.3875 0.1390625 0.0296875 0.025
4 0.43984375 0.68125 0.0203125 0.025
3 0.3515625 0.79375 0.0265625 0.0453125
4 0.11015625 0.628125 0.0171875 0.021875
4 0.1328125 0.60546875 0.0171875 0.040625
4 0.08828125 0.36875 0.025 0.0484375
4 0.5953125 0.67890625 0.0328125 0.0421875
2 0.53046875 0.66015625 0.0125 0.01875
2 0.51953125 0.6390625 0.015625 0.025
4 0.31953125 0.22421875 0.028125 0.021875
1 0.6875 0.20546875 0.0203125 0.028125
4 0.61328125 0.09296875 0.028125 0.0328125
2 0.58984375 0.14609375 0.0296875 0.025
4 0.66171875 0.56484375 0.0171875 0.0234375
4 0.275 0.4765625 0.0359375 0.028125
4 0.16640625 0.52109375 0.0265625 0.0171875
4 0.62890625 0.2703125 0.015625 0.025
4 0.659375 0.2265625 0.01875 0.028125
2 0.61796875 0.29921875 0.01875 0.01875
2 0.61015625 0.2796875 0.0234375 0.028125
2 0.69609375 0.26484375 0.0359375 0.034375
4 0.675 0.37890625 0.034375 0.0296875
2 0.42890625 0.21953125 0.021875 0.01875
4 0.55390625 0.47578125 0.0203125 0.0140625
2 0.590625 0.44140625 0.0296875 0.0296875
2 0.3875 0.5734375 0.0296875 0.0296875
2 0.50546875 0.60078125 0.0265625 0.0421875
4 0.57265625 0.5828125 0.0328125 0.025
4 0.309375 0.134375 0.0234375 0.046875
4 0.4125 0.33515625 0.0171875 0.0234375
4 0.7609375 0.75625 0.021875 0.0125
4 0.73984375 0.746875 0.025 0.0234375
4 0.74453125 0.8125 0.021875 0.0265625
4 0.70078125 0.69921875 0.0234375 0.0234375
4 0.3390625 0.52109375 0.04375 0.021875
1 0.32109375 0.44453125 0.0171875 0.025
4 0.3984375 0.40078125 0.0125 0.021875
4 0.36484375 0.4546875 0.0171875 0.025
1 0.19140625 0.32734375 0.025 0.0203125
4 0.54296875 0.4015625 0.021875 0.0203125
0 0.51484375 0.434375 0.0234375 0.0203125
4 0.1859375 0.47890625 0.0125 0.0265625