7 0.927873586818541 0.744262133804296 0.03662848423243048 0.031151840912470873
4 0.9776989341768398 0.3808562084051446 0.023438806420763923 0.06807883794672147
2 0.901387741263194 0.5408479737281838 0.046512630508958354 0.05340884288963732
2 0.8620544439604856 0.4534726491273352 0.056178571238402954 0.06629084486680377
2 0.8310018528704509 0.5803999050588342 0.04960126291777769 0.051973676882026254
7 0.8112718875397217 0.5226656595074586 0.052326219414791805 0.03491351087441501
7 0.8350340830188188 0.6418958205721539 0.021621733282500343 0.05707767095052709
7 0.8979470846343396 0.8898757227396006 0.02725348423243048 0.030769838935304605
4 0.8662470622172563 0.6757468971501688 0.030378484232430482 0.03089717292769336
2 0.8650092576963534 0.7959957301539744 0.06838893692972263 0.12142401384016441
2 0.7215846063858325 0.8884763433095667 0.0403353656913195 0.05627917490485999
2 0.6648449503256589 0.8447382721687593 0.07416746466513899 0.16849001482874754
2 0.6300887438286451 0.828983279583133 0.05301720364722229 0.06460101087441501
4 0.6248005253637839 0.888517447073619 0.028053571238402776 0.06514483893530461
4 0.5480932082094437 0.8643252133852414 0.019841027735416718 0.047639003954332536
2 0.5563044452916659 0.9139432114080751 0.04963763050895835 0.053536176882026255
1 0.5151183604698952 0.8055696373015181 0.037173998100139015 0.05458934091247088
4 0.4874271587225339 0.9222133092406285 0.04375130642076393 0.06890650889724839
4 0.5120446458047561 0.971162803803421 0.022165940729444424 0.013391337946721649
4 0.38907992449010337 0.9558799965027778 0.02292966014423614 0.04620383794672165
2 0.27003963697104083 0.9396567717116489 0.055234320288472284 0.09278967787060921
2 0.3426627854317702 0.7704491738790955 0.06093880642076392 0.0696068458553869
4 0.3621005036122909 0.9078072524342768 0.03343074905006951 0.02789950692008212
2 0.48621407010104106 0.7060617272254059 0.0418978656913195 0.05634284190105419
4 0.41599444871013835 0.6043347425484452 0.04963763050895835 0.053536176882026255
4 0.454636108570034 0.7549594836511966 0.024383057370694416 0.041580004942915846
2 0.4573967794478465 0.8040190661607106 0.02888871941479181 0.03395850593149916
1 0.5058395051309024 0.533550057263462 0.03208645459715278 0.03721083992388792
4 0.5249369568782635 0.41725655380342097 0.027326219414791807 0.03389483893530461
4 0.5673783768061454 0.4381619614080751 0.021876306420763925 0.06801517095052709
2 0.4962859332269094 0.3739349767311143 0.060647865691319504 0.057106845855386903
5 0.46647245307854135 0.31348956665500216 0.024019381458888843 0.02595500494291585
2 0.44132502308267324 0.4214439880998208 0.02667290919430556 0.07289367193911041
2 0.45375163468993013 0.4576215686321685 0.039209276785486226 0.07496550790866544
1 0.4463372185617704 0.5414381531188489 0.02114895459715278 0.036765170950527094
2 0.31846744491041623 0.5021594303048862 0.040626306420763925 0.06877917490485981
2 0.26570285477031197 0.6565086906850095 0.056251306420763925 0.06941584486680377
2 0.34915244082635366 0.592228673384804 0.024237587005972294 0.03533000494291585
4 0.3207890918525341 0.7042166788220114 0.025800087005972295 0.0353936719391104
5 0.4179556857923606 0.6542074085560564 0.03059668977951393 0.04027217292769336
5 0.5541003928580552 0.2708935483662135 0.02238414627652787 0.02276633794672147
4 0.6685778541047218 0.41608669015353694 0.052726262917777864 0.05210101087441501
3 0.6617304016917706 0.3078749421307032 0.059230836056041625 0.06329317885919253
4 0.7099457768823954 0.516647764260094 0.02660017401194459 0.06976867193911022
4 0.7433563825057286 0.5902152568457202 0.027398954597152782 0.037019838935304604
4 0.7534392441129856 0.6264883378723594 0.024601262917777866 0.05095500494291585
2 0.9270215612673258 0.6467332177966847 0.02165810087368065 0.05864017095052709
2 0.7971567957840968 0.4248966629674996 0.052908100873680655 0.05991351087441501
2 0.7423770703853816 0.4981550908381089 0.042479747150208524 0.08134284190105419
2 0.7638526800927773 0.4808893363894846 0.03993532218833344 0.039091674904859805
4 0.7339664647620483 0.42356892631337245 0.03840918977951393 0.04059050790866543
2 0.5640884162250689 0.5124443784042695 0.05592399810013902 0.055353344866803766
4 0.5741712778323259 0.5487174594309089 0.030342116641249993 0.029334672927693362
4 0.5790211255718745 0.6086190414461312 0.015153527735416717 0.04744800296574958
4 0.7162275720009021 0.7497640117886359 0.018205792553055565 0.04445033695813834
7 0.9710585827344784 0.8338220409146586 0.019260452697291798 0.08976283695813833
7 0.9809635256481244 0.6765361229298811 0.0056330573706944165 0.04081600098858314
4 0.9498589960128466 0.6715594628537689 0.02093074905006951 0.027390170950527093
4 0.9605055552834022 0.6836137938804081 0.027398954597152782 0.037019838935304604
4 0.7193330817845479 0.8175417608000528 0.018351262917777868 0.05070033695813834
2 0.6318525720009021 0.7532020295831332 0.033758057370694414 0.04196200692008212
2 0.6172997627303467 0.7413068660469799 0.030378484232430482 0.03089717292769336
2 0.591355511780416 0.7158267049822845 0.03982621941479181 0.03440417490485981
4 0.5758201243376034 0.779680957948034 0.02554551386770836 0.024456171939110406
4 0.5789620017124297 0.8458962069594509 0.024310322188333445 0.03845500494291585
4 0.5467138525861104 0.7894525473776303 0.028815984232430657 0.030833505931498983
4 0.5463878506862494 0.7363912143738247 0.015080792553055566 0.04432300296574958
4 0.5337605641171174 0.7423693003433798 0.012028527735416716 0.047320668973360826
2 0.5195707775479855 0.7484110533091293 0.02576371941479181 0.03383117193911023
4 0.5303297056439925 0.5879683018262545 0.017987587005972295 0.03507533695813834
2 0.1754207340449993 0.7796052924718955 0.06431837955902786 0.08067167984777565
2 0.2741290313477076 0.8645612712173574 0.05803201196784728 0.07885451186299833
2 0.03416713972392327 0.8698694896198766 0.06833427944784654 0.09999468281352505
4 0.024631098405138652 0.6007839085932375 0.049262196810277305 0.06916117688202625