2 0.6487529240170037 0.3418742345077094 0.05442855042954129 0.057389776119281775
2 0.5106774711671846 0.1513233983479479 0.03264208163720568 0.028200243102595036
2 0.5538133175037115 0.16533498869158092 0.034695904567984215 0.03765713025772479
3 0.32953593453245333 0.25933953697341566 0.032635437584671044 0.057805855947465276
2 0.22251689337516617 0.4926666140880657 0.034695904567984305 0.0376571302577247
2 0.3041962613084191 0.578420407620202 0.03296963025772479 0.034450243102595125
2 0.31995845940853973 0.4570367305509805 0.020305855947465278 0.030670145861557075
3 0.09700123699815957 0.5706953595655099 0.048512743102595034 0.033706614653892505
3 0.13066690807448725 0.526239352668105 0.04669793758467104 0.058542840343632996
1 0.3165623852345658 0.7161627470593239 0.0231851944820761 0.026146420171816585
2 0.23602171415823808 0.7581621393028364 0.03937676051544958 0.06750840456798421
2 0.1890781151081778 0.8168067989592032 0.04102779172311406 0.03954717887824373
2 0.4181359305757244 0.586741919944674 0.03782090456798422 0.03782090456798422
2 0.45428919380470756 0.4499755823145744 0.030008404567984214 0.03741146879233561
2 0.442668941091174 0.5222223965389257 0.029926517412854636 0.03584896879233561
2 0.5186725983726918 0.41731356851976437 0.026801517412854636 0.0356851944820761
3 0.5207064891458661 0.31871229420950486 0.04036605042954129 0.05665279172311397
2 0.5832916983272632 0.33530997399225987 0.0376571302577247 0.034695904567984305
2 0.5168246568312919 0.7963802708037566 0.035351001809022266 0.050157130257724704
2 0.6531815586857427 0.8403460340327396 0.04538774310259512 0.033542840343633175
2 0.841358746609098 0.568185508252142 0.033460953188503596 0.04382524310259513
2 0.8052397829051451 0.6744012087271118 0.04053646879233561 0.03017217887824373
2 0.7718628753964847 0.3545933197629598 0.03831222749876275 0.0471959045679843
2 0.4444339162150877 0.3241157671857119 0.03124335594746519 0.03124335594746528
2 0.40273773914586614 0.31252981399720864 0.031489017412854634 0.03593085594746528
2 0.22903248699815956 0.5776148241739738 0.03099769448207601 0.02655585594746519
2 0.20170866915576374 0.6654899604245925 0.020305855947465278 0.030670145861557075
1 0.2886719171195988 0.29166735809517186 0.034368355947465276 0.03140713025772479
2 0.3911795256690559 0.846983379126071 0.04078213025772479 0.034859678878243726
2 0.04119937358746244 0.3648714054724954 0.03264208163720579 0.028200243102595036
3 0.3045160023748492 0.16872118102595038 0.03567855042954129 0.05640713025772479
3 0.8398415914752867 0.40280949174379865 0.0568165660333733 0.04349105042954129
2 0.5983103522178791 0.751296822137809 0.027954581637205676 0.027954581637205676
2 0.6372632253510562 0.2621491129564119 0.04143722749876275 0.04735967887824373
7 0.8383964416570009 0.744294306872661 0.03658595318850324 0.04398901741285464
5 0.8773394329505736 0.7635699293284697 0.034532130257724704 0.034532130257724704
5 0.9055463201057034 0.7634813981208053 0.033297178878243724 0.040700243102595124
7 0.8770450203535306 0.36558945273421806 0.04735967887824373 0.04143722749876275
7 0.7568232943251059 0.5817732954527003 0.03215075870642732 0.018825243102595125
7 0.7341338240624322 0.4317389959276701 0.03552142017181659 0.023676517412854637
5 0.6295337760077402 0.6338570166198851 0.04382524310259513 0.03346095318850324
4 0.6634683627333287 0.6889063647654343 0.02252345318850324 0.043252033016686654
4 0.7005290287212735 0.5647219142904645 0.050484678878243726 0.041601001809022264
4 0.7471605257805976 0.21307088308279992 0.026965291723114147 0.03881019448207601
7 0.7422119176854256 0.5167690931687081 0.02071529172311415 0.03848264586155707
7 0.7001185136832684 0.7519319872212429 0.04431656603337366 0.04283595318850324
4 0.7338860040723298 0.7952216417892272 0.042672178878243726 0.041191566033373664
2 0.6855923462249851 0.7002499785148156 0.024911468792335613 0.029353307326946167
4 0.5744977159672604 0.7273303776557329 0.034279824739800804 0.05945024310259513
4 0.5053836250578005 0.5662457134768102 0.06881859905006031 0.06437676051544958
7 0.4006485374277009 0.5317711369279872 0.05237472749876275 0.047932888964152195
7 0.35760122229883845 0.5459664337394838 0.04793288896415202 0.05237472749876275
5 0.2319549276350484 0.22288970262267643 0.03831222749876275 0.0471959045679843
5 0.2589301854369645 0.23135397783744707 0.03609463025772479 0.034614017412854546
5 0.18046767073764342 0.18885553934826485 0.04538774310259504 0.033542840343633085
5 0.07264520465884135 0.13855124491161736 0.04037269448207601 0.027047178878243816
7 0.14491967435568803 0.08985147331489131 0.04102779172311406 0.03954717887824379
7 0.11761022388071818 0.0578678109449909 0.034286468792335524 0.02984463025772479
4 0.21132044380470746 0.4372421296918979 0.028691566033373483 0.042017081637205675
3 0.016234212743670897 0.5122034288782438 0.032468425487341794 0.05509029172311415
7 0.044782560494764964 0.7598906563770067 0.03025406603337355 0.042098968792335614
7 0.11482946687177158 0.6789549168924562 0.034443599050060315 0.06257524310259513
5 0.39016698157109264 0.7317711369279871 0.03847600180902226 0.050320904567984215
7 0.4603676961795567 0.603056316710742 0.036667840343633 0.04555151741285464
7 0.4630368362753625 0.9557242933049939 0.05204717887824373 0.0416828889641522
5 0.6100722885593546 0.9454119923096254 0.04596095318850324 0.04448034034363317