2 0.3796875 0.075 0.0453125 0.03515625
2 0.6234375 0.17421875 0.07109375 0.01875
2 0.3765625 0.16328125 0.0484375 0.025
0 0.4578125 0.3046875 0.1703125 0.04453125
4 0.10390625 0.04921875 0.0421875 0.02578125
4 0.2140625 0.1390625 0.04453125 0.01484375
4 0.45859375 0.25 0.0328125 0.02890625
4 0.2234375 0.7 0.0234375 0.02734375
4 0.371875 0.65703125 0.0421875 0.01484375
2 0.371875 0.61171875 0.02890625 0.0171875
2 0.2640625 0.59140625 0.0234375 0.015625
4 0.14609375 0.44609375 0.02890625 0.021875
4 0.415625 0.446875 0.0453125 0.0109375
4 0.29296875 0.403125 0.01796875 0.02265625
4 0.24765625 0.49296875 0.01875 0.01875
4 0.26953125 0.48671875 0.02734375 0.0203125
4 0.3296875 0.4265625 0.021875 0.02109375
4 0.47578125 0.41484375 0.02890625 0.015625
4 0.3734375 0.4078125 0.04296875 0.01171875
4 0.25 0.55546875 0.0421875 0.01171875
4 0.04765625 0.484375 0.05859375 0.0140625
4 0.15703125 0.47421875 0.03046875 0.01875
4 0.34375 0.56015625 0.0421875 0.0234375
4 0.16328125 0.60078125 0.0140625 0.01328125
2 0.0859375 0.5828125 0.02890625 0.02265625
2 0.12109375 0.58046875 0.0359375 0.0171875
2 0.17734375 0.5859375 0.02265625 0.0140625
2 0.49453125 0.53828125 0.02421875 0.01953125
2 0.3609375 0.36796875 0.01796875 0.01640625
2 0.07578125 0.29765625 0.03203125 0.01015625
2 0.05234375 0.3109375 0.025 0.015625
2 0.40625 0.46875 0.01796875 0.021875
2 0.37265625 0.6953125 0.0375 0.0140625
2 0.23203125 0.62421875 0.01953125 0.0140625
2 0.47421875 0.56328125 0.03515625 0.01015625
2 0.034375 0.625 0.0265625 0.0109375
4 0.11328125 0.67421875 0.0359375 0.01953125
2 0.08203125 0.66796875 0.0109375 0.01328125
4 0.49765625 0.67109375 0.03359375 0.01328125
4 0.52265625 0.640625 0.03359375 0.01640625
2 0.6203125 0.5828125 0.02265625 0.01640625
2 0.51171875 0.5265625 0.046875 0.015625
2 0.52734375 0.49296875 0.034375 0.01328125
2 0.48046875 0.4765625 0.0359375 0.00859375
2 0.47109375 0.4875 0.05390625 0.01015625
4 0.37109375 0.73515625 0.01484375 0.01875
2 0.10078125 0.7125 0.0546875 0.01015625
4 0.26171875 0.6328125 0.02578125 0.01640625
4 0.32734375 0.45859375 0.03046875 0.00859375
4 0.2109375 0.42265625 0.02578125 0.01796875
2 0.2375 0.36015625 0.01796875 0.01484375
4 0.11953125 0.2234375 0.02890625 0.01484375
4 0.21484375 0.04453125 0.02265625 0.01328125
4 0.68515625 0.234375 0.015625 0.02109375
4 0.753125 0.2515625 0.0546875 0.00703125
4 0.81328125 0.25625 0.01875 0.01875
4 0.23671875 0.16328125 0.015625 0.0140625
2 0.22890625 0.846875 0.02265625 0.01640625
2 0.13671875 0.77890625 0.034375 0.01171875
4 0.640625 0.79921875 0.04296875 0.02578125
2 0.4734375 0.7296875 0.0140625 0.01015625
2 0.57890625 0.553125 0.0234375 0.009375
4 0.61953125 0.34375 0.03203125 0.01640625
4 0.63984375 0.26640625 0.01640625 0.01484375
4 0.44609375 0.1640625 0.0328125 0.01640625
4 0.31953125 0.20234375 0.01171875 0.01796875
4 0.178125 0.05078125 0.01484375 0.0140625
4 0.7140625 0.07109375 0.015625 0.01796875
7 0.51796875 0.3953125 0.0265625 0.0140625
2 0.2390625 0.41875 0.02734375 0.015625
2 0.23984375 0.37890625 0.03046875 0.01796875
2 0.315625 0.3421875 0.0234375 0.01953125
1 0.1015625 0.44140625 0.01796875 0.01875
1 0.07421875 0.42265625 0.025 0.009375
4 0.29453125 0.48125 0.0296875 0.00625
4 0.72421875 0.53671875 0.053125 0.01015625
4 0.68203125 0.51015625 0.03515625 0.01484375
4 0.2421875 0.76328125 0.0265625 0.01484375
4 0.45234375 0.80859375 0.01484375 0.01796875
2 0.5234375 0.8234375 0.0265625 0.01484375
2 0.6078125 0.0265625 0.05 0.0328125