7 0.2078125 0.5412568603729859 0.0359375 0.03052395459715278
4 0.253125 0.5542647002287497 0.034375 0.04298758700597229
4 0.3484375 0.5028275271667357 0.0203125 0.017660278685347208
4 0.44375 0.5842028541047218 0.0234375 0.04585801386770836
2 0.3375 0.6304258503049998 0.05625 0.045059233282499986
2 0.27734375 0.3521385025654512 0.0578125 0.05447060087368065
2 0.36796875 0.7242479322769789 0.0609375 0.07016833605604163
2 0.365625 0.7828962336637497 0.05 0.048038762917777686
2 0.45703125 0.5284249795796871 0.078125 0.09088087955902786
2 0.62734375 0.6291484121410065 0.1078125 0.12594686379145834
2 0.62734375 0.3900859121410064 0.053125 0.07467399810013893
2 0.94140625 0.6202760263137145 0.046875 0.07452852773541671
2 0.9625 0.36666006383277694 0.0671875 0.06562630642076392
2 0.8015625 0.8110309257243742 0.0640625 0.09367857123840295
2 0.82734375 0.29793086046989514 0.059375 0.06075696846486114
4 0.840625 0.46012173594486044 0.0203125 0.02703527868534721
7 0.81328125 0.38575816879052016 0.0265625 0.03811824905006942
7 0.55390625 0.4730451889264925 0.025 0.042769381458888846
4 0.775 0.5460241747744438 0.0421875 0.02598192496187508
7 0.6140625 0.27867628666604116 0.0375 0.024310322188333355
7 0.65546875 0.31208754549975637 0.0328125 0.02576371941479172
4 0.56875 0.2109809468102773 0.0265625 0.04124324905006951
4 0.38984375 0.504207536000451 0.0296875 0.04131598423243048
4 0.37109375 0.39136269709461774 0.025 0.05214438145888885
2 0.2921875 0.46663676044923585 0.0390625 0.03997168977951393
7 0.44375 0.4701403541047219 0.0359375 0.04302395459715278
7 0.28984375 0.7588788118360068 0.040625 0.03219555737069442
2 0.575 0.3569292264455551 0.040625 0.035320557370694505
2 0.56953125 0.37658776301468705 0.0375 0.03368532218833335
2 0.63359375 0.5633779417762842 0.053125 0.05748649810013902
2 0.6875 0.526185759880555 0.0234375 0.03648301386770836
7 0.725 0.7651566876922216 0.0296875 0.03819098423243048
4 0.51484375 0.36145437870600655 0.04375 0.07445579255305557