0 0.4203127808123054 0.5125151981811608 0.09330738229073816 0.09271474082661779
6 0.2877419732113157 0.5468942224798534 0.06629024122451135 0.07693520472226431
4 0.33202918230337347 0.5924567073545429 0.016897994985435094 0.04384090359079629
6 0.5887001018076372 0.20573445393669737 0.07363137978345566 0.11447156615858275
2 0.6348981180384662 0.5317293273750684 0.07561977711788863 0.07542724687674215
1 0.3656095942857898 0.27005044222923247 0.024346782132453625 0.031386355386194255
1 0.36305289561857335 0.2895635115110732 0.019522889812585563 0.02667158430895533
1 0.3930502841775177 0.32723168315404616 0.03206835391920828 0.028306807181592397
1 0.3745730688172538 0.33649759884509073 0.016534282132453625 0.03134090359079611
1 0.39738478002088257 0.20774588494944424 0.0271989974927175 0.022029536104353476
1 0.3837698755603136 0.4646544151018694 0.02894335391920828 0.028288626463433175
1 0.3534458780675961 0.4426066982793566 0.025954746239076343 0.032957945745273776
2 0.40246736592689514 0.7045663427949665 0.03123327962517113 0.0532977168225127
2 0.2004201664682559 0.418282888269094 0.03725595909205772 0.045521578258831144
7 0.46167929757185977 0.05502086074894742 0.04742056927947225 0.01902271077238853
2 0.35031852955866416 0.523043632022578 0.030414925705962936 0.025172716822512698
1 0.3788072424116456 0.5357072584860111 0.030142141066226813 0.015797716822512697
4 0.39140286764275484 0.3779947524358869 0.023102530878812377 0.04231476502711464
2 0.3976685541692704 0.6201777072563471 0.025772889812585652 0.026707945745273777
1 0.5640029448397857 0.48444980639602536 0.055625525864247474 0.08624657220870695
2 0.499441654327555 0.6816969902374426 0.02251149749271768 0.02200226502711473
2 0.49585130456498183 0.7730668788011241 0.013318353919208192 0.028197722872636888
2 0.4465964844940868 0.44939757464459384 0.02581835391920819 0.028270445745273775
3 0.7207075859060126 0.5009838423039872 0.04273306927947225 0.018995439695149587
1 0.6923469051854848 0.5195656706610142 0.019341033386094962 0.020421584308955333
1 0.8230346155311837 0.5546951704646226 0.019295569279472246 0.01885908430895533
4 0.607507589271225 0.3152003575274936 0.022329641066226813 0.015752265027114642
1 0.19854439555206632 0.7564959605759969 0.022602425705962936 0.02512726502711473
2 0.2688913701500373 0.35541070442767675 0.04475021034569897 0.034629530054229286
3 0.4706487837818063 0.17536517700572607 0.04751149749271768 0.02214771077238851
4 0.8546326418576496 0.3252303842620732 0.03372178213245362 0.03144089754067192
4 0.6381702190546805 0.4294219388113868 0.022420569279472245 0.01887726502711473
4 0.4199153463973609 0.09617712587425793 0.011846782132453626 0.03131363251355732
4 0.394762233702664 0.14446008976990443 0.01331835391920828 0.028197722872636933
1 0.3620837775136001 0.22941180669061306 0.019204641066226814 0.015734084308955332
4 0.42558999953778154 0.31804758069471817 0.014426212852981379 0.012581813231716588
4 0.5028645195295343 0.6114163064942213 0.008721782132453625 0.031295451795398145
2 0.4320244852855096 0.7539487192583996 0.016216033386094963 0.020403403590796287