7 0.916988794247304 0.8526682946488593 0.04066354135632864 0.03505683847375849
2 0.9231167080199894 0.6484893092593559 0.054255160462916764 0.058712526785361166
2 0.897656481593638 0.5551075020351854 0.06741013192686936 0.07299321509696384
2 0.8490627779123656 0.6701109391289722 0.05723461124870468 0.05564207386326192
7 0.8383756809316841 0.608528556823724 0.0565068651776464 0.04001707386326174
7 0.8440521002859409 0.7304035568237239 0.03245293507002245 0.059893197240056394
7 0.8657067382086666 0.9771012788205468 0.030488020678164675 0.017705697240056394
4 0.8678556273742462 0.7714279772784192 0.03434076674922295 0.033385244317957155
2 0.8490221983000797 0.8874757171321495 0.08550946856846871 0.1263909504864671
2 0.6959550103345731 0.9417519342577083 0.04956766046291676 0.058630706168510474
2 0.6487674871752093 0.8854979801177929 0.10019270678164424 0.17348413879807012
2 0.6171343434615155 0.8610298141273246 0.06406680810555195 0.06825116801906325
4 0.6026031166208792 0.9183610730557783 0.037358758891340216 0.06466251785690744
4 0.5334143149254682 0.8765650852306429 0.02562073821317572 0.047284103084255236
2 0.5333629650493027 0.9258247455390685 0.05894266046291676 0.05879434740221221
1 0.5107901441234693 0.8104997544675221 0.04636988585581072 0.057013659090609535
4 0.46648368010311464 0.9168276209444578 0.05483735731976367 0.07121252678536152
4 0.47944175247669013 0.9768065929412806 0.02943494292790554 0.028615923701106282
4 0.366029915835091 0.9256180142067547 0.028818512820281583 0.048901150162155814
2 0.2529455649254682 0.8814606854722289 0.0700642510334573 0.0964579886359143
2 0.34933891376817644 0.7351293819015065 0.07060790653397522 0.07461026217486459
4 0.346295304586386 0.8712305231352087 0.03739299214211718 0.03187729139585756
2 0.4981381327509298 0.7067298721622739 0.04956766046291676 0.05863070616851011
4 0.44665906182509635 0.5919094415613089 0.05894266046291676 0.05879434740221221
4 0.46018652253568204 0.7480503474055075 0.03165241439185813 0.04270569724005639
2 0.4545936480524107 0.7958429651002592 0.034486315963434676 0.03651024431795715
1 0.5430224855225794 0.5456599586074374 0.036194365177646404 0.03966251785690744
4 0.5794436749358282 0.43790595982525354 0.03128854135632882 0.03489319724005639
4 0.6168366670779453 0.4685286684293956 0.03445208271265763 0.06929547077900686
2 0.5591461375084407 0.3882196055231824 0.06846320967712849 0.062082988635914306
5 0.5388657167064418 0.32211336445163613 0.027799668320799498 0.027026150162155815
2 0.4989192669541108 0.4213281603117208 0.037795406533975395 0.07403751785690744
2 0.5053533575246514 0.4587463396948698 0.05044095574818712 0.07738070616851012
1 0.4848097251834972 0.5380753295486 0.02674659057054054 0.03793637662320535
2 0.36821723056018063 0.4689589111224997 0.05334763192686944 0.07274775324641088
2 0.29404348407483727 0.6055197483784422 0.06435790653397522 0.07450116801906326
2 0.382031481593638 0.5641077698887976 0.02979881596343468 0.036428423701106286
4 0.33906919375196576 0.665720862826783 0.03136131596343468 0.036455697240056394
5 0.4395400746453779 0.6405105827950109 0.03633991439185813 0.042787517856907445
5 0.6294714460282773 0.30333036242304123 0.026164393713693813 0.025436376623205435
4 0.71779985359571 0.47067577516709863 0.06043238585581072 0.05725912094116268
3 0.7277313176160646 0.3649479265470704 0.06875430810555194 0.0683329886359143
4 0.743170188789567 0.5789149691607443 0.03608735731976367 0.07088524431795715
4 0.7632515564484128 0.6575348470017657 0.0330693651776464 0.039607970779006865
4 0.7681595343225063 0.6957615499238651 0.03372433664159917 0.053670470779006864
2 0.9313359305173993 0.7578097621814551 0.03245293507002245 0.059893197240056394
2 0.8408949052911211 0.5115308258984473 0.06221320967712814 0.061973894480112965
2 0.7771085411469318 0.5689399513038368 0.05549232878371626 0.08527502678536117
2 0.7992189815936379 0.5568257349890569 0.04564213978475244 0.041388659090609535
4 0.7799017473094036 0.4946121071480354 0.044225188998964174 0.04448638555165907
2 0.6028876370941559 0.5383599273578493 0.06214043507002263 0.06041139448011279
4 0.6070143649682495 0.5766002670494238 0.03419521753501122 0.030260244317956975
4 0.601967300038272 0.6361116347441755 0.024131012820281583 0.04881932954530477
4 0.7130611195163634 0.8054053311734531 0.025547963606069857 0.045721603084255234
7 0.9502251333701024 0.945132484178278 0.04270123035529281 0.0788068384737585
7 0.9818111195163635 0.8007142824739948 0.01751713978475209 0.040897735389503254
4 0.9499425353559637 0.7879785032530014 0.024747442927905185 0.028534103084255236
4 0.9583736195163635 0.8011233855582498 0.03299659057054072 0.038045470779006864
4 0.7044352903183624 0.8720161327155808 0.02583906203449331 0.05197160308425523
2 0.630192961534646 0.788868441968346 0.03946491439185813 0.0428420649348082
2 0.6193453527671404 0.7742019699715231 0.03434076674922295 0.033385244317957155
2 0.5975409733214704 0.7425252759778775 0.04386131596343468 0.03667388555165907
4 0.572108633784387 0.8008286996789838 0.0293621683207995 0.027053423701106284
4 0.5657537799792801 0.8658360909126859 0.03001713978475227 0.04111592370110628
4 0.5432751583914929 0.802895760149565 0.03121576674922295 0.0333306972400564
4 0.5510662336605525 0.7519372321463879 0.020787688998963993 0.04407728246740419
4 0.5378941455712114 0.7545128072274657 0.021006012820281583 0.04876478246740419
2 0.5230867828747643 0.7555531558474939 0.029726041356328992 0.034865923701106104
4 0.559032783289049 0.6040218835263597 0.02198631596343468 0.0362920560063543
2 0.18672759780474169 0.7020010564133915 0.0758048287837163 0.08562958279171565
2 0.26838432030215176 0.8100396530048248 0.0694820541766104 0.0839579886359143
2 0.056171110625023266 0.7527568072241705 0.0471361732831983 0.10698638555165907
4 0.06987177584545093 0.4929317938314898 0.05959763192686944 0.07285684740221221