0 0.44130946924514286 0.40546875 0.11804565027015243 0.1140625
6 0.4478645480084163 0.2625 0.09507937622353531 0.0828125
4 0.5029959921106337 0.29453125 0.04941964664195542 0.028125
6 0.16838036761637884 0.659375 0.13317957694917476 0.1
2 0.5058456512816428 0.615625 0.09540675843752044 0.0921875
1 0.1869939914776615 0.4171875 0.03864583774894799 0.0328125
1 0.20523555998931578 0.409375 0.03374008293962456 0.0265625
1 0.24905748185901463 0.4296875 0.03886409255827141 0.0390625
1 0.2552901236916466 0.4078125 0.036810519237293705 0.025
1 0.1297792030030741 0.4671875 0.029270837748947988 0.0328125
1 0.3851239566312712 0.38125 0.03880952885594056 0.0375
1 0.357036162166234 0.3578125 0.041825401451278846 0.034375
2 0.6313193995523623 0.33359375 0.062410719962933216 0.0421875
2 0.3012276501853345 0.2109375 0.056324411069925695 0.046875
7 0.002142820240934802 0.5734375 0.004285640481869604 0.05
2 0.4376239632546932 0.33203125 0.03406746515360979 0.0359375
1 0.45550094401739943 0.35703125 0.026200401451278842 0.034375
4 0.2996031188823232 0.4140625 0.049583337748947985 0.0328125
2 0.544727135124392 0.35234375 0.035520837748947896 0.0328125
1 0.4430207582678845 0.5578125 0.10100199400955016 0.0734375
2 0.6276909133473604 0.4375 0.02754464664195542 0.028125
2 0.7193253418404811 0.40859375 0.03195932813030104 0.0203125
2 0.383531685579879 0.44921875 0.03713790145127884 0.034375
3 0.4924155791417915 0.709375 0.03132441106992552 0.046875
1 0.5052801668907394 0.6765625 0.027435519237293704 0.025
1 0.5682389799600982 0.79765625 0.024255955534962938 0.0234375
4 0.28282481353269484 0.6484375 0.021185519237293705 0.025
1 0.6405208178786821 0.11484375 0.030669646641955418 0.028125
2 0.2513516465571374 0.296875 0.05034722958157998 0.0546875
3 0.1135787949283733 0.55078125 0.03628472958157998 0.0546875
4 0.34376228041558504 0.89453125 0.040481156260602266 0.040625
4 0.4031918772350257 0.646875 0.02436508293962465 0.0265625
4 0.022428005272659583 0.52109375 0.03659226442797027 0.01875
4 0.06676084783093097 0.48203125 0.030342264427970278 0.01875
1 0.14447910926367635 0.4265625 0.02107639183263199 0.021875
4 0.24702126670540495 0.465625 0.01627976442797028 0.01875
4 0.557368489663563 0.46015625 0.03492063702330857 0.015625
2 0.6870237625290537 0.34921875 0.025709328130301044 0.0203125