4 0.1984375 0.3171875 0.03515625 0.0171875
4 0.1 0.36171875 0.02109375 0.03359375
4 0.0984375 0.33125 0.03984375 0.0171875
4 0.15546875 0.3640625 0.0265625 0.02734375
4 0.14453125 0.31484375 0.0296875 0.0203125
4 0.23046875 0.284375 0.02578125 0.0484375
4 0.1828125 0.27578125 0.0265625 0.025
4 0.165625 0.29375 0.0265625 0.01953125
4 0.08671875 0.23984375 0.021875 0.02734375
4 0.08359375 0.19140625 0.034375 0.02265625
4 0.14453125 0.15703125 0.0359375 0.0171875
4 0.22734375 0.16484375 0.02109375 0.03125
4 0.23515625 0.2375 0.04140625 0.01796875
4 0.2375 0.21484375 0.02890625 0.0171875
4 0.0953125 0.4 0.03828125 0.015625
4 0.13359375 0.45859375 0.03671875 0.01796875
4 0.2390625 0.415625 0.02890625 0.0140625
4 0.3046875 0.403125 0.03046875 0.01796875
4 0.29375 0.37578125 0.03046875 0.0140625
4 0.30078125 0.3375 0.03515625 0.0109375
4 0.33828125 0.31171875 0.0328125 0.02265625
4 0.31171875 0.328125 0.0359375 0.009375
2 0.38984375 0.3296875 0.04375 0.02421875
4 0.3140625 0.41875 0.021875 0.02109375
4 0.26796875 0.425 0.0375 0.0140625
4 0.26953125 0.390625 0.02421875 0.02734375
4 0.2859375 0.290625 0.02265625 0.03125
4 0.33046875 0.21875 0.02265625 0.02890625
4 0.290625 0.17421875 0.0328125 0.0234375
4 0.31015625 0.26484375 0.034375 0.0171875
4 0.27890625 0.253125 0.028125 0.02265625
4 0.37734375 0.28828125 0.03125 0.01796875
4 0.35 0.3578125 0.02265625 0.02421875
4 0.3734375 0.38984375 0.03359375 0.01953125
4 0.35625 0.4375 0.03046875 0.01640625
4 0.26875 0.4703125 0.03671875 0.02265625
4 0.290625 0.50390625 0.0265625 0.0265625
4 0.3 0.4953125 0.02109375 0.02890625
4 0.24921875 0.52734375 0.03984375 0.0171875
4 0.20234375 0.5296875 0.02109375 0.025
4 0.20859375 0.490625 0.03046875 0.03984375
4 0.23671875 0.38671875 0.025 0.01953125
4 0.22109375 0.359375 0.021875 0.02265625
4 0.071875 0.38203125 0.0109375 0.021875
4 0.05625 0.34375 0.025 0.02265625
4 0.0734375 0.434375 0.02109375 0.028125
4 0.08828125 0.45625 0.0265625 0.0140625
4 0.11640625 0.47890625 0.03359375 0.015625
4 0.125 0.50859375 0.021875 0.02421875
4 0.04921875 0.53359375 0.02734375 0.01953125
4 0.1484375 0.5421875 0.03984375 0.025
4 0.10234375 0.5015625 0.028125 0.015625
4 0.07421875 0.5546875 0.0265625 0.01328125
4 0.05390625 0.56171875 0.0140625 0.02578125
4 0.2484375 0.56796875 0.03671875 0.01640625
4 0.25 0.58203125 0.02890625 0.0140625
4 0.175 0.59375 0.0265625 0.0203125
4 0.1890625 0.61015625 0.03203125 0.01875
4 0.2203125 0.56953125 0.01953125 0.02578125
4 0.10546875 0.565625 0.03984375 0.0171875
4 0.1234375 0.57578125 0.0296875 0.0140625
4 0.11796875 0.590625 0.03125 0.01953125
4 0.14765625 0.5671875 0.02109375 0.0234375
4 0.16875 0.56484375 0.0265625 0.02734375
4 0.2 0.55390625 0.0328125 0.009375
4 0.1296875 0.62421875 0.015625 0.02421875
4 0.1453125 0.60078125 0.034375 0.01796875
4 0.1484375 0.64453125 0.03671875 0.0109375
4 0.11171875 0.64921875 0.0203125 0.01953125
4 0.10859375 0.6125 0.03359375 0.01640625
4 0.0671875 0.62890625 0.0328125 0.01171875
4 0.1125 0.67890625 0.0296875 0.0125
4 0.1234375 0.69375 0.015625 0.02265625
4 0.14921875 0.68671875 0.03671875 0.01953125
4 0.14765625 0.725 0.0421875 0.0171875
4 0.1625 0.753125 0.028125 0.028125
4 0.09765625 0.6984375 0.028125 0.021875
4 0.06953125 0.69453125 0.01796875 0.0296875
2 0.184375 0.66171875 0.03515625 0.02109375
2 0.21640625 0.640625 0.03125 0.04296875
4 0.20078125 0.740625 0.02578125 0.01953125
4 0.20078125 0.6921875 0.0171875 0.01796875
4 0.209375 0.7171875 0.04296875 0.01171875
4 0.28671875 0.73203125 0.03515625 0.02578125
4 0.3 0.68125 0.03515625 0.0140625
4 0.253125 0.68515625 0.0078125 0.01328125
4 0.29609375 0.6671875 0.02265625 0.009375
4 0.265625 0.65078125 0.021875 0.02109375
4 0.26171875 0.6703125 0.01875 0.01875
4 0.2796875 0.684375 0.02265625 0.021875
4 0.34375 0.609375 0.03359375 0.01171875
4 0.375 0.590625 0.03984375 0.015625
4 0.27734375 0.61953125 0.0328125 0.01171875
4 0.3546875 0.6421875 0.028125 0.02265625
4 0.39140625 0.62734375 0.025 0.021875
4 0.40625 0.609375 0.028125 0.03203125
4 0.4328125 0.66484375 0.021875 0.02421875
4 0.41171875 0.6640625 0.0140625 0.021875
4 0.36171875 0.66171875 0.0390625 0.015625
4 0.37109375 0.6921875 0.0375 0.02265625
4 0.33515625 0.6828125 0.028125 0.00703125
4 0.4125 0.7015625 0.0125 0.01875
4 0.4515625 0.69375 0.015625 0.03125
4 0.46953125 0.703125 0.02421875 0.0203125
4 0.33828125 0.703125 0.03046875 0.01328125
4 0.09609375 0.73828125 0.03359375 0.0140625
4 0.1125 0.76875 0.025 0.02109375
4 0.115625 0.78046875 0.025 0.0140625
4 0.23359375 0.77734375 0.01875 0.02421875
4 0.11953125 0.809375 0.02109375 0.015625
4 0.1359375 0.7828125 0.01328125 0.025
4 0.21015625 0.7703125 0.0203125 0.0265625
4 0.33125 0.7421875 0.01953125 0.03359375
4 0.33046875 0.571875 0.0359375 0.03046875
4 0.353125 0.54296875 0.03125 0.01796875
4 0.42421875 0.56015625 0.0296875 0.01953125
4 0.4390625 0.57890625 0.034375 0.01875
4 0.45 0.62265625 0.03125 0.0125
4 0.45390625 0.65390625 0.03046875 0.01875
4 0.48671875 0.65234375 0.01875 0.01875
4 0.4703125 0.67734375 0.01953125 0.01328125
4 0.52421875 0.67734375 0.028125 0.0234375
4 0.2953125 0.7671875 0.0390625 0.02578125
4 0.55234375 0.29140625 0.0421875 0.015625
4 0.58203125 0.2703125 0.0125 0.02578125
4 0.52734375 0.31875 0.0375 0.01796875
4 0.55625 0.21328125 0.0328125 0.02265625
4 0.54375 0.46796875 0.02109375 0.02734375
4 0.5140625 0.4859375 0.03203125 0.01484375
4 0.5140625 0.45859375 0.015625 0.02734375
4 0.5109375 0.38203125 0.01796875 0.02265625
4 0.5265625 0.3515625 0.01953125 0.025
2 0.5203125 0.4203125 0.0390625 0.0390625
2 0.45625 0.9328125 0.05234375 0.03671875
5 0.32421875 0.496875 0.03671875 0.01875
4 0.290625 0.3640625 0.0390625 0.01015625
4 0.50546875 0.60703125 0.03828125 0.01640625
4 0.190625 0.83515625 0.02890625 0.02578125
4 0.11015625 0.83671875 0.03203125 0.03046875
4 0.25859375 0.7234375 0.02734375 0.02578125
4 0.29609375 0.540625 0.04609375 0.03671875