2 0.22582216030842553 0.007598866925590466 0.07039432061685105 0.006324041603125058
2 0.38198638555165915 0.05106119224805587 0.03335797077900686 0.0320137194147917
2 0.12351141233702041 0.09658667211208344 0.052080697240056484 0.030887630508958375
2 0.20044210511285 0.11946243407993071 0.050627291395857824 0.03710126291777782
2 0.29735978977100475 0.2583814233463544 0.03826365909060954 0.044622822188333446
2 0.23076657913826767 0.20138523451677104 0.022311376623205436 0.025509146276527783
2 0.6243978023529064 0.15900555128986166 0.03319432954530477 0.02263871941479172
2 0.5994774431795713 0.3419446846486116 0.04407728246740419 0.019768292553055566
2 0.38228421468992685 0.24708220706569478 0.02527273538950343 0.016206881458888843
2 0.3683717191541537 0.25534864874506974 0.02532728246740401 0.019331881458888932
2 0.6638733595770768 0.13883917486496583 0.0566045560063543 0.021621733282500076
2 0.689563106330666 0.0894574239150353 0.03001478246740419 0.01944098423243057
2 0.722352286931631 0.04414557712541727 0.03006932954530477 0.02256598423243058
2 0.5445792577073425 0.5522996499793408 0.04136138555165925 0.043133057370694415
2 0.49890429342115744 0.6199586222439241 0.031822744317957154 0.03353985182361115
2 0.5478639448011291 0.6062604513661116 0.03335797077900686 0.03201371941479181
2 0.5084354318154857 0.4054239967689588 0.037881829545304765 0.022747822188333443
2 0.312064992286067 0.4297479302802086 0.03936250892845372 0.01809668977951393
2 0.3660257893639677 0.4341276121759378 0.019077282467404012 0.019186411094166543
2 0.27627749675029384 0.4375052256830558 0.03922614123370209 0.01028418977951393
1 0.49998732669934043 0.7714847546527435 0.025272735389503254 0.016206881458888843
2 0.3860651485340074 0.7321293542921531 0.0409522824674041 0.019695557370694415
2 0.43180038838773765 0.7574027644363893 0.02225682954530477 0.02238414627652787
2 0.5500946465054125 0.6445780689572921 0.037881829545304765 0.022747822188333443
2 0.13725550161826253 0.7497662234988542 0.05353410308425506 0.024673998100139018
2 0.1740191160666033 0.7084515456871877 0.02527273538950343 0.016206881458888843
2 0.20523788838773765 0.7521294637152085 0.0300147824674041 0.01944098423243048
2 0.25206229544975234 0.7055824252462155 0.04100682954530477 0.022820557370694418
2 0.03568154463897341 0.5677875652544792 0.028370461850553065 0.014717116641249995
2 0.06191280803165402 0.5941688805089583 0.022202282467404078 0.01925914627652787
2 0.1277093575451867 0.5160451869297222 0.020585235389503388 0.01609777868534721
2 0.20359001907142815 0.4787646988975697 0.023710235389503433 0.01617051386770818
2 0.23673198132901835 0.31944490349472243 0.03462046185055305 0.014862587005972294
2 0.7277000803560837 0.1715620623077784 0.022420470779006864 0.03175914627652778
2 0.6309596737011061 0.0427993230413547 0.044104556006354476 0.02133079255305559
2 0.6479518993480816 0.3899288961796186 0.028588650162155817 0.027217116641249994
2 0.59585756533855 0.35826001567066024 0.041061376623205345 0.025945557370694504
2 0.5421479586008469 0.45775021618375045 0.02543637662320535 0.025581881458888844
2 0.40153264123040683 0.49977144918191 0.018968188311602675 0.012936411094166721
2 0.4115252499967047 0.4906328385245837 0.022093188311602674 0.013009146276527873
2 0.4738343352240523 0.4811500421718059 0.012663641233702094 0.009665940729444423
2 0.1698792666357962 0.5607589280960071 0.015897735389503388 0.015988675911805573
2 0.25929059415250605 0.4933369983844794 0.019022735389503432 0.01606141109416672
2 0.12813605153883226 0.4957508707253126 0.021984094155801336 0.006759146276527872
2 0.28387931127806487 0.6493148946610072 0.02535455600635448 0.020894381458888844
2 0.16851736403800843 0.6169543767092363 0.03141364123370201 0.010102351823611144
2 0.243944058031654 0.5984057048814933 0.018913641233702094 0.009811411094166722
2 0.61553841436232 0.6804623239912853 0.015897735389503433 0.015988675911805573
2 0.6303782102224047 0.7253208823119103 0.017405688311602673 0.012900043502986236
2 0.5331037897677094 0.7449229078631254 0.017487508928453722 0.01758754350298606
2 0.49731629423193635 0.7526802032659726 0.03155000892845372 0.017914851823611144
2 0.3255367516182625 0.7541485182361114 0.017351141233702093 0.009775043502986237
2 0.03431173376135503 0.7130091462765278 0.020557961850553065 0.014535278685347208
2 0.04067873619698701 0.6303784842324306 0.02360114123370205 0.009920513867708359
2 0.11268260105236494 0.41573606240468763 0.023710235389503433 0.016170513867708357
2 0.3716075876596843 0.39599183254066006 0.025218188311602673 0.013081881458888844
2 0.37434680397446424 0.41870263392743085 0.018940914772652383 0.011373911094166722
2 0.483439385955401 0.3603290491056601 0.028288641233702096 0.010029616641249994
1 0.03776482710967278 0.1055239545971528 0.034756829545304756 0.02267508700597225
2 0.437006491068251 0.4740454037790629 0.0376636412337021 0.010247822188333445
2 0.6473281566516823 0.622632293406077 0.03782728246740419 0.019622822188333444
2 0.6636077215864904 0.6604959693178826 0.018913641233702094 0.009811411094166545
2 0.597010556813838 0.6480128466927088 0.02996023538950343 0.01631598423243048
2 0.3495821777550006 0.7000428996950003 0.020503414772652384 0.011410278685347209
2 0.3951946866834543 0.7182850598392364 0.034538641233702094 0.010175087005972295
2 0.4745276306770999 0.6998273069894448 0.021984094155801336 0.006759146276527872
2 0.3417072223972693 0.785762194147917 0.03319432954530477 0.022638719414791807
2 0.05815438270569482 0.7815052263486459 0.03152273538950341 0.016352351823611146
2 0.2637867739393968 0.7956625645888891 0.01746023538950343 0.01602504350298606
2 0.631128232543539 0.7682896323119103 0.04911933847375849 0.04018989532659738
2 0.3813151931762761 0.8179213839274307 0.03316705600635439 0.02107621941479181
2 0.5034514715864904 0.6567682912218753 0.022365923701106107 0.028634146276527873
2 0.3855236318949159 0.6563662880877434 0.018995461850553053 0.014498911094166544
2 0.6022356193130143 0.76839808187507 0.025381829545304768 0.022456881458888845
2 0.4545679123337251 0.5853465796908685 0.031468188311602675 0.013227351823611145
2 0.5882456627407622 0.4143099939191671 0.03152273538950343 0.016352351823611146
2 0.47355014285525987 0.2859102773541671 0.034647735389503255 0.016425087005972294
2 0.4298665523529065 0.15447778618788227 0.0253545560063543 0.020894381458888934
2 0.4617614346581547 0.1474108218070837 0.028452282467404187 0.019404616641249994
2 0.5096846915580135 0.07433765092927126 0.01907728246740419 0.01918641109416668
2 0.599038481325723 0.8089321628971184 0.014253414772652384 0.011264808320625264
2 0.5454312767853612 0.06423660552642407 0.022093188311602674 0.013009146276527783
2 0.7327962779998819 0.5082626285121881 0.02217500892845372 0.017696646276527873
7 0.8214650860348313 0.621999779822709 0.014389782467404189 0.01907730832062491
3 0.028874211440220676 0.6699312935029862 0.0347841030842551 0.024237587005972294
3 0.2182270377391146 0.6462249558314237 0.03163182954530477 0.022602351823611144
2 0.17065260835596557 0.6498032443004168 0.018995461850553053 0.014498911094166723
2 0.127338984979171 0.6737849517473612 0.018940914772652383 0.011373911094166722
2 0.2523565758885615 0.6329625428373961 0.011182961850553053 0.014317073138263936
2 0.1829502366040241 0.45954192021222234 0.015815914772652383 0.011301175911805572
2 0.11853318059766968 0.43773834897381947 0.009565914772652385 0.011155705547083273
4 0.4159030584386912 0.4282601250937157 0.017432961850553142 0.014462543502986236
4 0.5426525190714282 0.4866564661837504 0.01905000892845372 0.017623911094166722
4 0.6791416237805363 0.2977238655944103 0.028561376623205348 0.025654616641249996
4 0.6086403887980701 0.10631630917364635 0.0253545560063543 0.020894381458888934
2 0.5856353112813603 0.17528386151034772 0.015897735389503252 0.015988675911805573
4 0.7282666907439393 0.42772114332982697 0.042460235389503255 0.01660692496187508
4 0.44016844723676113 0.5209749551658337 0.037718188311602674 0.013372822188333444
4 0.37547074756107274 0.5725725163362503 0.023546594155801338 0.006795513867708358
4 0.37367642247999483 0.5592548987450698 0.018968188311602675 0.012936411094166544
4 0.42100498457213387 0.8547680737069449 0.01913182954530477 0.022311411094166546
5 0.6133741221556833 0.5117305077868755 0.04081591477265238 0.011883057370694417
4 0.7603230344927037 0.6088626937666672 0.034838650162155815 0.027362587005972293
4 0.1979633563273707 0.5590697947372572 0.020748876623205438 0.025472778685347208
5 0.20431849634325677 0.609978331306389 0.018968188311602675 0.012936411094166544
4 0.28130946468663154 0.7257864756830558 0.032976141233702 0.01013871941479163
5 0.20633278408566658 0.7701163975107987 0.020803423701106105 0.028597778685347207
5 0.40577981046728606 0.5193936181598614 0.04095228246740419 0.019695557370694415
5 0.3447644439903503 0.46877471589941005 0.03174092370110611 0.028852351823611143
7 0.2641826456946336 0.505164851158021 0.07212046185055306 0.01573540919430556
7 0.21788829829242137 0.4478601910137849 0.0253272824674041 0.019331881458888846
4 0.521909776378324 0.23783710647635461 0.03168637662320535 0.025727351823611144