4 0.7081796100662846 0.3096130223896955 0.030451391832631992 0.02343085594746528
4 0.6872594748570745 0.33810319256151206 0.028779764427970277 0.020223968792335522
2 0.22139385036281972 0.00376240784734464 0.07403770072563942 0.00752481569468928
4 0.990553078130301 0.012609626866822788 0.018893843739397908 0.025219253733645575
4 0.9659548714142119 0.02607906886250797 0.029434528855940556 0.03897396879233552
4 0.9530307746795893 0.10424169041380549 0.02403770072563951 0.0184158073269463
4 0.9896589834838541 0.03414387438043194 0.02068203303229197 0.015290807326946288
2 0.9987400895630465 0.11342193860478318 0.0025198208739070083 0.02853443577564878
4 0.997723226586355 0.13772257575991292 0.004553546827289878 0.014635710085908294
4 0.9832837590704926 0.16370522162146997 0.013809528855940556 0.03815509724103805
4 0.9815774153310949 0.20449399593172943 0.013536710344286362 0.03034259724103805
4 0.9731027164195541 0.23076656886250796 0.0257093281303014 0.02162269448207601
4 0.9703249460011338 0.28569973032789725 0.02392857332097762 0.015290807326946343
4 0.9752108534428625 0.24630968170737821 0.016225200725639155 0.018006371551297563
4 0.9969581067121644 0.2754682372253022 0.006083786575671013 0.019486984396167806
4 0.9876314970895932 0.3106211651990348 0.01611607332097762 0.014881371551297562
4 0.9898226911494016 0.2893636408887753 0.020354617701196887 0.013564533016686742
4 0.9637326948200077 0.36587855325867574 0.02560020072563951 0.01849769448207601
4 0.9886706635169965 0.38323647162146995 0.022658672966007033 0.020142081637205766
4 0.97765135108061 0.40584845601763775 0.025709328130301044 0.0216226944820761
4 0.952579429210911 0.42751209407727864 0.01984127404661713 0.03223264586155707
4 0.9454266389222251 0.334748061965103 0.01778770072563951 0.01808825870642732
4 0.9366344814804964 0.3743428284734464 0.016770837748947897 0.03363137155129756
4 0.9351240559826006 0.3086768848958815 0.024201391832632167 0.02310330732694634
4 0.9251835715916972 0.24814882067153027 0.02392857332097762 0.015290807326946255
4 0.997345031028934 0.564117979423386 0.005309937942131882 0.015045145861557075
4 0.9955469180522428 0.5947914473112105 0.008906163895514397 0.013564533016686652
4 0.951899872132002 0.47529117480997324 0.024037700725639155 0.018415807326946344
4 0.9506101906436564 0.483185561965103 0.02236607332097762 0.015208920171816586
4 0.9948772680985764 0.4956136408887753 0.010245463802847254 0.025736984396167627
4 0.9423536803072194 0.02261987618945425 0.024310519237293705 0.026228307326946275
4 0.9179935757680484 0.1319063449817898 0.02392857332097762 0.015290807326946255
4 0.92244297359113 0.08001629636127078 0.02392857332097762 0.015290807326946276
4 0.904809040288686 0.04571986149013317 0.020004965153609788 0.03692014586155702
4 0.8744593413771451 0.0731388545927282 0.03201389183263217 0.023512743102595036
4 0.8911656917399646 0.08087278946386581 0.02705357332097762 0.015454581637205788
4 0.8359573473675947 0.00461508141209282 0.02392857332097762 0.00923016282418564
4 0.8552901899258663 0.03970555687672035 0.011592264427970279 0.01932321008590826
4 0.8367138047166562 0.06807289631584226 0.017787700725639156 0.018088258706427274
4 0.8796404038983496 0.15426602386003357 0.02080357332097762 0.015127033016686785
4 0.8667510234984629 0.18859675825620134 0.02392857332097762 0.015290807326946298
4 0.8588393197775985 0.208578387609415 0.024037700725639155 0.018415807326946254
4 0.892686040921658 0.16923592661899556 0.014990082939624472 0.027299484396167806
4 0.8669072801218849 0.23789739541133112 0.02705357332097762 0.015454581637205856
4 0.87305064191745 0.3017551775235067 0.024255955534962938 0.024665807326946343
4 0.8753299045313216 0.2773726532132472 0.019568455534962937 0.024420145861557073
4 0.8493750397405317 0.25133909769532325 0.025818455534962936 0.0247476944820761
4 0.8802604519915839 0.21684791101516332 0.015099210344286008 0.030424484396167805
4 0.8980779237686154 0.3012262330414307 0.019350200725639154 0.018170145861557074
4 0.8310119309401915 0.1513357756690559 0.016661710344286006 0.03050637155129752
4 0.8162773083448531 0.15523870364278852 0.023129965153609787 0.03708392017181654
4 0.7965154237686154 0.3065488981248646 0.02905258293962465 0.028036468792335522
4 0.822286750084818 0.28250056648765876 0.019568455534962937 0.024420145861557073
4 0.8202058949126748 0.2677387036427885 0.018115082939624473 0.027463258706427317
4 0.8328398149682752 0.20367952566905592 0.015044646641955239 0.028861984396167807
4 0.8242956833872622 0.31761587291009385 0.027108137023308387 0.017017081637205854
4 0.8340427056197809 0.3053648564017505 0.02721726442797028 0.020142081637205766
4 0.8281498588851581 0.3831589857549641 0.024310519237293705 0.026228307326946344
4 0.8601017525318888 0.4464468798074989 0.023819445916316084 0.012165807326946165
4 0.8351563162342195 0.44931957428957486 0.027162700725639154 0.01857958163720568
4 0.8456870776669649 0.5043379449363613 0.02080357332097762 0.015127033016686654
4 0.7948661329317753 0.41621050316781877 0.02291171034428636 0.030833920171816586
4 0.7595189099736173 0.4125842141582382 0.02403770072563951 0.018415807326946164
4 0.7380804195922641 0.4262306343300546 0.016770837748947897 0.03363137155129756
4 0.745858203257528 0.46965308570953557 0.016770837748947897 0.03363137155129756
4 0.7411533450901601 0.4918146907524898 0.01924107332097762 0.015045145861557075
4 0.7229464929132419 0.44111200588135213 0.018115082939624473 0.027463258706427317
4 0.7220908318433162 0.3941960623037873 0.01671627404661713 0.03206887155129756
4 0.7153150421876024 0.424292998079436 0.02420139183263199 0.023103307326946165
4 0.9390377735832811 0.5104031592061411 0.01348214664195524 0.028780097241038048
4 0.9252406576113646 0.5635657807574386 0.014880955534962936 0.024174484396167806
4 0.9329812357416657 0.5835097885593546 0.022420637023308387 0.016771420171816587
4 0.9835367964487716 0.6192115931727675 0.027162700725639154 0.018579581637205855
4 0.9885032717267734 0.6618937381298133 0.02299345654645322 0.013892081637205678
4 0.9885082335686721 0.6891965445522485 0.022983532862655663 0.02343085594746519
4 0.9705407778444503 0.7177276583016299 0.02705357332097762 0.015454581637205677
4 0.9595933541606527 0.6956036748099732 0.020912700725639156 0.01825203301668683
4 0.9393651889143758 0.7663222885593546 0.020912700725639156 0.018252033016686653
4 0.9904130013083534 0.7769012624400728 0.019173997383293083 0.024502033016686832
1 0.9732788866447905 0.8185498518791947 0.02334821996293286 0.04333392017181659
4 0.9894594473518964 0.8560531739054621 0.018005955534962936 0.02433825870642714
4 0.9654961576961828 0.8870508683875382 0.01978671034428601 0.030670145861557075
4 0.9435368229424597 0.8185432078266601 0.023983137023308388 0.01685330732694652
4 0.9481722484403555 0.8840453770939654 0.02705357332097762 0.015454581637205677
4 0.9209103439938519 0.8878221523087362 0.024146828130301046 0.02154080732694652
4 0.9210269058820841 0.8463340151536063 0.0272718281303014 0.021704581637205678
4 0.932001611417047 0.8692392486452629 0.02872520072563951 0.01866146879233561
4 0.9023066769334763 0.9154082417478581 0.02403770072563951 0.01841580732694652
4 0.9190998181331361 0.8135624587311712 0.02749008293962447 0.027954581637205676
4 0.9019941636866324 0.8168069674375985 0.02091270072563951 0.018252033016686653
2 0.8969272069705433 0.8734254596356823 0.010302582939624471 0.027053822930778536
4 0.8957515981702031 0.7725213789029877 0.021021828130301047 0.02137703301668683
4 0.9051166744864056 0.7493328623946443 0.02409226442797028 0.019978307326946165
4 0.9240204419096008 0.7303405229555224 0.024146828130301046 0.021540807326946344
4 0.8943627129609929 0.7999879596356824 0.02080357332097762 0.015127033016686654
4 0.8978572459932849 0.7207541610151633 0.02705357332097762 0.015454581637205677
4 0.9015898812024947 0.693164749549774 0.0257093281303014 0.0216226944820761
4 0.8828944449048256 0.6957098954113311 0.017896828130301044 0.02121325870642714
4 0.9143924707655413 0.7684137330414307 0.011319445916316085 0.011510710085908116
4 0.8671305795658816 0.8718563155831476 0.024146828130301046 0.02154080732694652
4 0.8655407645976062 0.6246128233850637 0.03061508293962447 0.02811835594746519
4 0.8342188427279075 0.6466040100652236 0.02392857332097762 0.015290807326946165
4 0.8992709238534335 0.626758499549774 0.021240082939624472 0.027627033016686654
4 0.8931945386442234 0.6544707417478579 0.024310519237293705 0.026228307326946344
4 0.8841072261230188 0.573548290368377 0.021349210344286006 0.03075203301668683
4 0.8653299442718534 0.5737496862299339 0.02705357332097762 0.015454581637205677
4 0.8633656509879426 0.5174996862299339 0.02392857332097762 0.015290807326946165
4 0.9171354917321155 0.5107683293779576 0.021185519237293705 0.02606453301668683
4 0.8576216263931713 0.6892075898934071 0.02759921034428601 0.031079581637205856
4 0.8701960374630971 0.735509379807499 0.032395837748948254 0.034450243102595125
4 0.8431970278444503 0.7244014614447046 0.0335218281303014 0.022032130257724703
4 0.862748125212045 0.7687722591607125 0.02080357332097762 0.01512703301668683
4 0.8143701673148295 0.9074939224351241 0.02080357332097762 0.015127033016686654
4 0.8019346547009578 0.9324087132537269 0.022584328130301045 0.02145892017181623
4 0.8434128265706565 0.9098852600652236 0.018115082939624473 0.027463258706427497
4 0.8288542748492255 0.7619390829960022 0.014880955534962936 0.024174484396167806
4 0.8439807670446771 0.7916708485998345 0.02091270072563951 0.01825203301668683
4 0.8148091330165933 0.740760123814605 0.020912700725639156 0.018252033016686653
4 0.8086781841050523 0.766909866012689 0.020912700725639156 0.018252033016686653
4 0.825766480384188 0.7855813008838266 0.011537700725639154 0.017760710085908293
4 0.8140377735832809 0.5169541316165212 0.02721726442797028 0.020142081637205676
4 0.7999554262156862 0.47229672885755924 0.017896828130301044 0.02121325870642714
4 0.8375868901881696 0.5861611550222696 0.021076391832632168 0.022939533016686654
4 0.830756536830125 0.6146955907979182 0.017842264427970277 0.019650758706427317
4 0.7968800446346732 0.585946471055643 0.027108137023308387 0.017017081637205677
4 0.818219331295162 0.5918722444613914 0.01778770072563951 0.01808825870642732
2 0.8213244839275673 0.5463140829960021 0.024146828130301046 0.021540807326946344
4 0.8181275620578685 0.5668313008838266 0.013209328130301401 0.020967597241038048
4 0.8111781576113646 0.5695435430819105 0.014990082939624472 0.02729948439616763
4 0.8080110067930579 0.6581523417024295 0.02280258293962447 0.027708920171816587
4 0.7979167549789594 0.6156339710556431 0.011919646641955417 0.028698210085908293
4 0.7895511834720803 0.6450315439864216 0.021240082939624472 0.02762703301668683
4 0.7850893727649743 0.6069140682966812 0.018005955534962936 0.02433825870642714
4 0.7817361942718535 0.5781306490293756 0.02609127404661713 0.0325601944820761
4 0.7756920693142625 0.7412448026928489 0.018060519237293703 0.025900758706427142
4 0.7804986204027216 0.7668213348050245 0.01973214664195542 0.029107645861557074
4 0.7945412730351269 0.7206899632537269 0.013209328130301045 0.020967597241038048
4 0.786937071043543 0.4581080760985972 0.01984127404661713 0.03223264586155707
4 0.7646528432760616 0.4475357462704137 0.013427582939624472 0.02721759724103805
4 0.7582465866526397 0.39856265773580296 0.025381945916316085 0.0122476944820761
4 0.7764236677781657 0.381173761874246 0.02091270072563951 0.01825203301668683
4 0.7657292152384277 0.3214678912274596 0.027271828130301046 0.021704581637205768
4 0.7549653300292176 0.34942579489093273 0.024474210344286363 0.03091580732694634
4 0.7388219748570746 0.33540091644223025 0.03028770072563951 0.01874335594746528
4 0.7363864556197809 0.31048280359736 0.021240082939624472 0.02762703301668674
4 0.7575049982707196 0.2428482462704137 0.02091270072563951 0.01825203301668683
4 0.7890278167823738 0.24902300316781867 0.024201391832632167 0.02310330732694634
4 0.7725198738612826 0.20214468114155135 0.02409226442797028 0.019978307326946255
4 0.7605927927357566 0.21920602838258935 0.02420139183263199 0.023103307326946255
4 0.767358658707673 0.16641189902937573 0.022475200725639334 0.018333920171816544
4 0.7328497386520726 0.23161749717492489 0.023983137023308565 0.016853307326946253
4 0.7669568654237622 0.11008001187424596 0.02409226442797028 0.019978307326946297
4 0.7901141124285374 0.14565234170242944 0.02107639183263199 0.02293953301668674
4 0.7333159862050019 0.06566494855440588 0.02269345553496276 0.024583920171816542
4 0.7560887980932343 0.022989447649894725 0.024310519237293705 0.026228307326946275
4 0.736267371414212 0.0381164806665815 0.027435519237293704 0.02639208163720579
2 0.7642386039910167 0.05465220545181084 0.011319445916316085 0.01151071008590825
4 0.7161359206885726 0.021952570105703395 0.024255955534962938 0.024665807326946277
4 0.7006200480932343 0.02589644165700091 0.02749008293962447 0.027954581637205787
4 0.709823922502671 0.06533075588135215 0.024037700725639332 0.018415807326946275
4 0.69522570916316 0.0731399338550848 0.02403770072563951 0.018415807326946275
4 0.6766567584375205 0.05689413613907694 0.023983137023308565 0.016853307326946277
4 0.6554365228654907 0.07679055631089347 0.010684528855940557 0.03799132293077852
4 0.6777480324841376 0.08814413613907694 0.025818455534962936 0.02474769448207601
4 0.7031498257680484 0.14316582881213066 0.01778770072563951 0.018088258706427274
4 0.6950570727728236 0.18037590174290918 0.02436508293962447 0.027790807326946255
4 0.6654787001774853 0.18505675769037447 0.02392857332097762 0.015290807326946255
4 0.7130630283077863 0.2029126430364819 0.020858137023308566 0.01668953301668674
4 0.7037351575265467 0.2495796031223902 0.019568455534962937 0.024420145861557073
4 0.6720213660567345 0.23793609622498524 0.024255955534962938 0.024665807326946343
4 0.66723466233587 0.2577539512679393 0.030451391832631992 0.02343085594746528
4 0.6917907182336526 0.28855689394099304 0.021021828130301047 0.02137703301668683
4 0.6506572867453068 0.2985394035519315 0.022584328130301045 0.021458920171816588
4 0.6601066978152326 0.3450049677762827 0.024310519237293705 0.026228307326946344
4 0.6417212855641805 0.3788410572154046 0.01935020072563951 0.018170145861556984
4 0.6570759562527531 0.4375200163968017 0.023983137023308565 0.016853307326946343
4 0.7016419225874891 0.39135434532047403 0.01778770072563951 0.01808825870642732
4 0.7056200944571879 0.3707961838550848 0.021021828130301047 0.021377033016686742
4 0.6789410325689555 0.41367640264742034 0.019459328130301046 0.021295145861557074
4 0.6352108799365505 0.4613636301461831 0.02392857332097762 0.015290807326946165
4 0.6615650488110244 0.4764187420865422 0.01359127404661713 0.03190509724103805
4 0.6427133558899334 0.4296632507929695 0.02560020072563951 0.0184976944820761
4 0.7408855049789593 0.618622852217879 0.021130955534962935 0.02450203301668665
4 0.7411657579741844 0.5818222150627493 0.02080357332097762 0.015127033016686654
4 0.7369147675928313 0.5945678765281386 0.02560020072563951 0.0184976944820761
4 0.7382937291182439 0.544404102217879 0.02392857332097762 0.015290807326946165
4 0.7210963054344465 0.5226076673467415 0.020004965153609788 0.03692014586155708
4 0.7152208168671917 0.5784858531223902 0.02091270072563951 0.018252033016686653
4 0.775530834290387 0.5573235040723299 0.018115082939624473 0.02746325870642714
4 0.7671726972670785 0.5421079398479786 0.015208337748947897 0.033549484396167804
4 0.7648612075186974 0.6776326820460625 0.01800595553496276 0.024338258706427317
4 0.7463393860118182 0.7075625214851844 0.022311509618646853 0.013646420171816586
4 0.740907841546781 0.7313275701057034 0.018115082939624473 0.02746325870642714
4 0.759466868588623 0.7248761742441464 0.019459328130301046 0.021295145861557074
4 0.7664559677703163 0.812952706356322 0.021130955534962935 0.02450203301668665
4 0.7828820651379113 0.8574872783825894 0.00970238221398514 0.009866322930778538
4 0.7656945651379112 0.8583880370890167 0.017842264427970277 0.019650758706427497
4 0.7650869299287012 0.8858136742441463 0.022911710344286185 0.030833920171816232
4 0.750124128840242 0.8607694086403143 0.01778770072563951 0.018088258706427496
4 0.7351092532496789 0.9014729737691767 0.018115082939624473 0.027463258706427497
4 0.7034773073333629 0.8921732168717715 0.02581845553496276 0.0247476944820761
4 0.7155928722168202 0.813270288898039 0.0308333377489479 0.03436835594746519
4 0.7135839389143759 0.7781549824756038 0.01795139183263199 0.02277575870642714
2 0.6987749052491119 0.7351010232942067 0.013482146641955416 0.028780097241038048
4 0.6845015518062493 0.43843074118203107 0.024255955534962938 0.024665807326946166
4 0.6488740427357567 0.22506095997436662 0.014990082939624472 0.027299484396167806
4 0.6308705764010206 0.2698345494134885 0.013809528855940556 0.03815509724103805
4 0.6484499791182439 0.5491126136378398 0.014990082939624472 0.02729948439616763
4 0.6569817309323424 0.5917128714397558 0.025436509618646852 0.013810194482076099
4 0.6333631816579818 0.610169622344267 0.02716270072563951 0.018579581637205855
4 0.6139683409138088 0.6150994617833889 0.016825401451278844 0.035193871551297565
2 0.6569197327464409 0.6347635085948855 0.021185519237293705 0.026064533016686653
4 0.6667733931833943 0.5583271613538476 0.016443455534962938 0.024256371551297562
4 0.6896503871929446 0.6307001283371608 0.02409226442797028 0.019978307326946165
4 0.6398711312024948 0.7068808480340076 0.022693455534962936 0.024583920171816587
4 0.6450497045234724 0.7206976865686183 0.019895837748947896 0.033795145861557074
4 0.6755258890070431 0.6744877498884584 0.024146828130301046 0.021540807326946167
4 0.694139479751216 0.6695988540269013 0.01940476442797028 0.019732645861557076
4 0.6393924707655414 0.782825872344267 0.01359127404661713 0.03190509724103805
4 0.6076786792957292 0.771182365446862 0.021240082939624472 0.02762703301668683
4 0.6182094407284744 0.8262007360936483 0.020967264427970277 0.019814533016686654
4 0.6292387099657681 0.850668469585305 0.019950401451278844 0.035357645861557076
4 0.6831276017984 0.8697593063108935 0.013536710344286362 0.03034259724103805
4 0.6615353439938518 0.901415420060275 0.02091270072563951 0.018252033016686653
4 0.6208185747565581 0.8785035425160835 0.013645837748947898 0.03346759724103805
4 0.5995784918169335 0.8530055755327703 0.02091270072563951 0.018252033016686653
4 0.6072297899101677 0.9152189704898163 0.02436508293962447 0.02779080732694652
4 0.5871801847380247 0.9013988099289382 0.02716270072563933 0.01857958163720568
4 0.5694296895473481 0.9085905122129301 0.015208337748947897 0.03354948439616763
4 0.562088415500731 0.8776680608334493 0.013263891832631991 0.02253009724103805
4 0.5615601366447904 0.8401271172558843 0.016770837748947897 0.03363137155129756
4 0.5917833499843016 0.8314990677308544 0.01827877404661713 0.032150758706427494
4 0.5937525885515562 0.7758255998430299 0.02074900961864685 0.013564533016686652
4 0.5543180663190376 0.7896324722988386 0.017896828130301044 0.02121325870642714
4 0.5501563559747513 0.7601087466090981 0.024146828130301046 0.021540807326946167
4 0.5374951540679855 0.8233866745828307 0.019459328130301046 0.021295145861557074
4 0.5162749184959559 0.843283094754647 0.018115082939624473 0.027463258706427497
4 0.5169271937236993 0.7947227640219525 0.02716270072563933 0.01857958163720568
4 0.5512624989885098 0.7021324722988386 0.02392857332097762 0.015290807326946165
2 0.5732739082443368 0.7048923021270219 0.01767857332097762 0.014963258706427318
4 0.5724182471744111 0.6579763585494571 0.016443455534962938 0.024256371551297562
4 0.5639981119652011 0.6858114314802355 0.024201391832631813 0.023103307326946165
4 0.5938716065229055 0.5551036640673811 0.030342264427970278 0.02030585594746519
4 0.5720139646902735 0.5343341406616327 0.025545637023308566 0.0169351944820761
4 0.520513462876175 0.4939857796257847 0.022311509618646853 0.013646420171816586
4 0.5386607729503087 0.4085053030315331 0.02392857332097762 0.015290807326946165
4 0.5185392459084668 0.4150385860482199 0.024255955534962938 0.024665807326946166
4 0.4908160391923776 0.4728444419956851 0.02403770072563951 0.018415807326946164
4 0.5047966936388812 0.46976370759951747 0.025818455534962936 0.0247476944820761
2 0.5064385499921509 0.404715239711693 0.011319445916316085 0.011510710085908293
4 0.5956870114327455 0.024351631050694288 0.02560020072563951 0.018497694482076034
4 0.5733209381117677 0.011435551222510814 0.021021828130301047 0.021377033016686774
4 0.5888293762235354 0.05210481682634305 0.020858137023308566 0.016689533016686787
4 0.6277207506329722 0.089983275103229 0.01984127404661713 0.03223264586155701
4 0.6394295769491748 0.06667192786219098 0.019895837748947896 0.03379514586155703
4 0.6305704429210911 0.014696670060274872 0.022748019237293703 0.026146420171816526
2 0.6383606394703794 0.14812664575001538 0.01622520072563951 0.018006371551297518
4 0.6116617302145522 0.14561247738722113 0.017624009618646852 0.013400758706427273
4 0.5859151965492881 0.1031317282917323 0.024146828130301046 0.021540807326946253
4 0.6231647146054555 0.2060586544564426 0.02603671034428636 0.0309976944820761
4 0.5877802861123347 0.17895392186929718 0.013154764427970278 0.01940509724103805
4 0.5788765120657177 0.14811335764494596 0.021349210344286364 0.03075203301668674
4 0.5612152969121078 0.11303567277380835 0.02291171034428636 0.0308339201718165
4 0.5479141995445131 0.06833732643728148 0.021349210344286364 0.030752033016686785
4 0.546959334753723 0.04099357643728148 0.01638889183263199 0.02269387155129752
4 0.5875992368379741 0.19618236544686204 0.02403770072563951 0.018415807326946254
4 0.5601463594333124 0.1944903906616327 0.024146828130301046 0.0215408073269463
4 0.5656795968194407 0.21846347919624348 0.028834328130301047 0.021786468792335523
4 0.5118675721398513 0.06709573100526577 0.027108137023308564 0.017017081637205788
4 0.519528793916883 0.1520063195398765 0.02392857332097762 0.015290807326946255
4 0.5462103450053422 0.17643643148023563 0.024255955534962757 0.024665807326946253
4 0.5749132091631599 0.07944524480007568 0.027380955534962937 0.024829581637205767
4 0.5714038071637269 0.2479053177308542 0.02247520072563951 0.0183339201718165
4 0.5889112548941414 0.3009926961795567 0.017896828130301044 0.021213258706427318
4 0.5975422104291044 0.3240207604039079 0.02872520072563951 0.01866146879233561
4 0.5668824874709463 0.32014880992893807 0.02291171034428636 0.030833920171816586
4 0.5647669159640671 0.3492188342391976 0.021240082939624472 0.02762703301668683
4 0.600949952624556 0.35436667967121327 0.011701391832631991 0.022448210085908294
2 0.6157118570710597 0.3512450016974807 0.012936509618646851 0.01315509724103805
4 0.591867618503805 0.4080648897571216 0.023983137023308565 0.016853307326946343
4 0.6055680199550839 0.4417847925160835 0.01767857332097762 0.01496325870642714
4 0.57370543946253 0.5827716406616327 0.017733137023308386 0.01652575870642714
4 0.5975745037978332 0.7059668012225109 0.02392857332097762 0.015290807326946165
4 0.5449480116023814 0.6782003273417926 0.02091270072563951 0.018252033016686653
4 0.5928944382814036 0.6615993255327703 0.016607146641955416 0.028943871551297563
4 0.4605233269491748 0.07604800712454758 0.037192465153609786 0.0378209045679843
4 0.4777678798517325 0.1440200791508149 0.02549107332097762 0.01537269448207601
4 0.48214784500534213 0.17979380484055543 0.021021828130301047 0.021377033016686788
4 0.47470985643808755 0.23575387777133394 0.021130955534962935 0.02450203301668674
4 0.47651045861500574 0.28731637777133395 0.02705357332097762 0.015454581637205766
4 0.5105952819359834 0.29961830393604433 0.014444445916316084 0.011674484396167806
4 0.4737773282151192 0.3211148456591583 0.02392857332097762 0.015290807326946255
4 0.44011165634542027 0.34322886307201284 0.02403770072563951 0.018415807326946344
4 0.415811060791924 0.342154363976524 0.02107639183263199 0.02293953301668674
4 0.49763397966639794 0.3543024819097769 0.025545637023308566 0.01693519448207601
4 0.47897574890369177 0.38032607134889884 0.02236607332097762 0.015208920171816498
4 0.46288944663410625 0.435174023632891 0.024255955534962938 0.024665807326946343
4 0.4663765451828274 0.4005533621675017 0.0230208377489479 0.033958920171816585
4 0.4693800380112513 0.5538011929001964 0.013482146641955416 0.028780097241038048
4 0.47159730243922143 0.5724693057450666 0.02716270072563951 0.018579581637205855
4 0.45894353501602636 0.5911340965636696 0.020912700725639333 0.018252033016686653
4 0.4367808144201211 0.42715016169253184 0.0261458377489479 0.034122694482076096
4 0.44541176995508386 0.45017822591688306 0.025381945916316085 0.0122476944820761
4 0.4419866695922641 0.4417482502271426 0.02080357332097762 0.015127033016686654
4 0.4309598895551973 0.48459084746818065 0.024310519237293705 0.026228307326946344
2 0.4486483865599724 0.5204497823393183 0.008358137023308565 0.016034435775648604
4 0.45170146469027356 0.5406394516066235 0.022420637023308564 0.016771420171816587
4 0.4365129743089204 0.5539583231579212 0.02420139183263199 0.02310330732694634
4 0.4389484935462141 0.5788764360027914 0.01767857332097762 0.014963258706427318
4 0.4772396672300115 0.5995673942796773 0.021021828130301047 0.02137703301668683
4 0.47306308791858404 0.6592699429001964 0.018115082939624473 0.027463258706427317
4 0.45535723274644085 0.6453269516066236 0.0230208377489479 0.033958920171816585
4 0.4532962249418926 0.6759594759168831 0.02716270072563951 0.01857958163720568
4 0.46594255788151706 0.70190782225341 0.02705357332097762 0.015454581637205677
4 0.4896156708582085 0.6850135713488988 0.021021828130301047 0.021377033016686652
4 0.4559152826537737 0.7509594759168831 0.025818455534962936 0.0247476944820761
2 0.4687327411839613 0.7369821850982803 0.019131945916316083 0.011920145861557074
4 0.49176101341648 0.7240351277713339 0.01844246515360979 0.03683825870642714
4 0.4704514978073833 0.7862009350982803 0.01606150961864685 0.013318871551297563
4 0.4640303722168201 0.8264541208739289 0.011701391832631991 0.02244821008590847
4 0.4580184743937384 0.8784260566495778 0.01984127404661713 0.03223264586155707
4 0.432227300709941 0.857080001131654 0.02074900961864685 0.013564533016686652
4 0.47731411141704694 0.8930684107880207 0.013645837748947898 0.03346759724103805
4 0.38869555551926444 0.8656228414752867 0.027599210344286185 0.03107958163720568
4 0.4077803722168201 0.8294020584586 0.01671627404661713 0.03206887155129756
4 0.4171082429980599 0.7827350983726917 0.027708337748947896 0.034204581637205675
4 0.4274181610699257 0.024560750227142613 0.024255955534962938 0.024665807326946277
4 0.4337797776748141 0.09466853233931824 0.02403770072563951 0.018415807326946275
4 0.4328001202330857 0.13385386307201289 0.02436508293962447 0.027790807326946255
4 0.455483652084251 0.13344774932263145 0.021240082939624472 0.027627033016686786
4 0.3880084646054555 0.2183826713034703 0.016661710344286273 0.03050637155129756
4 0.41136660825218596 0.28212094470921867 0.017896828130301044 0.021213258706427228
2 0.40690479754508 0.24400346901947811 0.011865082939624471 0.027135710085908295
4 0.4043949003549705 0.4186725983726918 0.028834328130301047 0.02178646879233561
4 0.3912128540758347 0.3997964456137298 0.017624009618646852 0.01340075870642723
4 0.40518607403876794 0.44132884837269176 0.012881945916316084 0.01159259724103805
4 0.4061136569783924 0.46789134837269175 0.022366073320977797 0.015208920171816586
4 0.413100266959859 0.48865754975217274 0.011865082939624471 0.027135710085908114
1 0.39626743102500955 0.4997145584586001 0.019295637023308564 0.016607645861557073
4 0.3553919490811769 0.606735842379798 0.02560020072563942 0.0184976944820761
4 0.35627983728561186 0.5425095680695385 0.032013891832631994 0.023512743102595123
4 0.3745586113322289 0.5728588093631112 0.02592758293962456 0.027872694482076098
4 0.36636665461613976 0.6296410758714546 0.017624009618646852 0.013400758706427141
4 0.4023785656860654 0.6747145584586001 0.030560519237293703 0.02655585594746519
4 0.37204622494189254 0.6802176079836302 0.022693455534962846 0.024583920171816587
4 0.39194206269084053 0.7120474621220731 0.021021828130301134 0.021377033016686652
4 0.37821935778884985 0.8121669708285004 0.024146828130301133 0.021540807326946167
4 0.34899067085820856 0.6923834153105765 0.020912700725639423 0.01825203301668683
4 0.36186518229095394 0.7472789552246683 0.023928573320977708 0.015290807326946165
4 0.33636916368663244 0.8464501175945685 0.0183333377489479 0.033713258706427496
4 0.2698289936310321 0.9133344024202777 0.027271828130301136 0.021704581637205678
4 0.24959584998430157 0.8494323547042699 0.02716270072563942 0.01857958163720568
4 0.2931523878259168 0.7743604336279422 0.026364092558271324 0.0403726944820761
4 0.3202778830165934 0.7666774084131716 0.013209328130301045 0.020967597241038048
4 0.3066618163190376 0.8026115863869041 0.015099210344286273 0.030424484396167628
4 0.3775545703257528 0.031087389191294678 0.022475200725639334 0.01833392017181652
4 0.3482242235911302 0.1101098258714546 0.01940476442797028 0.01973264586155703
4 0.35584823983319896 0.17154197082850048 0.022748019237293703 0.0261464201718165
4 0.35365082277282356 0.19826824513875999 0.02592758293962456 0.02787269448207601
4 0.3607391256753812 0.2667725836733707 0.019459328130301136 0.021295145861557074
4 0.35709577050323804 0.2520926079836302 0.020912700725639423 0.01825203301668683
4 0.3723859538056823 0.28651187358746244 0.013482146641955416 0.028780097241038048
4 0.3654390385594054 0.35653444651824096 0.027271828130301136 0.021704581637205768
4 0.38476939191745 0.3273449135015542 0.01482639183263199 0.022611984396167805
4 0.3043799651536097 0.020051391904828138 0.02296627404661713 0.03239642017181653
4 0.31694694173996474 0.11096631897404963 0.016661710344286273 0.03050637155129752
4 0.31020835761921384 0.16454169832726326 0.016770837748947987 0.033631371551297515
4 0.30531501569391467 0.248544884102912 0.02420139183263199 0.02310330732694634
4 0.2956051989963589 0.2842743441888203 0.018224210344286274 0.03058825870642732
4 0.3166915145127883 0.3277820047496984 0.028725200725639423 0.018661468792335524
4 0.32827136605673435 0.2559512703535306 0.01778770072563942 0.01808825870642732
4 0.32912702712666003 0.3028672139310955 0.02074900961864685 0.013564533016686831
4 0.32730163229880316 0.31783379466379014 0.025709328130301135 0.0216226944820761
4 0.3299107663268868 0.37013660108622526 0.028779764427970277 0.020223968792335522
4 0.32234629218760247 0.4448876175945687 0.021130955534962758 0.02450203301668665
4 0.3198686221320021 0.508414529059958 0.027380955534962847 0.024829581637205677
4 0.305878044001701 0.4887980698785608 0.027599210344286272 0.031079581637205856
4 0.29270841060658953 0.5599294414298583 0.02721726442797028 0.020142081637205676
4 0.27000752058805605 0.5822514987568045 0.021294646641955416 0.029189533016686652
4 0.28090286976974943 0.6701233129811558 0.01844246515360961 0.03683825870642732
4 0.2976737075186974 0.7021169414298584 0.026036710344286274 0.0309976944820761
4 0.23816976586355065 0.9032533955228729 0.024146828130301133 0.02154080732694652
4 0.2614113145049391 0.7619356767305373 0.014935519237293703 0.025736984396167627
4 0.2636087315653145 0.7352094024202778 0.02124008293962456 0.027627033016686654
4 0.2581151889143759 0.8020250881959263 0.02549107332097771 0.015372694482076099
4 0.25690735297952644 0.8122632253510563 0.023819445916315997 0.012165807326946521
4 0.2444321456304651 0.7463892418593996 0.024037700725639422 0.018415807326946164
4 0.25428331686719174 0.6026425638856671 0.016770837748947987 0.03363137155129756
4 0.26461563774109875 0.45026119233436945 0.02738095553496276 0.024829581637205677
4 0.2755779303920374 0.38315890151576654 0.022911710344286275 0.030833920171816586
4 0.25924360226173626 0.3636652730670641 0.017733137023308566 0.016525758706427317
4 0.2480704892850448 0.3799044267305372 0.02420139183263199 0.02310330732694634
4 0.23786711006628458 0.33426105608375084 0.020912700725639423 0.018252033016686743
4 0.2729960782151192 0.3316373450933314 0.021021828130301134 0.02137703301668683
4 0.27885420861500576 0.2976751028952475 0.011374009618646852 0.013073210085908293
4 0.26657989790789977 0.2599670629811558 0.030669646641955418 0.02968085594746528
4 0.2778596490890261 0.17954257858498807 0.02549107332097771 0.01537269448207601
4 0.24623762685650755 0.19294001526514798 0.025545637023308566 0.01693519448207601
1 0.21247524046617117 0.301936556988262 0.020912700725639423 0.01825203301668683
4 0.25450897304297604 0.3177352973773236 0.02420139183263199 0.023103307326946255
4 0.256659294001701 0.491377515265148 0.021185519237293705 0.026064533016686653
4 0.30651296106207643 0.46215368272343105 0.02387400961864685 0.013728307326946344
4 0.28200403438305416 0.4775263772055071 0.030342264427970278 0.02030585594746519
4 0.2485219009879427 0.5497222817734914 0.010138891832631992 0.02236632293077854
4 0.22194947730414527 0.5284171698331322 0.030451391832631992 0.02343085594746519
4 0.24011912394610063 0.555641411126705 0.011755955534962758 0.024010710085908292
4 0.23785227421625316 0.6700314597472239 0.019786710344286185 0.030670145861557075
4 0.2096925578815171 0.7153373156946893 0.023983137023308565 0.016853307326946166
4 0.2377902760303517 0.7130820969023537 0.016443455534962848 0.024256371551297562
4 0.2071429659562179 0.7992176707376435 0.023928573320977708 0.015290807326946343
4 0.21041429889584246 0.8256573400049488 0.02721726442797028 0.020142081637205676
4 0.2360591396400153 0.8203999519453078 0.02716270072563942 0.01857958163720568
4 0.23222481150971416 0.8002512262555674 0.030451391832631992 0.02343085594746519
4 0.20635677067287408 0.9111820822030327 0.026145837748947985 0.034122694482076096
4 0.19555319072847444 0.8483512115562462 0.016661710344286273 0.030506371551297207
4 0.178928685919151 0.8429610266851087 0.010357146641955417 0.028616322930778537
4 0.18279773038418817 0.8192778652197195 0.024037700725639422 0.018415807326946164
4 0.16228433374223275 0.7921764546588413 0.026036710344286274 0.0309976944820761
4 0.15669902185400045 0.8339511968569251 0.021294646641955416 0.029189533016686652
4 0.1389857321982867 0.8646213427184822 0.01967758293962456 0.027545145861557076
4 0.1363319581516696 0.8334532298736119 0.024419646641955416 0.029353307326946167
4 0.14121786559339816 0.794063181253093 0.020912700725639423 0.01825203301668683
4 0.1593924575186974 0.7093639546588413 0.015262901451278843 0.035111984396167806
4 0.1825472153232457 0.6776259537543302 0.016661710344286273 0.03050637155129756
4 0.1735467267559911 0.7336679138402384 0.024255955534962848 0.024665807326946166
4 0.15093750662342195 0.0413985266851087 0.02560020072563942 0.018497694482076034
4 0.15735863221398513 0.005485360131336786 0.017842264427970277 0.010970720262673572
4 0.19105656433530305 0.11443323496199467 0.027053573320977707 0.015454581637205766
4 0.15727184137714506 0.11072505879728431 0.030396828130301135 0.02186835594746528
4 0.22823910580511533 0.1257901368164455 0.023983137023308565 0.016853307326946253
4 0.2849702554422956 0.11420750565420953 0.024365082939624562 0.027790807326946297
4 0.25737104509800934 0.08591208729141533 0.01811508293962456 0.027463258706427275
4 0.27393849700477513 0.0224294414298583 0.028725200725639423 0.018661468792335534
4 0.27264387023308556 0.14224729647281245 0.024255955534962757 0.024665807326946253
4 0.2086185757680484 0.16908311341069712 0.02124008293962456 0.027627033016686786
4 0.1850570793962455 0.2564126950479029 0.023928573320977708 0.015290807326946255
4 0.16938743937771203 0.2783662601767653 0.02609127404661713 0.03256019448207601
4 0.16950649046617117 0.3041884537543302 0.024146828130301133 0.021540807326946253
4 0.18522325970346487 0.32841052578059754 0.025709328130301135 0.02162269448207601
4 0.16833586006628456 0.3379050344870248 0.016334328130301133 0.021131371551297563
4 0.18696929817805225 0.37841052578059753 0.01778770072563942 0.01808825870642732
4 0.17524311369448164 0.4236378165992004 0.016770837748947987 0.03363137155129756
4 0.1640774352013608 0.3952638331075438 0.033521828130301135 0.02203213025772479
4 0.20500253556418052 0.4017285170741703 0.019786710344286272 0.030670145861557075
4 0.16777784327606157 0.478816639529979 0.016934528855940555 0.03831887155129756
4 0.16774312694132557 0.5226485266851087 0.022911710344286275 0.030833920171816586
4 0.1554985872856118 0.5530320675037116 0.01515377404661713 0.0319869843961678
4 0.1851786528020412 0.5960893487113761 0.024365082939624562 0.027790807326946342
4 0.1562724028020412 0.5976042610812764 0.01482639183263199 0.022611984396167805
4 0.1413294490811769 0.617954382632574 0.030669646641955418 0.02968085594746519
4 0.12555559382421574 0.27831535052039835 0.024474210344286273 0.030915807326946255
4 0.13360619600113402 0.3295503018998794 0.016934528855940555 0.03831887155129756
4 0.10978180480147419 0.43176457711465 0.02716270072563942 0.018579581637205855
4 0.11922627058805606 0.5901536092268257 0.030833337748947986 0.03436835594746519
4 0.12773319663410618 0.4527388184082227 0.024146828130301133 0.021540807326946167
4 0.12046633365741474 0.4687732541838715 0.039826391832631994 0.023922178878243727
4 0.13405515162091483 0.6786019555633525 0.01811508293962456 0.02746325870642714