5 0.6199164319696507 0.20821773297774815 0.021476893713693813 0.025591033386094874
2 0.3556911503332315 0.48741245414399986 0.06457623035529289 0.07989810015828454
2 0.45538928164092846 0.6584941807870348 0.050149857319763666 0.07167642319868044
4 0.47569112717386763 0.5408747717741194 0.03888271753501123 0.030778638558944315
4 0.5038995562480342 0.6555222934817317 0.027256012820281582 0.04916492570596276
5 0.4075276321362664 0.46327862067876263 0.03688356989237622 0.021358174452321778
4 0.6115794313504781 0.4542205547645028 0.023912688998963993 0.0443864974927175
7 0.4896487733687608 0.4757127730277606 0.03165241439185813 0.04305131802583091
4 0.3838096881749037 0.5872389579049235 0.06443068114108116 0.07677310015828454
4 0.38983274814248237 0.7259377450519422 0.02874573821317572 0.04764788981258548
4 0.408835305214577 0.7534717116658471 0.03143409057054072 0.03836381802583091
2 0.5056824183253088 0.9020108485754388 0.07925516046291677 0.0600402412245117
4 0.5792870080672798 0.5612661766303997 0.0327440334984459 0.06648881802583091
4 0.6033452462804556 0.5137546791376822 0.03652400496239885 0.08064224623907634
4 0.5229856581911143 0.5137523306287503 0.034704639784752266 0.04157974623907634
4 0.5806162216733497 0.5159764086837111 0.029944365177646405 0.03988085391920819
4 0.5514402979758666 0.47235444081616473 0.035359611248705035 0.05564224623907634
4 0.5317143029382654 0.3933489024155049 0.04153683664159917 0.05426160266556703
4 0.5237241745260526 0.33038590116186367 0.031070217535011223 0.030551318025830908
4 0.5668363196874884 0.35955892412311724 0.02630994292790554 0.028852425705962935
4 0.6295161021524771 0.3873823957515873 0.03815927956950453 0.08225021034569897
4 0.672656134203181 0.265197507192643 0.0260573858558109 0.05693196159934022
5 0.6441330279168748 0.24106132521847395 0.021113020678164496 0.017778533386094787
2 0.5851004762214637 0.2856895151102018 0.06842897642635144 0.09561402837152996
2 0.44148321691583875 0.20326712318604515 0.14281685442427944 0.18515991316955063
4 0.44534230934840624 0.37167614238637503 0.045389582712657625 0.06997753087881246
4 0.4200169776692057 0.3458865321989606 0.03143409057054054 0.03836381802583091
7 0.4152588571148758 0.31403713862545135 0.03812073821317572 0.0479206744523216
4 0.3955820579006641 0.3177304399582349 0.027110463606069855 0.046039925705962936
4 0.3514082187778656 0.41185852467711326 0.036956344499482 0.022920674452321776
4 0.321264800457066 0.43926211064963283 0.03455909057054054 0.03845474623907634
4 0.27409870202864256 0.44687603384831326 0.0366695541766104 0.08376724623907635
7 0.23789583643671136 0.33636208267381434 0.034815955748187036 0.07747178213245362
4 0.3217871470234626 0.22703489528936896 0.02340326674922304 0.0334489974927175
7 0.43827909594722403 0.023652139845839082 0.05240156203449331 0.047304279691678164
7 0.2768471362700956 0.0863477108079174 0.025547963606069857 0.04599446159934022
4 0.2605885895370833 0.05015179803407823 0.03583049214211718 0.03225021034569897
2 0.3816929940041439 0.16365670539764104 0.05091183664159917 0.05453438730530311
7 0.46025894975233095 0.08491192827975237 0.02747433664159917 0.053852425705962916
4 0.6338376908609908 0.1438369842313894 0.03485018899896399 0.0447047462390763
2 0.6085872878416722 0.08293658815059765 0.15825776385373888 0.14816001834240006
4 0.7542294276264245 0.03812889034131099 0.0408818651776464 0.04019910266556703
4 0.6695911002904502 0.18024584567244503 0.03790241439185813 0.043233174452321686
4 0.7358132597199096 0.21576815703435842 0.02318494292790536 0.028761497492717503
4 0.736821333955512 0.361634586501245 0.03924659057054054 0.03859113855894432
4 0.742902205957584 0.4488390698081976 0.0330693651776464 0.03997178213245363
4 0.8280306848651348 0.3129493824237522 0.04226458271265763 0.06988660266556704
4 0.7059779406561031 0.5380750660472738 0.040410984284234175 0.0635911385589445
4 0.6135335754784565 0.5797744842313894 0.02249573821317572 0.047466033386094786
4 0.5884157973566941 0.7170388035108616 0.026164393713693633 0.025727425705962936
2 0.583392195413614 0.8583995894042389 0.05727315260503385 0.09060827962517096
2 0.6285805709303427 0.8094930764721152 0.05058650496239867 0.08105142319868044
2 0.6636126964470713 0.7608820802330388 0.05312930810555194 0.06864235141192587
4 0.7287133116247178 0.7199782839148202 0.053309090570540715 0.03900031551854859
4 0.7575190159251627 0.5872878043687914 0.05843323821317572 0.04851170783841656
4 0.7958751945850444 0.5510631478631585 0.02983735731976367 0.07108538981258547
4 0.8197900376367844 0.4731283644770635 0.03143409057054072 0.03836381802583091
4 0.8254814195636537 0.4011851683171296 0.02078768899896417 0.044295569279472244
4 0.8830606331697236 0.35425869253202436 0.037538541356328635 0.035420674452321596
2 0.777007416463282 0.6881456107161398 0.06028683664159917 0.054807171945039104
2 0.9042228496712778 0.41917899887937277 0.050586504962398846 0.08105142319868044
4 0.861789254757511 0.29168213618467587 0.031142992142117264 0.03211381802583091
4 0.8666608453280515 0.25409120797143053 0.0168621683207995 0.027017141066226814
4 0.7646510432183558 0.14939299927508418 0.05156680810555194 0.06859688730530311
2 0.8377118616629897 0.07158859653037487 0.06443068114108144 0.07677310015828456
7 0.8655992671635078 0.09262251055785527 0.041973484284234176 0.06363660266556703
7 0.33826163193137865 0.8616312041439999 0.032816808105551945 0.0680513180258309
4 0.38370256452020185 0.8408042271052534 0.0325257096771284 0.06180131802583091
4 0.5948905833363395 0.6115245894042388 0.03499573821317572 0.04782974623907634
4 0.6616392816409284 0.6524929187128409 0.034704639784752446 0.04157974623907634
4 0.6729727338744588 0.7106774917532368 0.040410984284234355 0.06359113855894431
4 0.5918897078196108 0.6592035714575502 0.023184942927905537 0.02876149749271768
4 0.606660683212505 0.6603341624446347 0.024456344499482086 0.02255696159934022
4 0.5423328176205737 0.5506385651893441 0.02830909057054054 0.038272889812585476
4 0.5004129530620999 0.3451076307078925 0.03397689371369381 0.025954746239076343
4 0.475340178454994 0.34739755641385545 0.022131865177646405 0.039653533386094876
4 0.37054997870266304 0.2521425438774431 0.03372433664159917 0.05403428213245363