4 0.24584565790506474 0.5555828606469534 0.033958337748947895 0.03414950692008212
4 0.238097645291193 0.5317142791260225 0.03837301923729371 0.02652800790866543
4 0.37657487976691445 0.14068341943047127 0.034176592558271324 0.04039950692008221
4 0.43773063457623784 0.13195040657889 0.03670139183263199 0.02333934091247101
4 0.4006026568087565 0.14516533098945822 0.037410719962933214 0.043651840912471006
4 0.39249254564616354 0.08698541646472176 0.04042659255827141 0.040654174904859806
4 0.3379488893855613 0.12977509433533108 0.03590278366526398 0.045150673916276585
4 0.2806820264088698 0.11650577319452356 0.03584821996293312 0.04358817391627663
4 0.24264382386913189 0.17812636410699456 0.031324411069925694 0.04808467292769345
4 0.2648536405666876 0.21232760916407872 0.02323909255827141 0.03995383794672147
4 0.2826462534585611 0.5517429362363853 0.03908234736759475 0.04684050790866543
4 0.44172115309574134 0.5538426526245572 0.026309528855940557 0.038518671939110405
4 0.1970460593563436 0.5232452045251741 0.031378974772256554 0.04964717292769336
4 0.16898554674247185 0.5002042939547702 0.029434528855940556 0.038646005931498986
4 0.19248753412860015 0.47506237250995154 0.027762901451278844 0.0354573389353046
4 0.21613834365457976 0.35629778505752163 0.03762897477225646 0.04990184091247105
4 0.21168894583149797 0.3049899530422992 0.03584821996293312 0.04358817391627658
4 0.18208329138499427 0.30385587596999264 0.03864583774894799 0.03434050790866543
4 0.20452377577589761 0.24209070501946556 0.043551592558271415 0.04078150889724856
4 0.19398806905980845 0.1863500409890207 0.03708333774894799 0.034276840912471004
4 0.17404759129232703 0.19886462844145059 0.02323909255827141 0.03995383794672147
4 0.15238092241785303 0.21613038289007486 0.024747028855940555 0.03845500494291585
4 0.15001732505025825 0.2614747163881721 0.04996528366526398 0.045723676882026075
4 0.11057782441728606 0.38556347380254585 0.02323909255827141 0.03995383794672147
4 0.12463288993371542 0.3405228878329908 0.04037202885594056 0.039091674904859805
4 0.12350195426901847 0.21652697231967108 0.019459328130301136 0.021076503954332713
4 0.24016363149619493 0.427871696122217 0.035520837748947987 0.03421317391627667
4 0.24465023485423956 0.45577386163553657 0.0336855192372937 0.026337006920082118
2 0.25578614229596813 0.4943270256659815 0.04840278366526398 0.0456600098858317
4 0.2875917030030741 0.4548042692401909 0.03466766587924912 0.054462006920082115
4 0.27068694519852576 0.42506768969642633 0.035739092558271415 0.04046317391627667
4 0.23847962432461883 0.27503319760509176 0.02841766587924912 0.054207338935304605
4 0.2483556213293939 0.23796427912602258 0.04453373920022674 0.06890650889724856
4 0.443898722788522 0.6255266516359741 0.02798115626060227 0.04170733893530461
4 0.402284141662996 0.6108394105332227 0.028090283665263983 0.044832338935304604
4 0.3272271218775481 0.43680634433533105 0.024637901451278844 0.03533000494291585
4 0.33689229855657044 0.4504550088600675 0.026364092558271324 0.040081171939110226
4 0.3269468688823232 0.40015126133152545 0.024419646641955416 0.02908000494291585
4 0.3379240636175128 0.3092079263505535 0.026309528855940557 0.038518671939110224
4 0.3230183154316114 0.2669076798105946 0.02965278366526398 0.044896005931498985
7 0.3491344152462769 0.055206175856261905 0.03428571996293304 0.04352450692008221
7 0.21497767005560037 0.05443153752897958 0.02814484736759475 0.04639483893530465
7 0.29917407686435676 0.21248943524780203 0.02754464664195542 0.029207338935304604
4 0.44218995608311695 0.16063382209220964 0.02954365626060227 0.04177100593149903
7 0.5260416556276301 0.060479971788198486 0.020004965153609788 0.03670150395433269
2 0.42614580463183815 0.19561365855605634 0.03880952885594056 0.03902800790866543
4 0.4097643472827768 0.26259291152180586 0.034449411069925696 0.04821200692008221
4 0.3803595894782285 0.23336566794759653 0.040262901451278844 0.03596667490485981
2 0.3462946135248456 0.20354817536197034 0.03450397477225655 0.04977450692008221
2 0.3429959987340556 0.23098742585626192 0.05278274881887359 0.08172484387822054
2 0.3441244783156356 0.1763317593543591 0.039136911069925694 0.04840300790866543
4 0.3860441050873251 0.29398483296662453 0.032450401451278844 0.03564833992388783
2 0.36183527877112254 0.2723472549057348 0.03455853847458741 0.05133700692008221
4 0.2698635443802192 0.33694560718691235 0.02921627404661713 0.03239600593149898
2 0.25368547287334 0.30873969414505065 0.055252984390903405 0.0631021778706093
2 0.2550371525475872 0.35939361015266186 0.039573420688572544 0.06090300790866543
4 0.27329113394326565 0.2611325236888152 0.026418656260602268 0.04164367193911023
4 0.17281738567254618 0.5468564594680899 0.03363095553496285 0.024774506920082116
4 0.27837787179273005 0.7633343522439965 0.03466766587924912 0.054462006920082115
4 0.26206588023025057 0.6719426896964263 0.03374008293962447 0.02789950692008212
4 0.2423808628070554 0.6548016106469534 0.02798115626060227 0.04170733893530461
4 0.23194187061160373 0.6856523626241199 0.02965278366526398 0.04489600593149916
4 0.2600792834956279 0.5947899406850096 0.03584821996293312 0.043588173916276673
4 0.3432712402117171 0.6475700893924152 0.028090283665263983 0.044832338935304604
4 0.3397494253282599 0.5696997573771927 0.02814484736759475 0.046394838935304605
4 0.3709473508261559 0.5028969179475965 0.040262901451278844 0.03596667490485963
4 0.3599180815888622 0.52831075342286 0.03434028366526398 0.04508700692008212
5 0.3628024902117171 0.6467742519399853 0.029434528855940556 0.03864600593149916
5 0.3407836464723194 0.6071042568829011 0.02754464664195542 0.029207338935304604
4 0.3908158736068286 0.7158452455141947 0.025019847367594838 0.04626750494291585
4 0.36682530209994946 0.687957667453305 0.03530258293962456 0.027963173916276673
4 0.40501727206288257 0.6442739930427367 0.03206845553496276 0.024710839923887916
4 0.4482290695231447 0.7025839001530993 0.019513891832631813 0.022639003954332715
1 0.4915996128070555 0.644646724753948 0.06037699400955034 0.07579317885919253
4 0.46187988567254623 0.5350780651721274 0.034449411069925696 0.048212006920082116
4 0.45411451489130644 0.48936631714929374 0.03784722958157989 0.05615184091247087
4 0.4076933826773213 0.5006194935370283 0.03154266587924912 0.05433467292769336
4 0.4565004157096131 0.5774247326626134 0.03535714664195542 0.029525673916276675
5 0.547978587579312 0.5939808798871443 0.04220734736759475 0.046967841901054186
7 0.5128347504633362 0.5056969712939068 0.035302582939624474 0.027963173916276673
4 0.5286432889379235 0.4551239683281573 0.04086310217691817 0.05315417490485981
4 0.6052454505560034 0.6072502010279518 0.02841766587924912 0.054207338935304605
4 0.558010841207509 0.5077568784042695 0.02512897477225664 0.049392504942915846
4 0.5602107474681113 0.4671000449061724 0.02814484736759475 0.046394838935304605
4 0.5521998400263827 0.42841954688333866 0.029107146641955416 0.029271005931499162
7 0.5698461862128511 0.30287837741568635 0.024856156260602093 0.041580004942915846
2 0.5069642402965352 0.316362557263462 0.06215774881887377 0.0821068458553869
4 0.48177575653860394 0.25575797969686387 0.05454365626060227 0.0427896778706093
4 0.48276782686435676 0.20500856319496105 0.023348219962933035 0.043078837946721474
4 0.48695930826003525 0.10732047969686387 0.05492560217691818 0.0537271778706093
4 0.4967236886599219 0.14046856072350314 0.03535714664195542 0.029525673916276585
2 0.396912172417853 0.20616649798565262 0.05029266587924912 0.05509867688202617
4 0.4744592751429254 0.35357339718734987 0.037192465153609786 0.03740184091247105
4 0.4290450822218343 0.4030123230807928 0.05363592068857237 0.06147601087441501
4 0.3892831777753306 0.4022920814837498 0.04220734736759475 0.046967841901054186
4 0.3213193730586744 0.5166211783277198 0.03930060217691826 0.05309050790866543
4 0.3686854132625424 0.7463922499628189 0.02954365626060227 0.04177100593149916
7 0.366366455913481 0.8127984999628189 0.031324411069925694 0.04808467292769336
4 0.3391417570019401 0.788163255894318 0.031324411069925694 0.04808467292769354
4 0.3414507906672041 0.7443814223962208 0.029489092558271323 0.04020850593149916
4 0.42975932251836946 0.7400029871112377 0.02965278366526398 0.044896005931498985
4 0.5280901843139345 0.6720249668452827 0.02825397477225664 0.04951983893530461
4 0.5548064517371298 0.6888795444118807 0.03773810217691818 0.05302684091247105
4 0.525615003458561 0.5418427183281574 0.03584821996293321 0.043588173916276673
4 0.6141566922033009 0.3744058675298546 0.02965278366526398 0.044896005931499075
4 0.562643810622288 0.26338479589475555 0.04037202885594056 0.039091674904859805
4 0.548509388752589 0.24367713235860222 0.0370833377489479 0.03427684091247105
4 0.6769394675158624 0.09567868965924531 0.02965278366526398 0.044896005931499026
4 0.6994146682415018 0.07759985171252383 0.05374504809323426 0.0646010108744149
7 0.7346081237764647 0.05276167779624722 0.04544147477225664 0.050220175893442964
7 0.7456745654316114 0.2496857573400117 0.03294147477225664 0.04971083992388783
4 0.7638442120735668 0.22086042038187342 0.040262901451278844 0.03596667490485981
4 0.7286259638876653 0.1793878447924416 0.035739092558271325 0.04046317391627659
4 0.7043625738691318 0.15931276673155187 0.029107146641955416 0.02927100593149907
4 0.735939956083117 0.14866442680766406 0.030942465153609787 0.03714717292769345
4 0.697242043832065 0.11747543521062102 0.02732639183263199 0.02295733893530465
4 0.7856597030878921 0.10997199992563791 0.03439484736759475 0.046649506920082205
4 0.7589335119808995 0.11574183886094255 0.04431548439090349 0.06265650889724857
4 0.7688789416551467 0.1660455863894846 0.02954365626060209 0.04177100593149907
7 0.7846304272271765 0.18412708292944352 0.016989092558271322 0.03969916996194396
7 0.8610490834877786 0.14044606711211274 0.04209821996293321 0.04384284190105418
7 0.7829563437393977 0.016289585190936703 0.025074411069925695 0.032579170381873405
4 0.7610813437393977 0.017580171160491837 0.03143353847458741 0.035160342320983674
4 0.774551044380219 0.3163811674161239 0.04544147477225664 0.050220175893442943
4 0.772418114705972 0.2657590849066099 0.04086310217691817 0.05315417490485981
4 0.8161904512737937 0.15163557650365286 0.04022818511654265 0.07965300790866543
4 0.755699351459128 0.3647377543742622 0.03762897477225664 0.04990184091247105
4 0.7006150365756708 0.28896843323345467 0.02830853847458741 0.0510823389353046
4 0.729084776957024 0.3002905938038584 0.03562996515360979 0.037338173916276585
4 0.6428918166127378 0.3334479450964528 0.045277783665263985 0.04553267589344294
7 0.6082192054501447 0.27635036950702097 0.04894842068857237 0.0612850098858317
4 0.6176958652541261 0.4741193660469799 0.03406746515360979 0.03727450692008212
4 0.6429190653467934 0.5784102766173836 0.02641865626060209 0.04164367193911023
4 0.6658481338584477 0.5696746051725649 0.03283234736759475 0.046585839923887915
4 0.6798585593563435 0.503572102701107 0.02830853847458741 0.0510823389353046
2 0.6336457582678845 0.5311996955907443 0.05040179328391083 0.05822367688202608
4 0.6696105401190499 0.5289541046782734 0.02998016587924912 0.05427100593149916
4 0.6876859283234849 0.5921889337277463 0.03902778366526398 0.04527800790866543
4 0.642214682499836 0.7102823591268976 0.0308333377489479 0.03402217292769336
4 0.6590847239696483 0.6963326056668565 0.027762901451278844 0.0354573389353046
4 0.6276735220628826 0.6352014460850359 0.02469246515360979 0.03689250494291585
2 0.6027900839511149 0.6775627010279518 0.0382291754978958 0.06708934091247087
4 0.7220857209744235 0.657099009317178 0.03762897477225664 0.04990184091247105
1 0.7030629355798789 0.41993193175057986 0.035739092558271325 0.04046317391627667
4 0.6846403177938641 0.4113209357049127 0.02496528366526398 0.04470500494291585
4 0.7752925996450295 0.40684699992563794 0.054816474772256464 0.05060217787060921
4 0.8772618382122841 0.4580818946787108 0.03946429328391084 0.05777800790866543
4 0.8939185701561169 0.5619417237281839 0.02356647477225664 0.04932883794672147
4 0.841951820789089 0.4415774855911819 0.02965278366526398 0.04489600593149916
7 0.8263590479235982 0.5529924880626398 0.02965278366526398 0.04489600593149916
4 0.9084027108076225 0.45993355475482306 0.03595734736759475 0.046713173916276676
4 0.8266839740544665 0.3649659060474174 0.04673115626060209 0.04247134288963732
4 0.7569121326773213 0.4863899198875818 0.040262901451278844 0.03596667490485981
7 0.6456869783156356 0.16404402908884155 0.0370833377489479 0.034276840912471004
4 0.5636235011811264 0.05660821387953309 0.02965278366526398 0.04489600593149905
4 0.6124875871159758 0.06475895349940976 0.04705853847458741 0.05184634288963734
4 0.08993545300307411 0.4628581442587814 0.03450397477225655 0.04977450692008212
4 0.08350934901205734 0.5575167282511702 0.04215278366526394 0.045405341901054184
4 0.16556539166299594 0.620484960456673 0.03294147477225655 0.04971083992388792
4 0.2020187576349123 0.6712688690499105 0.029489092558271323 0.04020850593149916
4 0.11725437723502567 0.641176803840602 0.027872028855940555 0.038582338935304605
4 0.4633778651693081 0.8049448961987666 0.03584821996293304 0.043588173916276673
4 0.6776685436624289 0.7673481012182323 0.04097222958158007 0.056279174904859806