2 0.18671875 0.146875 0.04453125 0.03359375
2 0.109375 0.12421875 0.025 0.04453125
2 0.140625 0.17265625 0.0265625 0.0203125
2 0.375 0.24140625 0.0515625 0.01875
2 0.32265625 0.24453125 0.01796875 0.01953125
2 0.1640625 0.4078125 0.02578125 0.02734375
2 0.1125 0.2859375 0.02578125 0.0359375
2 0.46171875 0.17109375 0.028125 0.02109375
7 0.44296875 0.35703125 0.04375 0.01640625
2 0.08984375 0.353125 0.02734375 0.01328125
2 0.01328125 0.38828125 0.0265625 0.0234375
2 0.01796875 0.34296875 0.0359375 0.02734375
2 0.2578125 0.30546875 0.03125 0.02109375
3 0.5234375 0.4203125 0.03671875 0.0328125
2 0.47734375 0.46171875 0.05703125 0.0265625
2 0.4984375 0.4859375 0.028125 0.01875
2 0.590625 0.46484375 0.025 0.02578125
2 0.27109375 0.63359375 0.02890625 0.04296875
2 0.284375 0.6 0.02421875 0.028125
2 0.2546875 0.5859375 0.03671875 0.02734375
2 0.06484375 0.65546875 0.034375 0.021875
2 0.02421875 0.6875 0.028125 0.02265625
2 0.48984375 0.7703125 0.025 0.03125
2 0.44375 0.74296875 0.03125 0.0203125
2 0.3890625 0.6921875 0.0203125 0.021875
3 0.36953125 0.69453125 0.03046875 0.0375
2 0.6015625 0.65078125 0.0375 0.04140625
2 0.68359375 0.75703125 0.04140625 0.0234375
2 0.696875 0.73984375 0.059375 0.02890625
1 0.37421875 0.21796875 0.028125 0.01328125
2 0.14609375 0.65078125 0.0703125 0.03359375
2 0.1015625 0.62265625 0.0359375 0.02734375
2 0.0484375 0.61875 0.02890625 0.01484375
2 0.0625 0.61015625 0.0140625 0.02109375
2 0.2375 0.66015625 0.0203125 0.01328125
2 0.1453125 0.72421875 0.0234375 0.01796875
2 0.52890625 0.73671875 0.0328125 0.01953125
2 0.609375 0.7484375 0.03125 0.03984375
2 0.5703125 0.7328125 0.02421875 0.0171875
2 0.55 0.725 0.0125 0.0203125
2 0.01484375 0.8234375 0.0296875 0.0296875
3 0.1015625 0.77578125 0.01953125 0.03359375
2 0.00703125 0.86640625 0.01328125 0.02578125
2 0.14921875 0.98203125 0.0328125 0.028125
2 0.04765625 0.9640625 0.0203125 0.0265625
2 0.41640625 0.92265625 0.03671875 0.025
2 0.4140625 0.88046875 0.02109375 0.0203125
2 0.5453125 0.8609375 0.021875 0.01328125
2 0.66796875 0.88984375 0.01875 0.021875
2 0.61796875 0.90625 0.01875 0.01796875
3 0.7796875 0.25078125 0.03984375 0.0296875
2 0.53828125 0.01484375 0.01484375 0.02109375
2 0.65625 0.02734375 0.025 0.01875
2 0.56171875 0.1171875 0.0296875 0.028125
2 0.37578125 0.1703125 0.02265625 0.01953125
2 0.05546875 0.2625 0.04140625 0.03515625
3 0.41484375 0.39453125 0.02109375 0.0375
2 0.4484375 0.40234375 0.03203125 0.01171875
2 0.55234375 0.43671875 0.01875 0.01484375
1 0.40703125 0.43125 0.0296875 0.01875
1 0.3453125 0.465625 0.02890625 0.01328125
2 0.4359375 0.7796875 0.03828125 0.02890625
2 0.540625 0.36328125 0.0375 0.02265625
2 0.21484375 0.34296875 0.0546875 0.01796875
7 0.58671875 0.36875 0.03359375 0.01484375