2 0.7824210885153752 0.7886804547323546 0.10994268577927464 0.09433533175849824
4 0.3379231057412186 0.09460064955236228 0.026209672927693363 0.030560519237293703
4 0.2926424392393158 0.0969642469199571 0.04339717292769345 0.031160719962933105
4 0.3631313527754691 0.07963784846390316 0.03265067391627667 0.03546627404661713
4 0.33426886513275883 0.13932287251052028 0.040081171939110226 0.026364092558271414
4 0.37283927520887095 0.10668149810108345 0.04320617193911023 0.026473219962933125
4 0.25765728558899426 0.15999252577589765 0.03427684091247105 0.03708333774894799
4 0.26328254448624283 0.20204361652007047 0.03845500494291585 0.024747028855940555
4 0.38077645060802234 0.14786949329176005 0.023021005931499073 0.02888889183263199
4 0.405590766805914 0.06563734664980463 0.043078837946721474 0.023348219962933126
4 0.4977318458553869 0.04207830636111871 0.026273339923887917 0.032123019237293694
4 0.4485303419010542 0.025019781133375236 0.029907675893442943 0.044732146641955406
4 0.46721135771838496 0.09947414411006668 0.03389483893530461 0.027708337748947987
4 0.533397431824942 0.05335062305867444 0.030451503954332715 0.019786710344286272
4 0.6024976003040112 0.05954357015611679 0.043078837946721474 0.023348219962933105
4 0.6328681912164822 0.09447164166299596 0.035266337946721474 0.023075401451278843
4 0.6664446951708148 0.11207580391404796 0.03265067391627667 0.03546627404661713
4 0.6947288626613008 0.1149999072720926 0.03083350593149916 0.029161710344286274
4 0.6931809501137307 0.13461300282558888 0.03245967292769336 0.03077877404661713
4 0.7413292900376186 0.1642260917556632 0.043333505931499164 0.029598219962933124
4 0.6849572732317046 0.08639375763491228 0.036765170950527094 0.0215674651536097
4 0.7703655326232448 0.1280058495602115 0.031279174904859805 0.040099210344286276
4 0.752573196159398 0.11376230028585091 0.029334672927693362 0.030669646641955418
4 0.4559210306460784 0.1295981537287135 0.03845500494291585 0.024747028855940555
4 0.48976679003761864 0.17301084783093099 0.03714717292769336 0.0309424651536097
4 0.5601602030794803 0.15334069937487702 0.04027217292769336 0.03105159255827141
4 0.6023158695813831 0.15108622941194394 0.04177100593149916 0.02954365626060227
2 0.622104446159398 0.11831836943047738 0.02126750494291585 0.024146828130301133
4 0.6127095415204933 0.1757588471979588 0.02439250494291585 0.024255955534962848
4 0.6589306255128822 0.17727421797919854 0.044768671939110403 0.026527783665263982
4 0.7118155449805345 0.18872758395111489 0.04014483893530461 0.027926592558271412
4 0.6992027984405755 0.20559762542092716 0.044577670950527094 0.02184028366526398
4 0.7648768779843401 0.18530991807186575 0.035775673916276673 0.03557540145127884
4 0.8036502179082279 0.21525038921592526 0.04001750494291585 0.024801592558271322
4 0.8408119782883512 0.26324145591348097 0.04027217292769336 0.03105159255827141
4 0.7363181378701718 0.23324891026731748 0.043588173916276673 0.03584821996293312
4 0.7338934748283101 0.2505455376719792 0.04495967292769336 0.031215283665263983
4 0.6811358893530466 0.24221717170006282 0.043588173916276673 0.03584821996293304
4 0.6464279669196447 0.21604654130017625 0.046331171939110224 0.02658234736759484
4 0.5843762944862428 0.19083077569107962 0.041580004942915846 0.024856156260602225
4 0.5665812994291587 0.2149230401190499 0.040399506920082116 0.034176592558271414
4 0.5049434624710204 0.1998635245099533 0.03995383794672147 0.02323909255827141
4 0.4710459649424784 0.21278267596123207 0.04027217292769336 0.03105159255827141
4 0.4058029669196447 0.22444935145912806 0.03252333992388774 0.03234127404661713
4 0.434787471368269 0.24456095481717263 0.03689250494291585 0.024692465153609698
4 0.4584332184025195 0.22965271743104437 0.04183467292769336 0.03110615626060227
4 0.34029337205284105 0.1719716814035277 0.024519838935304607 0.027380955534962847
4 0.3777124590109793 0.18787693439875258 0.02439250494291585 0.024255955534962848
4 0.35522996395389517 0.21213288993371543 0.024774506920082207 0.03363095553496285
4 0.3233141190870915 0.1584821002780017 0.024265170950527094 0.021130955534962848
4 0.8214863167293643 0.2881695340437821 0.03670150395433254 0.0200049651536097
4 0.8091600716722802 0.3120708255135944 0.041580004942915846 0.02485615626060227
4 0.8541860701894054 0.30345722814599957 0.04164367193911041 0.026418656260602268
4 0.7718974936113904 0.33840763622070036 0.04495967292769336 0.031215283665263983
4 0.7042179036875026 0.30947659356976176 0.027517504942915848 0.024365082939624562
4 0.5288531477560034 0.2874354463796521 0.043588173916276673 0.03584821996293312
4 0.2112571294672148 0.21168400054815417 0.030706171939110228 0.026036710344286274
4 0.16723255684353253 0.26407487976691446 0.03858233893530465 0.027872028855940555
4 0.20320189034162972 0.26360116461330474 0.03845500494291585 0.024747028855940555
4 0.3360608112921568 0.2793030317663474 0.04502333992388783 0.03277778366526398
4 0.42698690022746144 0.3027281188823232 0.03714717292769336 0.0309424651536097
4 0.46914256672936433 0.3004736489193901 0.0354573389353046 0.027762901451278844
4 0.5669725716722802 0.3205281993748771 0.04177100593149916 0.02954365626060227
4 0.5281329061589606 0.3273610419331484 0.051209672927693364 0.03143353847458741
4 0.6201758261209045 0.33979406534679335 0.03271434091247105 0.03702877404661713
4 0.5817990756266129 0.3387871260538994 0.046394838935304605 0.02814484736759475
4 0.5389894931170989 0.3441938778679979 0.03870967292769336 0.030997028855940557
4 0.6096229866913082 0.31121519756077853 0.051209672927693364 0.03143353847458741
4 0.6689170736494464 0.3263565587233714 0.0354573389353046 0.027762901451278844
4 0.6869468320524035 0.3656273898488974 0.04059050790866543 0.03886409255827132
4 0.725740076615196 0.3384547654394606 0.026209672927693363 0.030560519237293703
4 0.840804002508639 0.37824889702047354 0.035775673916276673 0.03557540145127884
4 0.7918863414439435 0.4065574354950609 0.026273339923887917 0.0321230192372937
4 0.704099839961069 0.4025817528255889 0.04346083992388792 0.03272321996293304
4 0.7411687584401381 0.4098932558208137 0.03663783695813834 0.01844246515360979
4 0.663619419999125 0.38834812723502565 0.029334672927693362 0.030669646641955418
4 0.7350752673373866 0.4523535743324681 0.03902800790866543 0.03880952885594056
4 0.5430840855124446 0.38708078231450155 0.04177100593149898 0.02954365626060227
1 0.4691399081361268 0.33880946262172096 0.030451503954332715 0.019786710344286185
4 0.23079764973316985 0.3072321135248456 0.03115184091247105 0.036974210344286274
4 0.3253925667293643 0.3054935095338288 0.040335839923887826 0.03261409255827141
4 0.2963908162350727 0.3041591880269497 0.03220500494291585 0.02452877404661713
4 0.30585865813612684 0.3445113695152954 0.038582338935304605 0.027872028855940555
4 0.3306994906456409 0.3397321002780017 0.04177100593149898 0.02954365626060227
4 0.3633037436113904 0.35267604438021916 0.023021005931498983 0.02888889183263199
4 0.37323450053147267 0.38518844401739943 0.04534167490485981 0.04059028366526398
4 0.4491921640676259 0.3676710726031875 0.04164367193911023 0.026418656260602268
4 0.4775718320524035 0.3729389259612321 0.036765170950527094 0.021567465153609612
4 0.5021235044858054 0.3994642204262693 0.027963173916276673 0.035302582939624474
4 0.25746757908665396 0.36654262613871735 0.04996550790866543 0.039191474772256464
4 0.24836183452386146 0.39267854020386794 0.04476867193911023 0.026527783665263982
4 0.18190916357333434 0.3746577157017638 0.03858233893530465 0.027872028855940555
4 0.17717790121604465 0.31614581125526015 0.029462006920082207 0.03379464664195542
4 0.3130145835352782 0.3857266465571374 0.03402217292769336 0.030833337748947986
4 0.27734633897248573 0.4127901435619125 0.037083505931498985 0.029379965153609612
4 0.2782085020143474 0.3955480798595817 0.03995383794672147 0.023239092558271324
4 0.19490125349722215 0.40549848793428245 0.04502333992388783 0.03277778366526398
4 0.16491532315515492 0.3416096027250724 0.03577567391627663 0.03557540145127884
4 0.3121497619001791 0.44130452396179914 0.04502333992388783 0.03277778366526398
4 0.2249362633830539 0.45139134129232705 0.038837006920082295 0.03412202885594055
4 0.18700518186212306 0.46132190199943307 0.02451983893530465 0.027380955534962937
4 0.1295600963868595 0.4531572271345093 0.03695617193911023 0.02625496515360979
4 0.40052385380123334 0.4789012384824366 0.04346083992388792 0.03272321996293322
4 0.4681424353221642 0.4679339674310444 0.048212006920082116 0.034449411069925696
4 0.5243141808735399 0.44484864229596816 0.03434050790866543 0.0386458377489479
2 0.38828118037924825 0.44725193439875266 0.018206171939110227 0.02560020072563951
4 0.2802750207974277 0.4846651435619124 0.03670150395433271 0.020004965153609788
4 0.35286760380123333 0.48056543140352764 0.04027217292769345 0.031051592558271324
4 0.26626160034119223 0.46716018503172474 0.04527800790866543 0.03902778366526398
4 0.24089152722321833 0.5165525498225148 0.03877333992388783 0.03255952885594056
4 0.3077606922422464 0.5063938106222879 0.0354573389353046 0.027762901451278844
4 0.13202852178601088 0.4945361952833438 0.03858233893530465 0.027872028855940555
4 0.33846686418135663 0.5303571002780016 0.04164367193911023 0.026418656260602268
4 0.4083310366147585 0.555300047375444 0.038518671939110224 0.026309528855940557
4 0.4618552846375922 0.5440425996450295 0.043078837946721474 0.023348219962933216
4 0.4682472060824109 0.5665078766868715 0.04177100593149916 0.02954365626060227
1 0.5144019644853678 0.6047965611704422 0.021203837946721472 0.022584328130301045
4 0.5704835267289268 0.5026958586307042 0.04626750494291585 0.02501984736759475
4 0.6943666957022876 0.5093228261465665 0.05047484387822045 0.05169147477225664
4 0.7516035341433006 0.5315772828626557 0.03902800790866543 0.03880952885594056
4 0.773527613687065 0.5128173591788584 0.03845500494291585 0.024747028855940555
4 0.7973126235728968 0.5589284673462264 0.04808467292769336 0.031324411069925694
4 0.751750772774594 0.4775891873091595 0.02659167490485963 0.0399355192372937
4 0.6519046230786053 0.5616591416629959 0.03896434091247088 0.037247028855940556
4 0.7189130509492145 0.6125197480162654 0.029462006920082117 0.03379464664195542
4 0.6967542080595772 0.5679165761465665 0.0176968359695552 0.01310020072563951
4 0.7570205460062986 0.587718155457994 0.011383168973360825 0.011319445916315906
4 0.6837568009492145 0.6137474313187097 0.03427684091247087 0.0370833377489479
4 0.5892427969948818 0.598271253458561 0.03427684091247087 0.0370833377489479
4 0.553655465473951 0.6081199686121707 0.051209672927693364 0.03143353847458741
4 0.5477383879073529 0.6357092552726595 0.04346083992388792 0.03272321996293304
4 0.47500388345872857 0.617125435579879 0.04164367193911023 0.026418656260602268
4 0.44265429847775656 0.6104314914776615 0.03214133794672147 0.02296627404661713
4 0.43501555342067244 0.6341690918404812 0.01989600593149916 0.028779764427970277
4 0.37237363197585377 0.61366810808255 0.05309050790866543 0.03930060217691818
4 0.3636552065767024 0.5725073947430388 0.031279174904859805 0.04009921034428636
4 0.3214968814815622 0.6130976784083029 0.04177100593149898 0.02954365626060227
1 0.4190549723940332 0.6456795107149552 0.022702670950527092 0.02107639183263199
4 0.45296705737500514 0.6523188911148419 0.026273339923887917 0.0321230192372937
4 0.27143321448536784 0.6132812168828903 0.037083505931499075 0.02937996515360979
4 0.32677728908621645 0.569883391747814 0.021203837946721472 0.022584328130301045
4 0.24474603908621645 0.572747986120184 0.03421317391627658 0.035520837748947896
4 0.21939321201390988 0.6033630690598084 0.02620967292769345 0.030560519237293703
4 0.6496165642950874 0.6783109283234848 0.03402217292769336 0.0308333377489479
4 0.5983432243711995 0.6488069667980723 0.040081171939110406 0.026364092558271324
4 0.7168040642950875 0.675964689123258 0.03265067391627667 0.03546627404661713
4 0.6917894768426576 0.6572791765093863 0.03995383794672147 0.023239092558271324
4 0.6120356512532258 0.6968352390305907 0.032523339923887916 0.03234127404661713
4 0.6583986566904331 0.721034141662996 0.03265067391627667 0.03546627404661713
4 0.6101030781352519 0.7454091482864179 0.02464717292769336 0.030505955534962936
4 0.5507944037246837 0.7107092552726596 0.03032416996194378 0.016661710344286186
4 0.5629442352456145 0.7016789956540127 0.02582767095052709 0.021185519237293705
4 0.4654299066904331 0.7277727589008567 0.04177100593149916 0.02954365626060209
4 0.5440960761580855 0.7383258237843139 0.04027217292769336 0.031051592558271324
4 0.3763554778312407 0.6729885443802192 0.038837006920082205 0.03412202885594055
4 0.3414021576790163 0.7367980732361596 0.044896005931498985 0.02965278366526398
4 0.3021393864244781 0.637244506538604 0.02276633794672147 0.022638891832631992
4 0.3428108073750052 0.6561656321291671 0.037274506920082204 0.03406746515360979
4 0.13356579996063137 0.628266354539171 0.027326503954332716 0.01967758293962447
4 0.18286280440925565 0.6476686297669144 0.02920733893530465 0.02754464664195542
4 0.18281638345872855 0.6273288479157489 0.03564833992388783 0.032450401451278844
4 0.23098196942828367 0.6381646549946579 0.044832338935304604 0.028090283665263983
4 0.09774370509382765 0.5747519741392842 0.033767504942915846 0.024583337748947897