4 0.296875 0.6304243197416906 0.03125 0.024346782132453625
4 0.32109375 0.603938376089039 0.0296875 0.022738818025830908
4 0.01328125 0.8878948050937072 0.0265625 0.03983538981258548
4 0.0328125 0.8115452537609237 0.0234375 0.01943196159934004
4 0.009375 0.7497272153602639 0.015625 0.039517141066226814
4 0.01484375 0.7097243409870846 0.0140625 0.031659176959604095
4 0.02578125 0.6844060922407257 0.0265625 0.022647889812585476
4 0.03515625 0.6294458076009897 0.0234375 0.016306961599340218
4 0.0265625 0.6687583601874144 0.015625 0.017642141066226812
4 0.00546875 0.6373408756268206 0.0109375 0.019068248746358662
4 0.0203125 0.6025339666139051 0.015625 0.014517141066226813
4 0.015625 0.6237641089337732 0.0203125 0.014653533386094786
4 0.05 0.5501076485880743 0.025 0.019477425705962937
4 0.02421875 0.5305453063473484 0.028125 0.021130853919208194
4 0.03984375 0.5089969152811216 0.0265625 0.022647889812585476
4 0.0671875 0.4886700434152248 0.0203125 0.031841033386094966
4 0.0640625 0.58329222162847 0.0171875 0.01768760517284953
4 0.07734375 0.5438432767221772 0.0171875 0.03487510517284953
4 0.071875 0.6088461510953567 0.025 0.024164925705962757
4 0.07578125 0.6712324908288 0.0234375 0.01630696159934004
4 0.028125 0.3476191460807917 0.021875 0.016261497492717502
4 0.03671875 0.318462843494367 0.0203125 0.014653533386094875
4 0.071875 0.44243990109535664 0.0234375 0.01943196159934004
4 0.075 0.4345364728821113 0.021875 0.016261497492717502
4 0.0296875 0.4178861819741691 0.015625 0.025454641066226812
4 0.00546875 0.5224971256268207 0.0109375 0.023755748746358663
4 0.03515625 0.8942895576009896 0.025 0.02728992570596276
4 0.0703125 0.7870166152019793 0.0234375 0.016306961599340218
4 0.0609375 0.8380706498417154 0.0234375 0.01630696159934004
4 0.07421875 0.8751842049354227 0.0203125 0.03652853338609461
4 0.10703125 0.8500107086963464 0.0328125 0.02439224623907634
4 0.09140625 0.8410903497625732 0.0265625 0.016397889812585477
4 0.1375 0.9249054086172042 0.0234375 0.017869461599340043
4 0.12265625 0.8854935676301195 0.0125 0.02067621285298138
4 0.14453125 0.8582945701374018 0.0171875 0.017687605172849175
4 0.1109375 0.7678657984297896 0.0203125 0.016216033386094963
4 0.12734375 0.7361384253102515 0.0234375 0.01786946159934022
4 0.1375 0.717092908617204 0.0234375 0.01943196159934022
4 0.1 0.7525590471761484 0.015625 0.027017141066226814
4 0.13203125 0.6860020329903834 0.0265625 0.016397889812585654
4 0.1328125 0.6226980509370721 0.025 0.025727425705962936
4 0.128125 0.6470531932569401 0.0203125 0.025591033386094787
4 0.1515625 0.6744962316576 0.0265625 0.025772889812585652
4 0.1171875 0.706746442003299 0.015625 0.030142141066226813
4 0.1078125 0.619519226643035 0.01875 0.019295569279472246
4 0.15859375 0.7766353931777978 0.0171875 0.03018760517284953
4 0.1734375 0.7738597341648824 0.0234375 0.03818196159934022
4 0.20859375 0.624399291765872 0.0296875 0.02898881802583091
4 0.18125 0.646288663631769 0.0203125 0.025591033386094964
4 0.18203125 0.6618909315784576 0.01875 0.027108069279472246
4 0.16328125 0.7233740008579298 0.0171875 0.02862510517284953
4 0.1828125 0.6103056995251464 0.0265625 0.017960389812585652
4 0.17109375 0.6223654303248164 0.028125 0.021130853919208194
4 0.1859375 0.5461522713119009 0.025 0.027289925705962937
4 0.1609375 0.4789109470178639 0.025 0.013227425705962758
4 0.18515625 0.47820625336521233 0.0265625 0.019522889812585476
4 0.18125 0.42285116363176894 0.0203125 0.016216033386094963
4 0.22265625 0.5153963648062679 0.0234375 0.03193196159934022
4 0.25703125 0.522208654460569 0.0234375 0.01943196159934022
4 0.2796875 0.5113931749145401 0.0171875 0.03331260517284953
4 0.27578125 0.4677568351810968 0.0171875 0.03331260517284953
4 0.28359375 0.4448732646479834 0.01875 0.016170569279472247
4 0.29609375 0.4968533017950019 0.01875 0.027108069279472246
4 0.2921875 0.5446232120615586 0.0171875 0.03175010517284953
4 0.30234375 0.5154214453685112 0.025 0.024164925705962938
4 0.0890625 0.40756479592250716 0.0140625 0.030096676959604097
4 0.10859375 0.35699649458972366 0.015625 0.023892141066226814
4 0.10234375 0.33686585101621436 0.021875 0.016261497492717502
4 0.05625 0.2960195421615835 0.0265625 0.019522889812585563
4 0.05390625 0.2531189883215175 0.0265625 0.014835389812585564
4 0.0546875 0.22340875626820617 0.0328125 0.02439224623907634
4 0.07890625 0.19926656261555462 0.0265625 0.016397889812585564
4 0.08828125 0.22165002797581854 0.0203125 0.019341033386094785
4 0.11640625 0.15286292405661026 0.0203125 0.019341033386094875
4 0.06484375 0.13795698957515873 0.021875 0.025636497492717503
1 0.08671875 0.0982579920824412 0.025 0.04447742570596289
4 0.0734375 0.05880068698873399 0.0234375 0.02568196159934022
4 0.1015625 0.029857333069525725 0.0203125 0.030278533386094854
4 0.11640625 0.10051917405661026 0.0234375 0.01786946159934022
4 0.11875 0.034825977896676234 0.0265625 0.016397889812585574
4 0.14609375 0.03403035603077932 0.025 0.02260242570596289
4 0.1421875 0.07555026629733602 0.028125 0.022693353919208258
4 0.13359375 0.052362818883760764 0.028125 0.02113085391920826
4 0.1671875 0.009066285695521615 0.0234375 0.01813257139104323
4 0.140625 0.10762698040395868 0.028125 0.02894335391920828
4 0.1578125 0.1055643752311092 0.0203125 0.019341033386094875
2 0.16875 0.051339876484750434 0.0125 0.028488712852981445
4 0.159375 0.15161266112448651 0.021875 0.022511497492717546
4 0.14765625 0.17382864192415665 0.025 0.021039925705962893
4 0.12734375 0.19160717531025148 0.025 0.02260242570596289
4 0.16328125 0.12337400085792982 0.0203125 0.016216033386094876
4 0.15234375 0.20259849960428858 0.0265625 0.016397889812585654
4 0.1453125 0.22936558808409066 0.0265625 0.022647889812585566
4 0.16484375 0.22879728675130714 0.01875 0.020858069279472157
4 0.140625 0.15450198040395868 0.0125 0.011301212852981468
4 0.1984375 0.055163558458919494 0.025 0.02260242570596289
4 0.17421875 0.3011807521115711 0.03125 0.027471782132453625
4 0.20703125 0.28303850587249474 0.0234375 0.016306961599340218
4 0.140625 0.2966894804039587 0.021875 0.028761497492717503
4 0.14921875 0.2690956778175339 0.025 0.027289925705962937
4 0.15 0.35110419576422264 0.021875 0.030323997492717504
4 0.16953125 0.3520983944314391 0.0265625 0.016397889812585564
4 0.16484375 0.4084847867513071 0.0234375 0.016306961599340218
4 0.1109375 0.41083454842978967 0.021875 0.0271989974927175
4 0.18828125 0.23827157515196692 0.028125 0.03206835391920828
4 0.18046875 0.19084264568508033 0.0328125 0.036892246239076255
4 0.20703125 0.20413225587249473 0.0328125 0.022829746239076344
4 0.19140625 0.15849314693872157 0.0203125 0.016216033386094876
4 0.25390625 0.023862082673814317 0.0203125 0.016216033386094852
4 0.26953125 0.005624211203628807 0.0234375 0.011248422407257614
4 0.2265625 0.019188954539711235 0.01875 0.027108069279472173
4 0.225 0.16845316864633392 0.015625 0.023892141066226814
4 0.2125 0.13756688149931534 0.0203125 0.019341033386094875
4 0.23671875 0.1892059378466638 0.0203125 0.019341033386094875
4 0.2453125 0.16551838526023904 0.0203125 0.019341033386094875
4 0.23125 0.1448338122198432 0.0109375 0.01750574874635875
4 0.2140625 0.41330266739269267 0.028125 0.021130853919208194
4 0.22265625 0.459927614806268 0.01875 0.020858069279472247
4 0.19765625 0.3426862905122309 0.021875 0.024073997492717502
4 0.20703125 0.31506975587249475 0.01875 0.019295569279472246
4 0.2375 0.34543320579335246 0.0265625 0.017960389812585565
4 0.21875 0.3389475250728246 0.0171875 0.01768760517284953
2 0.209375 0.38375155971256075 0.025 0.022602425705962936
4 0.21484375 0.3632799353393813 0.0140625 0.020721676959604095
4 0.221875 0.3615128468595793 0.015625 0.027017141066226814
4 0.234375 0.27364913400659785 0.0234375 0.02880696159934022
4 0.23984375 0.31645875963341846 0.0125 0.03005121285298138
4 0.25234375 0.288751296780437 0.021875 0.028761497492717503
4 0.2515625 0.32627402883374834 0.01875 0.023983069279472247
4 0.25234375 0.355938796780437 0.0265625 0.03358538981258556
4 0.275 0.19277956723440814 0.01875 0.025545569279472158
4 0.27265625 0.16784776339434213 0.021875 0.030323997492717504
4 0.25390625 0.2113620826738143 0.0140625 0.020721676959604095
4 0.234375 0.4736491340065978 0.0203125 0.031841033386094966
4 0.25546875 0.4878791185671917 0.0140625 0.026971676959604098
4 0.25625 0.5370751365138803 0.0265625 0.013272889812585476
4 0.23671875 0.5524871878466638 0.0203125 0.019341033386094785
4 0.24140625 0.6132882955267958 0.028125 0.02269335391920819
4 0.2546875 0.5855581006205031 0.025 0.03197742570596276
4 0.26875 0.6015551736608988 0.0296875 0.01961381802583091
4 0.26875 0.6265551736608989 0.021875 0.028761497492717503
4 0.24140625 0.6914132955267958 0.0203125 0.019341033386094962
4 0.2109375 0.6821435956059381 0.025 0.024164925705962938
4 0.221875 0.7310440968595793 0.025 0.021039925705962935
4 0.23515625 0.7150326519532865 0.025 0.024164925705962757
4 0.2234375 0.7669361327529567 0.021875 0.01938649749271768
4 0.26484375 0.7055750839274555 0.0234375 0.01786946159934022
4 0.21796875 0.8233452571261359 0.025 0.021039925705962758
4 0.1984375 0.7848510584589194 0.021875 0.024073997492717502
4 0.246875 0.8701604211536165 0.0234375 0.025681961599340043
4 0.21953125 0.9100185430195132 0.025 0.02728992570596276
4 0.240625 0.8976860275801071 0.028125 0.027380853919208192
2 0.2140625 0.8789276673926928 0.0109375 0.011255748746359017
4 0.259375 0.9158904583006351 0.025 0.02572742570596276
4 0.275 0.9138733172344082 0.028125 0.028943353919208194
4 0.26953125 0.8734074416075874 0.0234375 0.01943196159934004
4 0.28515625 0.8667028005413606 0.0234375 0.01943196159934004
4 0.3015625 0.8841941774218224 0.0234375 0.017869461599340043
4 0.32578125 0.867083233769171 0.0125 0.03786371285298138
4 0.3046875 0.8536344992085771 0.0265625 0.025772889812585475
4 0.28515625 0.7963903005413607 0.0171875 0.01768760517284953
4 0.296875 0.7593305697416906 0.025 0.028852425705962758
4 0.3265625 0.7576855017158597 0.0234375 0.016306961599340218
4 0.28125 0.7355664608079173 0.0203125 0.017778533386094964
4 0.2953125 0.6906260338483132 0.0203125 0.025591033386094787
4 0.325 0.7046059658224824 0.025 0.02572742570596276
4 0.33203125 0.6848701273426803 0.03125 0.024346782132453625
4 0.3109375 0.6526713927820864 0.021875 0.022511497492717504
4 0.35234375 0.6467790939565854 0.0234375 0.02255696159934022
4 0.3484375 0.5992365042231421 0.025 0.02728992570596276
4 0.3703125 0.5673500067304247 0.01875 0.019295569279472246
4 0.3609375 0.5074665413701607 0.0234375 0.01786946159934022
4 0.31171875 0.548742410728775 0.0171875 0.01768760517284953
4 0.30546875 0.5684555171552658 0.021875 0.02251149749271768
4 0.3375 0.5284610029695008 0.0203125 0.022466033386094965
4 0.38515625 0.4848868477175091 0.0234375 0.016306961599340218
4 0.36171875 0.46760005931684934 0.0140625 0.033221676959604096
4 0.37421875 0.5164550964638679 0.025 0.019477425705962937
4 0.296875 0.3194868197416906 0.021875 0.025636497492717503
4 0.29296875 0.3555379800082473 0.0203125 0.016216033386094876
4 0.29765625 0.34368283768837926 0.025 0.019477425705962937
4 0.29140625 0.39386469411486996 0.0234375 0.016306961599340218
4 0.30625 0.4168702851019545 0.0203125 0.03652853338609478
4 0.31875 0.36181907224897303 0.0203125 0.019341033386094875
4 0.25546875 0.37694161856719166 0.01875 0.027108069279472246
4 0.2625 0.3923620300873896 0.015625 0.033267141066226816
4 0.27890625 0.25829090696785145 0.01875 0.023983069279472247
4 0.30078125 0.22952940947513384 0.021875 0.014698997492717502
4 0.30859375 0.2066458389420205 0.01875 0.02710806927947216
4 0.28984375 0.21109765822149265 0.0203125 0.022466033386094875
4 0.2921875 0.12274821206155861 0.021875 0.025636497492717503
4 0.28046875 0.07699544286122875 0.009375 0.01121028463973608
4 0.29765625 0.07805783768837923 0.01875 0.01929556927947216
4 0.30078125 0.050623159475133885 0.0234375 0.03193196159934022
4 0.31328125 0.07604069662215243 0.0171875 0.017687605172849487
4 0.33203125 0.03721387734268026 0.01875 0.02710806927947218
4 0.3625 0.05038982726353798 0.0265625 0.025772889812585586
4 0.34296875 0.1275206285963215 0.03125 0.035284282132453625
4 0.340625 0.1627450747562555 0.01875 0.020858069279472157
2 0.3515625 0.20695807600989674 0.0140625 0.030096676959604097
4 0.334375 0.5043331811827463 0.025 0.025727425705962936
4 0.34765625 0.7195717362764534 0.015625 0.027017141066226814
4 0.3703125 0.6767250067304246 0.015625 0.039517141066226814
4 0.3828125 0.39667379387744306 0.015625 0.027017141066226814
4 0.37734375 0.3538641682506225 0.025 0.014789925705962936
4 0.403125 0.3374890104913483 0.0265625 0.019522889812585653
4 0.42265625 0.3345769591585648 0.0171875 0.03487510517284953
2 0.38203125 0.31154027593075445 0.021875 0.0271989974927175
4 0.36328125 0.3863045952102266 0.0171875 0.02393760517284953
4 0.3484375 0.31095525422314213 0.025 0.021039925705962935
4 0.40625 0.23974183227810292 0.0234375 0.02568196159934022
4 0.40234375 0.2265742425446596 0.0203125 0.03340353338609488
4 0.3671875 0.2690034349436699 0.025 0.022602425705962936
4 0.3484375 0.2726740042231421 0.0203125 0.020903533386094873
4 0.4140625 0.1645145117449895 0.0140625 0.03322167695960414
4 0.4453125 0.17923022961253587 0.021875 0.028761497492717503
4 0.440625 0.12311662193240394 0.021875 0.020948997492717503
4 0.43203125 0.09758542451882866 0.0203125 0.03496603338609485
4 0.38046875 0.07408574003737715 0.0140625 0.03165917695960414
4 0.40546875 0.045233314331414254 0.0203125 0.01934103338609485
4 0.44375 0.07146319371915857 0.0140625 0.03478417695960414
4 0.46171875 0.09828410649299772 0.0203125 0.019341033386094875
4 0.4609375 0.035806838546309075 0.025 0.028852425705962893
4 0.47890625 0.05169025132014824 0.0265625 0.019522889812585563
4 0.496875 0.0456986640939874 0.015625 0.0332671410662268
4 0.5015625 0.07681227177411935 0.0140625 0.022284176959604142
4 0.49765625 0.11520718204067606 0.0171875 0.03331260517284949
4 0.4671875 0.12156248211981832 0.01875 0.031795569279472156
4 0.459375 0.17647730265293174 0.0203125 0.014653533386094875
4 0.50078125 0.16511625382743073 0.01875 0.020858069279472157
4 0.5015625 0.19634352177411935 0.025 0.022602425705962936
4 0.51953125 0.13410193454795852 0.0203125 0.022466033386094875
4 0.54375 0.11620974089530697 0.01875 0.02710806927947216
4 0.53828125 0.16480636526848635 0.0265625 0.019522889812585563
4 0.49453125 0.2535793602539214 0.0234375 0.016306961599340218
2 0.471875 0.24876983979995027 0.0171875 0.014562605172849529
4 0.46796875 0.294977250066507 0.0171875 0.02393760517284953
4 0.47890625 0.26809650132014823 0.025 0.024164925705962938
4 0.43671875 0.39588653219896064 0.0296875 0.021176318025830997
4 0.45546875 0.41877846291948845 0.025 0.017914925705962936
4 0.503125 0.4627043076674967 0.021875 0.014698997492717681
4 0.47578125 0.5470936795333936 0.0234375 0.016306961599340218
4 0.49609375 0.5425963961472988 0.025 0.02572742570596276
4 0.5296875 0.4877126678549111 0.0234375 0.01943196159934022
4 0.515625 0.48968434481451517 0.0265625 0.025772889812585475
2 0.50703125 0.5547781474009399 0.0109375 0.011255748746358662
4 0.37890625 0.9249124541439997 0.025 0.01947742570596276
4 0.38671875 0.9715601336108864 0.0296875 0.01648881802583091
4 0.4 0.9399236887045938 0.021875 0.022511497492717324
4 0.3890625 0.8972731874509524 0.0203125 0.017778533386094964
4 0.3546875 0.8568671477966514 0.0203125 0.031841033386094605
4 0.340625 0.8783700747562555 0.0203125 0.03340353338609496
4 0.34375 0.9595291465430101 0.021875 0.027198997492717324
4 0.34296875 0.9314268785963215 0.0234375 0.02724446159934004
2 0.34921875 0.7968700221698308 0.015625 0.017642141066226812
4 0.37578125 0.8015658823572451 0.0171875 0.01300010517284953
4 0.396875 0.8462646169178389 0.025 0.02260242570596276
4 0.3703125 0.7415687567304247 0.0265625 0.03202288981258548
4 0.403125 0.7710827604913483 0.0140625 0.019159176959604098
4 0.40859375 0.8037361361181687 0.021875 0.030323997492717324
4 0.42265625 0.8400457091585647 0.0234375 0.031931961599340045
4 0.43046875 0.8851308886254514 0.021875 0.030323997492717324
4 0.4296875 0.9132786206787626 0.0171875 0.02237510517284953
4 0.4046875 0.7538497963847256 0.0234375 0.01943196159934022
4 0.43203125 0.7585229245188286 0.025 0.022602425705962936
4 0.42890625 0.733613852732074 0.0296875 0.02430131802583091
4 0.46640625 0.8895539641731297 0.0265625 0.017960389812585475
4 0.46875 0.8043295180131956 0.0234375 0.01630696159934004
4 0.44453125 0.7776904616658472 0.025 0.02572742570596276
4 0.40546875 0.8717958143314142 0.028125 0.02581835391920819
4 0.4265625 0.7039945488920081 0.021875 0.0193864974927175
4 0.4140625 0.6488895117449894 0.01875 0.020858069279472247
4 0.40859375 0.625611136118169 0.028125 0.021130853919208194
4 0.43828125 0.632559818092338 0.0234375 0.03193196159934022
4 0.44375 0.6042756937191586 0.021875 0.028761497492717503
4 0.40859375 0.5951423861181689 0.0125 0.02380121285298138
2 0.39375 0.5971367951310844 0.0125 0.01286371285298138
4 0.42265625 0.5423894591585647 0.0234375 0.01786946159934022
4 0.41328125 0.5082872437983008 0.0171875 0.014562605172849529
4 0.46015625 0.36942332059962035 0.0171875 0.01612510517284953
4 0.44921875 0.24552281934597917 0.0234375 0.016306961599340218
4 0.49765625 0.27692593204067606 0.0203125 0.019341033386094875
4 0.4484375 0.29085805139929055 0.01875 0.028670569279472157
4 0.51875 0.8856871666012698 0.0375 0.03859113855894449
4 0.50859375 0.8164514332943174 0.025 0.016352425705962757
4 0.5078125 0.7805366653476286 0.021875 0.02251149749271768
4 0.52109375 0.7254627204413359 0.021875 0.025636497492717503
4 0.525 0.6737865601747791 0.0265625 0.016397889812585654
4 0.4921875 0.6583350564138555 0.015625 0.011392141066226814
4 0.53046875 0.6400336858015997 0.0234375 0.01630696159934004
4 0.5671875 0.6209965292959667 0.0234375 0.01943196159934022
4 0.590625 0.6242208176966265 0.021875 0.024073997492717502
4 0.51015625 0.6054684691876946 0.025 0.017914925705962936
4 0.53125 0.5814172037482884 0.021875 0.016261497492717502
4 0.553125 0.5276557062555709 0.025 0.02572742570596276
4 0.54609375 0.5614540447353729 0.0234375 0.03505696159934004
4 0.56015625 0.4094823677757688 0.0140625 0.030096676959604097
4 0.559375 0.3899738498290802 0.0265625 0.019522889812585563
4 0.5734375 0.37315842286947604 0.0203125 0.019341033386094875
4 0.57890625 0.5378430484962966 0.0265625 0.03514788981258565
4 0.5734375 0.5137834228694761 0.0265625 0.013272889812585476
4 0.575 0.5238942087628533 0.0203125 0.016216033386094786
4 0.590625 0.48047081769662653 0.025 0.027289925705962937
2 0.57734375 0.44413851260291926 0.009375 0.017460284639735944
4 0.5765625 0.4238487446562306 0.021875 0.01782399749271768
4 0.5921875 0.41089410359000383 0.025 0.024164925705962938
4 0.5921875 0.3866753535900038 0.0171875 0.014562605172849529
4 0.55625 0.3619397780423255 0.021875 0.022511497492717504
4 0.56640625 0.30305051134927813 0.01875 0.027108069279472246
4 0.5828125 0.3189793882297399 0.0234375 0.03505696159934022
4 0.58828125 0.28913276385656056 0.0265625 0.019522889812585563
4 0.57890625 0.26049929849629666 0.0265625 0.016397889812585564
4 0.55234375 0.2761159383088822 0.021875 0.022511497492717504
4 0.59375 0.2124111394833812 0.0265625 0.025772889812585565
2 0.5796875 0.2261015664429853 0.0203125 0.013091033386094787
4 0.5546875 0.23620399214894822 0.01875 0.036483069279472244
4 0.5828125 0.17757313822973994 0.015625 0.012954641066226813
4 0.59375 0.1366298894833812 0.0125 0.02380121285298147
4 0.6046875 0.08709289073702241 0.0203125 0.031841033386094855
4 0.62734375 0.11065241119099353 0.0203125 0.014653533386094875
4 0.58671875 0.06964697796318324 0.0140625 0.03478417695960414
4 0.671875 0.10545043415224713 0.028125 0.03206835391920828
4 0.64921875 0.139703413698276 0.0171875 0.031750105172849485
4 0.6359375 0.18462110860456876 0.028125 0.03519335391920828
4 0.5453125 0.9403830267886842 0.025 0.02728992570596276
4 0.546875 0.8692438126820615 0.0234375 0.01943196159934004
4 0.55234375 0.8300221883088822 0.025 0.028852425705962758
4 0.53046875 0.8283149358015998 0.021875 0.028761497492717326
4 0.60546875 0.7495701586837111 0.0171875 0.03018760517284953
4 0.58828125 0.6844452638565606 0.01875 0.020858069279472247
2 0.5890625 0.7234850318032493 0.0140625 0.028534176959604095
4 0.609375 0.5494564984171544 0.0296875 0.02430131802583091
4 0.6203125 0.5702319996707956 0.0171875 0.01300010517284953
4 0.6125 0.526709320203909 0.0140625 0.011346676959604096
4 0.61328125 0.5009053381505977 0.021875 0.016261497492717502
4 0.60859375 0.47838548047046564 0.0140625 0.028534176959604095
1 0.62578125 0.4700728752976162 0.01875 0.017733069279472248
4 0.678125 0.3669873277257564 0.025 0.019477425705962937
4 0.6703125 0.42971464825886974 0.0328125 0.02439224623907634
4 0.65546875 0.39889655727178525 0.0265625 0.028897889812585564
4 0.66953125 0.3430186303121811 0.0171875 0.01300010517284953
4 0.6390625 0.2946864303913234 0.03125 0.027471782132453625
4 0.66875 0.2922601123654925 0.0234375 0.02568196159934022
4 0.653125 0.25755850343171927 0.021875 0.022511497492717504
4 0.6765625 0.15922029183237907 0.025 0.02260242570596289
4 0.69375 0.28215768665952956 0.0203125 0.019341033386094875
4 0.68671875 0.22611227513933163 0.0234375 0.016306961599340218
4 0.721875 0.1297768327403213 0.01875 0.03335806927947216
4 0.79453125 0.06985025178236665 0.028125 0.022693353919208258
4 0.8078125 0.13508880687607389 0.0265625 0.019522889812585563
4 0.7578125 0.20529365828799967 0.028125 0.04144335391920828
4 0.7296875 0.21001826220720793 0.0140625 0.020721676959604095
4 0.74765625 0.17590167498104708 0.015625 0.030142141066226813
4 0.5671875 0.9788090292959668 0.021875 0.01001149749271768
4 0.59140625 0.9781043356433152 0.0171875 0.00987510517284953
4 0.59609375 0.937342943323447 0.021875 0.019386497492717324
4 0.63359375 0.8620330547645029 0.0203125 0.02090353338609461
4 0.63203125 0.8003597688711256 0.0234375 0.02724446159934004
4 0.6375 0.7736381444979461 0.0265625 0.028897889812585655
4 0.6375 0.7041068944979461 0.0203125 0.022466033386094784
4 0.6390625 0.7204676803913234 0.0203125 0.019341033386094962
4 0.62734375 0.6848711611909936 0.0140625 0.030096676959604097
4 0.64140625 0.6149307342313894 0.028125 0.02269335391920819
4 0.61953125 0.6421297317241069 0.015625 0.022329641066226813
4 0.62265625 0.9779763035108615 0.0171875 0.00831260517284953
4 0.6671875 0.9563680764721152 0.0234375 0.03349446159934004
4 0.66484375 0.8634675226320493 0.0171875 0.030187605172849175
4 0.67734375 0.8115413097790677 0.0171875 0.03331260517284953
4 0.68984375 0.7283650969260863 0.025 0.024164925705962757
4 0.703125 0.6936036520197935 0.01875 0.030233069279472245
4 0.6875 0.6479645430860203 0.028125 0.021130853919208194
4 0.66875 0.7196038623654925 0.0171875 0.01768760517284953
4 0.671875 0.6718566841522471 0.0203125 0.014653533386094963
4 0.67578125 0.6576805238856904 0.0265625 0.022647889812585476
4 0.67890625 0.604464595672445 0.0296875 0.022738818025830908
4 0.69375 0.5313764366595295 0.021875 0.02563649749271768
4 0.703125 0.4686036520197934 0.028125 0.02581835391920819
4 0.7140625 0.4885979032734348 0.028125 0.03206835391920819
4 0.7359375 0.41921140578071725 0.028125 0.021130853919208194
4 0.7609375 0.3997339800747543 0.0234375 0.03036946159934022
4 0.75859375 0.3107396762346883 0.01875 0.036483069279472244
4 0.7453125 0.2767511211409811 0.0265625 0.03202288981258565
4 0.825 0.08146370170322437 0.025 0.02260242570596289
4 0.7875 0.22083609026216872 0.015625 0.027017141066226814
4 0.78203125 0.2475577146353481 0.021875 0.028761497492717503
4 0.7953125 0.1799837697290553 0.025 0.016352425705962938
4 0.796875 0.17134455562243261 0.025 0.013227425705962892
4 0.803125 0.2383501991959419 0.0234375 0.01943196159934022
4 0.778125 0.3804838749019048 0.0171875 0.03331260517284953
4 0.7515625 0.5304755147144904 0.028125 0.02581835391920819
4 0.73359375 0.5966233519406512 0.0234375 0.03193196159934022
4 0.7484375 0.6172851929277356 0.0171875 0.01612510517284953
4 0.7609375 0.6028589800747544 0.025 0.024164925705962938
4 0.76640625 0.649574855701575 0.0203125 0.019341033386094962
4 0.73203125 0.6490125660472739 0.021875 0.02251149749271768
4 0.721875 0.6813393327403213 0.0109375 0.014380748746358663
4 0.7296875 0.7209557622072079 0.03125 0.030596782132453627
4 0.7109375 0.79962633148668 0.025 0.016352425705962938
4 0.74375 0.7885153352476039 0.025 0.01791492570596276
1 0.7875 0.6841173402621686 0.0203125 0.019341033386094962
4 0.7484375 0.6641601929277356 0.025 0.024164925705962757
4 0.7640625 0.4902680518615089 0.021875 0.02719899749271768
4 0.7109375 0.5152513314866801 0.0234375 0.01474446159934022
4 0.73828125 0.5019557096207832 0.0296875 0.02117631802583091
4 0.778125 0.4336088749019048 0.0109375 0.023755748746358663
4 0.80234375 0.4571229312492532 0.03125 0.024346782132453625
4 0.78671875 0.42789007231548004 0.0125 0.02536371285298138
4 0.80078125 0.3149808953558759 0.0203125 0.030278533386094875
4 0.83359375 0.2726198991167996 0.0234375 0.01786946159934022
4 0.80625 0.2718530209826965 0.0171875 0.02393760517284953
4 0.8453125 0.18946641831712951 0.0234375 0.016306961599340218
4 0.84453125 0.16214540037044087 0.028125 0.02113085391920828
4 0.81875 0.1644580581297151 0.0265625 0.019522889812585563
4 0.8203125 0.1847250940230924 0.03125 0.024346782132453625
4 0.8578125 0.07660270546414807 0.0265625 0.03514788981258556
4 0.86328125 0.13972483109096867 0.0171875 0.03018760517284953
4 0.87734375 0.14712815413136454 0.0109375 0.02844324874635875
4 0.87265625 0.1707020464512326 0.0234375 0.01943196159934022
4 0.8890625 0.19991217333169445 0.0265625 0.03202288981258561
4 0.8984375 0.15901438869195833 0.0234375 0.03036946159934022
4 0.9203125 0.12947164119924082 0.0203125 0.02871603338609483
4 0.91875 0.16154835530586348 0.025 0.03041492570596289
4 0.91015625 0.20007965789228824 0.0203125 0.019341033386094875
4 0.8828125 0.28290652975818514 0.015625 0.03482964106622681
4 0.85703125 0.3117816875174594 0.0171875 0.03018760517284953
4 0.87109375 0.25746626055785526 0.025 0.025727425705962936
4 0.821875 0.9495233799164697 0.025 0.01947742570596276
4 0.78984375 0.8715491441022347 0.0265625 0.016397889812585477
4 0.82265625 0.8791881478631585 0.0296875 0.022738818025830908
4 0.75390625 0.8569698185545562 0.0234375 0.017869461599340043
4 0.69609375 0.8641207404995956 0.025 0.028852425705962758
4 0.72109375 0.8954245647936327 0.01875 0.027108069279472246
4 0.69921875 0.9562173122863502 0.028125 0.021130853919208194
4 0.7125 0.8370808673800575 0.025 0.02572742570596276
4 0.77890625 0.8156173928485935 0.021875 0.027198997492717324
4 0.8109375 0.7318728786628286 0.0234375 0.016306961599340218
4 0.828125 0.711060273489979 0.0265625 0.03358538981258565
4 0.83046875 0.685992077330045 0.025 0.02260242570596276
4 0.81796875 0.6605745401830264 0.0265625 0.022647889812585476
4 0.8359375 0.6522392029568655 0.0171875 0.02237510517284953
4 0.82109375 0.609702361969781 0.0171875 0.01768760517284953
4 0.8375 0.566256238850243 0.0171875 0.03331260517284953
4 0.8453125 0.5949351683171296 0.0328125 0.022829746239076344
4 0.80546875 0.584375753036008 0.0203125 0.030278533386094965
4 0.8515625 0.5111595618906388 0.0171875 0.03800010517284953
4 0.85546875 0.4680771516240821 0.0234375 0.03193196159934022
4 0.87109375 0.4387162605578553 0.015625 0.031704641066226814
4 0.846875 0.3933272042105068 0.025 0.028852425705962935
4 0.875 0.3940713502912986 0.015625 0.022329641066226813
4 0.89140625 0.37562522717176045 0.03125 0.030596782132453627
4 0.871875 0.715256028504544 0.025 0.03197742570596276
4 0.86875 0.6637844567177893 0.0171875 0.03800010517284953
4 0.903125 0.5635654963720903 0.0265625 0.019522889812585476
4 0.91015625 0.40554840789228824 0.03125 0.035284282132453625
4 0.88828125 0.5413411553850057 0.025 0.02260242570596276
4 0.896875 0.526247352798581 0.040625 0.02618206677218975
4 0.9046875 0.31586378226546763 0.01875 0.027108069279472246