2 0.6227758347840815 0.7156488103773542 0.05996150496239867 0.08230738585581072
7 0.14039136621561293 0.8184525552100677 0.05269266046291672 0.06014128742738763
2 0.33361709719007837 0.5025301104201355 0.053638730355292895 0.08045378742738744
2 0.3729386164205007 0.4315476763835703 0.0604323858558109 0.05894266046291676
5 0.2272665514905233 0.36525908870851376 0.04742296360606986 0.04742296360606986
5 0.20316546381546682 0.5128960680303493 0.02249573821317572 0.04782106989237604
7 0.4656226143535861 0.626903025845451 0.022131865177646405 0.04000856989237604
7 0.2658152053384114 0.7311238372607717 0.040517992142117085 0.0330693651776464
7 0.707880850704735 0.3845122803935649 0.024456344499482086 0.02296661910658786
7 0.6578508097626908 0.5677400033052598 0.02162244292790554 0.029071069892376046
7 0.5755369617485522 0.7212780721641785 0.02035104135632899 0.03524829528527036
7 0.6572321098054722 0.8667960874656595 0.020132717535011224 0.030560795285270358
4 0.36841582051605787 0.6967552994190995 0.034049668320799586 0.02809076674922295
4 0.27902583478408155 0.6996383968140656 0.034704639784752266 0.04215326674922295
4 0.31756179590895206 0.6959526246881591 0.02830909057054054 0.0387371683207995
7 0.5184223984712046 0.31696725371954443 0.03001713978475227 0.04193494292790545
4 0.3789938713828994 0.35196933829422894 0.017226041356328815 0.035102746071058635
4 0.5263033649727588 0.38310167596928546 0.04782106989237604 0.02249573821317572
4 0.48236281224389027 0.5196363353987449 0.044006865177646404 0.04102741439185813
4 0.513278864353586 0.6291226513621796 0.02696491439185813 0.043351893713693815
7 0.4222129086053991 0.7016097733642516 0.04829625889134022 0.06617296360606986
2 0.783051901161801 0.8382066687305751 0.056035984284234175 0.06497433664159899
2 0.7262197043049541 0.8480867828747642 0.06006851282028158 0.05113016046291676
2 0.8398177855698699 0.7288894807650684 0.05999573821317554 0.04956766046291676
2 0.8248263323028822 0.7649896466046686 0.043172111248705035 0.056579639784752264
2 0.8500981600531411 0.7771279276219153 0.040119885855811076 0.05799659057054054
7 0.413009306452922 0.29404983043634614 0.03241439371369381 0.026455492142117176
4 0.1460656315170939 0.7302440798171735 0.042153266749223 0.034704639784752446
4 0.18422275703382254 0.6842616457806083 0.03467040653397531 0.07489299214211709
4 0.20884380562886168 0.9289042117440431 0.035141287427387445 0.05152826674922295
4 0.18708012159229642 0.8918750926374551 0.022131865177646405 0.04000856989237604
4 0.428638382964836 0.7989941956139927 0.03485018899896399 0.04527826674922295
7 0.5456952963232368 0.8576864530575907 0.03546661910658777 0.025038541356328638
7 0.7131610862318236 0.7754476495001528 0.06065070967712849 0.06363016046291677
7 0.6859759255595099 0.28327511207276534 0.023621590570540717 0.038518844499481994
4 0.4449249323839354 0.3988850337033338 0.0293621683207995 0.02787244292790545
4 0.2624548806885244 0.43344831658260724 0.0346318651776464 0.04059076674922295
2 0.3821981081483331 0.24955281368712315 0.029726041356328815 0.03568494292790545
4 0.3920031778358215 0.6273888693114756 0.03902826674922295 0.03455909057054054
7 0.629520410258029 0.3691184127347191 0.04662244292790554 0.030235463606069858
2 0.3732188287882255 0.8794051335794993 0.05567211124870504 0.057161836641599
2 0.4566991087720148 0.9529753742738745 0.06304796360606986 0.04815070967712813
2 0.640693119111097 0.9529326406088126 0.07671235731976367 0.07373290653397539
2 0.956485324649887 0.3420680310127374 0.05894266046291676 0.0604323858558109
4 0.3330820579006641 0.3459162373846062 0.03434076674922295 0.03434076674922295
4 0.6334715479758666 0.5196278349844601 0.04840326674922295 0.03499573821317572
4 0.6661748860652079 0.5234998517336831 0.036194365177646404 0.04066354135632881
4 0.6847600661728317 0.5447220343225063 0.03677656203449331 0.053163541356328815
4 0.7074483953708327 0.612329065339753 0.03612159057054072 0.03910104135632882
4 0.7468598058337494 0.5562267686067406 0.040299668320799495 0.028381865177646404
4 0.7852331011190198 0.5392233591772813 0.03910104135632882 0.03612159057054054
4 0.8034566780407093 0.2488166829985988 0.05926799214211727 0.03394266046291676
4 0.6481698645584739 0.23766935959156593 0.06413958271265763 0.07158820967712849
4 0.5153594028144308 0.483591827540862 0.05316354135632899 0.03677656203449331
4 0.551699317206289 0.4430053688971908 0.028381865177646404 0.040299668320799495
7 0.5224013072814916 0.6013615243977088 0.027581344499482085 0.023112168320799497
7 0.5021380031048811 0.6834098910230975 0.022131865177646405 0.04000856989237604
4 0.49484773387445874 0.7558842045053328 0.050547963606069855 0.047568512820281586
4 0.6289165570766038 0.9958969667064418 0.024529119106587772 0.008206066587116468
7 0.5160741087720149 0.9557408093438969 0.015517992142117265 0.03190497146395259
4 0.2618853765546952 0.8154988372607717 0.037538541356328815 0.03604881596343468
4 0.11137164619940228 0.8867830241928211 0.04397263192686944 0.07376713978475209
2 0.20179567059711118 0.3405844203877142 0.0604323858558109 0.05894266046291676
2 0.2640388054194648 0.3826306792790543 0.0682448858558109 0.05930653349844608
4 0.2696252177444083 0.5316503761359013 0.043390435070022625 0.06126713978475244
4 0.1697129549241267 0.5755394631917851 0.022059090570540542 0.03844606989237605
7 0.4127032454518861 0.25019066852568733 0.0401198858558109 0.05799659057054054
7 0.3900513035574379 0.1818023875084407 0.031943512820281586 0.04982021753501131
4 0.3072431116629898 0.11061228411761856 0.03321491439185813 0.04364299214211718
4 0.5347259487188737 0.21907556327283836 0.033360463606069854 0.046767992142117173
4 0.5542892779168748 0.2865370450758733 0.03833906203449331 0.05323631596343468
4 0.609173677007252 0.33528706823523713 0.03030823821317572 0.04818494292790536
3 0.6961215210924492 0.1663059358940829 0.06646406203449332 0.05454625889134013
3 0.5324956687350844 0.14928960214796788 0.05589043507002263 0.061849336641599174
7 0.7634074127392283 0.33542411703516406 0.03255994292790554 0.02958049214211709
7 0.8660101819696507 0.267389054586386 0.024529119106587772 0.02452911910658786
4 0.8465880938803096 0.2641356219975628 0.030599336641598994 0.054434942927905364
7 0.7591673306457432 0.1574981701783172 0.034704639784752266 0.042153266749223
7 0.884507509100737 0.5258394094249501 0.029580492142117266 0.03255994292790554
4 0.8481119367271617 0.5844310053721743 0.046442660462916764 0.059850188998963993
4 0.8197471881749039 0.6386989743549277 0.03285104135632864 0.03583049214211727
7 0.6838223808979214 0.9909205223307943 0.025256865177646404 0.018158955338411432
1 0.7671464572004383 0.961171133784387 0.04371576674922295 0.03477741439185813
4 0.32820173532220076 0.8037116207592178 0.030706344499481997 0.023257717535011223