0 0.5179356713876339 0.40895935754518664 0.10272610534690844 0.10177278003177222
6 0.5719408240372256 0.28414631817792374 0.08364884134309047 0.07332049756436802
4 0.6108038767106798 0.33481451988220706 0.04556703866963616 0.022665932629559828
6 0.19204642807126943 0.5282455511350905 0.11971361067790856 0.08488528896022593
2 0.5047833327498144 0.6211866221556833 0.08219542934436319 0.08266822402541774
1 0.2880476293761799 0.3205887840889619 0.03470226400381797 0.028725017856907443
1 0.3075788793761799 0.32092970332584114 0.028379538669636162 0.022365923701106107
1 0.34079136871417964 0.35587744764379825 0.033212489337999786 0.03494774431795715
1 0.35231012404517975 0.33889449918592585 0.033048857336090795 0.02088524431795715
1 0.22113284937936148 0.34285352191409724 0.023764764003817974 0.02853410308425506
1 0.47681977538190684 0.36606274553247786 0.031613626670908876 0.031795470779006865
1 0.4592595580442252 0.3337314866040241 0.036282945337363516 0.03031479139585782
2 0.7102049873885884 0.4193452528360785 0.05666817067154532 0.03691934740221221
2 0.4590493780235444 0.18141501014297445 0.048910214672181596 0.04147047970746054
7 0.061485676718633975 0.38380798417168743 0.02242044000636334 0.04725682954530477
2 0.5390288740451797 0.34215368709049143 0.026944308004454243 0.033276150162155814
1 0.5471868193825432 0.37197755478524314 0.02067612667090888 0.03160455600635448
4 0.390064662714816 0.36142406412073397 0.04563976400381797 0.028915932629559826
2 0.627991924053134 0.4022883920411857 0.030014764003817973 0.028643197240056394
1 0.469535628739633 0.5455866042987758 0.0913340720082724 0.06251936525911965
2 0.6729964360677696 0.5108645511317953 0.025290901336727244 0.02543637662320535
2 0.7637123427354968 0.5202589163909149 0.02986931333545435 0.016143197240056396
2 0.45173850672340643 0.4257689821397973 0.031577264003817974 0.028670470779006862
3 0.4619514900938594 0.6993292130650738 0.025490896005727137 0.04262387662320553
1 0.4843168387571322 0.6747246793798537 0.02369203866963616 0.022284103084255057
1 0.4999156614417222 0.8070013912304068 0.022129538669636163 0.02225682954530477
4 0.2963344860757238 0.5628717414752881 0.019022720003181705 0.02376478246740419
1 0.7907811833624987 0.22860325040044654 0.028415901336727244 0.025490923701106106
2 0.38551242803149854 0.23871326704283327 0.04118862133990877 0.04914661201270878
3 0.17973623738858838 0.41008588636243803 0.027144302673454225 0.050463650162155815
4 0.2686929334420404 0.8053086574657564 0.03637385200509069 0.03812729139585791
4 0.4046560634149962 0.6085036156628616 0.022165901336727068 0.025381829545304768
4 0.10873284671386148 0.3494835771096728 0.03299431333545444 0.016197744317957154
4 0.16007717071131614 0.331633603895034 0.02986931333545444 0.016143197240056483
1 0.24811297270845262 0.3120808088457282 0.018986357336090796 0.02063978246740401
4 0.32631124538508854 0.38686834902377 0.012681813335454439 0.015843188311602675
4 0.6033833700668151 0.5026196286485051 0.03295795066836362 0.013072744317957153
2 0.7543640673933609 0.45526516192668803 0.022093176002545435 0.01913182954530477