4 0.5897916768420789 0.4296258693941324 0.03700203301668683 0.02114895459715278
4 0.4466735198992454 0.5425590144363893 0.026801517412854636 0.034956881458888846
4 0.4364973377416412 0.631276022320174 0.03715916327441171 0.053925087005972296
7 0.39096243046012347 0.5217548987450698 0.03346095318850324 0.04291485182361114
7 0.3722909955889859 0.5377065538553127 0.03165279172311406 0.03819098423243048
4 0.830853768090223 0.503122493253577 0.040618355947465545 0.03059668977951393
4 0.5928580438708206 0.3243571411456255 0.03009029172311415 0.03815461664124999
3 0.5948089682265086 0.2424713615103477 0.03732293758467105 0.05705008700597229
2 0.9259471828349726 0.3820488866803132 0.07210737336031983 0.06566267401194459
4 0.7177406936891065 0.6674733211414936 0.033297178878243724 0.039789851823611146
4 0.6752013116223594 0.5853323151575699 0.02343085594746519 0.03019664627652787
4 0.673953072137809 0.6508482123840282 0.02655585594746519 0.030269381458888845
4 0.6522009028705036 0.6526828161075005 0.03642217887824373 0.0398625870059723
4 0.5092675316578903 0.8584756083762157 0.06915279172311414 0.03906380642076392
4 0.2790090643358929 0.6486784618153474 0.07596935775648764 0.07979790919430556
2 0.292263738125754 0.76759211597566 0.0871458751693421 0.11439111474138883
2 0.33616090230467677 0.8458632395507643 0.07868492198083885 0.07205814437666688
3 0.3692323518751354 0.7920121941479169 0.05820864767057934 0.0684603656913195
2 0.29474468622587463 0.8893761969977085 0.08386374491161738 0.08154224715020816
4 0.39335260458866894 0.8651412228332642 0.034941566033373575 0.04138871941479181
2 0.4916805619610437 0.8057863662600004 0.06026247060135788 0.0778717332825
4 0.3636396918800842 0.6108531131258683 0.02203213025772479 0.03328527868534721
2 0.1208679364530173 0.4600672906531945 0.07489818068726609 0.08913654160312508
7 0.442706478403274 0.07975054312173649 0.06125176051544958 0.0669706008736806
2 0.5414615609449909 0.1327683999793407 0.05614818068726599 0.08870013050895835
2 0.645734060379164 0.33573170545017417 0.04924972749876275 0.046403527735416714
2 0.6671896585247131 0.37290505033993104 0.04382524310259513 0.03223192496187508
2 0.7048534328349727 0.3769028725282645 0.04349105042954129 0.0556330573706945
4 0.7645426933504222 0.4438371058107645 0.048997421980838854 0.07136716014423605
4 0.7728808158062309 0.4838263261754868 0.04382524310259513 0.03223192496187508
4 0.694307679216928 0.2799005859591325 0.017426517412854635 0.03473867591180557
4 0.7203500373120999 0.5832619753018061 0.05541784034363317 0.044986498100139015
4 0.7554763890756938 0.7175103419430562 0.03642217887824373 0.0398625870059723
4 0.7028803335577697 0.741255660047327 0.030008404567984214 0.03659211664124999
4 0.5758541660994867 0.7890183999793408 0.034859678878243726 0.03982621941479181
4 0.5576463986866321 0.7542615402719448 0.042256099050060315 0.06184668977951393
2 0.7135832174335391 0.8710340790252783 0.09060506784239593 0.09106271751493082
4 0.5669616864530174 0.47045023793524354 0.027538501809022266 0.049019381458888844
2 0.5195820754171694 0.5192864750174657 0.03650406603337366 0.04142508700597229
7 0.5766819244672297 0.5814786569131949 0.034859678878243726 0.03982621941479181
2 0.6258187873120999 0.5810617360353825 0.07062676051544958 0.06718880642076393
4 0.691252357529345 0.519380660047327 0.048669873360319825 0.06511716014423605
2 0.815873899252459 0.5597355159550006 0.07538950361804453 0.09851154160312507
4 0.9209022359780474 0.5091198797464591 0.026883404567984215 0.03651938145888885
4 0.6270239246943723 0.15738849990309078 0.032307888964152195 0.05069098423243057
2 0.8574494883528967 0.35548508025954934 0.04439845318850324 0.04316942496187508
2 0.6863579811168075 0.15798921836795196 0.041355340343633175 0.04465918977951393
4 0.36738000904511153 0.25044294319798643 0.028282130257724792 0.03343074905006951
2 0.501404206240721 0.35109951947038237 0.0561548247398008 0.05904899810013893
2 0.31875323778706977 0.5434831219595836 0.08534435775648763 0.080016114741389
2 0.2252754754625979 0.4273840368534724 0.07884869629109836 0.0751831443766667
2 0.24987932779201855 0.3608511534947224 0.07588747060135788 0.07823540919430556
2 0.36127052917149954 0.35720143626413225 0.04143722749876275 0.04622168977951393
2 0.37622714382539213 0.40436737699357667 0.04908595318850324 0.04327852773541672
2 0.3746956213241549 0.44958895801562526 0.044480340343633 0.04473192496187508
2 0.45354323835289667 0.34608405793937536 0.028773453188503238 0.04280574905006951
2 0.513758121324155 0.45282567363069487 0.03009029172311415 0.03815461664124999