2 0.18046875 0.16047853806045223 0.0453125 0.03778384288963732
2 0.1015625 0.13538835475263544 0.0265625 0.04639483893530465
2 0.134375 0.18516286167271767 0.028125 0.023021005931499073
2 0.37421875 0.26134199558855675 0.053125 0.0224771778706093
2 0.32109375 0.26386481771794745 0.01875 0.021076503954332713
2 0.1625 0.42693386760421675 0.025 0.029143671939110403
2 0.1078125 0.301268022737413 0.0265625 0.038582338935304605
2 0.46171875 0.1922510973754427 0.028125 0.023021005931499073
7 0.44609375 0.3806769274134988 0.04375 0.018970175893442943
2 0.0859375 0.3691266847906915 0.028125 0.013646005931498983
2 0.0109375 0.40357066897336075 0.021875 0.025891337946721472
2 0.01484375 0.3552923364638467 0.0296875 0.02933467292769345
2 0.25625 0.3237226373758802 0.03125 0.023148339923887828
3 0.52890625 0.44733252821180153 0.0375 0.03434050790866543
2 0.4828125 0.4884231018240669 0.0578125 0.030480678859192523
2 0.5046875 0.5143144397707884 0.028125 0.01989600593149916
2 0.5984375 0.49469695954245196 0.025 0.02758117193911023
2 0.27578125 0.6596747248283101 0.0296875 0.04495967292769336
2 0.2890625 0.6258408942959625 0.025 0.029143671939110227
2 0.2578125 0.6097238043720746 0.0375 0.02965300790866543
2 0.065625 0.6776740138401645 0.034375 0.023275673916276673
2 0.025 0.7088311719391103 0.028125 0.02458350593149916
2 0.50078125 0.8039990222803024 0.025 0.03226867193911005
2 0.45390625 0.7747452623944706 0.03125 0.023148339923887918
2 0.39765625 0.7224532505314726 0.021875 0.02276633794672147
3 0.378125 0.7247824130790427 0.03125 0.038773339923887915
2 0.61328125 0.6851455460062986 0.0375 0.04527800790866543
2 0.69921875 0.7956784807969901 0.04375 0.026782675893442943
2 0.7125 0.7782509002646425 0.0609375 0.03373301285158128
1 0.37421875 0.23790449558855675 0.028125 0.015208505931498983
2 0.1484375 0.6740171146384671 0.071875 0.0388661818249421
2 0.10234375 0.6447951882507327 0.0375 0.02965300790866543
2 0.0484375 0.639473676882026 0.0296875 0.01683467292769336
2 0.0625 0.6306716798477756 0.0140625 0.02244800296574958
2 0.2421875 0.6864308844101307 0.021875 0.013391337946721472
2 0.14921875 0.7490489481365644 0.025 0.019768671939110406
2 0.540625 0.7704662806832594 0.034375 0.020150673916276673
2 0.6234375 0.7847781314815622 0.03125 0.04189833992388792
2 0.58203125 0.7682472060824108 0.025 0.018206171939110227
2 0.56171875 0.7596070351318838 0.0125 0.020821835969555023
2 0.01953125 0.84688958745243 0.0265625 0.03233233893530496
3 0.10546875 0.8011725222431215 0.0203125 0.03520267095052709
2 0.0125 0.891134335969555 0.009375 0.026944501977166625
2 0.15546875 0.9981456813306504 0.0328125 0.0037086373386991055
2 0.05390625 0.9883913379467215 0.0203125 0.02321732410655706
2 0.4296875 0.9581334239534577 0.0375 0.02652800790866543
2 0.42578125 0.9157867564629718 0.021875 0.02276633794672165
2 0.559375 0.8985740346375921 0.021875 0.013391337946721649
2 0.68515625 0.9310429778312408 0.01875 0.022639003954332538
2 0.634375 0.9461613004549229 0.01875 0.01951400395433254
3 0.7875 0.28130691608197333 0.040625 0.03290534190105419
2 0.5375 0.034401446690870675 0.015625 0.022511669961943915
2 0.6578125 0.04946005539783882 0.025 0.01976867193911027
2 0.56328125 0.13935820212807812 0.03125 0.02939833992388783
2 0.375 0.18949882908665394 0.021875 0.01964133794672147
2 0.0484375 0.2754111768820261 0.0421875 0.037656508897248565
3 0.41875 0.4194065049800969 0.021875 0.03839133794672147
2 0.45234375 0.42780659539827626 0.0328125 0.013837006920082117
2 0.559375 0.4657615346375922 0.01875 0.016389003954332716
1 0.4109375 0.455806919999125 0.03125 0.02002333992388792
1 0.3484375 0.4891977401513493 0.0296875 0.015272172927693362
2 0.446875 0.8127400109115961 0.0390625 0.031279174904859985
2 0.54609375 0.39022036516993985 0.0375 0.02496550790866543
2 0.2140625 0.3610661284786317 0.05625 0.022604511862998146
7 0.59296875 0.39603662505577153 0.034375 0.017025673916276674