2 0.875243760095637 0.5347210392314923 0.07969952335696533 0.1095945119678472
2 0.6896462070469938 0.23221755433347163 0.07838106426490725 0.06428201196784729
4 0.9269914988793728 0.9027975855842701 0.01961381802583091 0.030123911094166546
4 0.9113581386919585 0.8766169452916659 0.025909282132453627 0.03183188145888884
4 0.9101760719197685 0.9172419452916658 0.030323997492717324 0.022565984232430482
4 0.9143527580505729 0.8273618277004854 0.030323997492717324 0.022565984232430482
4 0.887540205464148 0.8365738267505549 0.02411946159934004 0.023983013867708534
4 0.9485542618114966 0.8593560568989229 0.024210389812585477 0.027108013867708537
4 0.9397164709035544 0.8142799462415965 0.02706260517284953 0.017805749050069153
4 0.9195092709826966 0.784302158722534 0.02411946159934004 0.023983013867708357
4 0.8814864337565357 0.8031437309108673 0.02407399749271768 0.02242051386770818
4 0.9543245401830264 0.7952026379209715 0.025454641066226812 0.016206881458888843
4 0.9702677889293853 0.7839014620091659 0.013181961599340042 0.0237284407294446
4 0.961702782661179 0.7294503513518394 0.027017141066226814 0.01624324905006951
4 0.9684301557807171 0.7128986309871171 0.02090353338609461 0.020785278685347207
4 0.9646064738065482 0.6833202337606589 0.02586381802583091 0.030269381458888845
4 0.9716210034317193 0.6300679471915269 0.019295569279472246 0.019186411094166723
4 0.9461208982588698 0.6478373286504159 0.027153533386094608 0.02093074905006951
4 0.9098424174591997 0.6603925332475686 0.03041492570596276 0.02569098423243048
4 0.9077630919115214 0.6245277684299297 0.030233069279472245 0.01944098423243048
4 0.9142033085254265 0.6446766142696173 0.025772889812585475 0.027144381458888846
4 0.8607624082879998 0.7372648109829854 0.030323997492717324 0.022565984232430482
4 0.9509364303913234 0.6164964096724644 0.03050585391920819 0.028815984232430657
4 0.9438740881505977 0.5908969976283672 0.02706260517284953 0.017805749050069507
4 0.9340360868969565 0.5801958869710409 0.03657399749271732 0.02271145459715278
4 0.9118655702039089 0.5908612832475686 0.021085389812585474 0.02703527868534721
4 0.9659225843896738 0.5575935351474297 0.028852425705962758 0.025654616641249996
4 0.9606273306287502 0.5249265055121519 0.02554556927947189 0.019331881458888846
4 0.9669598986545811 0.49511171894302 0.03023306927947189 0.01944098423243048
4 0.9281845551602143 0.4593203425181242 0.030233069279472245 0.01944098423243066
4 0.9496503782006102 0.4728736962415964 0.027153533386094608 0.02093074905006951
4 0.907024957509212 0.5425692536122909 0.03179556927947189 0.019477351823611145
4 0.9345171231860452 0.42950555594899226 0.022738818025830908 0.03019664627652787
4 0.9237220271843956 0.3712027466784368 0.027153533386094608 0.02093074905006951
4 0.9541967888628783 0.3166236962415964 0.02706260517284953 0.017805749050069507
4 0.9518877942731546 0.20815723281072834 0.025772889812585475 0.027144381458888932
4 0.9289360275801071 0.21884081288284643 0.026971676959604098 0.014680749050069507
4 0.9095017174718351 0.16230052536378398 0.02724446159934004 0.02405574905006951
4 0.9502691214701855 0.10279758558427003 0.028534176959604095 0.014717116641250038
4 0.9028772959225073 0.0679874809108673 0.022738818025830908 0.030196646276527784
4 0.8614423021907133 0.1236023544859715 0.02871603338609461 0.020967116641249995
4 0.8813850776592493 0.18949945820944372 0.025318248746358664 0.011519381458888932
4 0.91454222162847 0.0427329077726034 0.027153533386094608 0.020930749050069464
4 0.8336135719197687 0.9190239572595132 0.027335389812585476 0.027180749050069508
4 0.8413495155724202 0.8946415530992006 0.022556961599340043 0.023946646276527872
4 0.8473243824237521 0.8234568841212493 0.023846676959604452 0.014608013867708537
4 0.8148816069552162 0.7578507211272215 0.036528533386094963 0.02114895459715278
4 0.8184097722363377 0.7975853683536798 0.02310253087881229 0.042696646276527875
4 0.822927439166812 0.6959865007624992 0.021085389812585474 0.02703527868534721
4 0.8167767275674718 0.7195512873316312 0.010102425705962759 0.02521820554708327
4 0.8587118264721152 0.6467489137565271 0.024028533386094963 0.020858013867708358
4 0.843033002178078 0.6221307734639229 0.021039925705962758 0.025472778685347208
4 0.843828624043975 0.5947870234639229 0.030142141066226813 0.016315984232430657
4 0.8341042830568904 0.5801796628065965 0.020721676959604095 0.014535278685347208
4 0.8246299946562307 0.5569785521492701 0.014653533386094963 0.020639808320624908
2 0.805175301003579 0.5816337132434368 0.02076714106622681 0.01609777868534721
4 0.798995845672445 0.6598496322213883 0.02862510517284953 0.017842116641249996
4 0.7945045739648326 0.6263831687905201 0.030142141066226813 0.01631598423243048
4 0.7522057622072079 0.7116855423656243 0.024119461599340218 0.023983013867708357
4 0.7582033611118513 0.639719623387673 0.025409176959604096 0.014644381458888845
4 0.7638599792168245 0.5794724544097216 0.030096676959604097 0.014753484232430659
4 0.7621216344688163 0.5318889395920827 0.024028533386094963 0.020858013867708358
4 0.7837609537482884 0.5126479771111452 0.030233069279472245 0.01944098423243048
4 0.7942869282797524 0.44604170535965204 0.029034282132453626 0.031904616641250175
4 0.7979742179340533 0.48030760258611044 0.030233069279472245 0.01944098423243066
4 0.7640765910535915 0.4647014395920827 0.035329746239076344 0.03361258700597212
4 0.7582956039857154 0.42189634375239515 0.030233069279472245 0.01944098423243048
4 0.8415854771052533 0.4035626114198257 0.018142246239076343 0.03321254350298606
4 0.8240055205204782 0.47111378733163123 0.030278533386094965 0.02100348423243048
4 0.8273722129194884 0.43590298594486043 0.02871603338609461 0.020967116641249995
4 0.8168127976383669 0.3963319928787146 0.024210389812585477 0.027108013867708357
4 0.862685238783736 0.34920176653006874 0.023937605172849173 0.01773301386770836
4 0.8321710246771132 0.35147343455808955 0.02586381802583091 0.030269381458888932
4 0.7834667517158597 0.3081059474758674 0.02706260517284953 0.017805749050069507
4 0.811697051795002 0.2770007646302076 0.027153533386094962 0.02093074905006951
4 0.8234983698208328 0.24705869149194376 0.02411946159934004 0.023983013867708357
4 0.9224072312618885 0.2822311656563881 0.03353992570596276 0.02576371941479172
4 0.8405471289920328 0.17093194937572848 0.025500105172849175 0.017769381458888935
4 0.8607663522698555 0.09316997207715205 0.022920674452321776 0.036446646276527786
4 0.8467409561890639 0.06539046419336733 0.016397889812585477 0.026926175911805572
4 0.8336248422407259 0.008040724212898963 0.03023306927947189 0.016081448425797926
4 0.8519118409870845 0.0015997943592010386 0.033267141066226816 0.003199588718402077
4 0.783786315122837 0.08247016784058961 0.03331260517284953 0.0179512194147917
4 0.783306593494367 0.018462219227360455 0.02706260517284953 0.017805749050069465
4 0.8001183572844205 0.13830194054201322 0.017778533386094964 0.020712543502986146
4 0.7915580480340783 0.24467922711114518 0.028716033386094963 0.020967116641249995
4 0.803609418646334 0.20614340397288125 0.02848871285298138 0.013154616641249995
4 0.7013696540648576 0.3927731946260758 0.03032399749271768 0.02256598423243057
4 0.7161666252976162 0.6086884821451383 0.02067621285298138 0.012972778685347209
4 0.7041055798373275 0.8353782687142702 0.02581835391920819 0.028706881458888844
5 0.695162488850243 0.8207527242613537 0.019977530878812287 0.04262391109416654
4 0.6850456912783831 0.8732964960128466 0.02393760517284953 0.017733013867708536
4 0.6582475105578552 0.8551829288585063 0.021085389812585474 0.02703527868534721
4 0.6509147321863253 0.9193727154276384 0.01805131802583091 0.03008754350298588
4 0.6421284170634882 0.8188642223614926 0.02563649749271768 0.022456881458888845
4 0.6640836365803873 0.7082715612673258 0.03005121285298138 0.01319098423243048
4 0.7069327146353481 0.76504758491868 0.02550010517284953 0.017769381458888844
4 0.6978568944979461 0.6208254594437147 0.02393760517284953 0.01773301386770836
4 0.6841126432443049 0.6102152677643397 0.02706260517284953 0.017805749050069507
4 0.7103629061764286 0.5666646363054507 0.01648881802583091 0.03005117591180557
4 0.7380931010827214 0.5527469534597911 0.014789925705962936 0.02532730832062491
4 0.7010226615867049 0.45836182703489514 0.025409176959604096 0.014644381458888845
4 0.7411224758516122 0.3949708210509716 0.02706260517284953 0.017805749050069507
4 0.7669408297708203 0.3662639395920827 0.026926212852981378 0.013118249050069508
4 0.6692043602539214 0.4786204288585064 0.028534176959604095 0.014717116641249995
4 0.6502701553184987 0.40489264133944386 0.03206835391920819 0.028852351823611143
2 0.6562390104913483 0.387577854770312 0.019159176959604098 0.014498911094166723
4 0.6367221323572452 0.36070688345565916 0.03331260517284953 0.01795121941479172
4 0.7184338189502678 0.5844333645539577 0.03331260517284953 0.01795121941479163
4 0.6601726895625235 0.5475340830188189 0.030323997492717504 0.022565984232430482
4 0.6840922596999255 0.6914107163775689 0.017960389812585475 0.026962543502986058
4 0.6734837171426306 0.7876863043334716 0.01805131802583091 0.030087543502986057
4 0.6511517275674719 0.7234062519967702 0.02724446159934022 0.02405574905006951
4 0.6164130147144904 0.7367063390027425 0.03197742570596276 0.025727351823611144
4 0.6142080055432902 0.8124875890027425 0.030460389812585476 0.02725348423243048
4 0.5978412079714305 0.8651768311189578 0.028534176959604095 0.014717116641249816
4 0.5847394658889893 0.7788217570307634 0.031841033386094786 0.021039851823611143
4 0.5634471390876697 0.7324740871028814 0.026971676959604098 0.014680749050069507
4 0.5582020464512325 0.8590729546940621 0.03041492570596276 0.02569098423243048
4 0.6256469253767585 0.5803472362292009 0.030142141066226813 0.01631598423243048
4 0.66976063822974 0.5668289436761452 0.03179556927947225 0.019477351823611145
4 0.5923714241231173 0.5701916394395828 0.028897889812585474 0.02721711664125017
2 0.586081971694977 0.5180297273954857 0.013091033386094963 0.0206034407294446
4 0.6084116127612039 0.5018955811189578 0.020721676959604095 0.014535278685347208
4 0.5697643013992906 0.43487238848965226 0.021130853919208194 0.028597778685347207
4 0.6168582617449895 0.39942454454982584 0.02706260517284953 0.01780574905006942
4 0.5737076553184988 0.40667465330729125 0.017914925705962936 0.025400043502986237
4 0.5486992951310843 0.38071221856177034 0.024073997492717502 0.02242051386770836
4 0.5328924387045937 0.3873258944735759 0.01474446159934022 0.023764808320624997
4 0.5662277759307545 0.36859342505878423 0.02269335391920819 0.028634146276527783
4 0.6151881131569154 0.34949727973218697 0.030142141066226813 0.01631598423243057
4 0.6008073644105565 0.360762088052812 0.023846676959604095 0.014608013867708358
4 0.6259808606496329 0.3273858903895134 0.02724446159934022 0.02405574905006951
4 0.5883588401956616 0.305620646373437 0.030142141066226813 0.01631598423243057
4 0.5737912571926429 0.6721178153513885 0.027153533386094962 0.02093074905006951
4 0.5394272467012946 0.27006565929121484 0.014835389812585476 0.026889808320624996
4 0.559134341449303 0.3172309468102773 0.02393760517284953 0.01773301386770836
4 0.5210947838483133 0.28298388658979123 0.028670569279472247 0.019404616641249994
4 0.5714788802456742 0.18812467505878422 0.02568196159934022 0.024019381458888888
4 0.7346153777383917 0.16246744557600631 0.020948997492717503 0.022347778685347208
4 0.7307916957642225 0.132889048349548 0.027153533386094962 0.020930749050069464
4 0.7760156160599092 0.215373586818541 0.030323997492717504 0.02256598423243057
4 0.6977435150436948 0.11492095155992996 0.01975021034569906 0.034811411094166675
4 0.7163427508579299 0.146497606670173 0.019659282132453625 0.03168641109416672
4 0.7055727354185237 0.1678277460128466 0.020903533386094963 0.020785278685347252
4 0.6954308572844206 0.14073856915111055 0.01786946159934022 0.02383754350298615
4 0.6646749507787876 0.1781483033835411 0.026926212852981378 0.013118249050069464
4 0.6707347341648824 0.15770851681440917 0.024028533386094963 0.020858013867708358
4 0.67639971245727 0.1240056640408675 0.033267141066226816 0.016388719414791718
4 0.6858261882423753 0.06835507608496469 0.03193196159934022 0.024164851823611146
4 0.6170079920824412 0.0722990000969092 0.0334489974927175 0.022638719414791696
4 0.591309310108272 0.04322974914697867 0.025318248746358664 0.011519381458888912
4 0.5897264265638927 0.12446156535138839 0.030233069279472245 0.01944098423243057
4 0.6302544866721649 0.18051089038951335 0.026926212852981378 0.013118249050069464
4 0.5979420918450143 0.16408710980430502 0.02550010517284953 0.017769381458888935
4 0.5394005706661273 0.9149417481970481 0.022420569279472245 0.01925914627652787
4 0.5158925259972615 0.8374168134515273 0.023892141066226814 0.016170513867708534
4 0.5574124362638182 0.8325468222852426 0.019068248746358662 0.011373911094166545
4 0.5467082684754141 0.771119013014687 0.021085389812585474 0.02703527868534721
4 0.5490951340731048 0.689087763014687 0.013409282132453626 0.031540940729444425
4 0.5278111674591996 0.6692844092912148 0.022329641066226813 0.016134146276527872
4 0.5109957404995955 0.6837287689986107 0.011346676959604096 0.014317073138263936
4 0.4997854558598595 0.6933583421368745 0.02706260517284953 0.017805749050069507
4 0.5113510931651626 0.6446844527942008 0.026971676959604098 0.014680749050069507
4 0.4811551278048986 0.6360186208222218 0.03188649749271768 0.022602351823611144
4 0.5403399111909936 0.6143423361529509 0.027108069279472246 0.019368249050069508
4 0.5180246419906636 0.603150916225069 0.02586381802583091 0.030269381458888845
4 0.49171219457708837 0.5951754152751384 0.02724446159934022 0.02405574905006951
4 0.5350734011618636 0.5270241741088537 0.02568196159934022 0.024019381458888843
4 0.544047584389674 0.5674127847661801 0.021039925705962758 0.025472778685347208
4 0.5517440756141854 0.4907229981970481 0.03041492570596276 0.02569098423243048
4 0.4969572872135256 0.46857654768395796 0.026971676959604098 0.014680749050069507
4 0.46646580516021424 0.47006696571197876 0.030278533386094965 0.02100348423243048
4 0.4468065230277606 0.5017533768061455 0.03179556927947225 0.019477351823611145
4 0.42970393956252345 0.552898302717951 0.03492056927947225 0.019550087005972116
4 0.4285399078257813 0.4319136554914927 0.03331260517284953 0.01795121941479163
4 0.4419946540648576 0.39881021476204825 0.03335806927947225 0.01951371941479163
4 0.4923500067304246 0.3586021356398607 0.03335806927947225 0.01951371941479163
4 0.4417051490502926 0.35509658235322883 0.027153533386094785 0.02093074905006951
4 0.4316481874509524 0.3787522879003121 0.026971676959604098 0.014680749050069507
4 0.4801144311827462 0.3229737601648954 0.0271989974927175 0.022493249050069507
4 0.4581174107287751 0.3008448402370135 0.02099446159934022 0.02391027868534721
4 0.4603618723281153 0.27737097264583294 0.030142141066226813 0.01631598423243057
4 0.49450119160758754 0.257839069435451 0.019841138558944493 0.03793641109416672
4 0.5122342608870596 0.23868902593246483 0.030460389812585476 0.02725348423243066
4 0.5085613430986555 0.17709756250159678 0.019704746239076344 0.03324891109416668
4 0.4651379520324287 0.19372267125906212 0.02586381802583091 0.030269381458888932
5 0.46045881221984325 0.2203760902370135 0.030460389812585476 0.02725348423243057
4 0.48932326128277115 0.08698170877812458 0.030278533386094965 0.02100348423243057
4 0.4792268472552907 0.05833003191638848 0.02550010517284953 0.01776938145888891
4 0.4619400588546309 0.03531075921496489 0.031841033386094966 0.021039851823611143
4 0.43032634600164943 0.048538111038576026 0.025909282132453627 0.03183188145888891
4 0.4639368163764782 0.1008448402370135 0.024028533386094963 0.020858013867708358
4 0.4126384600164946 0.5759364124253469 0.02393760517284953 0.01773301386770836
4 0.4222718727903338 0.5936687730826733 0.02586381802583091 0.030269381458888845
4 0.42495059191152135 0.6357653541047219 0.027153533386094962 0.02093074905006951
4 0.3862504901038841 0.8388728235195135 0.030233069279472245 0.01944098423243048
4 0.364117077330045 0.8214314035916317 0.024028533386094786 0.020858013867708535
4 0.3839271236482636 0.7577319262930552 0.02880696159934022 0.024092116641249994
4 0.40386153892938526 0.7970847138121178 0.03050585391920819 0.02881598423243048
4 0.39041881604727385 0.7224483897239232 0.024119461599340218 0.023983013867708357
4 0.38436504433966157 0.6890182938842357 0.01657974623907634 0.03317617591180557
4 0.38519777012476675 0.6335677276798262 0.030460389812585566 0.02725348423243048
4 0.3798941561764286 0.5743563818401386 0.03335806927947216 0.019513719414791807
4 0.37663877553504305 0.5252467346136802 0.023892141066226814 0.016170513867708357
4 0.36513062569332766 0.46461835913871496 0.03179556927947225 0.019477351823611145
2 0.35560486150756265 0.496849630890208 0.023846676959604095 0.014608013867708358
4 0.3719943911327338 0.44337913877399276 0.027335389812585563 0.027180749050069508
4 0.3718329182506225 0.36843369016076355 0.024119461599340218 0.023983013867708357
4 0.382202116917839 0.3877103670224996 0.02081260517284953 0.017660278685347208
4 0.36053771707612353 0.32731838089020804 0.02393760517284953 0.01773301386770836
4 0.33213157224897305 0.31080368132704833 0.02857964106622681 0.016279616641249994
4 0.35427099670129475 0.27437521884611077 0.033267141066226816 0.01638871941479163
4 0.27221673383567796 0.7868765252668748 0.019659282132453625 0.03168641109416655
4 0.22875389034131102 0.7511942516155206 0.02880696159934022 0.024092116641249994
4 0.31512931103270897 0.6804804016917705 0.022738818025830908 0.03019664627652787
2 0.2614587417532368 0.7004668997919096 0.0350114974927175 0.022675087005972115
4 0.34094165327343473 0.7056434026417011 0.02099446159934022 0.02391027868534721
4 0.31502166244463475 0.6305167692829511 0.033267141066226816 0.01638871941479163
4 0.28529705852542653 0.6593145697197914 0.026926212852981468 0.013118249050069508
2 0.3156808919906636 0.6078605192829512 0.030414925705962936 0.025690984232430658
4 0.3221331319615338 0.5202696003049997 0.025772889812585565 0.027144381458888846
4 0.28847118580159975 0.5233952535153816 0.03335806927947216 0.019513719414791807
4 0.28699125382743074 0.4937623049021525 0.028943353919208194 0.028779616641250172
4 0.3367699449727998 0.4465411595755553 0.03335806927947216 0.019513719414791807
4 0.3093496386254514 0.4229770262168053 0.022829746239076344 0.03332164627652787
4 0.27437524505194205 0.41754529701836784 0.0365739974927175 0.02271145459715278
4 0.17761390531849877 0.4158938376715623 0.03197742570596294 0.025727351823611144
4 0.2171932308661771 0.4508857803008679 0.018142246239076343 0.03321254350298623
4 0.23147469121187614 0.4162016557758331 0.019704746239076344 0.03324891109416672
4 0.23759431057049057 0.36687380300229144 0.03331260517284953 0.01795121941479172
4 0.23218539654301013 0.33811302336701365 0.031886497492717505 0.022602351823611144
4 0.28290681057049055 0.3658191428580553 0.027017141066226814 0.01624324905006951
4 0.2561828376883793 0.2914919432948956 0.02862510517284953 0.017842116641249996
2 0.2873168289128906 0.21425664285805532 0.03206835391920828 0.028852351823611143
4 0.24882864192415663 0.1417647002287498 0.02710806927947216 0.019368249050069463
4 0.24198760853806175 0.162222670593472 0.020721676959604095 0.014535278685347253
4 0.21887436896290305 0.09796080205236093 0.030278533386094875 0.02100348423243057
4 0.22251018283209892 0.1876590816876387 0.02706260517284953 0.017805749050069465
4 0.24596806637647833 0.10591811920670118 0.02099446159934022 0.02391027868534725
4 0.28282320869634636 0.10037598081395811 0.03363085391920828 0.02888871941479172
4 0.29109636144105566 0.030699260449235866 0.03036946159934022 0.02412848423243058
4 0.3790737345605938 0.012256425343124681 0.026926212852981468 0.013118249050069466
4 0.2199905880840906 0.1400937506655901 0.02393760517284953 0.01773301386770836
4 0.20534776339434213 0.26769207380385396 0.02880696159934022 0.024092116641249994
4 0.17644151339434214 0.2683648742406943 0.030414925705962936 0.025690984232430568
4 0.16160377507282464 0.21484048394809013 0.03041492570596289 0.025690984232430568
4 0.16607832640560816 0.19521831497013875 0.028761497492717548 0.022529616641249993
4 0.17374212991646973 0.8172744997156596 0.027198997492717546 0.022493249050069507
4 0.2243726157307048 0.8481056192067011 0.030323997492717504 0.022565984232430482
4 0.1635009633817069 0.7667660066495138 0.02706260517284953 0.017805749050069507
4 0.1481858519406512 0.7296478663569095 0.03340353338609488 0.02107621941479181
4 0.12363917834625937 0.9293030274510763 0.02697167695960414 0.014680749050069507
4 0.12377322215719548 0.844201328837847 0.03648306927947216 0.019586454597152782
4 0.1264041286628285 0.8074462112466666 0.026971676959604098 0.014680749050069507
4 0.12157187615554603 0.7856984978157986 0.030551318025830953 0.030378484232430482
4 0.10915444418137699 0.7563201223408332 0.03340353338609488 0.021076219414791632
4 0.1373202112701358 0.5932746084731249 0.03193196159934022 0.024164851823611146
4 0.18320937279033375 0.5992330145332984 0.025909282132453627 0.03183188145888884
4 0.21089645209893576 0.6672920303008679 0.02081260517284953 0.017660278685347208
4 0.14516981518934408 0.5649859543128123 0.035284282132453625 0.03205008700597212
4 0.12958191910855232 0.5372428140202082 0.0334489974927175 0.02263871941479163
4 0.13256216660126988 0.5153132626334374 0.027153533386094875 0.02093074905006951
4 0.14373299881286578 0.453376307086354 0.03492056927947216 0.019550087005972293
4 0.11474418078703483 0.4837184237276041 0.02697167695960414 0.014680749050069507
4 0.14457408478538536 0.42447005708635405 0.02706260517284953 0.017805749050069507
4 0.11084394246551732 0.429939460296736 0.03482964106622681 0.016425087005972294
4 0.04422446298599546 0.9217827746012848 0.03363085391920826 0.02888871941479181
4 0.03550033234460991 0.8728004139439584 0.035011497492717536 0.022675087005972473
4 0.03458870170322437 0.8236362153307291 0.035147889812585584 0.027362587005972473
2 0.07068166290685317 0.951615091755625 0.0197047462390763 0.03324891109416654
4 0.07461195962078318 0.7360446431423957 0.02540917695960414 0.014644381458888845
4 0.0663735622863502 0.697200348689479 0.014926318025830953 0.03001480832062491
4 0.09235104057873784 0.6630247172305902 0.019522889812585563 0.026998911094166723
4 0.05766380351086157 0.620892421827743 0.02857964106622681 0.01627961664125017
4 0.027301668250622507 0.37645274401607637 0.0366649257059629 0.02583645459715278
4 0.02525944662215244 0.31248116299402773 0.03340353338609485 0.02107621941479172
4 0.07594976840890708 0.3144242162806597 0.028988818025830955 0.030342116641249993
4 0.1081688865138803 0.2535587982526388 0.03023306927947216 0.01944098423243057
4 0.0067009778966762345 0.24976361065732638 0.013401955793352469 0.025472778685347208
2 0.048496774347908826 0.9896060542365624 0.017687605172849497 0.01758754350298588
4 0.24357857145755019 0.6173459284772568 0.030414925705962936 0.02569098423243048
5 0.2383886177757688 0.5542283326375692 0.03648306927947216 0.019586454597152782
1 0.44317174300687806 0.7071675754193747 0.08077863855894432 0.03935474715020852
1 0.6042770083797773 0.21468652184840228 0.08890938730530315 0.050474085106111136