0 0.34296875 0.88828125 0.1484375 0.121875
2 0.1390625 0.82265625 0.13203125 0.11328125
2 0.39609375 0.978125 0.03984375 0.03359375
7 0.07890625 0.92109375 0.0359375 0.01796875
2 0.0546875 0.85 0.0578125 0.0140625
7 0.0578125 0.65390625 0.02890625 0.0203125
2 0.4671875 0.88125 0.04609375 0.071875
2 0.609375 0.696875 0.0703125 0.028125
2 0.17421875 0.634375 0.06328125 0.04609375
1 0.5984375 0.8734375 0.034375 0.02578125
4 0.11328125 0.31953125 0.028125 0.02421875
4 0.2359375 0.1140625 0.02578125 0.02421875
4 0.55 0.13046875 0.04296875 0.028125
2 0.70546875 0.1546875 0.06015625 0.03671875
2 0.46875 0.32890625 0.03046875 0.02109375
4 0.61015625 0.33359375 0.01484375 0.025
1 0.66484375 0.31484375 0.03046875 0.0140625
2 0.47578125 0.134375 0.06171875 0.02578125
4 0.1140625 0.26484375 0.0375 0.0203125
2 0.1921875 0.27734375 0.02578125 0.040625
2 0.18671875 0.30234375 0.021875 0.0140625
4 0.25859375 0.3265625 0.01875 0.0265625
4 0.3046875 0.3109375 0.015625 0.0296875
4 0.290625 0.19453125 0.05 0.01171875
2 0.52578125 0.25 0.02578125 0.02109375
4 0.61171875 0.2734375 0.02734375 0.01875
4 0.3484375 0.42734375 0.01640625 0.02734375
4 0.27109375 0.390625 0.01640625 0.025
1 0.3546875 0.3984375 0.0359375 0.015625
4 0.51875 0.50859375 0.0171875 0.02109375
4 0.425 0.45703125 0.02109375 0.01953125
4 0.26328125 0.51875 0.053125 0.01640625
2 0.32734375 0.51640625 0.02109375 0.0234375
4 0.26015625 0.4890625 0.01953125 0.0203125
4 0.2375 0.496875 0.025 0.0125
4 0.1578125 0.5671875 0.03203125 0.02109375
4 0.10859375 0.61640625 0.028125 0.01953125
4 0.15625 0.58828125 0.0171875 0.02421875
4 0.1375 0.48828125 0.0234375 0.02265625
4 0.37265625 0.7328125 0.0390625 0.01328125
4 0.35 0.7109375 0.034375 0.009375
4 0.39296875 0.65234375 0.021875 0.0265625
4 0.40546875 0.67265625 0.06328125 0.015625
4 0.45078125 0.66328125 0.02109375 0.03828125
4 0.40078125 0.52734375 0.04140625 0.01328125
2 0.2 0.4640625 0.02109375 0.02109375
4 0.11328125 0.40546875 0.046875 0.01640625
4 0.24453125 0.409375 0.02890625 0.01875
2 0.39140625 0.37734375 0.02890625 0.0328125
4 0.37734375 0.328125 0.025 0.0125
4 0.52265625 0.30703125 0.0296875 0.0203125
4 0.40546875 0.15703125 0.02421875 0.0140625
4 0.34609375 0.60390625 0.021875 0.01796875
2 0.35859375 0.61875 0.0296875 0.01171875
2 0.30859375 0.64609375 0.02265625 0.021875
2 0.41875 0.71796875 0.01640625 0.01484375
3 0.47265625 0.53828125 0.05625 0.01875
4 0.5578125 0.509375 0.01953125 0.021875
2 0.490625 0.3921875 0.03203125 0.01953125
4 0.65703125 0.4171875 0.0328125 0.03203125
4 0.44921875 0.60859375 0.01953125 0.03125
1 0.09921875 0.76171875 0.021875 0.025
4 0.3125 0.7484375 0.028125 0.0296875
4 0.375 0.8140625 0.03359375 0.02265625
4 0.3453125 0.81328125 0.02734375 0.01875
7 0.440625 0.55859375 0.0375 0.009375