4 0.11536623969423876 0.7364464632388842 0.027899506920082206 0.034359589448421345
4 0.09901172783124067 0.6810155105939308 0.025029174904859786 0.04042757892507769
4 0.10708155440925564 0.6484382290238997 0.03214133794672147 0.02369510523343692
4 0.08246355638642199 0.6592693132106493 0.024901840912471006 0.03730257892507769
4 0.05944255045492295 0.6324183868740552 0.021967841901054184 0.04180806840173403
4 0.13118755786929676 0.663479400098822 0.024774506920082207 0.03417757892507769
4 0.15305724068282195 0.7389498369587599 0.027390170950527093 0.021859589448421347
4 0.14825699414286303 0.7556746053746114 0.02333934091247101 0.03721157366340577
4 0.18339333950395834 0.8107947448795023 0.025029174904859806 0.04042757892507751
4 0.1803983320895845 0.7757295001411743 0.025029174904859806 0.04042757892507787
4 0.1884509126219322 0.7619477212019792 0.03421317391627658 0.03628611049510884
4 0.16902048030269862 0.6886845264495336 0.02952567391627663 0.036013094710093264
4 0.16239113691876966 0.6413012922345491 0.03434050790866543 0.039411110495108835
4 0.13375680094921455 0.6304393869446423 0.027899506920082206 0.034359589448421345
4 0.11502404699488185 0.6127359474538687 0.03140650889724857 0.04391659997176518
4 0.10574720608241084 0.5772534737622279 0.018651840912471008 0.03693855787839038
4 0.10546336319277347 0.5318499685005561 0.020469008897248564 0.043279563140062115
4 0.07538854402913231 0.6009485789956649 0.02758117193911027 0.026547089448421345
4 0.08534452277459406 0.4993482816406183 0.021649506920082207 0.03399556840173403
4 0.09889768680503894 0.48602923428557165 0.018779174904859787 0.0400635578783902
4 0.10365151239447072 0.44894646323888426 0.02933467292769345 0.03132559471009326
4 0.12848702771750994 0.5203286395754783 0.021904174904859807 0.04024556840173403
4 0.15283311170989872 0.5220430580195646 0.03864600593149907 0.03030912628012441
4 0.1401474279077904 0.4413390895895958 0.02034167490485981 0.04015456314006229
4 0.12605575300293057 0.4030046316829706 0.02834517589344294 0.04529708944842135
4 0.1079105894667773 0.4189404448230327 0.028217841901054187 0.042172089448421345
4 0.1860090731551549 0.3368644212160966 0.026719008897248563 0.04364358418674961
4 0.17336183452386142 0.3916352212019792 0.024901840912471006 0.03730257892507769
4 0.16710917593062402 0.43037149751033843 0.06029551285158128 0.06430469468185844
4 0.20102126091159594 0.4362273843843937 0.025156508897248565 0.04355257892507787
4 0.16761585330694173 0.4812437527720103 0.03746550790866539 0.03959312101845249
4 0.23867115813612685 0.3416282449500897 0.021649506920082294 0.03399556840173403
4 0.22300369026508005 0.4952460686134955 0.027326503954332716 0.020297089448421346
4 0.19218477178601087 0.4884269212160966 0.027326503954332716 0.020297089448421346
4 0.23944709094965205 0.4183272528425975 0.025029174904859806 0.04042757892507769
4 0.22580108501815302 0.3909302949359722 0.02652800790866543 0.038956084186749604
4 0.19228824806001468 0.37565390543108107 0.02939833992388783 0.03288809471009326
4 0.1926171477931846 0.6912256975244558 0.018651840912471008 0.0369385578783902
4 0.20352547288832482 0.651435155431081 0.0331600098858317 0.04869510523343692
4 0.2363406314815622 0.6111517896743004 0.02308467292769345 0.030961573663405774
4 0.23387220608241083 0.5697910423051363 0.02490184091247105 0.03730257892507769
4 0.1943122989720482 0.6175151817394403 0.021649506920082207 0.03399556840173403
4 0.23160800501727802 0.8025048317676753 0.018651840912471053 0.03693855787839055
4 0.21013225304011166 0.7943584028002452 0.03421317391627667 0.03628611049510866
4 0.25483991657626487 0.7768755002117615 0.025092841901054187 0.04199007892507769
4 0.23824532418091912 0.7347713001976441 0.032268671939110226 0.02682010523343692
4 0.22876023623419767 0.7133968291368392 0.03057883794672147 0.02360409997176518
4 0.23467997239403324 0.6472713001976441 0.029525673916276675 0.036013094710093264
4 0.2653423819758538 0.6118119423333711 0.026719008897248563 0.04364358418674961
4 0.2788371961965791 0.5201858844549808 0.03421317391627667 0.03628611049510884
4 0.29851036764139777 0.5417500713149186 0.02490184091247105 0.03730257892507769
4 0.31178895904816034 0.5793487818523798 0.021904174904859807 0.04024556840173403
4 0.291459213002493 0.5993273528849498 0.0325870069200823 0.03463260523343692
4 0.2598842663488034 0.45864143970253524 0.01527217292769345 0.03050654735504672
4 0.3320285217860109 0.48028195029646614 0.023594008897248563 0.04346157366340577
4 0.32353293087353985 0.4447539739739895 0.028217841901054187 0.042172089448421345
4 0.36610509144394365 0.4132995766471777 0.03370383794672147 0.023786110495108835
4 0.33163459094965203 0.41295794240395833 0.03446784190105419 0.04253611049510884
4 0.2971495030029306 0.39303955552990305 0.031151840912470963 0.03766659997176518
4 0.3015796764249156 0.4248887950065594 0.02528384288963732 0.04667757892507769
4 0.34386397140545 0.6362134318806146 0.029271005931498985 0.029763094710093262
4 0.287674979808407 0.679424376562473 0.018779174904859808 0.040063557878390374
4 0.31531716015047423 0.7428120423757235 0.025092841901054187 0.04199007892507787
4 0.3272932367284892 0.7100072476515128 0.025029174904859806 0.04042757892507769
4 0.29753675254582 0.7869183581466215 0.025156508897248565 0.04355257892507787
4 0.30464625699444425 0.8076480870999342 0.024519838935304607 0.027927578925077867
4 0.3104267303026986 0.6804485502682314 0.02034167490485981 0.04015456314006229
4 0.28989405440925564 0.6377906134082935 0.01995967292769345 0.030779563140062118
4 0.3639934461965791 0.5152260976938651 0.020469008897248564 0.043279563140062295
4 0.37239885380123333 0.4716658134929981 0.02652800790866543 0.038956084186749604
4 0.3476654506452034 0.5373209055722554 0.03233233893530461 0.02838260523343692
4 0.3644483854358949 0.6224848608480447 0.02802684091247105 0.03748458944842135
4 0.37362706726083694 0.6939958398013573 0.038837006920082205 0.03499662628012441
4 0.3928890618236295 0.6670315213996233 0.03265067391627659 0.03619510523343692
4 0.37275297535978275 0.6533253371705214 0.03545733893530469 0.028564615756780754
4 0.37134432566379394 0.7340671029555368 0.032268671939110226 0.02682010523343692
4 0.32685417942784617 0.8337632660673642 0.02965300790866543 0.03913809471009344
4 0.3022826023555396 0.8649523528849498 0.036412343878220545 0.05200211575678075
4 0.34821718486505365 0.85836144766563 0.02333934091247105 0.03721157366340577
4 0.36069993881938633 0.8764289082030914 0.026782675893442943 0.04520608418674961
4 0.4104704926599883 0.7333544714137407 0.026400673916276672 0.03583108418674961
4 0.42146900106294527 0.7726521898437095 0.02684634288963732 0.046768584186749604
4 0.4028436764620967 0.8152415082454436 0.03064250494291585 0.02516659997176518
4 0.41991181824942003 0.6959986845820378 0.036157675893442945 0.04575211575678075
4 0.4613552189339921 0.61762378462439 0.03277800790866543 0.03932010523343692
4 0.4404259536109529 0.5460140951336163 0.045723676882026075 0.0509856473268119
4 0.4160281314815622 0.6006861845820378 0.031342841901054186 0.04235409997176518
4 0.3809183024320893 0.6230918056004903 0.028217841901054187 0.042172089448421345
4 0.40346978167184266 0.5231072161520689 0.026146005931498982 0.029581084186749606
4 0.4122916833449978 0.45133092668953 0.024901840912470875 0.037302578925077864
4 0.4703707801889679 0.5121627399001794 0.02215884288963732 0.046495568401734036
4 0.47499727178601087 0.47195496885349186 0.018779174904859808 0.0400635578783902
4 0.4018860825466951 0.3689279503670533 0.0354573389353046 0.028564615756780664
4 0.38603293087353985 0.4411137635071155 0.01995967292769345 0.030779563140062294
4 0.443292332546695 0.3665163109327493 0.026209672927693363 0.031143584186749607
4 0.4688653355124446 0.37912272674599967 0.02464717292769336 0.03105257892507778
4 0.4314555188202613 0.4603951135494678 0.029271005931499162 0.029763094710093262
4 0.4211228552841081 0.4758759003811708 0.019832338935304606 0.027654563140062295
4 0.4873089293906651 0.4281671714984453 0.037656508897248565 0.044280621018452496
4 0.47241609984690064 0.4470459741151638 0.02346667490485981 0.04033657366340595
4 0.43763919323082956 0.49684084776445214 0.02834517589344294 0.04529708944842135
4 0.4626802969948819 0.5924872767318823 0.029844008897248565 0.043825594710093264
4 0.45228260235553963 0.8562158477644524 0.025156508897248565 0.04355257892507751
4 0.48510703121473214 0.9122537451618513 0.029143671939110403 0.02663809471009344
4 0.4601070312147321 0.9137098293486007 0.02190417490485963 0.04024556840173403
2 0.4164551903022611 0.8802294714137406 0.01995967292769336 0.030779563140062294
4 0.20889735828703868 0.8985831712160965 0.04090884288963732 0.04758763154179633
4 0.2621032713289003 0.8782559896884179 0.02783583992388783 0.03279708944842134
4 0.26701626440881815 0.8450794686417303 0.024201503954332716 0.020115078925077513
4 0.5121152698088445 0.4603958425733675 0.02815417490485981 0.040609589448421524
4 0.5045521206071473 0.5438453794050705 0.021776840912471052 0.037120568401734035
4 0.49901438642447804 0.6193459083442656 0.028281508897248564 0.043734589448421346
2 0.4838788177551285 0.6899237188534919 0.07467634783255317 0.07293624203690499
4 0.4494109758540743 0.6512098293486007 0.031279174904859805 0.04079159997176518
4 0.5108816695420144 0.7760586399284142 0.03057883794672147 0.02360409997176518
4 0.5294380099601939 0.8086513320500238 0.025891337946721472 0.023331084186749607
4 0.5017414328878873 0.8400224293909531 0.028217841901054187 0.0421720894484217
4 0.4877571873365116 0.8619807293768357 0.02965300790866543 0.03913809471009344
4 0.5463668888959361 0.6283345004941101 0.03446784190105419 0.04253611049510884
4 0.5316650603407547 0.6519008031108287 0.03364017095052709 0.022223610495108837
4 0.5739162273369491 0.6510061610456888 0.021904174904859807 0.04024556840173403
4 0.580999215473951 0.5942101294756577 0.026719008897248563 0.04364358418674961
4 0.5113260440291323 0.575558110989219 0.03689250494291585 0.025530621018452493
4 0.5428664985914873 0.7538350294333054 0.03434050790866543 0.039411110495108835
4 0.6054872209111585 0.6186263005505799 0.01871550790866543 0.0385010578783902
4 0.5901142303026987 0.6641586084289702 0.021776840912470875 0.037120568401734035
4 0.587576820720878 0.69797987158315 0.027581171939110406 0.026547089448421345
4 0.6055389590481604 0.5622397926580721 0.018651840912470873 0.0369385578783902
4 0.6336002920519659 0.5590391979479788 0.03364017095052709 0.022223610495108837
4 0.5927896082498576 0.47997332422810324 0.02190417490485963 0.04024556840173403
4 0.5248898424325268 0.40875004258748504 0.036765170950527094 0.022405621018452494
4 0.49890300399151377 0.38598737677423456 0.03714717292769336 0.03178062101845249
4 0.5434090321661342 0.5173059952324384 0.025029174904859806 0.04042757892507769
4 0.5737968691242725 0.5327643952606731 0.030769838935304605 0.02829159997176518
4 0.6221561146756482 0.5088039795180099 0.03233233893530461 0.02838260523343692
4 0.3102278231551549 0.3296295029131846 0.021967841901054184 0.04180806840173403
4 0.34200174657713994 0.3598861503105836 0.03414950692008221 0.03472361049510884
4 0.32262966406762594 0.36492996608148165 0.028281508897248564 0.043734589448421436
4 0.3999906601132932 0.3416297029978892 0.02595500494291585 0.024893584186749605
4 0.42323715912471005 0.3355771240728115 0.026719008897248563 0.04364358418674961
4 0.4363260440291323 0.5799263635494677 0.03057883794672147 0.02360409997176518
4 0.15791317843926297 0.8389043343279239 0.026400673916276585 0.03583108418674961
4 0.17777735087266483 0.8651560211878617 0.028217841901054187 0.042172089448421345
4 0.16139100551156954 0.8089438185429083 0.024901840912471006 0.037302578925077864
4 0.23059594475088535 0.9121983501835267 0.02184050790866543 0.038683068401734036
4 0.2792855237631772 0.492751129193309 0.03421317391627658 0.03628611049510884
4 0.23370376832596979 0.4695635291509566 0.02308467292769345 0.030961573663405774
4 0.3460883631927735 0.5178351582030913 0.026337006920082295 0.03426858418674961
4 0.4194183642185377 0.914513466152069 0.018779174904859808 0.040063557878390554
4 0.4876179244849303 0.8009067214843277 0.024201503954332716 0.020115078925077513
4 0.5176011962337601 0.9025301346667423 0.023594008897248563 0.04346157366340577
4 0.5799765208346088 0.8573926689381965 0.021649506920082117 0.03399556840173403
4 0.5364347678688592 0.8458328136341724 0.02302100593149916 0.029399073663405773
4 0.5755344185534312 0.7675944215690325 0.02490184091247105 0.03730257892507769
4 0.6219690667665454 0.6771822531955334 0.026337006920082118 0.03426858418674961
4 0.6391618839530201 0.5994366847937993 0.024774506920082116 0.03417757892507787
4 0.5972025356261753 0.5306180663355955 0.01619800296574958 0.01497255261671846
4 0.6492292451314462 0.7311949190087838 0.019450336958138338 0.018279563140062294
4 0.13289866060758482 0.3595353527437754 0.029907675893442943 0.045388094710093266
4 0.09362784395258263 0.8371668000564696 0.03421317391627661 0.03628611049510866
4 0.0857636058155807 0.8940083342573366 0.030035009885831743 0.04851309471009344
4 0.12782908900966675 0.8116816816688532 0.026273339923887827 0.032706084186749605
4 0.2165905696951138 0.31863806598265965 0.021076503954332713 0.019933068401734033
4 0.32102871889681106 0.22954620292730202 0.02595500494291585 0.024893584186749605
4 0.37115339429596245 0.26813128981547474 0.031088173916276673 0.03610409997176518
4 0.37764081623507273 0.29281277139962325 0.03140650889724857 0.04391659997176518
4 0.3216454842198503 0.3023389608198098 0.032268671939110226 0.02682010523343692
4 0.3954968196951138 0.3082179635212329 0.017025673916276674 0.03528505261671846
4 0.5425946541817941 0.3051322189240791 0.029907675893442943 0.045388094710093266
4 0.5574357455885568 0.3426399241998684 0.028217841901054187 0.042172089448421435
4 0.5774272520143474 0.37201661105980616 0.021713173916276675 0.03555806840173403
4 0.6139496838392894 0.44193499793386143 0.02528384288963732 0.04667757892507769
4 0.6278729209877081 0.380041942686307 0.018779174904859808 0.040063557878390374
4 0.6127745030029306 0.3746564926721896 0.024201503954332536 0.02011507892507769
4 0.6806954679454089 0.6001500453594952 0.020150673916276673 0.035467063140062295
4 0.7280771453217266 0.6482921427710117 0.03357650395433254 0.020661110495108836
4 0.35132371395389517 0.20428859769386504 0.02346667490485981 0.04033657366340586
4 0.3182247124710204 0.19916845818897388 0.025092841901054187 0.04199007892507778
7 0.2739799639538952 0.20879335814662156 0.014890170950527092 0.02113154735504663
4 0.47511799410568206 0.3403864504376405 0.02789950692008212 0.034359589448421435
4 0.4538823226608633 0.31891326883937443 0.026782675893442943 0.04520608418674961
4 0.3936040558549494 0.24254746089039697 0.02745383794672147 0.023422089448421436
4 0.4234852154367699 0.20713360565696 0.021904174904859807 0.04024556840173403
4 0.42273314034162973 0.2463326135494678 0.024774506920082297 0.03417757892507769
4 0.034434574675210716 0.7489912368458204 0.009149506920082229 0.03326752630835923
4 0.036034225359782734 0.6729369710608049 0.01539950692008223 0.03363154735504672
4 0.034133485739906065 0.7223832342149844 0.01033000494291587 0.023983531570031146
4 0.05602307319233596 0.7406859131824145 0.021840507908665385 0.038683068401734036
4 0.07177540718472475 0.7429008605656959 0.016834672927693452 0.03059755261671846
4 0.08909024117711353 0.7450248026873056 0.029971342889637365 0.04695059471009326
4 0.028273463496784633 0.6170054894766563 0.00739600593149905 0.028489021046687314
4 0.05833635380123332 0.4899578710890397 0.03239600593149905 0.02994510523343692
4 0.05009543087353988 0.460679894766563 0.03364017095052709 0.022223610495108837
4 0.03261877079742771 0.4930219579066252 0.025029174904859786 0.04042757892507769
4 0.028009525246052 0.5144342263224766 0.01514483893530465 0.02738154735504672
4 0.041790840949652054 0.42983941844408624 0.02732650395433269 0.020297089448421346
4 0.07560742543633242 0.43335155531814157 0.02914367193911027 0.026638094710093263
4 0.06896083600673616 0.4047638237339931 0.021649506920082207 0.03399556840173403
4 0.0859891685162502 0.3998565158556027 0.020087006920082206 0.03390456314006211
4 0.08283499361139042 0.36088502111727455 0.03364017095052709 0.022223610495108837
4 0.07006573817418296 0.33578631057981345 0.01995967292769345 0.030779563140062204
4 0.0822964827369755 0.3092315158556027 0.015399506920082207 0.03363154735504663
4 0.07836105783211571 0.2703055237481105 0.030960839923887828 0.03297909997176518
4 0.051553160113293216 0.36192387635071155 0.020214340912471006 0.037029563140062206
4 0.1642322322426839 0.30210998961783064 0.023021005931499028 0.02939907366340595
4 0.11391389726171194 0.2972096579913298 0.02002333992388783 0.03234206314006212
4 0.07020104794628397 0.2237945447947979 0.018651840912471008 0.03693855787839038
4 0.054014973839726935 0.26859110530402414 0.031088173916276628 0.03610409997176518
4 0.09919352817462049 0.12813343429968907 0.03389483893530465 0.028473610495108836
4 0.07062020060802232 0.1572062842714542 0.023946835969555137 0.013865078925077778
4 0.05343004201478492 0.19657959741151637 0.023721342889637342 0.046586573663405906
4 0.15189276384016445 0.05693399751033841 0.03220500494291585 0.025257605233436963
4 0.13930653361182793 0.15163955275789281 0.026273339923887827 0.032706084186749605
4 0.16154628954332698 0.17853598172532287 0.01677100593149907 0.02903505261671846
4 0.1872320390490354 0.17469064490773736 0.021904174904859807 0.04024556840173403
4 0.2160573760071737 0.19024005019764406 0.020087006920082206 0.033904563140062204
4 0.21325336958138305 0.15986230545931593 0.02595500494291585 0.024893584186749605
4 0.20887888737588017 0.24469233176767516 0.02783583992388783 0.03279708944842143
4 0.19993231030357367 0.27497136596854216 0.032268671939110274 0.02682010523343692
4 0.23662188539871387 0.2336792370575819 0.031088173916276673 0.03610409997176518
4 0.2431756329272559 0.22155096338005853 0.02471083992388783 0.03261507892507769
4 0.2613008918245045 0.26278290813250416 0.026209672927693363 0.031143584186749607
4 0.2385000617864484 0.2797729870575819 0.03364017095052709 0.022223610495108837
4 0.1984321828135252 0.06518684229101887 0.022031508897248565 0.04337056840173403
4 0.2098936062355102 0.09662655809015185 0.029207338935304694 0.028200594710093285
4 0.16032202916320365 0.12927172909448695 0.015399506920082207 0.03363154735504663
4 0.2513515943725121 0.03782841076334007 0.029207338935304604 0.028200594710093285
4 0.26117492193911024 0.01454907643541615 0.01871550790866543 0.0290981528708323
4 0.2819423611784261 0.11592331868408272 0.018460839923887827 0.03225105787839033
4 0.29901711463846714 0.1313740134365283 0.016962006920082297 0.03372255261671846
4 0.193651840912471 0.024743852814362567 0.02490184091247096 0.03730257892507773
4 0.3067540187830803 0.07140747923566129 0.025029174904859806 0.040427578925077735
4 0.3140598414067626 0.02058312119492045 0.028217841901054187 0.0411662423898409
4 0.34791487106425784 0.15906710295553692 0.032523339923887826 0.03307010523343701
4 0.38211611612134194 0.1335819845679203 0.021776840912470962 0.037120568401734035
4 0.4552379397336074 0.08311998200767154 0.02783583992388792 0.03279708944842143
4 0.4781170242202878 0.08726915571342973 0.029716674904859807 0.04070059471009328
4 0.5310974441822317 0.0998454794474228 0.03440417490485963 0.040973610495108836
4 0.5270612015966055 0.13532024786327426 0.03427684091247105 0.037848610495108834
4 0.42156859387822043 0.02556508724110853 0.021522172927693362 0.030870568401734032
4 0.35214477323170457 0.08990757927801359 0.016834672927693452 0.030597552616718503
4 0.5706056131555924 0.10850784790562655 0.028217841901054187 0.042172089448421435
2 0.6022760603035737 0.251537511088041 0.01932300296574958 0.015154563140062116
4 0.5749269931170988 0.3298746136906421 0.01995967292769336 0.030779563140062118
4 0.6467555721665718 0.3053303690229011 0.022893671939110228 0.02627407366340595
4 0.6498288340295698 0.36153486639206517 0.03032416996194378 0.01735409997176518
4 0.6837435776037791 0.3290184980044486 0.030451503954332538 0.020479099971765093
3 0.5570444733454354 0.23694366104568876 0.022639003954332715 0.02002407366340586
4 0.6551701804164294 0.819339661116276 0.02321200692008212 0.03408657366340577
4 0.6301555929639995 0.8012189926721895 0.021904174904859807 0.04024556840173403
4 0.6595512742946499 0.8692031532237682 0.018651840912470873 0.0369385578783902
4 0.6328057490857789 0.750945976887174 0.026146005931499162 0.029581084186749606
4 0.6489454022418089 0.6857914137471118 0.021649506920082117 0.03399556840173403
4 0.6660361072612744 0.47100857692952636 0.02094916996194396 0.016808068401734034
4 0.6495462856261753 0.5275693900695885 0.015272172927693362 0.03050654735504672
4 0.6820139343335809 0.44032001905113594 0.025092841901054187 0.04199007892507787
4 0.733234241634224 0.3136063296309494 0.02834517589344294 0.04529708944842144
4 0.7567990756266129 0.31536625070587165 0.018460839923887917 0.032251057878390374
4 0.758954483231267 0.2721699875516921 0.03571200692008212 0.034814615756780666
4 0.6257852030794803 0.13661816637794777 0.02783583992388792 0.03279708944842143
4 0.657602888858755 0.2256050716678545 0.01801517095052709 0.021313557878390378
4 0.6824954595052709 0.1638562295885971 0.027963173916276673 0.035922089448421436
4 0.6989308844101307 0.20205417960271457 0.024710839923887916 0.03261507892507769
4 0.6114561062355103 0.07323820584048664 0.0377838428896375 0.04740562101845254
4 0.8173598908359214 0.2256975349773259 0.03121550790866543 0.03922909997176518
4 0.7815550420147849 0.1541711454724347 0.039091674904859985 0.04124662628012436
4 0.7642905820524035 0.3454709796591843 0.033767504942915846 0.025348610495108836
4 0.7460578241809191 0.7051945901542931 0.025891337946721472 0.023331084186749607
4 0.7649033246752107 0.706446277014231 0.01976867193911023 0.026092063140062294
4 0.7517202337627398 0.6711913164767698 0.031342841901054186 0.04235409997176518
4 0.7961679121276406 0.7242029244116299 0.03121550790866543 0.03922909997176518
4 0.8193069817855733 0.6578575875940444 0.028217841901054187 0.042172089448421345
4 0.5805469348278726 0.44857911105980613 0.02302100593149916 0.029399073663405773
4 0.47810373125410077 0.279130432021789 0.02346667490485963 0.04033657366340586
4 0.6033503538384144 0.8544650900131188 0.03083350593149916 0.02985409997176518
4 0.5431729047132668 0.7036985215407976 0.031088173916276673 0.03610409997176518
4 0.3037469432680106 0.9008898528849498 0.02620967292769345 0.031143584186749607
4 0.27747094475088535 0.9094681923333713 0.018460839923887827 0.032251057878390554
4 0.3738511962337602 0.9109026187405526 0.025092841901054187 0.041990078925077515
4 0.3469703612527882 0.904637208188974 0.029016337946721472 0.02351309471009344
4 0.35224545167096755 0.9380034450347943 0.02021434091247105 0.0370295631400623
4 0.6072048657014124 0.9106240847514471 0.02997134288963732 0.04695059471009344
4 0.7290083621670093 0.09458331384593388 0.02815417490485981 0.04060958944842143
4 0.6978684501137307 0.11832392171020678 0.02815417490485981 0.04060958944842143
4 0.6971389382507327 0.061982916448534944 0.025092841901054187 0.04199007892507774
4 0.7228803789729232 0.17481684541596496 0.01683467292769336 0.03059755261671846
4 0.8117133631927735 0.4907155902248803 0.03070617193911005 0.02672909997176518
4 0.7539035217860108 0.45571052964506686 0.04090884288963732 0.04758763154179633
4 0.7169207639145265 0.8165262032802378 0.024838173916276674 0.03574007892507751