2 0.42421875 0.1109375 0.096875 0.065625
2 0.73125 0.2703125 0.05390625 0.06953125
4 0.0671875 0.0828125 0.0265625 0.015625
4 0.09375 0.09609375 0.028125 0.02109375
4 0.0546875 0.09921875 0.01796875 0.02734375
4 0.140625 0.090625 0.0171875 0.0265625
4 0.134375 0.11640625 0.02109375 0.021875
4 0.10625 0.06015625 0.025 0.0203125
4 0.15 0.065625 0.0140625 0.0234375
4 0.18046875 0.0828125 0.02109375 0.02109375
4 0.16640625 0.1203125 0.01875 0.01953125
4 0.16640625 0.05078125 0.01328125 0.021875
4 0.175 0.034375 0.0203125 0.0125
4 0.22890625 0.040625 0.01328125 0.02421875
4 0.24453125 0.0328125 0.01875 0.01796875
4 0.271875 0.03515625 0.0265625 0.02109375
4 0.32109375 0.01796875 0.01484375 0.02890625
4 0.3078125 0.05 0.01875 0.02421875
4 0.3 0.08515625 0.0203125 0.02578125
4 0.334375 0.08515625 0.0140625 0.02734375
4 0.31484375 0.08046875 0.02421875 0.021875
4 0.2328125 0.13671875 0.01796875 0.02734375
4 0.3375 0.04453125 0.0234375 0.0265625
4 0.3625 0.04921875 0.0140625 0.02265625
4 0.37421875 0.0578125 0.0171875 0.0328125
4 0.36640625 0.0796875 0.0234375 0.01875
4 0.39296875 0.02578125 0.02265625 0.025
4 0.4234375 0.03046875 0.01640625 0.021875
4 0.4515625 0.021875 0.01484375 0.02578125
4 0.490625 0.05703125 0.0140625 0.0265625
4 0.47421875 0.0375 0.01875 0.0234375
4 0.4125 0.08125 0.0140625 0.028125
4 0.51796875 0.05 0.02734375 0.0171875
4 0.57421875 0.05546875 0.01796875 0.02421875
4 0.62265625 0.02421875 0.015625 0.02421875
4 0.72734375 0.0203125 0.02421875 0.021875
4 0.71875 0.04296875 0.01328125 0.02421875
4 0.775 0.05859375 0.0203125 0.025
4 0.828125 0.015625 0.01171875 0.025
4 0.865625 0.059375 0.02578125 0.01796875
4 0.81640625 0.1015625 0.0171875 0.025
4 0.7515625 0.08671875 0.00859375 0.02421875
4 0.88828125 0.046875 0.01875 0.025
4 0.06171875 0.17265625 0.02265625 0.025
4 0.08359375 0.16328125 0.02109375 0.01953125
4 0.15078125 0.15390625 0.01171875 0.021875
4 0.21796875 0.18125 0.01640625 0.03203125
4 0.17890625 0.1796875 0.03828125 0.01796875
4 0.275 0.1703125 0.0234375 0.01875
4 0.253125 0.1765625 0.0234375 0.0078125
4 0.31875 0.1328125 0.0171875 0.02109375
4 0.34296875 0.146875 0.02265625 0.01796875
4 0.36953125 0.14453125 0.01171875 0.02734375
4 0.384375 0.153125 0.0125 0.01875
4 0.40703125 0.16015625 0.01796875 0.01171875
2 0.38671875 0.18046875 0.01328125 0.0171875
4 0.3125 0.19140625 0.01484375 0.025
4 0.34453125 0.19296875 0.01171875 0.0265625
4 0.26796875 0.23828125 0.02109375 0.0203125
4 0.3359375 0.228125 0.01171875 0.021875
4 0.39296875 0.21953125 0.01015625 0.02734375
4 0.43828125 0.21796875 0.01875 0.021875
4 0.4546875 0.196875 0.0140625 0.02578125
4 0.5171875 0.18359375 0.028125 0.025
4 0.48359375 0.18125 0.01484375 0.0265625
4 0.5015625 0.2125 0.028125 0.03046875
4 0.54375 0.215625 0.01484375 0.02734375
4 0.5515625 0.13515625 0.0296875 0.01328125
4 0.4890625 0.15703125 0.01640625 0.02734375
4 0.52265625 0.1515625 0.0171875 0.025
4 0.56171875 0.159375 0.02421875 0.02109375
4 0.6015625 0.1125 0.015625 0.021875
4 0.60234375 0.14140625 0.0265625 0.02109375
4 0.6484375 0.1859375 0.01484375 0.025
4 0.67578125 0.15703125 0.0171875 0.025
4 0.703125 0.14453125 0.02109375 0.021875
4 0.659375 0.05234375 0.0203125 0.0296875
4 0.77421875 0.1234375 0.015625 0.02265625
4 0.84609375 0.10078125 0.03203125 0.0171875
4 0.8734375 0.11171875 0.025 0.01328125
4 0.93125 0.121875 0.015625 0.028125
4 0.93984375 0.103125 0.01171875 0.03046875
4 0.9875 0.06875 0.0140625 0.02265625
4 0.8640625 0.1734375 0.01328125 0.03046875
4 0.92578125 0.1703125 0.015625 0.0234375
4 0.80859375 0.16015625 0.01796875 0.01484375
4 0.7078125 0.17421875 0.0171875 0.025
4 0.74375 0.1609375 0.01015625 0.02734375
4 0.57734375 0.26796875 0.01875 0.0265625
4 0.36953125 0.26640625 0.0109375 0.01875
4 0.1546875 0.28984375 0.025 0.021875
5 0.16953125 0.2984375 0.03828125 0.01484375
4 0.1203125 0.3109375 0.01484375 0.0203125
4 0.140625 0.33515625 0.0234375 0.01796875
4 0.0796875 0.34453125 0.02578125 0.01328125
4 0.1765625 0.3484375 0.01953125 0.021875
4 0.2796875 0.32109375 0.009375 0.028125
4 0.221875 0.28359375 0.01484375 0.02265625
4 0.359375 0.284375 0.015625 0.0203125
4 0.371875 0.296875 0.015625 0.0234375
4 0.41015625 0.26953125 0.0265625 0.01171875
4 0.42109375 0.24296875 0.021875 0.0125
4 0.51484375 0.271875 0.0125 0.021875
4 0.5703125 0.23046875 0.015625 0.02265625
4 0.5953125 0.2046875 0.01015625 0.0234375
4 0.4984375 0.303125 0.01171875 0.025
4 0.5703125 0.3171875 0.0234375 0.02890625
2 0.58671875 0.3109375 0.01328125 0.01640625
4 0.61484375 0.328125 0.01328125 0.02890625
4 0.3921875 0.2625 0.01328125 0.0296875
4 0.434375 0.31640625 0.0171875 0.0265625
4 0.29375 0.3015625 0.02265625 0.0140625
4 0.20390625 0.3171875 0.02734375 0.01328125
4 0.2671875 0.33515625 0.02109375 0.02421875
4 0.25859375 0.36796875 0.01953125 0.028125
4 0.1859375 0.37421875 0.021875 0.02734375
4 0.1375 0.39296875 0.01171875 0.02578125
4 0.22109375 0.4 0.01640625 0.02890625
4 0.26796875 0.41796875 0.01171875 0.02421875
4 0.146875 0.43046875 0.02109375 0.02734375
4 0.40625 0.35078125 0.01171875 0.0265625
4 0.4140625 0.3078125 0.015625 0.028125
4 0.41953125 0.38125 0.02421875 0.02578125
2 0.46953125 0.384375 0.01796875 0.01015625
4 0.4828125 0.3625 0.0109375 0.01875
4 0.5515625 0.39609375 0.02578125 0.0171875
4 0.5796875 0.3484375 0.01484375 0.0234375
4 0.57734375 0.390625 0.02265625 0.01484375
4 0.60546875 0.41171875 0.01953125 0.0203125
4 0.6 0.428125 0.0203125 0.0109375
4 0.6140625 0.3953125 0.025 0.01953125
4 0.62734375 0.346875 0.0109375 0.02734375
4 0.61796875 0.3625 0.0125 0.021875
4 0.64765625 0.3359375 0.0203125 0.02265625
4 0.671875 0.3703125 0.0125 0.028125
4 0.32421875 0.4046875 0.01796875 0.025
4 0.7109375 0.41484375 0.025 0.01171875
4 0.6640625 0.3984375 0.015625 0.02109375
4 0.70078125 0.4328125 0.01640625 0.02578125
4 0.7859375 0.38046875 0.01953125 0.02265625
4 0.79375 0.2234375 0.01953125 0.0171875
4 0.821875 0.22578125 0.01875 0.02265625
4 0.73828125 0.18828125 0.01796875 0.02578125
4 0.84296875 0.25625 0.03125 0.015625
4 0.81015625 0.23984375 0.028125 0.01484375
4 0.790625 0.2515625 0.01875 0.0171875
4 0.81796875 0.26015625 0.02109375 0.015625
4 0.7859375 0.29140625 0.0109375 0.02421875
4 0.80390625 0.284375 0.01796875 0.021875
4 0.83515625 0.27734375 0.0125 0.0296875
4 0.8875 0.265625 0.01953125 0.028125
4 0.89140625 0.3296875 0.01640625 0.0296875
4 0.921875 0.35390625 0.009375 0.02421875
4 0.8453125 0.359375 0.01484375 0.02734375
4 0.78671875 0.32421875 0.01015625 0.025
4 0.80625 0.3546875 0.01484375 0.02265625
4 0.09609375 0.4515625 0.01640625 0.01953125
4 0.17265625 0.46953125 0.01328125 0.021875
4 0.1734375 0.42890625 0.009375 0.0171875
4 0.2328125 0.43671875 0.02421875 0.01796875
4 0.31015625 0.4296875 0.02890625 0.009375
4 0.33203125 0.4484375 0.01328125 0.01953125
4 0.31953125 0.465625 0.01328125 0.01015625
4 0.31171875 0.4765625 0.0140625 0.02421875
4 0.35703125 0.46328125 0.01328125 0.02421875
4 0.36875 0.490625 0.01875 0.028125
4 0.3828125 0.43359375 0.01640625 0.02421875
4 0.39609375 0.45390625 0.02578125 0.0203125
4 0.40546875 0.47890625 0.0203125 0.025
4 0.4671875 0.43359375 0.02109375 0.021875
4 0.42734375 0.4265625 0.02265625 0.01796875
4 0.5 0.41640625 0.01953125 0.0265625
4 0.5265625 0.4671875 0.01171875 0.02421875
4 0.528125 0.4953125 0.01640625 0.0265625
4 0.5 0.515625 0.01484375 0.028125
4 0.453125 0.53515625 0.01484375 0.03125
4 0.56796875 0.52890625 0.01328125 0.02890625
4 0.59921875 0.51484375 0.015625 0.0296875
4 0.63125 0.465625 0.0140625 0.0296875
4 0.640625 0.51328125 0.01875 0.0234375
4 0.61875 0.5234375 0.01171875 0.02265625
4 0.66640625 0.475 0.01953125 0.025
4 0.690625 0.49453125 0.02109375 0.01875
4 0.7125 0.490625 0.0125 0.0265625
4 0.728125 0.45703125 0.034375 0.0140625
4 0.74375 0.4390625 0.021875 0.0265625
4 0.803125 0.4390625 0.0296875 0.01484375
4 0.7921875 0.48203125 0.0265625 0.021875
5 0.76640625 0.4875 0.02265625 0.0265625
4 0.890625 0.45234375 0.01640625 0.0265625
4 0.91953125 0.4609375 0.0140625 0.02265625
4 0.94375 0.47578125 0.01640625 0.02890625
4 0.9328125 0.50625 0.02890625 0.0203125
4 0.88046875 0.478125 0.01875 0.01953125
4 0.4328125 0.55234375 0.01484375 0.021875
4 0.41484375 0.54375 0.0265625 0.02109375
4 0.375 0.54453125 0.0171875 0.02421875
4 0.18515625 0.5921875 0.0140625 0.02578125
4 0.20390625 0.61171875 0.01875 0.02109375
4 0.2625 0.58984375 0.01953125 0.02578125
4 0.2234375 0.5734375 0.025 0.02578125
4 0.29609375 0.58125 0.021875 0.021875
4 0.328125 0.5859375 0.02890625 0.0125
4 0.38046875 0.58203125 0.021875 0.02734375
4 0.43828125 0.584375 0.0140625 0.03046875
4 0.484375 0.58359375 0.01328125 0.021875
4 0.54375 0.590625 0.0140625 0.02890625
2 0.5140625 0.60234375 0.0125 0.01953125
4 0.56328125 0.584375 0.02421875 0.0234375
4 0.63515625 0.5796875 0.0203125 0.02109375
4 0.61484375 0.57109375 0.015625 0.01875
4 0.67578125 0.58828125 0.015625 0.021875
4 0.69453125 0.6140625 0.01328125 0.02578125
4 0.72578125 0.590625 0.0125 0.03046875
4 0.24609375 0.69765625 0.028125 0.01484375
4 0.28515625 0.73671875 0.0203125 0.025
4 0.34296875 0.65078125 0.0265625 0.01796875
2 0.3296875 0.70234375 0.0171875 0.03203125
4 0.31640625 0.62734375 0.0203125 0.01875
4 0.390625 0.64921875 0.0125 0.03046875
4 0.3671875 0.678125 0.01015625 0.02265625
2 0.4125 0.646875 0.021875 0.0265625
4 0.4953125 0.63515625 0.02265625 0.02265625
4 0.49609375 0.6671875 0.0140625 0.03046875
4 0.52421875 0.6671875 0.02578125 0.025
4 0.5640625 0.6171875 0.0140625 0.03046875
4 0.58984375 0.64140625 0.03046875 0.01796875
4 0.5984375 0.675 0.01796875 0.03203125
4 0.61015625 0.7671875 0.02109375 0.028125
4 0.57265625 0.73125 0.03046875 0.01328125
4 0.60390625 0.715625 0.03046875 0.01484375
4 0.65078125 0.7078125 0.01328125 0.0296875
4 0.67890625 0.71015625 0.01875 0.02890625
4 0.646875 0.6640625 0.01328125 0.025
4 0.7203125 0.68515625 0.015625 0.025
2 0.790625 0.6515625 0.025 0.028125
4 0.8640625 0.68359375 0.01640625 0.02421875
4 0.8453125 0.69140625 0.01171875 0.01875
4 0.909375 0.709375 0.01640625 0.0265625
4 0.82265625 0.71171875 0.015625 0.0234375
4 0.8984375 0.684375 0.021875 0.01796875
4 0.9 0.64921875 0.0234375 0.03046875
4 0.965625 0.63671875 0.01875 0.0265625
4 0.97421875 0.553125 0.01015625 0.025
4 0.86875 0.7109375 0.01484375 0.02109375
4 0.7484375 0.73203125 0.0203125 0.02578125
4 0.75078125 0.76015625 0.0203125 0.02578125
4 0.80390625 0.77109375 0.021875 0.02734375
4 0.821875 0.765625 0.01875 0.025
4 0.228125 0.7921875 0.01953125 0.0234375
4 0.19296875 0.74609375 0.01796875 0.0265625
4 0.2765625 0.8 0.0140625 0.02421875
4 0.3140625 0.81171875 0.01640625 0.02890625
4 0.1265625 0.846875 0.0109375 0.0234375
4 0.20703125 0.84140625 0.015625 0.03359375
4 0.2421875 0.83671875 0.01171875 0.02421875
4 0.2640625 0.840625 0.02578125 0.0265625
4 0.29296875 0.85078125 0.01640625 0.02890625
4 0.4453125 0.81484375 0.01953125 0.028125
4 0.43515625 0.77109375 0.028125 0.0203125
4 0.3671875 0.74921875 0.0140625 0.01875
4 0.47109375 0.80625 0.0265625 0.03125
4 0.5 0.81875 0.01796875 0.0296875
4 0.51953125 0.8140625 0.0171875 0.02421875
4 0.578125 0.8015625 0.01484375 0.03125
4 0.55234375 0.83046875 0.01328125 0.02421875
4 0.60546875 0.7984375 0.015625 0.02421875
4 0.60390625 0.83125 0.0125 0.03125
4 0.1421875 0.92109375 0.0234375 0.0296875
4 0.18984375 0.9265625 0.01875 0.03125
4 0.23671875 0.925 0.021875 0.03125
2 0.1109375 0.8984375 0.03046875 0.01484375
4 0.315625 0.8828125 0.0125 0.02265625
4 0.35390625 0.8875 0.0265625 0.01015625
4 0.38359375 0.86171875 0.0234375 0.01640625
4 0.428125 0.8921875 0.01328125 0.025
4 0.66328125 0.9078125 0.021875 0.0328125
4 0.725 0.90546875 0.01640625 0.0296875
4 0.7171875 0.8578125 0.02578125 0.02421875
4 0.77265625 0.8234375 0.015625 0.028125
4 0.7671875 0.95078125 0.028125 0.02109375
4 0.78671875 0.92890625 0.021875 0.028125
4 0.54296875 0.96015625 0.01875 0.025
4 0.54140625 0.990625 0.02421875 0.0171875
4 0.59296875 0.97109375 0.01484375 0.03046875
4 0.7 0.984375 0.0296875 0.01875
4 0.175 0.990625 0.0125 0.01796875
4 0.04609375 0.953125 0.025 0.02265625
2 0.075 0.9203125 0.0171875 0.015625
4 0.4109375 0.715625 0.02109375 0.0265625
5 0.471875 0.71640625 0.0140625 0.0328125
1 0.3046875 0.53125 0.02890625 0.0734375
1 0.75703125 0.35078125 0.03984375 0.08046875