2 0.3874021920353166 0.26462885805217945 0.045876121339908774 0.04896475867281787
2 0.574746556015272 0.11917254941117825 0.028397720003181703 0.023764764003817974
2 0.5278897373488174 0.12018960940481489 0.030087489337999783 0.034720445337363424
3 0.7226675300365892 0.2779037540976773 0.024055665340545217 0.0533977200031817
2 0.7655112000715876 0.5361798781030862 0.030087489337999783 0.034720445337363515
2 0.6623231127466327 0.596689569422314 0.030051126670908878 0.03159544533736351
2 0.6796367873965425 0.4734702454248595 0.017514764003817972 0.028324994668999893
3 0.8691640060868597 0.6498707554503127 0.047165901336727246 0.025545440006363405
3 0.8474430000795419 0.5957190574474494 0.036537484006999674 0.051980670671545326
1 0.6130690947644502 0.7273486760820871 0.01900453866963616 0.022093176002545255
2 0.6802116887730405 0.7914026327577686 0.028888616008908664 0.06595226400381797
2 0.7107264394493583 0.8628418280951319 0.03633748933799978 0.03479317067154497
2 0.5479788020766783 0.5711435820734966 0.03319430800445424 0.03319430800445424
2 0.5502123693904973 0.4274390354073603 0.023837489337999784 0.034647720003181705
2 0.5417100734006788 0.5023299474060876 0.026944308004454243 0.03312158267027261
2 0.49492488538349766 0.37524018873326964 0.02067612667090888 0.0314863573360908
3 0.5195970740372255 0.2802276807367695 0.030287484006999675 0.051907945337363516
2 0.4531635520369074 0.2771112240610881 0.03315794533736351 0.030069308004454332
2 0.39458272410085904 0.7474595393857248 0.02712612133990877 0.04874658267027243
2 0.2485435181014953 0.7504470846992257 0.042496582670272606 0.027053396005727138
2 0.13701293539145187 0.4296613226845901 0.027035214672181552 0.04093408267027261
2 0.14380892274026932 0.5437874573519992 0.0377727200031817 0.02387385200509069
2 0.2629198126989076 0.24052719203531656 0.03017839600572696 0.042532945337363424
2 0.5933345660407253 0.3068634534134054 0.02845226400381797 0.02845226400381797
2 0.6370936567074981 0.30815378075267785 0.026944308004454243 0.03312158267027261
2 0.7367691294159509 0.6170844327657228 0.028379538669636162 0.022202264003817973
2 0.7394225094286775 0.7108526140992681 0.017532945337363513 0.02988749466899989
1 0.7551896760423162 0.32046397143535893 0.029996582670272432 0.026907945337363424
2 0.5049395161123129 0.833107232733906 0.036282945337363516 0.030105670671545327
2 0.9787191773949517 0.465233220798812 0.029960220003181704 0.023782945337363515
3 0.7724851693586807 0.1956821474379043 0.025636346674090583 0.054978401336727066
3 0.18278741736949833 0.26849710335772614 0.05196248933799978 0.03497498400699968
2 0.3266134267584048 0.6794902420432708 0.023710220003181702 0.023710220003181702
2 0.42012323802513524 0.19001975672340649 0.03486589600572696 0.04258748933799979
7 0.09216515408176897 0.6033346326782267 0.03014203333863612 0.03940794533736351
5 0.049287310749496195 0.610647146005727 0.030032945337363448 0.030032945337363514
5 0.021062313414996245 0.6017261320019089 0.02698067067154523 0.03624658267027261
7 0.1572328866963623 0.22054995202099903 0.042605670671545234 0.03642839600572696
7 0.21634644672976983 0.46729823002863496 0.029851132001908986 0.014407945337363514
7 0.2795447860439071 0.326646505370771 0.03144999466899989 0.017551126670908877
5 0.328293010741542 0.5553078547103617 0.04093408267027261 0.027035214672181597
4 0.27959242874758716 0.5992663927036801 0.014553396005727049 0.042351132001908987
4 0.27572144672976984 0.467989120703362 0.04569430800445433 0.03333975867281787
4 0.32545508068109025 0.11002262671067979 0.020712489337999785 0.034611357336090796
7 0.2484589653882702 0.4075237880330894 0.01449885200509069 0.03766363200190899
7 0.22628616275458685 0.6502016366963623 0.03949885200509069 0.037954533338636055
4 0.1821367207590412 0.682495968690317 0.036355670671545236 0.036355670671545326
2 0.2554282227482235 0.6036720820337258 0.020603401336727067 0.0252363573360908
4 0.356882182089405 0.6626572780474069 0.024092028007636036 0.0565227200031817
4 0.46699188407063313 0.5256759933959062 0.05844884667409058 0.055360209341181486
7 0.5802276807367696 0.523087890077951 0.04732953333863606 0.039607940006363404
7 0.6180276727402694 0.5493054920830416 0.03962612133990877 0.04889203333863605
5 0.8303800327020893 0.270564516112313 0.030196577339272324 0.044095445337363516
5 0.801482873368862 0.2710094114417223 0.03315794533736351 0.030069308004454332
5 0.8895277660327711 0.2517241567870399 0.04249658267027243 0.02705339600572696
5 0.9949772400143175 0.23265707813490288 0.010045519971365024 0.020457950668363534
7 0.951018702020999 0.1657326601288577 0.036319308004454244 0.03323067067154524
7 0.9858425953413406 0.14193208080040293 0.02831480931731889 0.02534544533736347
4 0.7922640567313607 0.48571680144013146 0.02231135200509051 0.03775453866963616
3 0.9679827667488599 0.6166502701304485 0.031849984006999676 0.05192612667090888
7 0.8691383761139038 0.8490622334499947 0.025454533338636055 0.039353401336727246
7 0.821117952100541 0.7500792934436313 0.02256589067472703 0.05962953866963616
5 0.536442960097041 0.7209890407383603 0.030214758672817865 0.04565794533736352
7 0.5027117554105419 0.5745225734006787 0.03017839600572696 0.042532945337363515
7 0.40439517079085796 0.919425446053452 0.04881930800445424 0.033376121339908596
5 0.26237984611708554 0.8654362853675893 0.04107953333863614 0.039535214672181594