5 0.5218776293212374 0.44154333472486157 0.016443353919208193 0.028488675911805574
7 0.5586298200708949 0.33622070829996575 0.03942621285298138 0.013409189779513931
6 0.8680719823825157 0.6408777196022231 0.0712505258642473 0.0875376740119446
6 0.6507146493129901 0.7373123892457645 0.09887542069139794 0.07100479065319458
6 0.692474656505633 0.052811409097396414 0.09579588479802066 0.07249455547083342
7 0.728640791699365 0.276158643329827 0.03197742570596294 0.025727351823611144
3 0.37045621865896916 0.2818747811538892 0.04475021034569897 0.035393292553055566
3 0.3716419486007095 0.4567838621759378 0.05403428213245363 0.03248649810013902
4 0.3153725989046433 0.07916670203170165 0.030596782132453627 0.031940984232430567
1 0.21556647868809903 0.1908289410137849 0.017823997492717503 0.022275043502986147
4 0.37933346199505164 0.18449128808774334 0.025454641066226812 0.016206881458888933
4 0.3992224131695506 0.1435760005686809 0.02251149749271759 0.022384146276527784
4 0.26081914271557943 0.16299553495361133 0.02857964106622681 0.016279616641249994
4 0.4997883659934022 0.24584897501746567 0.019568353919208192 0.02856141109416672
4 0.5578545817493775 0.39007240691319495 0.04139788981258565 0.027508057370694415
4 0.4020903150563301 0.3762975815907295 0.047329641066226814 0.016716027735416715
4 0.3382467754020291 0.4091633265567364 0.0350114974927175 0.022675087005972296
4 0.28356162391096096 0.32747626225218773 0.030414925705962936 0.025690984232430658
4 0.3637803213245362 0.32075544319798643 0.04420464106622681 0.016643292553055567
4 0.2121018125490476 0.3937357354667016 0.04117056927947216 0.019695557370694505
4 0.38960365307391376 0.6984446853142018 0.022738818025830908 0.03019664627652787
1 0.525702625956025 0.6266632171336809 0.022420569279472245 0.01925914627652787
1 0.5424271247023837 0.6379825768410768 0.02862510517284953 0.017842116641249996
1 0.22769337179938995 0.500276676196146 0.030096676959604097 0.01475348423243048
4 0.3088009678010394 0.4436104085287155 0.028943353919208194 0.028779616641249995
1 0.4321930036944167 0.44492094823197953 0.019341033386094785 0.02074891109416672
1 0.4804857511871342 0.4679051597629865 0.02219324874635866 0.011446646276527871
4 0.4319800550272002 0.4644340144363893 0.026926212852981378 0.013118249050069508
4 0.5599927094212622 0.6782081865484727 0.014698997492717502 0.02220230832062491
4 0.7648166017411302 0.6876598409931256 0.02857964106622681 0.016279616641249994
3 0.36507266600603744 0.7408133700597225 0.05679556927947216 0.020059233282499988
1 0.6860130224990352 0.28687728457236167 0.031841033386094966 0.021039851823611143
4 0.5333510237526764 0.2723939444322574 0.021130853919208194 0.028597778685347207
4 0.5011653463973609 0.10535126158659765 0.019568353919208192 0.028561411094166676
4 0.6728561414619383 0.18351589522968806 0.024073997492717502 0.02242051386770836
4 0.6577910826073073 0.22922778552229223 0.022602425705962936 0.025509146276527783
2 0.31302650039571145 0.15952634925815998 0.030414925705962936 0.025690984232430568
3 0.3805719823825157 0.6295310311538892 0.024710494985435004 0.04429551386770836
4 0.6988145508705651 0.35119435771062557 0.05817621285298138 0.013845600873680652
4 0.681339894364932 0.31409374800322976 0.015017246239076344 0.03313980832062509
4 0.30721939891727856 0.5770768719595836 0.03161371285298138 0.013227351823611145
4 0.4579421276053777 0.7663965579393753 0.014880853919208192 0.028452308320624908
4 0.5036661530739137 0.7010995194703824 0.017960389812585475 0.026962543502986235
4 0.33922791686396725 0.577041157578785 0.028716033386094873 0.020967116641250172
4 0.5567814782258806 0.5141820541396532 0.022329641066226813 0.016134146276527872
4 0.48123224577685786 0.3594023287409379 0.03175010517284953 0.017914851823611144
2 0.4324621251646022 0.3200118672099309 0.0193864974927175 0.022311411094166723
4 0.28671771615168673 0.30178593123013914 0.02724446159934022 0.02405574905006951
4 0.4495720349689405 0.6397249551658337 0.03473871285298138 0.013300087005972117
4 0.763616499933493 0.48542519376666726 0.028897889812585474 0.027217116641249994
4 0.6307525241483878 0.4269015661075005 0.028852425705962935 0.025654616641249996
4 0.4013030533778476 0.3224095153863198 0.025318248746358664 0.011519381458888844
4 0.7186580379384413 0.3087165701915631 0.017733069279472248 0.019150043502986058
2 0.7460161598043383 0.3366785692416326 0.022511497492717504 0.022384146276527784
2 0.6946869920159342 0.3971608211414936 0.022602425705962936 0.025509146276527873
4 0.562835249933493 0.48075195829996575 0.051091138558944496 0.038663762917777865
1 0.5148152870805116 0.4671427467689588 0.016261497492717502 0.02223867591180557
4 0.3900773630239013 0.580566854292153 0.01925010517284953 0.017623911094166722
4 0.9386786844149444 0.4379722315700702 0.028761497492717326 0.022529616641249993
2 0.8089336969513568 0.3256514566844452 0.01906824874635902 0.011373911094166722
2 0.774532301728495 0.18978603865642424 0.01800585391920819 0.028525043502986146
2 0.5867785859725195 0.042544096692708824 0.03496603338609496 0.02111258700597225
4 0.4743480967930722 0.2569676597629865 0.03988085391920819 0.02903418977951393
4 0.5427166297169487 0.5942689444322574 0.02848871285298138 0.013154616641249995
4 0.5188649749271754 0.23067856990722263 0.028670569279472247 0.019404616641249994
4 0.2791756522824909 0.3913932918874655 0.05725021034569897 0.035684233282500075
4 0.32017638849243735 0.5125786140757989 0.009829641066226812 0.015843205547083274
4 0.30809392563945587 0.4998058571419447 0.041079641066226816 0.016570557370694416
2 0.35166206921296517 0.4945741496950003 0.025545569279472248 0.019331881458888846
4 0.2766918467930723 0.252367159478646 0.03630121285298138 0.01333645459715278
4 0.1876173234361073 0.14255444196371542 0.0193864974927175 0.022311411094166678
4 0.1694152412245114 0.08045383225631958 0.02581835391920828 0.02870688145888891
4 0.220392719516899 0.11521134517409741 0.03482964106622681 0.01642508700597225
2 0.15551552876724134 0.2198793549577432 0.009738712852981469 0.012718205547083361
4 0.18523177249903516 0.27522147159899324 0.031613712852981465 0.013227351823611145
4 0.20634355753448266 0.43732208130638905 0.01300010517284953 0.017478440729444423
4 0.17347122156196307 0.4076702956871876 0.02425585391920828 0.028670513867708358
4 0.7064799498543508 0.4536472104841673 0.025545569279472248 0.019331881458888846
3 0.8108742816702353 0.3655133904800354 0.04447742570596276 0.026018292553055565
4 0.6346370759433897 0.13109875683694497 0.022329641066226813 0.016134146276527782
4 0.6142025554894186 0.15326404435600746 0.041079641066226816 0.016570557370694506
4 0.37958586309040826 0.11267083947451421 0.045948997492717504 0.02292966014423614
4 0.7140377002500621 0.6060636956665284 0.03997178213245363 0.03215918977951393
2 0.6918839039318435 0.5423096669811811 0.019113712852981378 0.012936411094166544
2 0.6704946372387961 0.5316624545002436 0.023846676959604095 0.014608013867708358
4 0.25191681881725375 0.34001197663298627 0.019568353919208283 0.02856141109416672
1 0.25697300950040447 0.7016034400638544 0.028670569279472157 0.01940461664125017
4 0.14169133880900647 0.630216789703264 0.03197742570596294 0.025727351823611144
2 0.19254914515635493 0.6071981702122224 0.022647889812585566 0.02707164627652787
4 0.6066631209414601 0.6722679642838895 0.022329641066226813 0.016134146276527872
4 0.49651025329870535 0.29417737224392404 0.02600021034569906 0.034956881458888846
4 0.5324129978884289 0.18649281202343795 0.016352425705962938 0.02536367591180557
4 0.3169413913954312 0.6428837099154864 0.025409176959604096 0.014644381458888845
4 0.27568590558119616 0.6739330349536112 0.02857964106622681 0.01627961664125017
2 0.34396689264907243 0.6325826427611461 0.01925010517284953 0.017623911094166722
2 0.324989572115959 0.6243337316669795 0.028761497492717503 0.022529616641250173
2 0.3157486159268951 0.7092172247331252 0.03220474623907634 0.03353985182361115
4 0.4259814222742436 0.6875805737069448 0.029034282132453626 0.031904616641249994
2 0.2550765742275301 0.44860572663298637 0.0193864974927175 0.022311411094166546
4 0.5130602219576745 0.5678148939954172 0.014653533386094786 0.020639808320624908
2 0.4820973784633075 0.6037881083762157 0.028943353919208194 0.028779616641249995
2 0.598062044602359 0.4034997804882991 0.028943353919208194 0.028779616641249995
2 0.6326309243858146 0.5182896323119103 0.03978992570596276 0.02590918977951393
4 0.6189381489172786 0.5843322064001046 0.022784282132453627 0.03175914627652787
4 0.16345371239076303 0.33170720773128487 0.047511497492717505 0.022966027735416717
4 0.3661815587881239 0.4301122594023961 0.023892141066226814 0.016170513867708357
4 0.7999250391255756 0.7673298104079173 0.013136497492717503 0.0221659407294446
4 0.7899590057394807 0.746799104860834 0.022556961599340397 0.023946646276527872
4 0.8540669698461034 0.7498526760992368 0.025545569279472248 0.019331881458888846
4 0.7412116171805364 0.708189893329827 0.022511497492717504 0.02238414627652787
4 0.5435958534569899 0.3561695323881602 0.01993206677218957 0.04106141109416672
1 0.4681866764973857 0.34036138801149346 0.025454641066226812 0.016206881458888843
4 0.4305479356685858 0.4152152644363893 0.02067621285298138 0.012972778685347209
4 0.4803289753228868 0.3820222111497573 0.023892141066226814 0.016170513867708357
1 0.3450637620741939 0.21414176728618087 0.019477425705962937 0.025436411094166722
4 0.43934993731793837 0.5567306172099309 0.020948997492717503 0.022347778685347208
0 0.47056283339873006 0.5293511528291324 0.01938649749271768 0.022311411094166723
4 0.49318301332783515 0.20665918844833375 0.025272784639736125 0.009956881458888933