4 0.35 0.7097088404244447 0.0296875 0.022565984232430482
4 0.36640625 0.6780594501318407 0.0296875 0.022565984232430482
2 0.89765625 0.9560494311332299 0.0734375 0.039209276785486226
4 0.1453125 0.9518196859797918 0.025 0.019331881458888846
2 0.08359375 0.9519456661281598 0.03125 0.030414851823611144
4 0.0828125 0.9284899823325695 0.0265625 0.017805749050069507
4 0.103125 0.8977127610179167 0.0140625 0.04095230832062526
4 0.09765625 0.8569604744487848 0.0140625 0.03157730832062526
4 0.10078125 0.8289082096311459 0.0265625 0.022493249050069507
4 0.09296875 0.7732576216752431 0.0234375 0.016170513867708357
4 0.0953125 0.8131559230620139 0.015625 0.01755117591180557
4 0.06484375 0.7882280050339932 0.015625 0.020676175911805574
4 0.07109375 0.7508734753987153 0.015625 0.014426175911805571
4 0.07265625 0.7727848429898959 0.021875 0.014571646276527872
4 0.084375 0.6918075999237501 0.0265625 0.019368249050069508
4 0.053125 0.6793614981001389 0.0265625 0.02093074905006951
4 0.06171875 0.6545615198516319 0.028125 0.02409211664125017
4 0.0828125 0.6284899823325695 0.0203125 0.03172277868534721
4 0.1078125 0.7212593637914584 0.0171875 0.019150043502986058
4 0.109375 0.679889481382639 0.01875 0.03481141109416672
4 0.1234375 0.744279289703264 0.0265625 0.02405574905006951
4 0.1453125 0.8041634359797918 0.0234375 0.016170513867708534
4 0.00703125 0.4986011541603125 0.0140625 0.015952308320624907
4 0.00625 0.4681142203647222 0.0125 0.014353440729444422
4 0.07421875 0.5814149605810764 0.0234375 0.019295513867708357
4 0.07421875 0.5728212105810764 0.021875 0.016134146276527872
4 0.025 0.5669881314588889 0.015625 0.026926175911805572
4 0.02890625 0.6764540504368404 0.01875 0.02387391109416672
4 0.175 0.9189169202122223 0.0234375 0.016170513867708534
4 0.18046875 0.9721692067813542 0.0234375 0.016170513867708534
4 0.20390625 0.9928797906531944 0.0203125 0.01424041869361119
4 0.2296875 0.970971035903542 0.03125 0.024164851823611146
4 0.21171875 0.9658653086049653 0.028125 0.016279616641249817
4 0.2546875 0.9958599734988542 0.0125 0.00828005300229151
4 0.26875 0.9703177256830557 0.0171875 0.01758754350298588
4 0.20859375 0.8907925734226044 0.0203125 0.01609777868534721
4 0.215625 0.8550187275829166 0.0234375 0.016170513867708534
4 0.21953125 0.8332346465608683 0.0234375 0.019295513867708537
4 0.19296875 0.8779288975107988 0.015625 0.026926175911805572
4 0.20546875 0.8055635882402432 0.0265625 0.01624324905006951
4 0.1875 0.7434266109416668 0.025 0.025581881458888844
4 0.18984375 0.7676999123284377 0.0203125 0.02391027868534721
4 0.2203125 0.7887215803564585 0.028125 0.025654616641250173
4 0.19609375 0.8280016326931599 0.015625 0.03005117591180557
4 0.16171875 0.7459515456871877 0.0203125 0.01922277868534721
4 0.25859375 0.8872688363403821 0.015625 0.03005117591180557
4 0.271875 0.8797654608654171 0.0234375 0.03648301386770854
4 0.26171875 0.7256228215227433 0.03125 0.028852351823611143
4 0.240625 0.7540381090418057 0.021875 0.025509146276527873
4 0.246875 0.768246079406528 0.01875 0.026998911094166723
4 0.24609375 0.8338528956109377 0.015625 0.03005117591180557
4 0.2328125 0.7187000210859029 0.0265625 0.017805749050069507
4 0.225 0.7325806831300001 0.028125 0.020967116641250172
4 0.215625 0.6550187275829169 0.025 0.027144381458888846
4 0.171875 0.5954066850298613 0.0265625 0.013118249050069508
4 0.19609375 0.5881578826931599 0.0265625 0.02093074905006951
4 0.17578125 0.5353413540078126 0.0203125 0.01609777868534721
4 0.24296875 0.6158114104285766 0.021875 0.03019664627652787
4 0.27890625 0.6143041150257293 0.0234375 0.019295513867708357
4 0.29765625 0.597553026119896 0.0171875 0.03321254350298623
4 0.28125 0.5557649164125003 0.0171875 0.03321254350298623
4 0.2828125 0.5315825340036808 0.01875 0.014498911094166723
4 0.31015625 0.5798752168493405 0.01875 0.02856141109416672
4 0.3203125 0.6269866061920142 0.0171875 0.03321254350298623
4 0.3203125 0.5957366061920142 0.025 0.025581881458888844
4 0.08046875 0.5432791809457986 0.0125 0.029978440729444424
4 0.084375 0.48868259992375007 0.015625 0.023801175911805573
4 0.071875 0.47042290919430557 0.021875 0.016134146276527872
4 0.0140625 0.441733558320625 0.0265625 0.019368249050069508
4 0.00625 0.4001454703647222 0.0125 0.01591594072944442
4 0.00390625 0.3711846689779514 0.0078125 0.023619337955902785
4 0.0109375 0.3408795731382639 0.021875 0.016134146276527782
4 0.02421875 0.3615011976632986 0.0203125 0.01922277868534721
4 0.03125 0.28744610182361113 0.021875 0.019259146276527785
4 0.01640625 0.23631935970739587 0.0234375 0.01773301386770836
4 0.00625 0.1704579703647222 0.0125 0.01591594072944442
4 0.025 0.16308188145888888 0.025 0.024019381458888933
4 0.03359375 0.20468815321038197 0.028125 0.022529616641249993
4 0.01875 0.18403016109416667 0.028125 0.019404616641249994
4 0.0390625 0.13294043977951392 0.0234375 0.019295513867708357
4 0.04140625 0.23690124116628475 0.028125 0.028779616641249995
4 0.0578125 0.23103310087368062 0.0203125 0.01922277868534721
2 0.05234375 0.17465581430454866 0.0109375 0.029942073138263893
4 0.07265625 0.2751285929898959 0.021875 0.022384146276527784
4 0.06875 0.3000376740119445 0.0234375 0.020858013867708358
4 0.053125 0.3215489981001389 0.0265625 0.022493249050069507
4 0.06875 0.2469126740119445 0.0203125 0.01609777868534721
4 0.08125 0.32689111474138893 0.0265625 0.01624324905006951
4 0.0828125 0.3550524823325695 0.028125 0.022529616641249993
4 0.1015625 0.3492388934267362 0.01875 0.022311411094166723
4 0.05546875 0.28175979948690977 0.0125 0.011228440729444423
4 0.0828125 0.1714587323325695 0.025 0.022456881458888932
4 0.13203125 0.417916811454757 0.03125 0.027289851823611145
4 0.159375 0.3919907443004168 0.0234375 0.016170513867708357
4 0.0984375 0.42182240824437506 0.021875 0.028634146276527873
4 0.0984375 0.3929161582443751 0.025 0.028706881458888934
4 0.12421875 0.47242247349885425 0.0203125 0.030160278685347208
4 0.1421875 0.4689344507974306 0.0265625 0.01624324905006951
4 0.15546875 0.5254935753224654 0.0234375 0.016170513867708357
4 0.103125 0.5406815110179167 0.021875 0.028634146276527873
4 0.128125 0.35220089247680564 0.028125 0.031904616641249994
4 0.10625 0.3087229962002779 0.0328125 0.03513871941479163
4 0.1359375 0.31566398043270844 0.0328125 0.02420121941479163
4 0.10625 0.27434799620027783 0.0203125 0.01609777868534721
4 0.128125 0.12798214247680567 0.0203125 0.01609777868534725
4 0.1359375 0.10082023043270845 0.0234375 0.02242051386770836
4 0.09921875 0.12965309203996536 0.01875 0.02699891109416668
4 0.1421875 0.2751844507974307 0.015625 0.023801175911805573
4 0.12109375 0.2481309883164932 0.0203125 0.01922277868534721
4 0.16015625 0.2935714280960071 0.0203125 0.01922277868534721
4 0.1609375 0.26780836189159735 0.0203125 0.01922277868534721
4 0.14140625 0.25094751700184037 0.0125 0.017478440729444423
4 0.2046875 0.518045404444653 0.028125 0.022529616641249993
4 0.22734375 0.560760234516771 0.01875 0.02074891109416672
4 0.1671875 0.45311008225631966 0.021875 0.023946646276527872
4 0.16875 0.42345894984750015 0.0171875 0.019150043502986058
4 0.2078125 0.44546188962701405 0.0265625 0.017805749050069507
4 0.1859375 0.4441714933504863 0.01875 0.017623911094166722
2 0.19140625 0.4903925299196182 0.025 0.024019381458888843
4 0.190625 0.46928059612402795 0.015625 0.020676175911805574
4 0.196875 0.4647385664887501 0.015625 0.026926175911805572
4 0.1828125 0.37613000816812514 0.0234375 0.03023301386770836
4 0.2015625 0.4164101692622918 0.0109375 0.029942073138263935
4 0.2046875 0.38679540444465293 0.021875 0.028634146276527873
4 0.215625 0.42376872758291684 0.01875 0.02387391109416672
4 0.225 0.45211193313000014 0.0265625 0.03343074905006951
4 0.19921875 0.287449367875521 0.01875 0.026998911094166723
4 0.1890625 0.26377547853284733 0.0203125 0.030160278685347208
4 0.184375 0.3113226257593057 0.0140625 0.020639808320624998
4 0.2421875 0.5728244766329864 0.0203125 0.03328527868534721
4 0.26640625 0.5796381742962848 0.0140625 0.02688980832062491
4 0.2828125 0.6276762840036808 0.0265625 0.014680749050069507
4 0.26796875 0.6484245418874656 0.0203125 0.01922277868534721
4 0.290625 0.7067643719595835 0.028125 0.022529616641249993
4 0.29609375 0.6756416585287155 0.0234375 0.03179551386770836
4 0.3140625 0.6885598858272919 0.0296875 0.01944098423243066
4 0.321875 0.7121792237831948 0.021875 0.028634146276527873
4 0.3140625 0.7838723858272919 0.0203125 0.01922277868534721
4 0.28125 0.7815461664125003 0.025 0.024019381458888843
4 0.30625 0.8258780478713892 0.025 0.022456881458888845
4 0.31484375 0.8081093196228822 0.025 0.024019381458888843
4 0.31875 0.8621064886008336 0.021875 0.020821646276527873
4 0.34140625 0.7915400686729517 0.0234375 0.01773301386770836
4 0.3296875 0.9178298117390975 0.025 0.020894381458888844
4 0.3 0.8851075775066668 0.0234375 0.025545513867708536
4 0.371875 0.9570929867009725 0.025 0.025581881458888844
4 0.3578125 0.9938623688254516 0.025 0.01227526234909675
4 0.3734375 0.985254354292153 0.028125 0.027217116641249817
2 0.34296875 0.9736076862641323 0.0109375 0.011192073138263935
4 0.3984375 0.9919913975107988 0.025 0.01601720497840233
4 0.41328125 0.9886303347733161 0.028125 0.022739330453367755
4 0.3953125 0.9537322505686809 0.0234375 0.019295513867708537
4 0.40859375 0.9438851250937155 0.0234375 0.019295513867708537
4 0.43046875 0.9568942713702434 0.0234375 0.017733013867708536
4 0.4484375 0.9338749986688197 0.0109375 0.037754573138263935
4 0.4234375 0.9254806172099308 0.028125 0.027217116641249817
4 0.3875 0.875425412612778 0.01875 0.017623911094166545
4 0.3890625 0.8356180302039586 0.025 0.028706881458888844
4 0.4171875 0.8276788968452088 0.0234375 0.016170513867708534
4 0.365625 0.8171037663362503 0.0203125 0.017660278685347208
4 0.36640625 0.7694657001318406 0.021875 0.025509146276527873
4 0.4 0.7749351033422226 0.025 0.025581881458888844
4 0.40078125 0.7546407871378129 0.0296875 0.022565984232430482
4 0.36953125 0.7273509353142018 0.021875 0.02238414627652787
4 0.409375 0.7118720588893059 0.0234375 0.02242051386770836
4 0.39140625 0.6661413315907294 0.025 0.027144381458888846
4 0.403125 0.6304765885245838 0.01875 0.017623911094166545
4 0.3765625 0.5743895894745142 0.025 0.017769381458888844
4 0.340625 0.6266781348773615 0.0171875 0.017587543502986237
4 0.340625 0.6477718848773615 0.021875 0.02238414627652787
4 0.359375 0.6005520459715281 0.0203125 0.020785278685347207
4 0.39296875 0.54586519918191 0.0234375 0.016170513867708357
4 0.36484375 0.5350543325406599 0.0140625 0.03313980832062491
4 0.3921875 0.5794407653863198 0.0265625 0.019368249050069508
4 0.2578125 0.40521940254479194 0.021875 0.025509146276527873
4 0.26484375 0.4421018067051044 0.0203125 0.01609777868534721
4 0.265625 0.4296199905006947 0.0265625 0.019368249050069508
4 0.27421875 0.4798200122521877 0.025 0.016206881458888843
4 0.2953125 0.4982797247331252 0.021875 0.03644664627652787
4 0.29140625 0.4411575557551739 0.021875 0.01925914627652787
4 0.23515625 0.4718795724726738 0.01875 0.026998911094166723
4 0.2453125 0.48539721181534745 0.015625 0.03317617591180557
4 0.221875 0.3504766979476391 0.01875 0.02387391109416672
4 0.23515625 0.31719207247267384 0.021875 0.014571646276527872
4 0.2359375 0.2922102562682641 0.01875 0.02856141109416672
4 0.21796875 0.3019482789696877 0.0203125 0.020785278685347207
4 0.1953125 0.2147021988975696 0.0234375 0.02554551386770836
4 0.16953125 0.17269588364309044 0.0109375 0.011192073138263935
4 0.1859375 0.16995274335048624 0.0171875 0.019150043502986148
4 0.18125 0.1417186405769446 0.0234375 0.03179551386770836
4 0.2015625 0.16406641926229182 0.0171875 0.017587543502986146
4 0.20859375 0.12126132342260434 0.01875 0.02699891109416668
4 0.24140625 0.12593129283739604 0.0265625 0.025618249050069465
4 0.2453125 0.20649096181534743 0.03125 0.03510235182361114
4 0.2546875 0.2410841673624308 0.01875 0.022311411094166723
2 0.27734375 0.2822364974345488 0.0125 0.029978440729444424
4 0.3484375 0.5776412228332642 0.025 0.025581881458888844
4 0.42578125 0.7849101685967017 0.015625 0.026926175911805572
4 0.4359375 0.7367090579393754 0.0140625 0.03938980832062491
4 0.36484375 0.46083558254066004 0.015625 0.026926175911805572
4 0.346875 0.4197923552420836 0.025 0.014644381458888845
4 0.36640625 0.39680945013184055 0.0265625 0.019368249050069418
4 0.38515625 0.3902146112260073 0.0171875 0.034775043502986144
2 0.3390625 0.3766417672861809 0.021875 0.02707164627652787
4 0.3421875 0.4540582524685419 0.01875 0.023873911094166544
4 0.30625 0.38447179787138913 0.0234375 0.020858013867708358
4 0.34140625 0.30169631867295166 0.0234375 0.02554551386770836
4 0.33359375 0.2890144807170489 0.0203125 0.03328527868534721
4 0.31171875 0.3392865844405211 0.025 0.022456881458888845
4 0.29453125 0.34748029093753496 0.01875 0.019186411094166723
4 0.32734375 0.2255877603523267 0.0140625 0.03313980832062509
4 0.36171875 0.2318565973582989 0.021875 0.028634146276527873
4 0.33984375 0.1790037010817711 0.0203125 0.020785278685347207
4 0.32421875 0.15598377516996553 0.0203125 0.03641027868534721
4 0.2671875 0.1452813580918752 0.0140625 0.033139808320625
4 0.2828125 0.11127003400368078 0.021875 0.019259146276527785
4 0.328125 0.12716844414791692 0.0140625 0.036264808320624994
4 0.35390625 0.14964350940239615 0.0203125 0.01922277868534721
4 0.33359375 0.08823323071704889 0.025 0.03026938145888889
4 0.35625 0.09891681078916696 0.0265625 0.019368249050069463
4 0.3734375 0.08837935429215309 0.0171875 0.03321254350298615
4 0.38671875 0.11837597881718782 0.0140625 0.022202308320624996
4 0.39375 0.15603963297750031 0.0171875 0.03321254350298615
4 0.365625 0.1702287663362503 0.01875 0.03324891109416668
4 0.37421875 0.2258975380877434 0.0203125 0.014535278685347208
4 0.41171875 0.20489536027607674 0.0203125 0.020785278685347207
4 0.42109375 0.23558231582316008 0.025 0.022456881458888932
4 0.42109375 0.16995731582316007 0.0203125 0.020785278685347207
4 0.4390625 0.14537554312173648 0.01875 0.02699891109416668
4 0.44765625 0.19479431487322954 0.0265625 0.019368249050069508
4 0.43203125 0.29286813896142394 0.0234375 0.016170513867708357
2 0.4078125 0.29386694129812535 0.0171875 0.014462543502986059
4 0.41796875 0.34019708064079895 0.0171875 0.02383754350298615
4 0.42109375 0.31136356582316005 0.025 0.024019381458888933
4 0.41796875 0.44644708064079897 0.0296875 0.01944098423243066
4 0.4421875 0.46419827830409766 0.025 0.019331881458888846
4 0.5015625 0.4952677467689588 0.021875 0.016134146276527872
4 0.50078125 0.5843120629733685 0.025 0.016206881458888843
4 0.51953125 0.5745922240675352 0.025 0.025581881458888844
4 0.5359375 0.513255333774931 0.0234375 0.019295513867708357
4 0.52265625 0.5184149592498963 0.0265625 0.025618249050069507
2 0.53359375 0.5835132823881601 0.0109375 0.011192073138263935
4 0.51796875 0.9776808564763545 0.0265625 0.019368249050069154
4 0.54296875 0.9868564879352435 0.021875 0.02238414627652787
4 0.51953125 0.9488109740675352 0.0203125 0.01922277868534721
4 0.4734375 0.9172693801277088 0.0203125 0.03172277868534721
4 0.465625 0.9413062921718061 0.0203125 0.03328527868534721
4 0.484375 0.989475881268264 0.025 0.021048237463471862
2 0.45078125 0.8597108000555906 0.015625 0.01755117591180557
4 0.47890625 0.8580216666968408 0.0171875 0.01290004350298588
4 0.5125 0.8970848199072226 0.025 0.0224568814588892
4 0.45546875 0.8004449028291324 0.025 0.03183188145888884
4 0.4953125 0.8216847764042365 0.0140625 0.01907730832062491
4 0.5109375 0.8509547023160421 0.0203125 0.030160278685347208
4 0.5359375 0.8835678337749311 0.021875 0.03019664627652787
4 0.55625 0.9262281124602783 0.0203125 0.030160278685347208
4 0.56328125 0.9537355166205908 0.0171875 0.022275043502986237
4 0.49296875 0.8044427250174657 0.0234375 0.020858013867708535
4 0.5203125 0.8019541578631255 0.025 0.022456881458888845
4 0.51015625 0.7790615185204517 0.0296875 0.022565984232430482
4 0.59296875 0.9223952508530214 0.0265625 0.019368249050069154
4 0.5703125 0.8382741707809032 0.0234375 0.016170513867708534
4 0.53828125 0.8179973851617017 0.025 0.025581881458889198
4 0.528125 0.9185422458190281 0.028125 0.025654616641249815
4 0.4984375 0.7498825115865977 0.0234375 0.020858013867708358
4 0.47109375 0.6992460787409379 0.01875 0.02074891109416672
4 0.4578125 0.6778432042159033 0.0296875 0.01944098423243048
4 0.4890625 0.6770080560395144 0.021875 0.03019664627652787
4 0.4859375 0.6480290708571532 0.021875 0.028634146276527873
4 0.44921875 0.6487369324644101 0.0125 0.025290940729444423
2 0.43515625 0.653878374143785 0.0140625 0.012827308320624908
4 0.446875 0.5932136310776392 0.0234375 0.01773301386770836
4 0.42734375 0.5622902861878823 0.01875 0.01606141109416672
4 0.43203125 0.41474313896142395 0.0171875 0.01602504350298606
4 0.384375 0.296446427430417 0.0234375 0.01773301386770836
4 0.4421875 0.31576077830409754 0.0203125 0.01922277868534721
4 0.39765625 0.3397243019554517 0.0171875 0.030087543502986147
4 0.64296875 0.9048090137707991 0.0375 0.03993532218833309
4 0.61171875 0.840019161947188 0.0265625 0.01624324905006951
4 0.60078125 0.805389588808924 0.021875 0.02238414627652787
4 0.5984375 0.7475225374221532 0.0234375 0.02554551386770836
4 0.5859375 0.6956690966927088 0.0265625 0.017805749050069507
4 0.54921875 0.6885644582999657 0.015625 0.011301175911805572
4 0.58203125 0.6619844277147575 0.0234375 0.01617051386770818
4 0.61171875 0.634550411947188 0.025 0.020894381458888844
4 0.63671875 0.6320072934060769 0.0234375 0.023983013867708357
4 0.5515625 0.6323690096867366 0.025 0.017769381458888844
4 0.565625 0.6037900680073616 0.021875 0.016134146276527872
4 0.57109375 0.5468861045764936 0.025 0.025581881458888844
4 0.57421875 0.5813338397588547 0.0234375 0.033358013867708355
4 0.5421875 0.4290258041396532 0.0140625 0.03157730832062491
4 0.5359375 0.410130333774931 0.0265625 0.019368249050069508
4 0.5453125 0.38925478932201435 0.0203125 0.01922277868534721
4 0.59921875 0.5498844712177435 0.0265625 0.03499324905006951
4 0.58671875 0.5284997804882992 0.0265625 0.014680749050069507
4 0.590625 0.5364031994662504 0.021875 0.016134146276527872
4 0.59375 0.49116343464861156 0.0265625 0.027180749050069508
2 0.56953125 0.45856848698531294 0.0078125 0.015806837955902785
4 0.56328125 0.4396730166205908 0.0234375 0.01773301386770836
4 0.575 0.4235395235544449 0.025 0.025581881458888844
4 0.56640625 0.39912075180295187 0.0171875 0.014462543502986147
4 0.52421875 0.38407632684107684 0.021875 0.022384146276527784
4 0.51796875 0.3237746064763546 0.01875 0.026998911094166723
4 0.53828125 0.3351848851617018 0.0234375 0.033358013867708355
4 0.53359375 0.30382578238816016 0.0265625 0.019368249050069508
4 0.51640625 0.27920698888517403 0.0265625 0.01624324905006951
4 0.4953125 0.3005910264042365 0.021875 0.022384146276527784
4 0.5171875 0.22844392268076433 0.028125 0.025654616641249996
2 0.50703125 0.24461378333809067 0.0203125 0.014535278685347208
4 0.4859375 0.2613103208571532 0.0203125 0.03641027868534721
4 0.4953125 0.19668477640423654 0.015625 0.014426175911805571
4 0.49453125 0.15369784260864625 0.0125 0.023728440729444467
4 0.490625 0.10282567363069486 0.0203125 0.03328527868534725
4 0.51953125 0.11990472406753516 0.0203125 0.014535278685347253
4 0.46796875 0.09057959355857678 0.0140625 0.034702308320625
4 0.56171875 0.1044803990294102 0.0265625 0.033430749050069465
4 0.55 0.144051392095556 0.01875 0.03324891109416668
4 0.55 0.190926392095556 0.028125 0.03502961664125004
4 0.6859375 0.9519028725282646 0.025 0.027144381458888846
4 0.66484375 0.882661910047327 0.0234375 0.019295513867708537
4 0.659375 0.842690873478195 0.025 0.028706881458888844
4 0.6375 0.8468692272016671 0.021875 0.028634146276527873
4 0.68828125 0.7511761739150353 0.0171875 0.030087543502986237
4 0.6515625 0.6909465355222922 0.01875 0.02074891109416672
2 0.6640625 0.7279562262517366 0.0125 0.0284159407294446
4 0.6328125 0.5537913744281255 0.0296875 0.022565984232430482
4 0.64921875 0.5713607341355214 0.01875 0.014498911094166723
4 0.62890625 0.5310442054501742 0.0140625 0.011264808320624908
4 0.621875 0.5050993012898616 0.021875 0.016134146276527872
4 0.61015625 0.4845140443560075 0.0125 0.028415940729444422
1 0.625 0.4715782864722227 0.0203125 0.017660278685347208
4 0.6453125 0.35798856515757 0.025 0.019331881458888846
4 0.65625 0.42230563829583384 0.0328125 0.024201219414791808
4 0.6328125 0.39519762442812556 0.028125 0.02877961664125008
4 0.63046875 0.33733057304135466 0.0171875 0.012900043502986059
4 0.5859375 0.2972315966927088 0.03125 0.025727351823611144
4 0.6140625 0.28772996333395884 0.0234375 0.02554551386770836
4 0.5890625 0.25824183187506994 0.021875 0.022384146276527784
4 0.58203125 0.15651567771475744 0.025 0.022456881458888932
4 0.63515625 0.2710334258148964 0.0203125 0.01922277868534721
4 0.6125 0.21894359574277827 0.0234375 0.016170513867708357
4 0.61796875 0.11516463231191024 0.01875 0.03324891109416668
4 0.67109375 0.039057380412049175 0.0296875 0.02256598423243058
4 0.703125 0.09995916603125059 0.028125 0.01940461664125004
4 0.67578125 0.18135398318559084 0.0265625 0.042805749050069467
4 0.64921875 0.1924544841355214 0.015625 0.02223867591180557
4 0.65703125 0.15513632209142417 0.0140625 0.030014808320624996
4 0.7203125 0.9862967095342366 0.021875 0.013009146276527873
4 0.7421875 0.9797746058107645 0.0171875 0.012900043502986236
4 0.73515625 0.9366422016504519 0.0234375 0.019295513867708537
4 0.7484375 0.8533575761754868 0.0203125 0.020785278685347207
4 0.72890625 0.7943092312857297 0.025 0.028706881458888844
4 0.72578125 0.7661114961033687 0.028125 0.028779616641249995
4 0.70546875 0.6984512174180214 0.0203125 0.022347778685347208
4 0.7125 0.713458621578334 0.0203125 0.01922277868534721
4 0.690625 0.6816994753018062 0.0125 0.029978440729444424
4 0.68359375 0.6096608211414936 0.028125 0.022529616641249993
4 0.6703125 0.642164196616459 0.015625 0.02223867591180557
4 0.77578125 0.9758690090211465 0.0140625 0.01907730832062491
4 0.809375 0.9375884122315284 0.0234375 0.031795513867708534
4 0.7796875 0.8470536779990979 0.0171875 0.03165004350298588
4 0.77578125 0.7930565090211464 0.0171875 0.034775043502986235
4 0.7640625 0.7084087520872924 0.025 0.024019381458888843
4 0.76796875 0.6709996710652437 0.01875 0.030123911094166546
4 0.7375 0.6312280030372228 0.028125 0.019404616641249994
4 0.73984375 0.7055013044239937 0.0171875 0.01758754350298606
4 0.73046875 0.6584080988769103 0.0203125 0.01609777868534721
4 0.7296875 0.6435461650813201 0.0265625 0.022493249050069507
4 0.7171875 0.5901302243518757 0.0296875 0.02100348423243048
4 0.709375 0.5157296363959729 0.021875 0.025509146276527873
4 0.7 0.45144893084888943 0.028125 0.025654616641250173
4 0.7171875 0.46825522435187567 0.0265625 0.031868249050069505
4 0.7171875 0.3955989743518756 0.0265625 0.02093074905006951
4 0.7359375 0.3702541354460423 0.021875 0.030196646276527784
4 0.70703125 0.283643835009202 0.01875 0.036373911094166725
4 0.68515625 0.2542284387326742 0.025 0.03183188145888893
4 0.7046875 0.043745533622431144 0.025 0.02245688145888891
4 0.70859375 0.18914895260038253 0.015625 0.026926175911805572
4 0.7125 0.21580237157833393 0.021875 0.028634146276527783
4 0.7046875 0.14765178362243114 0.0265625 0.016243249050069464
4 0.70390625 0.13747734982684087 0.0265625 0.013118249050069464
4 0.7296875 0.20135866508132008 0.0234375 0.019295513867708357
4 0.74765625 0.34708939237989644 0.01875 0.03481141109416672
4 0.76640625 0.5006508034740632 0.028125 0.02721711664125017
4 0.76875 0.569455354860834 0.021875 0.03019664627652787
4 0.7890625 0.5863343835461812 0.01875 0.017623911094166722
4 0.796875 0.569328721502084 0.025 0.024019381458888843
4 0.81640625 0.6135333163918409 0.0203125 0.01922277868534721
4 0.78125 0.6213087955902784 0.021875 0.023946646276527872
4 0.78203125 0.6549207293858688 0.0109375 0.014317073138263936
4 0.8015625 0.6913128242756257 0.03125 0.030414851823611144
4 0.80546875 0.7742162432535771 0.025 0.016206881458888843
4 0.834375 0.7545765436904174 0.025 0.017769381458888844
1 0.846875 0.6415862344198618 0.0203125 0.01922277868534721
4 0.80234375 0.631956008071216 0.025 0.025581881458888844
4 0.76640625 0.45846330347406317 0.021875 0.028634146276527873
4 0.721875 0.4949268271254173 0.0234375 0.014608013867708358
4 0.74453125 0.4759229071975353 0.0296875 0.01944098423243048
4 0.76328125 0.39901556829170204 0.0125 0.02372844072944442
4 0.79296875 0.4153315525241326 0.0296875 0.02256598423243066
4 0.7703125 0.3913667224520146 0.0125 0.025290940729444423
4 0.75 0.2768314437666673 0.01875 0.030123911094166723
4 0.76953125 0.22728603865642424 0.0234375 0.01773301386770836
4 0.74296875 0.2336990396063548 0.0171875 0.02383754350298615
4 0.75546875 0.14336498033579925 0.0234375 0.016170513867708357
4 0.74765625 0.11740189237989647 0.0265625 0.020930749050069464
4 0.7234375 0.1262131947165978 0.0265625 0.019368249050069463
4 0.73125 0.14514503267250062 0.03125 0.024164851823611146
4 0.734375 0.03193651785486172 0.028125 0.030342116641250017
4 0.75859375 0.09187521551816036 0.0171875 0.03165004350298615
4 0.77578125 0.09540025902114649 0.0109375 0.029942073138263893
4 0.77734375 0.11887412661232703 0.0234375 0.019295513867708357
4 0.80234375 0.14289350807121598 0.025 0.03183188145888893
4 0.8 0.10065145668444511 0.0234375 0.03023301386770836
4 0.81171875 0.06733046361829928 0.021875 0.030196646276527784
4 0.8203125 0.09799923536979235 0.0265625 0.030305749050069462
4 0.8234375 0.13791572055215345 0.0203125 0.01922277868534721
4 0.821875 0.22537935296097295 0.015625 0.036301175911805574
4 0.80546875 0.2601537432535771 0.015625 0.03005117591180557
4 0.80234375 0.20383100807121596 0.025 0.025581881458888844
4 0.959375 0.8926422009848618 0.025 0.0193318814588892
4 0.96015625 0.9340666347804522 0.01875 0.022311411094166546
4 0.9046875 0.8249630852935426 0.0265625 0.01624324905006915
4 0.9390625 0.8242006722995147 0.0296875 0.02100348423243048
4 0.86484375 0.8193482117184383 0.025 0.017769381458888844
4 0.8109375 0.840749779822709 0.025 0.0287068814588892
4 0.84453125 0.864187933033091 0.0203125 0.02703527868534721
4 0.83984375 0.9297038302595493 0.0296875 0.01944098423243048
4 0.81796875 0.8104446839830215 0.0265625 0.027180749050069508
4 0.87734375 0.7727641524478827 0.021875 0.028634146276527873
4 0.884375 0.6830840566081952 0.025 0.017769381458888844
4 0.89453125 0.6583204459508688 0.0265625 0.03343074905006951
4 0.88984375 0.6324300931773271 0.025 0.022456881458888845
4 0.86953125 0.6108635644919799 0.0265625 0.02405574905006951
4 0.88515625 0.5979459904037855 0.0171875 0.022275043502986057
4 0.8578125 0.5605908075581257 0.0171875 0.01758754350298606
4 0.86015625 0.5145516089448966 0.0171875 0.03321254350298623
4 0.8765625 0.5407147186522924 0.0328125 0.022638719414791807
4 0.83515625 0.5405322274860076 0.0203125 0.03172277868534721
4 0.8578125 0.4566845575581257 0.0171875 0.03946254350298606
4 0.8484375 0.41427885201104236 0.021875 0.03019664627652787
4 0.85625 0.38086693996694515 0.0171875 0.03165004350298606
4 0.81875 0.3424941177786118 0.0265625 0.02874324905006951
4 0.846875 0.33689873441986184 0.015625 0.02223867591180557
4 0.85703125 0.3144788737625354 0.03125 0.028852351823611143
4 0.9390625 0.6515444222995146 0.0234375 0.03179551386770836
4 0.9203125 0.601889261205348 0.0171875 0.03790004350298606
4 0.925 0.4957483639788897 0.0265625 0.019368249050069508
4 0.88359375 0.3385346228126049 0.0328125 0.03513871941479163
4 0.90234375 0.47725228390677155 0.025 0.022456881458888845
4 0.90625 0.46093695288472303 0.0390625 0.02434668977951393
4 0.85234375 0.2526510209889937 0.0203125 0.028597778685347207