7 0.7976083365484505 0.4965315824351519 0.03924430718159222 0.032841674904859806
4 0.7523912853187866 0.5147841753247893 0.03619203005422946 0.045214340912470875
4 0.6536947100850174 0.4742639460850359 0.02041249394987581 0.01801517095052709
4 0.5620253605525557 0.567082798860505 0.025272710772388508 0.047893671939110226
2 0.6716185291704665 0.6001261091268976 0.05964771077238851 0.04929434585538672
2 0.7160623789975158 0.31465418273916307 0.05970225292686635 0.0586693458553869
2 0.6479679266129427 0.6987691975679107 0.06448065651766229 0.07448534684397004
2 0.6529917698988885 0.7563906965793276 0.05184430113146821 0.05053851087441501
2 0.5468589028052293 0.5122188853243518 0.0833488311856975 0.09556185079830275
2 0.3826832941975812 0.63377950342286 0.11480790944452864 0.1327726907221905
2 0.36878792407885985 0.3944450893924152 0.056695427594901295 0.07885451186299805
2 0.06714465260883754 0.6614839866541271 0.05043633723582166 0.07703734387822045
2 0.03364076443793946 0.40966416007611217 0.06289997579950318 0.07129667984777566
2 0.21741333908253338 0.8358725385175628 0.06929542154477711 0.09655134783255334
2 0.16208795130441875 0.32550538289007486 0.0628636143631847 0.06504667984777565
4 0.1591316438282388 0.48894580038056085 0.022038626463433086 0.029016337946721472
7 0.18211917105379777 0.410647045437645 0.028343168617910842 0.038646005931498986
7 0.4465861920328408 0.4694185730807928 0.026817030054229286 0.044832338935304604
4 0.22913559250037893 0.5673626190499104 0.042351126463433086 0.029844008897248565
7 0.37437432786604774 0.28012792140763765 0.039207945745273864 0.026591674904859808
7 0.33552999648395854 0.3192195963124974 0.032967036104353475 0.027899506920082296
4 0.4161482165279251 0.20731516251038906 0.02836134933607006 0.04177100593149907
4 0.6123111859827166 0.4798573714841874 0.031495439695149584 0.04346083992388792
4 0.6241521349494443 0.3660667855146322 0.028434072208706952 0.05427100593149907
2 0.7073646107489474 0.4314424347163294 0.04242384933607006 0.04234400889724856
7 0.5566697191602039 0.45243004984908824 0.03774543969514958 0.04371550790866543
7 0.7270423482559155 0.7244602642600939 0.04237839754067192 0.03453150889724856
2 0.41856521028140925 0.3541264955141947 0.04239657825883114 0.037656508897248565
2 0.4249288397699044 0.3734030775294171 0.03926248789975162 0.03596667490485981
2 0.3713594539366974 0.5678189223962209 0.056586343285945875 0.060104511862997964
2 0.31569980639602546 0.5372666007611218 0.02521816861791084 0.038518671939110224
7 0.292894607232906 0.7812221892021347 0.031477258976990455 0.04033583992388774
4 0.478726005460949 0.3524565661607106 0.047302246876741984 0.07534750988583169