2 0.2972331442587814 0.1220542209400421 0.055035009885831696 0.049659163274411534
2 0.5624788008748525 0.18371317446722968 0.07640067391627667 0.03830558344622807
2 0.3099785419776039 0.2127577860689045 0.05608817391627659 0.03724105042954129
0 0.41582268228205255 0.3435717740831169 0.18462435079830275 0.09231140999505119
4 0.01861073714841873 0.14016797659425168 0.03722147429683746 0.03658595318850333
4 0.14006529000043752 0.2132480297373264 0.04945617193911027 0.027538501809022266
4 0.4071453606469534 0.2875298139972086 0.04052684091247105 0.03798467887824382
4 0.24673717087616504 0.7848884136130958 0.029462006920082294 0.034286468792335434
4 0.390450020191593 0.7164770075747735 0.046331171939110224 0.02737472749876275
2 0.3821401130812303 0.67063224106643 0.033767504942915846 0.025157130257724702
2 0.2695127790888415 0.667861365897088 0.028952670950527094 0.02178646879233561
4 0.1229163047920041 0.538043311849502 0.03395850593149907 0.029844630257724703
4 0.39867765015309936 0.4953423139972086 0.04932883794672147 0.024413501809022263
4 0.2658160706093349 0.4703722122336148 0.024519838935304607 0.027790807326946342
4 0.23514704935479663 0.569761380596409 0.02276633794672147 0.023021420171816586
4 0.25668646832815734 0.5599293571906607 0.032268671939110226 0.026637743102595125
4 0.30736690064739103 0.48820816542211815 0.027644838935304606 0.027954581637205676
4 0.45364899304273676 0.45281397727162015 0.03370383794672147 0.0235946302577247
4 0.3483248230807928 0.46295253787792684 0.04620383794672147 0.024249727498762752
4 0.24822536950702095 0.6330802521477066 0.04620383794672147 0.024249727498762752
4 0.03044093920213477 0.5926688568519765 0.06088187840426954 0.029756099050060315
4 0.14061579935479662 0.5648072077110591 0.03539367193911027 0.026801517412854636
4 0.3449557894689649 0.6224913121881863 0.0497745069200823 0.035351001809022266
4 0.16827127266305092 0.6930893379687839 0.019450336958138338 0.018170145861557074
2 0.08630368965924531 0.6872277623244718 0.03395850593149907 0.029844630257724703
2 0.12187377513450885 0.6789139733148912 0.04170733893530465 0.02869156603337366
2 0.1799409431192864 0.6756937980546921 0.027390170950527093 0.021704581637205678
2 0.4948085508376714 0.5763233983479479 0.029143671939110227 0.02647396879233561
2 0.32957216448755544 0.42360675486124 0.022639003954332715 0.019896420171816587
2 0.02682916646472176 0.39834564676606815 0.036637836958138305 0.019070904567984305
2 0.010114498992826303 0.4160311137493814 0.020228997985652607 0.02178646879233561
2 0.3922220617120863 0.5192744589542545 0.024456171939110226 0.026228307326946344
2 0.3974520952867332 0.7559898869279872 0.04314250494291585 0.02564845318850324
2 0.24288927068588456 0.7063949214150119 0.024201503954332716 0.019978307326946165
2 0.4779738779099779 0.6051920267966503 0.039762836958138335 0.019234678878243726
2 0.041138428290538806 0.7388821155584037 0.030451503954332694 0.02030585594746519
4 0.1303945878723594 0.7772253205559293 0.04177100593149907 0.030254066033373484
2 0.09683267137045659 0.7746834967206396 0.016261669961943913 0.016443871551297562
4 0.5206468561611481 0.7107736414505428 0.03670150395433271 0.020633404567984216
4 0.5408611970736191 0.6758187873120999 0.03839133794672147 0.023840291723114148
2 0.6300138803814359 0.6014163308442363 0.027390170950527093 0.021704581637205678
2 0.5095077207996154 0.5614353827441156 0.0510186719391104 0.027620388964152198
2 0.5204107287082806 0.5244267056748942 0.036765170950527094 0.022195904567984214
2 0.46910289669305827 0.5154744295556123 0.039762836958138335 0.019234678878243726
2 0.4615304772254059 0.5283871873575284 0.05707767095052709 0.023260437584671046
4 0.403609253385679 0.797024322703636 0.01964133794672147 0.022857645861557075
2 0.1240835794694024 0.8168234090905401 0.058703837946721474 0.024904824739800803
4 0.273262520191593 0.710335470940042 0.03057883794672147 0.02343085594746519
4 0.3099361437273087 0.5212253833099425 0.033449169961943956 0.017344630257724702
4 0.1853818127006695 0.5037369108995623 0.03064250494291585 0.02499335594746519
2 0.20221382703512553 0.43650514529573015 0.022639003954332715 0.019896420171816587
4 0.0583921842592189 0.31544461555840375 0.03370383794672147 0.02359463025772479
4 0.12360464327019823 0.11765224672063965 0.027326503954332716 0.020142081637205766
4 0.6355687909890207 0.23451875791345778 0.021331171939110403 0.02606453301668683
4 0.7080977069966319 0.24145151062699127 0.05701400395433272 0.021697937584671045
4 0.7701347919776038 0.23687355325461645 0.02276633794672147 0.023021420171816586
4 0.16736261904991043 0.23503449852966196 0.019450336958138293 0.018170145861556984
2 0.2774712232338922 0.9336877617586449 0.027390170950527093 0.021704581637205678
2 0.17163240011591832 0.879600048054692 0.03670150395433271 0.020633404567984216
4 0.6885108354009015 0.8182187285148157 0.04983817391627667 0.03691350180902227
2 0.506317759317178 0.7742219877870697 0.016134335969555203 0.013318871551297563
2 0.5824358848300601 0.577784079035214 0.02713550296574958 0.015454581637205677
4 0.5882879312934695 0.35730780472495444 0.03689250494291585 0.025320904567984213
4 0.5955366985936749 0.2754812726127788 0.01951400395433254 0.019732645861557076
4 0.3801146284414506 0.20155801447217847 0.03845500494291585 0.02540279172311406
4 0.25787753110318895 0.2616998971047525 0.016452670950527094 0.021131371551297563
4 0.08865664030444868 0.1299132293077851 0.019450336958138293 0.01817014586155703
4 0.6370397435742093 0.06391965287050363 0.01964133794672147 0.02285764586155703
7 0.49385749897423575 0.42673615614986404 0.030515170950527092 0.02186835594746519
2 0.21392064817593304 0.49505462969189795 0.03214133794672147 0.023512743102595123
2 0.20773165657888998 0.45480144391624916 0.03539367193911023 0.026801517412854636
2 0.27864633444949927 0.40527947874195824 0.02758117193911023 0.02639208163720568
1 0.07738097030532372 0.5411373343507393 0.02276633794672147 0.023021420171816586
1 0.04664030627487885 0.5269995912481441 0.027135502965749514 0.015454581637205677
4 0.28135088730151814 0.5502611080951718 0.031759335969555116 0.014137743102595125
4 0.7281277282139891 0.537661447307151 0.05551517095052709 0.02317855042954129
4 0.6804542321683218 0.5163729454981288 0.041580004942915846 0.02556656603337366
4 0.27709849152268096 0.8467642938708206 0.03214133794672147 0.023512743102595123
4 0.4981604080245837 0.8591325763216805 0.01964133794672147 0.022857645861557075
2 0.5731922415226809 0.8622819097679086 0.03214133794672147 0.023512743102595123
2 0.5204889135361533 0.042153116235772246 0.059022172927693364 0.032717324739800824