4 0.26219862216227385 0.46012542776159115 0.034012535713814976 0.06932274431795715
2 0.38319868912567695 0.3291463888013653 0.05273526217486459 0.06808752678536116
2 0.2959868356343847 0.1799333672910099 0.0501011858759707 0.0961579797074605
2 0.0979914407472347 0.06858063027665341 0.06874209172016939 0.09023526217486462
4 0.16161578977430002 0.22679650487126396 0.03988070616851021 0.04755683847375849
2 0.30070596875370714 0.5359924525183575 0.062110262174864594 0.06825116801906325
5 0.6459129232973643 0.2675468210271834 0.018087526785361165 0.05186250892845372
7 0.7467293551161452 0.35326040422593613 0.022420470779006864 0.03163182954530477
2 0.5804889261400333 0.5256417390462467 0.04031708279171564 0.07255683847375849
5 0.6935638502481766 0.6697172471639214 0.02280230032431163 0.053506829545304765
3 0.4511287086074375 0.509155442779125 0.03820911201270878 0.0412795649348082
2 0.20447980519887082 0.5899998883943283 0.06394549756436803 0.08390344155801373
2 0.15045655276323883 0.5081555990270653 0.05613299756436803 0.08376707386326174
2 0.14529967411143851 0.624616396104966 0.07189436525911974 0.09185230925276536
2 0.04562695657884258 0.6076119025977877 0.060520488635914284 0.0666613944801128
7 0.11876226786020276 0.44466584334502246 0.030587526785361207 0.052080697240056394
2 0.22930212175523676 0.286533969157449 0.040262535713814974 0.06943183847375849
7 0.16265218425441294 0.16742150487126398 0.013045470779006774 0.03146818831160272
1 0.3026380304388092 0.06735154667415887 0.024119338473758488 0.039471603084255104
2 0.08636459943410242 0.33198461120192996 0.04478639448011292 0.06013865909060954
4 0.3470240409954113 0.7460571992719467 0.04429547077900686 0.032013659090609534
2 0.45921176420675475 0.3145423721622739 0.06509889448011279 0.060493215096963926
7 0.43320441761532147 0.2384571590939048 0.02231137662320535 0.025381829545304768
2 0.5191867820636623 0.27913097768216094 0.0256545649348082 0.03793637662320544
4 0.20352482589515208 0.3315015957806544 0.04435001785690744 0.035138659090609536
4 0.13058793222581805 0.2593595888807956 0.02837046185055305 0.014553423701106105
7 0.08642705479183373 0.4178948376629796 0.025600017856907485 0.034811376623205346
5 0.2030422159143334 0.7618476148553779 0.03492047077900677 0.03185001785690744
7 0.24153592573629154 0.8384958896121443 0.040897735389503434 0.016334112012708603
5 0.3533734525216528 0.7849969683466702 0.02247501785690744 0.03475682954530477
4 0.4462370625057668 0.8341418060096497 0.027707988635914303 0.06608865016215582
7 0.1461649245184756 0.7987669622575903 0.013209112012708867 0.04084318831160268