4 0.7049621422444339 0.5405108197322949 0.037303681824942106 0.07327567391627668
2 0.5853287800774247 0.6725818790101042 0.05748884783255335 0.07097834486680377
2 0.6784354984427632 0.8266247332684482 0.05713602076024671 0.10060217787060921
2 0.8857930592034474 0.9422828612527882 0.0756313527754692 0.09511618182494211
4 0.8149433428152753 0.7797563449411659 0.04272601087441501 0.053217841901054184
2 0.6627693250579592 0.4621019768426575 0.06686384783255317 0.07136034684397004
5 0.3167114312562883 0.7351959896570577 0.019352177870609298 0.053825336958138334
7 0.21074261555268828 0.6471455499234503 0.02471083992388783 0.03220500494291585
2 0.3759723206093349 0.47154466653908383 0.046869682813525146 0.07834517589344295
5 0.2552990177573161 0.32185638984733816 0.025665844866803678 0.05564250494291585
3 0.5098698181378769 0.4887387782118015 0.043906508897248564 0.043906508897248564
2 0.7604693374152489 0.4073919136105154 0.06906301779449713 0.08704901384016442
2 0.8180961536131406 0.49112492646209666 0.061314184790691686 0.08829317885919252
2 0.8198416788220115 0.3714663424697079 0.0756950197716634 0.09667868182494202
2 0.923206759354359 0.38898144771663484 0.06367518083635915 0.06967051285158128
7 0.8522045567691705 0.5566836008726648 0.03191584486680341 0.05589717292769336
2 0.7446746051725649 0.7182020796181267 0.04349001482874755 0.07196784190105418
7 0.8163347464655967 0.8416342624316517 0.015399506920082472 0.03338550296574923
1 0.676036057226281 0.9431264837627398 0.028281508897248564 0.0432698389353046
2 0.8897125325488826 0.6732463597699134 0.047795512851581276 0.0627838428896375
4 0.6097729535365908 0.24552463049297907 0.048212006920082116 0.0347225098858317
2 0.5064397761230921 0.6881485292003846 0.06967051285158128 0.06367518083635879
7 0.5361007598114697 0.766829286120467 0.026082338935304605 0.027581171939110406
2 0.4470674347163294 0.7240741003411922 0.028281508897248564 0.0432698389353046
4 0.7692408650583966 0.6722502510629452 0.04996550790866543 0.03947367688202626
4 0.8468127667315517 0.7466228513669565 0.028761669961944136 0.01677100593149916
7 0.8870597178338657 0.5847104417851359 0.02965300790866543 0.03864600593149916
5 0.7574756244871178 0.23119682813525183 0.038837006920082115 0.03434050790866543
7 0.7145652242968374 0.15119365174751728 0.04132533695813834 0.018842841901054185
5 0.6012402119395478 0.2052670450177155 0.024901840912470875 0.03689250494291585
4 0.5047445553234768 0.15359977425746882 0.029363847832553348 0.06983233893530465
7 0.8138502998862693 0.19201892300205553 0.015717841901054186 0.04119800296574953