2 0.284375 0.6234375 0.04609375 0.04296875
2 0.13515625 0.4453125 0.0203125 0.02734375
2 0.13828125 0.490625 0.03203125 0.0265625
3 0.28203125 0.2984375 0.0515625 0.0203125
2 0.53046875 0.2515625 0.03203125 0.0265625
2 0.59375 0.35 0.028125 0.0265625
2 0.4734375 0.3359375 0.02734375 0.0140625
3 0.6359375 0.1484375 0.02265625 0.04375
3 0.58515625 0.1703125 0.04921875 0.03359375
1 0.72265625 0.39453125 0.0203125 0.01875
2 0.78203125 0.32734375 0.06171875 0.02578125
2 0.85 0.296875 0.03203125 0.03359375
2 0.57421875 0.4609375 0.03046875 0.03046875
2 0.434375 0.46328125 0.0328125 0.0203125
2 0.50703125 0.46875 0.02890625 0.0234375
2 0.3875 0.5171875 0.03046875 0.01796875
3 0.29296875 0.4953125 0.04921875 0.02734375
2 0.29375 0.559375 0.028125 0.03046875
2 0.75234375 0.60546875 0.04453125 0.0234375
2 0.76171875 0.74765625 0.0234375 0.03984375
2 0.45546875 0.8625 0.0375 0.02421875
2 0.565625 0.853125 0.021875 0.0359375
2 0.2671875 0.7453125 0.03984375 0.02734375
2 0.315625 0.4234375 0.02578125 0.02578125
2 0.315625 0.38046875 0.03046875 0.0234375
2 0.6109375 0.27734375 0.0203125 0.0265625
2 0.7015625 0.27265625 0.02890625 0.0140625
1 0.32265625 0.26640625 0.02421875 0.02734375
2 0.83046875 0.496875 0.0265625 0.034375
2 0.45234375 0.04609375 0.02109375 0.02890625
3 0.20078125 0.25234375 0.05078125 0.0234375
3 0.29765625 0.821875 0.03203125 0.0484375
2 0.6890625 0.6734375 0.02109375 0.02265625
2 0.2109375 0.59375 0.03984375 0.03203125
7 0.62578125 0.9015625 0.0375 0.028125
5 0.63515625 0.94375 0.028125 0.028125
5 0.628125 0.97109375 0.0328125 0.02421875
7 0.253125 0.84765625 0.03203125 0.0390625
7 0.48828125 0.784375 0.01328125 0.02890625
7 0.35 0.72734375 0.015625 0.03046875
5 0.56875 0.67421875 0.02421875 0.03828125
4 0.6140625 0.7203125 0.04140625 0.01171875
4 0.48671875 0.7265625 0.03125 0.04296875
4 0.1375 0.68671875 0.034375 0.01875
7 0.4296875 0.7546875 0.0359375 0.0125
7 0.665625 0.77109375 0.034375 0.03515625
4 0.6984375 0.8140625 0.0328125 0.03359375
2 0.61875 0.74375 0.0234375 0.01796875
4 0.671875 0.64453125 0.05390625 0.021875
4 0.534375 0.540625 0.05078125 0.05546875
7 0.5265625 0.43046875 0.0359375 0.04375
7 0.55 0.39375 0.04453125 0.0359375
5 0.2703125 0.1953125 0.040625 0.028125
5 0.271875 0.22265625 0.0265625 0.0296875
5 0.25 0.13828125 0.02421875 0.03828125
5 0.2265625 0.02265625 0.01875 0.0359375
7 0.16328125 0.0796875 0.0296875 0.03359375
7 0.1390625 0.04609375 0.02265625 0.02734375
4 0.48046875 0.2265625 0.0375 0.0203125
3 0.6 0.05390625 0.04765625 0.02890625
7 0.8296875 0.14453125 0.03671875 0.02265625
7 0.73515625 0.1921875 0.05703125 0.0203125
5 0.72109375 0.46875 0.04296875 0.02734375
7 0.5796875 0.50546875 0.0390625 0.02734375
7 0.91796875 0.5921875 0.0296875 0.0453125
5 0.87265625 0.73125 0.03515625 0.0375