0 0.5341058141835442 0.4730451889264925 0.10997186068413445 0.13212412860909736
2 0.1694159144875554 0.4011410066495137 0.042054848821136394 0.07434668977951393
2 0.20461463235860222 0.552521015483229 0.17282468775644108 0.10392769984750014
2 0.21651374897423575 0.394581228914097 0.018651840912471053 0.036337543502986146
2 0.32661560224399644 0.29757698271381916 0.03434050790866543 0.03826371941479163
2 0.3993368833471854 0.5433057503812496 0.07457818874502423 0.10632404160312507
2 0.44010912197847885 0.5962118916237843 0.045214340912470875 0.03695579255305557
2 0.35819859429815004 0.7292439035916317 0.04285334486680377 0.05563305737069442
2 0.26507721885963004 0.14134647293017338 0.06386618182494193 0.07329333605604171
2 0.5442461126241198 0.24333950513090233 0.03147017589344294 0.04444098423243057
2 0.5593365548291851 0.1220093657882287 0.037083505931498985 0.028961454597152825
3 0.22381827711167518 0.6558817516155206 0.023848676882026076 0.04894664627652787
2 0.24711385566685654 0.677974303952222 0.019832338935304606 0.026998911094166723
2 0.2900918759328116 0.5809713641727081 0.02745383794672147 0.022493249050069507
2 0.3879576674533049 0.3820052276798261 0.026464340912471053 0.03651938145888893
2 0.5747666703818733 0.758545624621944 0.02397601087441501 0.05207164627652787
2 0.48555563726433704 0.9175043569545135 0.030098676882026255 0.049092116641249815
2 0.4656543141463632 0.8695760032310412 0.02308467292769336 0.03019664627652787
1 0.20541715110450148 0.8584618909581943 0.08701452174882984 0.1050524823325695
4 0.1061148294694024 0.8053570343849306 0.04071784190105419 0.04153418977951375
4 0.14883552315734253 0.6763592121965971 0.024201503954332716 0.019295513867708357
4 0.1019313482524827 0.7164763723408332 0.027326503954332716 0.019368249050069508
4 0.0825645829294435 0.7895144820482292 0.024901840912471006 0.03648301386770836
4 0.08072219311928643 0.6623343862085416 0.020949169961943914 0.01609777868534721
4 0.11559725882288649 0.7450371302246179 0.02126750494291585 0.02391027868534721
2 0.12961865505883421 0.8414939029260416 0.019896005931499074 0.028561411094166544
4 0.003597254905734825 0.7610459495631596 0.00719450981146965 0.036337543502986236
2 0.1500809826626134 0.4733978663569095 0.02139483893530465 0.02703527868534721
4 0.008541399430252521 0.5688402657675694 0.017082798860505042 0.022347778685347208
4 0.031009989088404032 0.4457294208778125 0.03628500988583174 0.0476750870059723
4 0.08196233543808248 0.38288327555121515 0.02745383794672147 0.022493249050069507
2 0.10295397327107322 0.5189837765011458 0.02283000494291585 0.023946646276527872
4 0.11554149798565261 0.401614438545243 0.01658000494291585 0.023801175911805573
4 0.09979182258650124 0.44334799686586795 0.01370967292769345 0.029978440729444424
4 0.1523066689361797 0.38046548394809016 0.02276633794672147 0.022384146276527784
4 0.1749682361226545 0.456427918693611 0.027708505931499074 0.02874324905006951
4 0.20369275540002643 0.3644397872347221 0.028217841901054187 0.04124324905006951
4 0.2712304238790956 0.3542822308139581 0.032523339923887826 0.031977351823611146
4 0.24097653258606372 0.2347880016155206 0.02582767095052709 0.020894381458888844
4 0.2646222796203142 0.248286803952222 0.016962006920082207 0.03317617591180557
4 0.3154539732710733 0.51403778410059 0.016707338935304607 0.026926175911805572
4 0.28855057505795917 0.42724695212861086 0.013646005931499072 0.028415940729444422
4 0.304962142244434 0.5033548572388539 0.032014003954332716 0.019477351823611145
4 0.4203244984799442 0.3921790082650344 0.03364017095052709 0.02107621941479172
4 0.382366900647391 0.46174727906659696 0.026337006920082208 0.033394381458888844
4 0.3690564757425312 0.501082536000451 0.03870967292769336 0.030560322188333443
4 0.5005120641835443 0.47382709213687446 0.02308467292769336 0.03019664627652787
4 0.4832847549057348 0.3602737384134024 0.02745383794672147 0.022493249050069507
4 0.6258250819780413 0.38661542002479116 0.04247134288963732 0.04625805737069442
4 0.6789408117120863 0.4813817529467008 0.020150673916276673 0.03481141109416672
4 0.6491286363129349 0.5234426195879508 0.027517504942915848 0.02405574905006951
4 0.5998661239556453 0.5831273973233675 0.016707338935304607 0.026926175911805572
4 0.5140029253247893 0.7365446444735759 0.039762836958138335 0.01809668977951393
4 0.4123356545645427 0.8372551189223607 0.01683467292769336 0.03005117591180557
4 0.38634881612352956 0.8620557503812496 0.026273339923887827 0.0318318814588892
4 0.3842424880626398 0.8371284855636109 0.024201503954332716 0.019295513867708537
4 0.3867745804579856 0.7941415517680206 0.016962006920082207 0.03317617591180557
4 0.4097345779865276 0.8053147879003122 0.02126750494291585 0.02391027868534721
4 0.33206983441231824 0.7766826012549302 0.01801517095052709 0.020712543502986236
4 0.32824449745418 0.7939428364372914 0.021012836958138336 0.017660278685347208
4 0.2788347464655968 0.7997759155594789 0.02034167490485981 0.03949891109416655
4 0.36400824251126407 0.8165256980445482 0.02490184091247105 0.03648301386770854
4 0.4986352519028042 0.768903202794201 0.013709672927693362 0.029978440729444424
4 0.5197116862363853 0.28996058520302037 0.03870967292769336 0.030560322188333357
4 0.584977247491361 0.3930297273954856 0.026082338935304605 0.027144381458888932
1 0.7123355849437909 0.3705527025098605 0.021522172927693362 0.030160278685347208
4 0.5354706319014917 0.15222419586034677 0.03032416996194396 0.01631598423243057
4 0.46010594559074436 0.6417964953472566 0.02439250494291585 0.023983013867708357