5 0.48665450655260456 0.40583714519008607 0.022602351823611144 0.032524073663405775
7 0.41802983349059064 0.31439236881113963 0.042696646276527875 0.024332142065139985
6 0.20166713639597283 0.6985908764918859 0.09298889342673622 0.10684080517696729
6 0.44805248033579925 0.7303968004094056 0.11620818787965277 0.09883088410204496
6 0.20136443787965286 0.08058432913683924 0.11133884992375007 0.09074536831702944
7 0.23158318721406274 0.30334699495008965 0.03666485182361114 0.03334312101845249
3 0.5899937928373961 0.20737028213472844 0.05258079255305557 0.04675317363517104
3 0.6416868454584378 0.37803212165373706 0.06351829255305574 0.04739021046687393
4 0.58346711664125 0.007401675268231242 0.03840918977951393 0.014803350536462484
1 0.7167718855429515 0.07481684541596498 0.024019381458888843 0.026365078925077733
4 0.5518742373665626 0.11571340315318097 0.028634146276527873 0.023513094710093264
4 0.5197877827694098 0.08159600838661796 0.027180749050069508 0.028109589448421436
4 0.6632650258355557 0.06150477431280784 0.03332164627652787 0.023786110495108835
4 0.4500045724726737 0.20926525305435892 0.027326219414791807 0.034359589448421435
4 0.4356543977951392 0.36578056356358524 0.04931032218833344 0.0403211631118273
4 0.5868889362641323 0.3092513005505799 0.05061824905006951 0.029474668373499123
4 0.6607446635627087 0.32294280325200303 0.04131598423243048 0.032053636803468066
4 0.6905938580918752 0.2273271953877301 0.03826371941479163 0.03499662628012441
4 0.6080359312301391 0.2430879742563381 0.04745688145888884 0.02773015785015547
4 0.781601371009653 0.27209439284159875 0.04440461664124999 0.03067314732681172
4 0.6965607558870144 0.6181342059110738 0.02896145459715278 0.03757559471009344
1 0.5386021323119102 0.5874364847090947 0.027108013867708357 0.024984589448421347
1 0.5264658082237158 0.6037895268024694 0.033394381458888844 0.026911110495108838
1 0.7981914185967017 0.3798690954865521 0.034884146276527875 0.023877115756780663
4 0.7004435964083684 0.3480114217102068 0.03677395459715278 0.03803062101845249
1 0.5776788968452087 0.38410708738228283 0.024019381458888843 0.026365078925077688
1 0.5370545500555907 0.42011247681658687 0.023801175911805573 0.01699007892507769
4 0.5836022417349657 0.40331981896643143 0.030123911094166546 0.02047909997176518
4 0.5204164831855909 0.6463865504799928 0.019331881458888846 0.026092063140062294
4 0.3186007164680909 0.7144672344973332 0.03179551386770836 0.025257605233436918
3 0.7333528942797575 0.6527598348926213 0.060138719414791805 0.03627069994353036
1 0.27691387100965303 0.30148909236160604 0.03819098423243057 0.03187162628012441
4 0.424242159478646 0.2451873425027804 0.02888871941479181 0.03445059471009326
4 0.4077235406531945 0.07325913459615517 0.025727351823611144 0.032706084186749584
4 0.2588522424005557 0.19771164497832452 0.030305749050069507 0.028291599971765134
4 0.2879409835668405 0.23747980026823123 0.02725348423243057 0.031234589448421436
2 0.6103400475870486 0.07319270320965071 0.03666485182361114 0.033343121018452514
3 0.6847679642838894 0.5484132401119408 0.03550239532659738 0.050439615756780756
4 0.2831469936348267 0.36762232657659044 0.06159211664124999 0.0316742052052021
4 0.2900321200597225 0.32732355026823123 0.022747822188333357 0.03877407366340595
4 0.7425427902719448 0.4762050401684106 0.03800914627652787 0.02405912628012441
4 0.649269488219584 0.703813371653737 0.022602351823611144 0.032524073663405775
4 0.5823898063238547 0.6537293426439547 0.025727351823611144 0.032706084186749605
4 0.7099303120234379 0.48670990066351943 0.03343074905006951 0.028473610495108836
4 0.4736655037028129 0.48638919517596857 0.025472778685347208 0.021768584186749606
4 0.5025321200597226 0.31494683468085977 0.034956881458888846 0.027002115756780753
2 0.5388683571419447 0.2627627084007354 0.02405574905006951 0.02792757892507778
4 0.6790926604285766 0.20374548221943306 0.03353985182361115 0.033161110495108836
4 0.6189799633339589 0.5788434637329944 0.03641027868534721 0.022405621018452494
4 0.25927634859256987 0.5184336686558478 0.036737587005972294 0.036468121018452496
4 0.3736096458952781 0.4225912766612951 0.03353985182361115 0.033161110495108836
4 0.5715717543684031 0.25616409790562655 0.028525043502986236 0.018825594710093263
4 0.2510423552420836 0.3327236818100275 0.023983013867708357 0.02480257892507769
2 0.23231119224805585 0.3682362475809256 0.027217116641249994 0.029672089448421434
2 0.30138915377906283 0.4119337686982002 0.02725348423243057 0.031234589448421345
4 0.45731315187920174 0.45604924779268713 0.05893989532659738 0.05180469468185826
1 0.5012625204203129 0.4284555978350394 0.020894381458888844 0.026183068401734032
4 0.6602758041396533 0.5044658190370186 0.023983013867708357 0.02480257892507769
4 0.07079507684107682 0.5208060526873057 0.03350348423243057 0.031598610495108835
2 0.16597767743041697 0.3752289712019792 0.020676175911805574 0.016808068401734034
2 0.15952504283739605 0.23244223172532283 0.025763719414791674 0.03426858418674961
2 0.3020359318957292 0.036387737128169055 0.039753484232430567 0.031962631541796224
4 0.47901992524621556 0.21226915571342975 0.04774782218833344 0.04023015785015547
4 0.5129475156706602 0.5607675688958442 0.030123911094166546 0.02047909997176518
4 0.4263306831300001 0.20047408197943667 0.03343074905006951 0.028473610495108836
4 0.7139417455346877 0.28933437172432425 0.06359102773541672 0.050515210466874017
4 0.7091295718070837 0.41869564803268344 0.012900043502986059 0.017915542093374804
4 0.7173414620996879 0.40178886909348827 0.04433188145888885 0.027548147326811722
2 0.6729374986688198 0.40985126905113606 0.028706881458888844 0.026638094710093263
4 0.6747675299196182 0.15236499274277676 0.03960801386770818 0.02571263154179624
4 0.7303609536472223 0.02004604543008241 0.025618249050069507 0.028018584186749584
4 0.6892813587574653 0.0078686240022243 0.03960801386770836 0.0157372480044486
2 0.7858855614547571 0.0864376139024036 0.012827308320624908 0.014790542093374803
4 0.7724601475107987 0.1482396638882862 0.034847778685347205 0.022314615756780665
4 0.7997526121759378 0.31249958496320845 0.01925914627652787 0.022967063140062204
4 0.8246792237831947 0.27427924814562293 0.030451219414791807 0.03454159997176518
4 0.30665918844833373 0.47030000554402057 0.028706881458888844 0.026638094710093263
3 0.17626186720993092 0.4137454396319481 0.04923758700597225 0.037196163111827295
4 0.2816708401401043 0.13614481342241086 0.025509146276527783 0.023331084186749607
4 0.3086333836430904 0.15178522397398944 0.04433188145888885 0.027548147326811767
4 0.529888828172257 0.04502147155491502 0.052362587005972114 0.03737817363517102
4 0.345361278588438 0.6205961371564038 0.0478205573706945 0.04335515785015538
2 0.34768553837208377 0.5523998740022243 0.022275043502986057 0.018461573663405773
2 0.36609004625586855 0.5364640608621621 0.028597778685347207 0.021950594710093262
4 0.7258773946610072 0.23074832700011352 0.02732621941479163 0.034359589448421435
1 0.8295544406325351 0.5845720060381308 0.03343074905006915 0.028473610495108836
4 0.9225939661837504 0.48136443507614796 0.03826371941479181 0.03499662628012441
2 0.8660712092498961 0.4729218744963345 0.030451219414791807 0.03454159997176518
4 0.472124453550313 0.6554577135918201 0.02703527868534721 0.021859589448421347
4 0.46830128400368076 0.25592044517596857 0.03528418977951393 0.041064615756780665
4 0.3996038757593057 0.16135066879702217 0.02256598423243066 0.03096157366340586
4 0.7527185304882991 0.5436732612292154 0.028597778685347207 0.021950594710093262
4 0.802446426764827 0.5626815954865522 0.031795513867708534 0.025257605233436918
2 0.7213776115103477 0.5415871164626523 0.023983013867708357 0.024802578925077867
2 0.7390736045764935 0.5288218059534261 0.033467116641249996 0.030036110495108837
2 0.7729959693178825 0.6082061980891532 0.041570557370694414 0.04299113680346807
4 0.6574437045002436 0.61806558745287 0.03684668977951393 0.04115562101845249
2 0.7549492584524655 0.33701373755169206 0.024019381458888843 0.026365078925077688
4 0.5340587962558685 0.5266809952324383 0.020894381458888844 0.026183068401734032
2 0.5761378466927087 0.5531756057981344 0.03517508700597212 0.03637711575678075
2 0.40024422786725733 0.3905299345820377 0.03517508700597212 0.03637711575678075
2 0.3999377161837504 0.5118056951053814 0.046112587005972296 0.03701415258848364
4 0.43344185362656307 0.5732213372411085 0.03052395459715278 0.03766659997176518
4 0.8111602780197572 0.19761803760816182 0.05076371941479181 0.03572466837349912
4 0.6387066626127782 0.35082487954624486 0.02707164627652787 0.023422089448421436
4 0.3081191177786118 0.801914026590708 0.017769381458888844 0.0260010578783902
4 0.3114980377064937 0.7790302634365283 0.02725348423243057 0.031234589448421345
4 0.24863501500507015 0.8006847265342382 0.031868249050069505 0.02838260523343692
4 0.34865189237989647 0.728363134525568 0.027217116641249994 0.029672089448421347
4 0.43950544319798646 0.32957004777856963 0.030778527735416717 0.04860409997176518
1 0.5105985399876044 0.29179005574166456 0.028634146276527873 0.023513094710093264
4 0.5699566626127781 0.3548291110598062 0.025400043502986237 0.018643584186749607
4 0.5108537663362502 0.33636680837250055 0.028634146276527873 0.023513094710093264
1 0.5953339498475001 0.13430450845720512 0.025654616641249996 0.029581084186749606
4 0.6045161134102088 0.4951965058263692 0.025618249050069507 0.028018584186749608
0 0.5649808347248616 0.47715913736816545 0.02405574905006951 0.02792757892507769
4 0.44517094889756964 0.16964901620853856 0.028525043502986236 0.018825594710093308