2 0.27795009610938426 0.42450388737588024 0.0949650192218769 0.08650518577927464
4 0.9990554732013199 0.7732264551310087 0.0018890535973600463 0.01976867193911023
4 0.9895781142574078 0.7708044506823845 0.020843771485184348 0.024265170950527094
4 0.9972235179208809 0.7909087036481339 0.005552964158238183 0.016452670950527094
4 0.9918244883528967 0.7205643701500367 0.016351023294206613 0.02008700692008212
4 0.9860026927845954 0.6661806176785788 0.02639208163720568 0.02758117193911023
4 0.9933355390653513 0.6285042041424255 0.013328921869297261 0.01814250494291585
4 0.9982327399925769 0.5975407056253003 0.003534520014846265 0.02869800296574958
1 0.9834155240831169 0.4680614526595507 0.01159259724103805 0.012945668973360825
4 0.9921630823145744 0.5159723706443284 0.015454581637205677 0.02713550296574958
4 0.9854416915413999 0.41747120364813395 0.021950243102595125 0.03207767095052709
4 0.9761828782215598 0.44905678467477317 0.027627033016686654 0.021394838935304604
4 0.9353288268875073 0.36865436026420506 0.025900758706427496 0.018206171939110227
4 0.9246303443003618 0.40252002429464984 0.02639208163720568 0.027581171939110406
4 0.9142184667561708 0.44185443832509474 0.029025758706427495 0.018333505931498982
4 0.9928110379914982 0.360949289617689 0.014377924017003708 0.028825336958138336
4 0.8886519007227971 0.4002744333821789 0.03050637155129756 0.01683467292769336
4 0.8729759910664301 0.44329226292594337 0.025900758706427142 0.018206171939110227
4 0.8983721387370094 0.5113711008726648 0.02417448439616763 0.015017504942915849
4 0.8968162827895441 0.4816836008726648 0.024338258706427494 0.01814250494291585
4 0.9318021144267499 0.5096149412908442 0.03050637155129756 0.01683467292769336
4 0.8949118668015992 0.356093351861248 0.021458920171816588 0.022702670950527092
4 0.867861365897088 0.33082409642404054 0.027627033016686654 0.021394838935304604
4 0.8805594397323777 0.36486351539740125 0.025736984396167627 0.015081171939110228
4 0.8499612149471483 0.39090209197541625 0.03223264586155707 0.02002333992388792
4 0.8230678443003618 0.3983816695420145 0.027463258706427497 0.018269838935304605
4 0.8543964094292242 0.416029425967805 0.02154080732694652 0.024265170950527094
4 0.8235149016273082 0.42178733604391727 0.02639208163720568 0.027581171939110406
4 0.8512957428754525 0.4907429244849303 0.020142081637205676 0.027326503954332716
4 0.8510367933049938 0.5453030904925414 0.025982645861557074 0.019768671939110406
4 0.8765657377870697 0.5712899289335546 0.03363137155129756 0.016962006920082116
4 0.8532820460185272 0.6178956734963471 0.03050637155129756 0.01683467292769336
4 0.879254725801282 0.6821000949411659 0.024829581637205677 0.027517504942915848
4 0.8593483395506635 0.7038968404925414 0.030833920171816232 0.02308467292769336
4 0.9081985973525797 0.6988711008726648 0.02450203301668665 0.02126750494291585
4 0.9620871579588863 0.5966029467280517 0.021704581637205678 0.027390170950527093
4 0.9469191813646347 0.5749361937623021 0.02738137155129756 0.016707338935304607
4 0.9185009322691456 0.5979452708346088 0.020305855947465545 0.030451503954332715
4 0.808505134553138 0.611393664104807 0.02450203301668665 0.02126750494291585
4 0.8072358836486269 0.5871749141048069 0.02746325870642714 0.018269838935304605
4 0.8288652221832375 0.5833787520515284 0.024583920171816587 0.02283000494291585
4 0.8197491717536962 0.5284365840667509 0.013892081637205678 0.027071835969555025
4 0.8276811804601234 0.5459105855496256 0.02417448439616763 0.015017504942915849
4 0.815566282789544 0.47837291707055646 0.018252033016686653 0.021012836958138336
4 0.8303137782669884 0.3581386715191808 0.03231453301668665 0.02158583992388783
4 0.8068663121881864 0.4016194160819733 0.02811835594746519 0.030769838935304605
4 0.8118570273624772 0.3332195845610425 0.01841580732694652 0.024137836958138335
4 0.800271074173974 0.29065008258387615 0.023430855947465544 0.03057883794672147
4 0.8244422365438744 0.3204795040286948 0.018743355947465547 0.030387836958138337
4 0.8351716966297825 0.3318308395039583 0.020142081637205676 0.027326503954332716
4 0.8568717927391669 0.7458933395039583 0.015127033016686654 0.02088550296574958
4 0.8810086555840371 0.7453176779449715 0.026064533016686653 0.021331171939110403
4 0.9079020262308234 0.7378381003783733 0.02244821008590847 0.01182883794672147
4 0.9000386165744565 0.7811742649031097 0.023512743102595123 0.03214133794672147
4 0.8729029064885483 0.769154425967805 0.02655585594746519 0.030706171939110405
2 0.8810363110565327 0.8053465939525827 0.021704581637205678 0.027390170950527093
4 0.8387636018751354 0.8168770015572369 0.024338258706427494 0.01814250494291585
4 0.7907621138609231 0.7042204926599883 0.021540807326946344 0.024265170950527094
4 0.7744311069635181 0.7347383222037528 0.021049484396167807 0.014890170950527092
4 0.7671066078680292 0.7586069037246836 0.0231851944820761 0.025891337946721472
4 0.7532654358871904 0.6878805682494201 0.025736984396167627 0.015081171939110405
4 0.7621834124814421 0.709292653230392 0.027135710085908295 0.012019838935304606
4 0.7827681501569701 0.5963124921656966 0.02746325870642714 0.018269838935304605
4 0.7757302561044355 0.6256498236866276 0.029189533016686652 0.021458505931498985
4 0.7729494148562912 0.5577129071847248 0.032887743102595124 0.032523339923887916
4 0.7569459565794053 0.5944807367284892 0.024829581637205677 0.027517504942915848
4 0.7584398575293451 0.5337342377170724 0.0122476944820761 0.025445668973360824
4 0.7350023575293451 0.5327792327741565 0.021049484396167627 0.014890170950527092
4 0.7412047698992454 0.5618764837627397 0.03363137155129756 0.016962006920082116
4 0.724719954770383 0.5448335638007957 0.024338258706427317 0.01814250494291585
1 0.7198034034363305 0.4658954803026987 0.01159259724103805 0.012945668973360825
4 0.7265513704196438 0.44590131528367055 0.040208920171816584 0.02346667490485981
4 0.7559113217991248 0.44086098821136394 0.030833920171816586 0.02308467292769336
4 0.7087220612836751 0.37345331231792106 0.024174484396167806 0.015017504942915849
4 0.7068386567156908 0.33751581231792105 0.03231453301668665 0.02158583992388783
4 0.6996945420617984 0.29044981132933784 0.03050637155129756 0.01683467292769336
4 0.7008409622336148 0.31232481132933787 0.027299484396167806 0.015144838935304605
4 0.6665821489137748 0.3428917204168669 0.03050637155129756 0.01683467292769336
4 0.6878772947753318 0.362469391367394 0.02746325870642714 0.018269838935304605
4 0.6984286131835545 0.25141914482743505 0.03058825870642732 0.018397172927693363
4 0.7517616530976463 0.24267815619614158 0.027954581637205676 0.027644838935304693
4 0.7838571008590826 0.14108116410480695 0.030752033016686654 0.02152217292769345
4 0.5778361521931352 0.21142420311666132 0.0309976944820761 0.026209672927693363
4 0.5681811912027157 0.17594961813568935 0.030752033016686654 0.02152217292769345
4 0.6115394448207603 0.27438445954245194 0.02590075870642732 0.018206171939110227
4 0.6524211516273082 0.41481579996063134 0.02606453301668683 0.021331171939110227
4 0.6467333163720579 0.29141013345872857 0.0329696302577247 0.03408583992388783
4 0.6678746540021574 0.26342705490354723 0.018415807326946164 0.024137836958138335
4 0.6369997902527761 0.23956113197585377 0.02746325870642714 0.018269838935304605
4 0.6113457722740947 0.4045667080595772 0.029353307326946167 0.024583505931498984
4 0.5972290405914602 0.46246012110143886 0.03189845318850324 0.043397172927693364
4 0.6160620070089466 0.6433108730786052 0.02738137155129756 0.016707338935304607
4 0.6549784220923804 0.7462422134967847 0.0314071302577247 0.03402217292769336
4 0.6526003725673503 0.7157416299986874 0.03050637155129756 0.01683467292769336
4 0.6907145262308234 0.7289883879073529 0.03526911465389251 0.048212006920082116
4 0.7278084124814421 0.7078919793141154 0.027299484396167806 0.015144838935304605
4 0.7421951390756938 0.7295268987817678 0.021704581637205678 0.027390170950527093
4 0.7204606592020817 0.8354439763483658 0.03363137155129756 0.016962006920082474
4 0.7196694431232796 0.879847892355977 0.024665807326946166 0.02439250494291585
4 0.7691371766149363 0.8717289862341977 0.02639208163720568 0.027581171939110406
4 0.7635931835123412 0.8403198187437116 0.027872694482076098 0.026082338935304605
4 0.7271367051090672 0.7694515618236295 0.03124335594746519 0.03089717292769336
4 0.686266043643678 0.7631087199225753 0.0329696302577247 0.03408583992388792
4 0.6799894674335392 0.8813493839530201 0.03009029172311415 0.03864600593149916
4 0.8823398614860739 0.8599704269563884 0.03239642017181623 0.02314833992388756
4 0.8582029986412035 0.8605460885153752 0.024338258706427494 0.01814250494291585
4 0.9305250559681498 0.8868804368422201 0.0235946302577247 0.033703837946721646
4 0.9500596279944172 0.8728643577927471 0.024829581637205677 0.027517504942915848
4 0.9860413935982496 0.8602980322033152 0.024338258706427494 0.01814250494291585
4 0.964264890884716 0.7869096117470799 0.03050637155129756 0.01683467292769336
4 0.9296575175243962 0.7215737718231919 0.021540807326946167 0.024265170950527094
4 0.945575766619885 0.6980553587813303 0.021213258706427495 0.01801517095052709
4 0.7536151594292243 0.4119229047132668 0.027790807326946342 0.024519838935304607
4 0.7854350474888653 0.4389456611390575 0.02030585594746519 0.030451503954332715
4 0.6463149937799636 0.5065576309872706 0.029025758706427318 0.018333505931498982
4 0.6744267056748943 0.566951302926381 0.02655585594746519 0.030706171939110405
4 0.6733522065794053 0.5910745524320893 0.03436835594746519 0.03102450692008212
4 0.6526745364075888 0.5684037149796595 0.027708920171816587 0.022957338935304605
4 0.7073377029613607 0.4957912273369491 0.02902575870642714 0.018333505931499162
4 0.6880654025318194 0.44043522387690803 0.027299484396167806 0.015144838935304605
2 0.63610675486124 0.37127404699488187 0.018252033016686653 0.021012836958138336
4 0.5900561069635181 0.7272256166528146 0.030670145861557075 0.01995967292769336
4 0.5534059560135784 0.7865396082498576 0.021540807326946344 0.024265170950527094
4 0.6366998128655549 0.8437247085538688 0.02729948439616763 0.015144838935304605
4 0.5678048914505428 0.570402613687065 0.02326708163720568 0.02745383794672147
4 0.6025517056748942 0.5640226211014389 0.024665807326946166 0.02439250494291585
4 0.5358411612382467 0.45138335824985754 0.030833920171816586 0.02308467292769336
4 0.5757059226582074 0.5426596156642314 0.013810194482076099 0.0255093359695552
4 0.5633276741285455 0.3659697816718427 0.027627033016686654 0.021394838935304604
4 0.5816615943003619 0.3885451186299809 0.028780097241038048 0.013646005931498983
4 0.5403981071906607 0.30033019421941276 0.02746325870642714 0.018269838935304605
4 0.5898282191310198 0.2766181215957305 0.029025758706427318 0.018333505931498982
4 0.6190686618040735 0.2544221280215211 0.02178646879233561 0.028952670950527094
4 0.5251239099950512 0.2022601087441492 0.03387703301668665 0.021649506920082207
4 0.4954740315463487 0.21664360231835858 0.02762703301668683 0.021394838935304604
4 0.4827560255534549 0.2714756823564146 0.028861984396167807 0.015208505931498983
4 0.5029633842144536 0.37442426882026136 0.03617651741285464 0.035775673916276673
4 0.4953899016273082 0.40841726684309504 0.0325601944820761 0.02627333992388774
4 0.5029744295556123 0.5085127673373867 0.03050637155129756 0.01683467292769336
4 0.4910642497728574 0.44488134885831754 0.034122694482076096 0.026337006920082118
4 0.4443806795556123 0.5061252549800969 0.030670145861557075 0.01995967292769336
4 0.4429023094746528 0.31428792345916606 0.027627033016686654 0.021394838935304604
4 0.45409983830746814 0.4386976744477492 0.03223264586155707 0.02002333992388792
4 0.42018186171321653 0.4162669175276671 0.0450601944820761 0.026782675893442943
4 0.41715868102595033 0.32883058452386144 0.029107645861557074 0.019896005931498983
4 0.43648189111185864 0.3405320884781941 0.025736984396167804 0.015081171939110228
4 0.3904744295556123 0.5039287436113904 0.03099769448207601 0.026209672927693363
4 0.4589278584338562 0.5456970909496521 0.028861984396167627 0.015208505931499161
4 0.39127669097557305 0.5936133261209044 0.027790807326946342 0.024519838935304607
4 0.4494919826986871 0.6334053379839025 0.027790807326946165 0.024519838935304607
4 0.4255188941640764 0.6371059995428894 0.030670145861557075 0.01995967292769336
4 0.5105146918800842 0.6226389343335811 0.03050637155129756 0.01683467292769336
4 0.5509250079134578 0.6648237757403436 0.020142081637205857 0.027326503954332716
4 0.5450335340327396 0.7160361072612744 0.027708920171816587 0.022957338935304605
4 0.5594711702833581 0.6940165272232184 0.020387743102595123 0.032014003954332536
4 0.5456443656699455 0.7425667737631773 0.027790807326946165 0.024519838935304607
4 0.522339662481442 0.699519769314553 0.027299484396167806 0.015144838935304605
4 0.4287623236081471 0.4758647520143474 0.028861984396167627 0.015208505931498983
4 0.4313716672311404 0.39177625349722217 0.027627033016686654 0.021394838935304604
4 0.36996161295641194 0.6629071541817941 0.02918953301668683 0.021458505931499162
4 0.4100510244218011 0.6692181625847511 0.02277575870642714 0.018078837946721472
4 0.45749259045517476 0.7116895054743886 0.02433825870642714 0.01814250494291585
4 0.4451497207128995 0.7439290025086389 0.024829581637205677 0.027517504942915848
4 0.4333424395052351 0.7715128330409866 0.025736984396167627 0.015081171939110228
4 0.4426289082975705 0.7999561680219587 0.02729948439616763 0.015144838935304782
4 0.4695565784693871 0.8228816734591661 0.027463258706427317 0.018269838935304605
4 0.25673899592767013 0.7635372124710205 0.03527575870642732 0.018588173916276672
4 0.3411792729514631 0.8425973127750316 0.03206887155129756 0.016898339923887916
4 0.4007180472617226 0.8481416586304185 0.021213258706427318 0.01801517095052709
4 0.34799475972248006 0.7048890657407811 0.024502033016686832 0.02126750494291585
4 0.3360336702833582 0.6849121467674204 0.02277575870642732 0.018078837946721472
4 0.303186870758328 0.6531700568435326 0.027954581637205766 0.027644838935304606
4 0.3309876441640764 0.6332541462731288 0.024502033016686832 0.02126750494291585
4 0.3528416327441156 0.5444927352084334 0.034286468792335524 0.029462006920082117
4 0.3460217446844747 0.5184886507217531 0.024829581637205854 0.027517504942915848
4 0.3680472308896648 0.5817526546760858 0.02738137155129756 0.016707338935304607
4 0.26047374830251935 0.6116709649424783 0.02606453301668683 0.021331171939110227
4 0.2551178629564119 0.6582276299615064 0.03091580732694634 0.02464717292769336
4 0.23051401062699126 0.7242691240300074 0.02762703301668683 0.021394838935304604
4 0.17398853516439336 0.30021220011373073 0.03099769448207601 0.026209672927693363
4 0.10318139020734748 0.30278410178688586 0.02655585594746528 0.030706171939110228
4 0.14741274705932392 0.3583775271860373 0.03354948439616776 0.015399506920082207
4 0.16356669154139997 0.38398236364988403 0.03050637155129752 0.016834672927693452
4 0.24880374943417313 0.2104904669196447 0.03692014586155708 0.02021434091247105
4 0.2746192989592033 0.24194605536065777 0.03050637155129756 0.016834672927693452
4 0.26371609848423344 0.2719054693911026 0.027463258706427317 0.018269838935304605
4 0.2335339535271876 0.276132712965312 0.033795145861557074 0.020087006920082296
2 0.3276657338303409 0.22773631672936429 0.020305855947465278 0.030451503954332715
4 0.2189922551999243 0.5787974565395213 0.03116146879233561 0.029334672927693362
4 0.18223696291098337 0.740232363649884 0.02318519448207601 0.025891337946721472
4 0.2719689275194474 0.8756379644481868 0.02450203301668674 0.02126750494291585
4 0.30309277476048546 0.8893794708739774 0.02409259724103805 0.01345500494291585
4 0.28574814450276065 0.8559303009120335 0.03099769448207601 0.026209672927693363
4 0.31261718170331887 0.7736098908359212 0.020305855947465368 0.030451503954332715
4 0.34957494911617343 0.8094173982502951 0.027954581637205766 0.027644838935304606
4 0.4049618119610437 0.810115076615196 0.020305855947465368 0.030451503954332538
4 0.3490083830827999 0.7688560652464895 0.025075243102595034 0.03220500494291585
4 0.3725078380803255 0.8602450692008222 0.03116146879233552 0.029334672927693362
4 0.3860723710970123 0.8810669051703772 0.028282130257724702 0.03389483893530496
4 0.4154666220015234 0.9064316611018765 0.024338258706427317 0.01814250494291585
4 0.4783450802784094 0.8715738414439436 0.02729948439616763 0.015144838935304961
2 0.5508032564431197 0.8410042737631773 0.02902575870642714 0.018333505931499162
2 0.5392139812283491 0.8132466882879138 0.02121325870642714 0.01801517095052709
2 0.5281027408392875 0.8541117688202615 0.0263101944820761 0.02601867193911005
2 0.5589809266149363 0.863165775246052 0.023758404567984216 0.03682883794672165
4 0.817922241632257 0.24069650353440322 0.017672178878243728 0.03969916996194396
4 0.7987285063315781 0.2017149165762649 0.0184976944820761 0.025700336958138337
4 0.7865494108995623 0.23707941361051538 0.02450203301668665 0.02126750494291585
4 0.811334726932936 0.278627585055334 0.020305855947465545 0.030451503954332715
4 0.8664206173674259 0.15457993140501253 0.029517081637205678 0.027708505931499074
4 0.8957086476705793 0.10354135482699753 0.021704581637205678 0.027390170950527093
4 0.9230567989592032 0.26836785878133024 0.02417448439616763 0.015017504942915849
4 0.9095264812283492 0.8283357663859846 0.0368382587064275 0.018651840912470873
4 0.8292636126177276 0.4571027535344032 0.01718085594746519 0.03032416996194396
4 0.8005001255080264 0.36939716509339016 0.02746325870642714 0.018269838935304695
4 0.837533136023476 0.43639100551156956 0.01857958163720568 0.027262836958138338
4 0.19315569425493342 0.45768911908709153 0.03773901741285455 0.035839340912470874
4 0.880875943011738 0.23702501688027605 0.021213258706427495 0.01801517095052709
4 0.8095464976251507 0.18500491904772282 0.027299484396167983 0.01514483893530465
4 0.8419395957707 0.22296517547351344 0.015290807326946165 0.02401050296574958
4 0.8523381852098219 0.2428784274506798 0.023758404567984216 0.03682883794672147
4 0.30411312641253757 0.3733379768054764 0.027299484396167806 0.015144838935304694
4 0.2570013517635938 0.14378046939110262 0.034040807326946344 0.024774506920082207
4 0.2747111521931351 0.19907280585494935 0.026228307326946344 0.024456171939110316
4 0.20024674072774581 0.19136112353571577 0.03692014586155708 0.020214340912470964
4 0.12309109848423345 0.2661754397336074 0.03116146879233552 0.02933467292769345
4 0.11176077283992147 0.18385768825073265 0.02655585594746528 0.030706171939110228
4 0.15893898801421238 0.11717686562705036 0.023922178878243817 0.03995383794672147
4 0.2049132293077851 0.10189937551288213 0.033958920171816495 0.023212006920082205
4 0.20816770409301447 0.07474662650146528 0.0016443871551297562 0.0016261669961944003
4 0.29966580732694625 0.035597896273128773 0.027463258706427317 0.01826983893530465
4 0.3018767605154496 0.07778539627312878 0.027545145861557076 0.01983233893530465
4 0.6551721788782437 0.06567530440925565 0.03272396879233561 0.02939833992388783
4 0.6199340417231141 0.06268029699488184 0.030670145861557075 0.019959672927693427
4 0.6964013664629148 0.12348514581601824 0.027872694482076098 0.02608233893530465
4 0.7393800825417169 0.08080023870565559 0.02433825870642714 0.01814250494291587
2 0.8290124706013579 0.1101786739906387 0.01372830732694652 0.023946835969555113
4 0.7890049462910984 0.10543016558768173 0.029189533016686652 0.021458505931499026
4 0.3466182089542545 0.4257427352084335 0.02762703301668683 0.021394838935304604
4 0.33926273236000287 0.4043943172236558 0.033958920171816585 0.02321200692008212
4 0.3772230777920186 0.37008032562661286 0.026392081637205765 0.02758117193911023
2 0.18043544549812884 0.705857363649884 0.02343085594746528 0.03057883794672147
4 0.1704518566248338 0.4856085306460784 0.0308339201718165 0.02308467292769336
4 0.15475493554850614 0.4389736111784261 0.03239642017181654 0.023148339923887918
4 0.1782433452048731 0.3962741166156335 0.024338258706427272 0.01814250494291585
4 0.19794169154139996 0.3853830375661606 0.017842597241038004 0.013200336958138336
4 0.28059481851976437 0.5493447198853942 0.021049484396167807 0.014890170950527092
1 0.17169785334547347 0.613510696159398 0.06947369629109837 0.0761115138401646
4 0.17402831524040405 0.6728538626613009 0.034368355947465276 0.03102450692008212
4 0.4231552120064722 0.7258819980600146 0.021458920171816588 0.022702670950527092
4 0.49252376695856925 0.9041144274134988 0.013728307326946165 0.023946835969555026
4 0.3254933972162941 0.9300508918245043 0.020387743102595036 0.032014003954332536
4 0.451240347691264 0.9047710020143473 0.017426517412854635 0.03501166996194414
4 0.7098773682719373 0.17236831478937897 0.033051517412854635 0.03564833992388783
4 0.7560839829258297 0.22102599068282194 0.031079581637205856 0.02777217292769345
4 0.9526303550429542 0.04427378418048161 0.014635710085908471 0.011510502965749514
4 0.932645403663473 0.04969611322995452 0.024583920171816587 0.02283000494291587
4 0.8923922178878243 0.04026010482699754 0.022284435775648603 0.008703837946721481
4 0.9574307196968466 0.0912442846747732 0.020387743102595123 0.032014003954332695
4 0.9625210114199607 0.12887161866716199 0.018333920171816585 0.022575336958138337
4 0.9745506999091429 0.20965870364813394 0.01784259724103805 0.013200336958138336
4 0.9818176452957301 0.2590684546367171 0.01668953301668665 0.02094916996194396
4 0.9670181608995623 0.24443295167096757 0.0216226944820761 0.02582767095052709
4 0.9434511861143331 0.27075802973185736 0.02154080732694652 0.024265170950527094
4 0.9450679177969674 0.21235528072044052 0.021458920171816588 0.022702670950527092
4 0.9356895957707 0.22678519524517698 0.021377033016686652 0.021140170950527094
4 0.8963404907277457 0.21972477034031718 0.019650758706427497 0.017951503954332714
2 0.8988956026681049 0.19410268783080314 0.027627033016686654 0.02139483893530465
4 0.824546298620519 0.03983434049254151 0.020967597241038048 0.013327670950527093
4 0.785483798620519 0.038242665587681725 0.020967597241038048 0.013327670950527093
2 0.7569460408186028 0.04409607615808549 0.024665807326946166 0.024392504942915873
4 0.6947769114653892 0.032987479808407015 0.023928822930778536 0.01033000494291587
4 0.7150008802577248 0.06187648376273972 0.019650758706427317 0.017951503954332693
4 0.6337752137039528 0.13340663247014536 0.018333920171816585 0.022575336958138337
4 0.5774223151288623 0.03989937159573046 0.020885710085908116 0.011765170950527093
4 0.45320356512886234 0.034837845398276335 0.025736984396167627 0.015081171939110271
4 0.4226086623699004 0.046064505474388506 0.024829581637205677 0.027517504942915872
4 0.4300969357756488 0.02532092395345766 0.02228443577564878 0.008703837946721481
4 0.3850245324508599 0.23631016209045957 0.027708920171816587 0.022957338935304605
2 0.5945665445481891 0.783539283649009 0.02186835594746519 0.030515170950527092
4 0.8025494629109835 0.7655081611390575 0.013892081637205678 0.027071835969555025
4 0.8189900124360137 0.7965817476029041 0.016525758706427494 0.017824169961943782
4 0.8050746766149363 0.8731933271466688 0.02450203301668665 0.02126750494291585
4 0.7906370403643177 0.8952129071847248 0.018415807326946344 0.024137836958138335
4 0.28264639868663216 0.7521195514063251 0.031079581637205766 0.02777217292769336