5 0.26811210517256495 0.6901641127068618 0.022957338935304605 0.02681703866963616
2 0.610734639772976 0.5300105994191324 0.07218801779449713 0.08517497867599957
2 0.5807619327763442 0.325658906747269 0.057679848821136304 0.07407384667409059
4 0.51946499403132 0.4296827880728603 0.040399506920082116 0.03326703333863605
4 0.5345872697344823 0.30792596674090567 0.03328734387822045 0.05036362667090888
5 0.5543891392786844 0.5316998214114964 0.03845500494291585 0.02387385200509069
4 0.3635041541074321 0.4591328360518613 0.02840884288963732 0.04562158267027243
7 0.48354739867022456 0.48632313940163324 0.0362213428896375 0.04571248933799978
4 0.6205964125103891 0.42226173408654144 0.071997016805914 0.08048747867599956
4 0.6644166911793011 0.28676967675840487 0.03484984387822045 0.05038180800445433
4 0.6571917815974805 0.25307592942390494 0.03603034190105418 0.041024989337999786
2 0.6215765696579327 0.07210719275140519 0.08555018083635879 0.06815111067790858
4 0.43132300688290115 0.3676907707272245 0.04030134783255317 0.06918635200509068
4 0.39307624897423576 0.4047635093889065 0.04549818380210837 0.08174089600572713
4 0.4668347425484452 0.4361049633990879 0.03772017589344294 0.044168170671545146
4 0.4146965809894582 0.4112680480585428 0.03290534190105419 0.04098862667090888
4 0.4250319031188489 0.4645384987269063 0.042980678859192524 0.0582852146721816
4 0.4153757188224489 0.5480595233927245 0.04610567885919252 0.058321577339272325
4 0.4002653719784789 0.611976572724361 0.03414950692008212 0.03319430800445424
4 0.37239238137001907 0.5670998773869975 0.02777217292769336 0.02999658267027261
4 0.324493392244434 0.5149555747135433 0.04706068380210837 0.0817590773392725
4 0.23994995448799292 0.614019236035953 0.0321068458553869 0.059720445337363516
5 0.2580486970736191 0.649402752705271 0.022702670950527092 0.020567038669636162
2 0.32762636802414624 0.6298902313812705 0.0774485207602467 0.09929202267663584
2 0.4298998393552342 0.7670822433959061 0.16108337452429886 0.1970942706874535
4 0.4865848739556453 0.6036015460693605 0.052992348821136306 0.07401930267345413
4 0.5008092000393687 0.6381583594048148 0.03440417490485981 0.03944430800445424
7 0.49475285962118926 0.6716975654041786 0.044224843878220454 0.05049089600572696
4 0.5141249421307033 0.6758310820734966 0.031597509885831696 0.04722044533736351
4 0.5874297909518397 0.6032117420830416 0.038518671939110405 0.02543635200509069
4 0.6247533774156864 0.5887952534213596 0.037592841901054184 0.04104317067154532
4 0.6719321249442285 0.6010685340944957 0.045625517794497125 0.08486589600572714
7 0.6646860162372603 0.7213537620941775 0.04224584980971961 0.07857953333863606
4 0.5484442509142211 0.7926918654121328 0.026400673916276672 0.03466590133672707
7 0.3687673852871707 0.9437987373885883 0.060168178859192525 0.05848520934118149
7 0.5398929687852678 0.9450083434118145 0.030035009885831698 0.047202264003817974
4 0.5428932933861166 0.9845317307049527 0.038900673916276676 0.030936538590094643
2 0.4711349930055556 0.8293100707351787 0.05704317885919252 0.05844884667409076
7 0.3708511501159183 0.8734771467218156 0.03347834486680377 0.0550511266709087
4 0.23297575981146962 0.7468135547024074 0.039410009885831696 0.04731135200509069
2 0.23408066197891642 0.8156090080362711 0.1704928666156335 0.15972154002227157
7 0.0952609011045015 0.8655806413510445 0.03571200692008223 0.033212489337999786
4 0.08384058144656877 0.8005732593491356 0.043906508897248564 0.042678396005727134
4 0.21310627019159298 0.6973402660327712 0.04090884288963732 0.045767033338636055
4 0.16396311604697986 0.6373652820257716 0.026273339923887827 0.031540901336727246
4 0.2158187292025723 0.4964953813653622 0.04228034190105419 0.041097714672181596
4 0.24044599749136103 0.4100220793682256 0.03772017589344294 0.044168170671545326
4 0.11455997673111436 0.507041435351681 0.049867348821136394 0.0739829400063634
4 0.3074053458182059 0.3396737640435889 0.04798651384016441 0.06615225867281786
4 0.40675142981059464 0.3377032787237247 0.028599843878220454 0.050309082670272606
4 0.47893678901185427 0.21582882606617879 0.027644838935304606 0.02687158267027261
2 0.535193400684572 0.08204471940640573 0.0662563527754692 0.09291475334181779
2 0.4753899777568786 0.11105041939845155 0.057998183802108375 0.08188634667409059
2 0.4255836373386991 0.14408054805854276 0.060741181824942106 0.07254770934118149
4 0.3508237178710468 0.15649818471513416 0.05796900889724856 0.042842028007636035
4 0.27811177665456466 0.27211354670590726 0.06303851087441492 0.05227157200827239
4 0.22965968920213475 0.2910902660327712 0.037303681824942016 0.07227498933799978
4 0.17932942536197033 0.35616073535963516 0.03440417490485981 0.03944430800445442
4 0.1484667445256115 0.4230209713558171 0.025220175893442942 0.044022720003181706
4 0.07801232308079283 0.44486815201304486 0.04221667490485981 0.039535214672181594
2 0.29562688190149167 0.16836183804104357 0.06485567885919252 0.0585397533418178
2 0.08243983790954043 0.37457383334659033 0.05962435079830275 0.08346702800763595
4 0.0759603917501424 0.5144084926798176 0.03414950692008221 0.03319430800445424
4 0.05818530133196298 0.5478113386775905 0.01989600593149905 0.028343176002545434
4 0.11339277167446773 0.6891454106858628 0.05755251482874764 0.07094884667409058
2 0.027272176844845092 0.7341573713399088 0.054544353689690184 0.08048747867599956
7 0.013312471065351623 0.7026891953373634 0.026624942130703246 0.06618862133990877
7 0.7611245479091029 0.1769048754375861 0.04030134783255335 0.06918635200509068
4 0.7117784639167141 0.17945716343090462 0.04011034684397004 0.06449885200509069
4 0.4350501847535105 0.31458395206076994 0.03953734387822046 0.05043635200509069
4 0.38847361509557776 0.24916749005408842 0.03772017589344294 0.044168170671545236
4 0.39876912794715896 0.18832089672181565 0.04798651384016441 0.06615225867281786
4 0.4556465276431478 0.2694896280633153 0.026209672927693363 0.029978401336727155
4 0.4418386956279254 0.26307599606140625 0.02595500494291585 0.023728401336727066
4 0.46152250144569373 0.39383564739813337 0.03127917490485963 0.03940794533736351
4 0.4270188729670621 0.6075981553946336 0.03552100593149898 0.028524989337999785
4 0.4509192879860901 0.6156924660645879 0.026655341901054185 0.04091590133672707
4 0.5127587603057613 0.747724263407042 0.03979201186299797 0.05668635200509069