4 0.29070016025351975 0.6161648053606579 0.03241439371369372 0.026273339923887917
4 0.31687951653982604 0.5922789777940596 0.03241439371369372 0.026273339923887917
4 0.03776775123834508 0.4927923364638467 0.02921661910658786 0.02458350593149916
4 0.024285294042416007 0.47118925049429156 0.005633569892376145 0.020503500988583133
4 0.031078949542934005 0.4496325854752635 0.02140411910658786 0.024265170950527094
4 0.059184678864769566 0.4336229249048598 0.02503854135632886 0.03533000494291585
4 0.05119670450533274 0.5299885889353046 0.019696069892376135 0.021076503954332537
4 0.06656483932768628 0.49162642589344296 0.023621590570540585 0.03839133794672147
4 0.05872026012968523 0.5575870069200823 0.029362168320799586 0.02770850593149916
4 0.05936026902102539 0.6215540064257906 0.025800520678164428 0.018206171939110227
4 0.06552241604448798 0.38553559338392895 0.027508569892376135 0.021394838935304604
4 0.06910118031251164 0.3786635108744149 0.025800520678164428 0.018206171939110227
4 0.04930252646462348 0.7404485864638467 0.025800520678164428 0.018206171939110404
4 0.043110338499116774 0.7916609179847776 0.013300520678164429 0.0176968359695552
4 0.04965359098031614 0.8316956689733608 0.023621590570540574 0.03839133794672165
4 0.08453585917728121 0.8105037598858317 0.03717466832079956 0.028026840912470874
4 0.06840143692754021 0.7989295899238879 0.028998295285270294 0.019896005931498983
4 0.11335652605033872 0.8935536818249421 0.02743579528527027 0.01983233893530496
4 0.09963647435492765 0.8501074293534842 0.015008569892376134 0.020885502965749224
4 0.12269083064123394 0.8260942677944971 0.01962329528527027 0.01951400395433254
4 0.09161630500067076 0.7281369288591926 0.02267552067816443 0.018078837946721472
4 0.11047331285855362 0.6977145998097196 0.02587329528527027 0.019768671939110406
4 0.12131876757328333 0.6794421022811775 0.025946069892376133 0.021331171939110403
4 0.08062314701895341 0.709754343383929 0.019987168320799588 0.027326503954332716
4 0.11748313812761327 0.6473153517868859 0.029071069892376133 0.021458505931499162
4 0.12067660462916723 0.5819450197716635 0.027799668320799588 0.027644838935304606
4 0.11551822373575509 0.6051278517868859 0.024674668320799585 0.027517504942915848
4 0.13810385318142518 0.6380186062355102 0.030924668320799587 0.02777217292769336
4 0.1011325461093306 0.6645837648287476 0.020205492142117178 0.032014003954332716
4 0.0953855062007438 0.5746763478325533 0.022821069892376155 0.021203837946721472
4 0.1414900264646235 0.7442049392393157 0.020132717535011314 0.030451503954332715
4 0.15626100185751762 0.7432472757031625 0.02830909057054054 0.038582338935304605
4 0.19931102687890823 0.596065869581383 0.034267992142117176 0.032587006920082116
4 0.16971557216417854 0.6135743631555924 0.024601893713693722 0.02595500494291585
4 0.16966206823523708 0.6291675296574952 0.02474744292790545 0.02908000494291585
4 0.1475730525194714 0.6906488577183849 0.020132717535011314 0.030451503954332715
4 0.17269286889719088 0.5770466141441756 0.029143844499481996 0.023021005931498983
4 0.1614835411469319 0.5875066116727176 0.03241439371369372 0.026273339923887917
4 0.178938560791639 0.5102411161213419 0.027945217535011314 0.030769838935304605
4 0.1560960661683225 0.438351528668912 0.027290246071058587 0.016707338935304607
4 0.1812052280789813 0.4417139506080224 0.02921661910658786 0.02458350593149916
4 0.17929381761606455 0.3839332841061195 0.022675520678164408 0.018078837946721472
4 0.21832639247083946 0.48533395802239615 0.026455492142117086 0.032268671939110226
4 0.25399206472058045 0.4977039654367699 0.025946069892376133 0.021331171939110403
4 0.27781055438149826 0.490097053877783 0.021913541356328815 0.03520267095052709
4 0.2757000907754284 0.44478455387778304 0.021840766749222952 0.03364017095052709
4 0.2848374962759464 0.4233233893530466 0.021040246071058633 0.016452670950527094
4 0.29523349482820427 0.4791104743340185 0.023257717535011223 0.03057883794672147
4 0.28967700764848586 0.5272296393530466 0.021840766749222952 0.03364017095052709
4 0.3007942901134746 0.4980514753226017 0.027799668320799588 0.027644838935304606
4 0.08508789929526499 0.35358259783255325 0.01700771753501129 0.03032416996194396
4 0.10694147456432461 0.3037881862735663 0.018351893713693723 0.025700336958138337
4 0.10123513006484261 0.2817221852849831 0.025800520678164452 0.018206171939110227
4 0.06478605376232568 0.23579026136870648 0.01017552067816443 0.01756950197716627
4 0.08910750351465666 0.13853060079830276 0.016352746071058587 0.016261669961943913
4 0.0917252353176916 0.16125051779449712 0.022821069892376155 0.021203837946721472
4 0.1229345399085868 0.09468244171077375 0.024383569892376132 0.02126750494291585
4 0.12589256596343473 0.04099902619745412 0.02587329528527027 0.01976867193911027
4 0.1537435841603998 0.019520615627050365 0.029289393713693723 0.02614600593149905
4 0.15062073821317573 0.05292336463846718 0.031070217535011314 0.03089717292769345
4 0.1685894882131757 0.05365553509470269 0.022821069892376134 0.021203837946721472
4 0.16846536372990437 0.1012162846004111 0.02609161910658786 0.02445617193911027
4 0.15538532092583343 0.12173703163466158 0.026018844499481997 0.022893671939110273
4 0.13345681699689202 0.13643886018984291 0.02765411910658786 0.02451983893530465
4 0.1733326461948931 0.07178345258518867 0.022675520678164408 0.018078837946721472
4 0.15836692576439768 0.15226944863085595 0.029071069892376133 0.02145850593149907
4 0.15022909408519725 0.1784499466536896 0.029289393713693723 0.026146005931499072
4 0.17061436869230312 0.18084011760421673 0.02140411910658786 0.024265170950527094
4 0.14893411372990437 0.10042044714798122 0.013082196856846862 0.013009335969555114
4 0.21275471112487052 0.014127461482437242 0.025509422249741044 0.01195617193911026
4 0.17652407444049012 0.2574981180985083 0.03419521753501131 0.031024506920082205
4 0.21251507836943154 0.24336929250907646 0.025800520678164407 0.018206171939110227
4 0.14327492679785497 0.2467861111784261 0.02630994292790545 0.029143671939110227
4 0.15215762117350246 0.21985619665368966 0.027945217535011314 0.030769838935304605
4 0.1506550872607717 0.3047896121670092 0.02652826674922304 0.03383117193911023
4 0.1703318864749834 0.30871044961943916 0.02743579528527027 0.019832338935304606
4 0.1628319096343472 0.3653278641441756 0.025800520678164407 0.018206171939110227
4 0.10721761042013549 0.35994268577927474 0.02630994292790545 0.029143671939110227
4 0.19541531554914995 0.1943269560452298 0.03277826674922304 0.03408583992388783
4 0.18843541542531544 0.1449172050566466 0.03775686517764645 0.04052684091247101
4 0.21579843610347987 0.16318704399195125 0.03717466832079959 0.028026840912470964
4 0.20178728597964538 0.11349079152049332 0.022675520678164408 0.018078837946721472
4 0.23599962014004516 0.12814088193867273 0.018351893713693723 0.02570033695813829
4 0.22431510339082217 0.0949145464634092 0.024383569892376132 0.021267504942915894
4 0.24728387655018597 0.1527734674139363 0.022821069892376134 0.021203837946721472
4 0.25627573283649224 0.12818730288919983 0.022821069892376134 0.021203837946721472
4 0.24193925103345731 0.10498988342154751 0.014863020678164408 0.01776050296574949
4 0.21337771918764115 0.37908395802239614 0.029289393713693723 0.026146005931499072
4 0.22117525661502854 0.42930679250907644 0.021331344499482086 0.022702670950527092
4 0.19972828804655998 0.3036701225471326 0.026237168320799586 0.02758117193911023
4 0.21095473242220747 0.2768357085166877 0.021331344499481996 0.022702670950527092
4 0.24149841108208925 0.31316979794628397 0.029143844499481996 0.023021005931499073
4 0.22153051343945412 0.30299896049385405 0.02118579528527027 0.019577670950527093
2 0.21035972704552397 0.34777029102620177 0.027726893713693725 0.026082338935304605
4 0.21722615715314783 0.3277761260071737 0.01827911910658786 0.024137836958138335
4 0.22422101984959492 0.32728137749004843 0.02005994292790545 0.028889003954332713
4 0.24113022994100808 0.23829713193867272 0.029653266749222952 0.03395850593149898
4 0.24558444354707798 0.2837051324329643 0.017080492142117175 0.03188666996194396
4 0.25837338792272546 0.2569343853987139 0.02630994292790545 0.029143671939110227
4 0.25703136579681896 0.2950883014063251 0.021476893713693723 0.02582767095052709
4 0.25614310793893613 0.32624280091203345 0.02979881596343468 0.037083505931498985
4 0.2867102495857152 0.16217764231879608 0.02318494292790545 0.029016337946721472
4 0.28547308126491566 0.13561514231879607 0.026455492142117086 0.032268671939110274
4 0.2648545202638797 0.1784419708739774 0.016571069892376132 0.020949169961943914
4 0.23202286538253425 0.4445643779843401 0.025038541356328815 0.03533000494291585
4 0.2538807487571457 0.4618301324329643 0.018424668320799586 0.027262836958138338
4 0.2531209234880861 0.5124840484405755 0.027363020678164495 0.018269838935304605
4 0.23190089495203878 0.5256552104938541 0.02282106989237622 0.021203837946721472
4 0.23406701653982603 0.5889046269957569 0.029289393713693723 0.026146005931498982
4 0.24923609821902648 0.563010630455798 0.02809076674922295 0.03389483893530461
4 0.26260939350429674 0.582269966425353 0.032268844499481995 0.023148339923887918
4 0.2622112872179905 0.6072062994291587 0.026382717535011223 0.030706171939110405
4 0.23007518341288352 0.6706175420147849 0.022821069892376134 0.021203837946721472
4 0.19895146194893082 0.6553135355889943 0.029362168320799586 0.02770850593149916
4 0.2091655239834241 0.7071943705699663 0.02609161910658786 0.024456171939110226
4 0.22331791521591846 0.692955457033813 0.027799668320799588 0.027644838935304606
4 0.2085683645539647 0.7445988700756747 0.026018844499481997 0.022893671939110228
4 0.25427681678749503 0.6879787969577007 0.025946069892376133 0.021331171939110403
4 0.20032352501688142 0.8019657011023138 0.02765411910658786 0.02451983893530496
4 0.18195236062502326 0.7591096976422728 0.026237168320799586 0.02758117193911023
4 0.22854272435492762 0.8553599565395213 0.027799668320799498 0.027644838935304606
4 0.19907570222902113 0.8923678666156334 0.029507717535011312 0.03083350593149916
4 0.22044127997928015 0.882321704562355 0.032705492142117175 0.03252333992388756
2 0.1943496608726923 0.8578655326232447 0.013082196856846907 0.013009335969555025
4 0.23935609987165626 0.9033663750185905 0.02787244292790536 0.029207338935304604
4 0.25654359987165626 0.9040667119767288 0.032705492142117085 0.032523339923887916
4 0.25223493547979814 0.8617837114824372 0.025946069892376133 0.02133117193911005
4 0.26838647435492763 0.8569834649424785 0.025946069892376224 0.02133117193911005
4 0.28499393155085667 0.8787138849044223 0.02743579528527036 0.019832338935304606
4 0.31004743547979813 0.8641393903416297 0.017444365177646404 0.03969916996194378
4 0.28893441480163373 0.8461242193911026 0.030924668320799497 0.02777217292769336
4 0.27125245512450524 0.784581882927256 0.02118579528527036 0.019577670950527093
4 0.28594850185751763 0.748531636387297 0.02958049214211709 0.03239600593149916
4 0.3157087764646235 0.7513038093149904 0.025800520678164497 0.018206171939110227
4 0.2699403581438239 0.7229267999234503 0.024383569892376132 0.02126750494291585
4 0.28657989453775407 0.6783783038777831 0.024601893713693722 0.02595500494291585
4 0.31628666521591847 0.6967436433073793 0.02943494292790545 0.029271005931499162
4 0.32475198262709526 0.6775943952845456 0.034049668320799586 0.02789950692008212
4 0.3035105293601076 0.6400798078321157 0.02452911910658786 0.02439250494291585
4 0.3472605293601076 0.6418624837255587 0.02609161910658786 0.024456171939110406
4 0.34496812923627307 0.5926437337255587 0.027945217535011314 0.030769838935304605
4 0.3693302743977089 0.5632254891627662 0.022821069892376134 0.021203837946721472
4 0.36251304011347457 0.5005663216722802 0.027508569892376135 0.021394838935304604
4 0.3094993560769093 0.5342754768054764 0.01962329528527027 0.01951400395433254
4 0.3026329259692854 0.5542696418245046 0.02609161910658786 0.024456171939110226
4 0.33600619809519194 0.5174208992388782 0.02452911910658786 0.02439250494291585
4 0.38809308291754546 0.48055491060758476 0.025800520678164497 0.018206171939110404
4 0.36449076302516936 0.4593192391627661 0.01871576674922295 0.03351283695813834
4 0.37548607505966264 0.5112319076418352 0.029143844499481996 0.023021005931498983
4 0.3038335911897131 0.2954358112921568 0.02630994292790545 0.029143671939110227
4 0.2977676817602537 0.3326174763111848 0.022675520678164408 0.018078837946721472
4 0.3034354849034068 0.32037214429596245 0.029143844499481996 0.023021005931498983
4 0.29568079693790017 0.3715208088206989 0.025800520678164497 0.018206171939110227
4 0.3086003279551468 0.3977795612921568 0.02674659057054054 0.038518671939110224
4 0.3239491920993359 0.34226173174839236 0.024383569892376132 0.02126750494291585
4 0.25872445243841813 0.3481814679082279 0.02318494292790536 0.029016337946721472
4 0.26499372311658254 0.36559180239490824 0.02027826674922304 0.03357650395433272
4 0.28831344499482003 0.2300827253226017 0.021476893713693636 0.02582767095052709
4 0.31125863937046755 0.20372581376361473 0.025800520678164407 0.018206171939110227
4 0.3203596575674326 0.1814833992388783 0.023330492142117087 0.03214133794672147
4 0.3009375694780914 0.1830313117864484 0.022893844499482084 0.02276633794672147
4 0.30761775496239874 0.09207073075980914 0.026237168320799586 0.02758117193911027
4 0.2968043794456701 0.044064312280739995 0.011446922249741042 0.011383168973360735
4 0.3141010413563289 0.047108399238878294 0.019696069892376135 0.021076503954332693
4 0.319259422249741 0.023925567223655866 0.026018844499481997 0.022893671939110266
4 0.33128854135632885 0.0478087361970166 0.01962329528527027 0.019514003954332705
4 0.3518172111248705 0.019793824143738085 0.02238442224974104 0.011828837946721482
4 0.38264983416039977 0.02884783056952872 0.030924668320799587 0.027772172927693427
4 0.3589084272121397 0.10507740813612687 0.03612159057054054 0.03890067391627663
4 0.35589474317557446 0.1408239071475437 0.02140411910658786 0.024265170950527094
2 0.36436436869230315 0.18873482513232126 0.017007717535011225 0.030324169961943915
4 0.3340241670779453 0.4916078157407811 0.027799668320799498 0.027644838935304606
4 0.33903496050118875 0.7163849812541008 0.019987168320799498 0.02732650395433254
4 0.36445018341288354 0.6760929036875025 0.020569365177646404 0.039826503954332716
4 0.3885232684018528 0.389339661596168 0.019987168320799498 0.027326503954332716
4 0.385631554795783 0.3439953280980708 0.02743579528527027 0.019832338935304606
4 0.41232033333183027 0.3310470005314726 0.029143844499482086 0.023021005931498983
4 0.4334140833318303 0.33190650498009694 0.02198631596343468 0.036765170950527094
2 0.3922240031003719 0.30137674657714 0.026382717535011223 0.030706171939110228
4 0.3699359342414531 0.37532624113993246 0.021476893713693636 0.02582767095052709
4 0.35844831658260723 0.2961016561589605 0.026018844499481997 0.022893671939110228
4 0.42098039578060825 0.232369419999125 0.026237168320799496 0.02758117193911023
4 0.4163827870131026 0.217366502508639 0.02503854135632899 0.03533000494291585
4 0.37839478949430205 0.25558674410568194 0.02765411910658786 0.024519838935304607
4 0.3589363141014079 0.2563534066532521 0.022893844499482084 0.02276633794672147
4 0.43222180272886834 0.15563050646297166 0.01871576674922295 0.03351283695813834
4 0.4635274607105858 0.17484076288876232 0.02630994292790554 0.02914367193911027
4 0.46008993755122185 0.11777767939066512 0.024456344499482086 0.02283000494291585
4 0.4533112446233165 0.08942984490398474 0.02518409057054054 0.03845500494291587
4 0.4010745024811994 0.056110667527667024 0.01871576674922295 0.033512836958138316
4 0.4279987214639528 0.031475423459166076 0.024383569892376045 0.02126750494291587
4 0.4662093509096228 0.06500284786973427 0.018861315963434676 0.03663783695813831
4 0.4839983184446341 0.09535885132977538 0.022821069892376044 0.021203837946721493
4 0.4849935841603997 0.03301801882026136 0.0293621683207995 0.02770850593149905
4 0.5037264675350113 0.050156439276496864 0.029143844499482086 0.023021005931499028
4 0.5230757810172466 0.04704602672892676 0.021913541356328815 0.03520267095052709
4 0.5261301604629167 0.07914094372512115 0.018351893713693813 0.02570033695813829
4 0.5209182756405631 0.1179169422422464 0.023548815963434677 0.03682883794672147
4 0.4882513248547749 0.11970493532216415 0.025038541356328815 0.03533000494291585
4 0.47833482340703276 0.17466434935260905 0.021040246071058633 0.016452670950527094
4 0.5210124749786094 0.1701651917479548 0.022893844499482084 0.02276633794672147
4 0.5201606044242795 0.20210094125366324 0.02609161910658777 0.024456171939110226
4 0.5422860074435981 0.1414008631927735 0.024529119106587772 0.02439250494291585
4 0.5681207613725394 0.12685820212807813 0.023184942927905537 0.029016337946721472
4 0.5602205241928211 0.1748818666528146 0.029143844499482086 0.023021005931499073
4 0.5111709021907491 0.26021718878220523 0.025800520678164497 0.018206171939110227
2 0.48815077915521987 0.2514815173373866 0.019477746071058632 0.016389003954332716
4 0.48177665467194847 0.2987875988583174 0.019987168320799498 0.027326503954332716
4 0.49460198635114894 0.272798101824067 0.027799668320799498 0.027644838935304606
4 0.44502797952672335 0.3971004234591661 0.032268844499482086 0.023148339923887918
4 0.46341626054397 0.42358201041730437 0.029143844499482086 0.023021005931498983
4 0.5111303225784634 0.4769908533069417 0.025800520678164317 0.018206171939110227
4 0.4798675140586267 0.559152095892568 0.02743579528527036 0.019832338935304606
4 0.5008521021479678 0.5576678503411923 0.027872442927905538 0.029207338935304604
4 0.5374766528099217 0.5069157752460519 0.025946069892376043 0.021331171939110403
4 0.5234505401134746 0.5071240222803025 0.030997442927905537 0.029334672927693362
2 0.5116633236119206 0.5721441858164557 0.011446922249740865 0.011383168973360825
4 0.36310396897824415 0.9318017342198501 0.02921661910658786 0.02458350593149916
4 0.3692662317985257 0.9803984017103362 0.030342471463952768 0.015272172927693362
4 0.38428976426351447 0.9513794051703772 0.02609161910658786 0.02445617193911005
4 0.3743668006574446 0.9057485701894056 0.022821069892376134 0.02120383794672165
4 0.34018869974782173 0.8583496467674203 0.025038541356328815 0.03533000494291585
4 0.3247285196401979 0.8779936433073793 0.025111315963434678 0.03689250494291585
4 0.3254605738168084 0.9606788093149905 0.026237168320799586 0.027581171939110048
4 0.32574951819245584 0.9333987263111849 0.02787244292790545 0.029207338935304604
2 0.3380589654635875 0.7958814802655174 0.018133569892376133 0.021012836958138336
4 0.3650217258026697 0.8055575692008222 0.01784247146395277 0.014762836958138337
4 0.3852464886229513 0.8547272396570577 0.02609161910658786 0.02445617193911005
4 0.36285560421488244 0.7423081526989194 0.029653266749222952 0.03395850593149916
4 0.39414414557121136 0.7778928256266129 0.018206344499481907 0.022575336958138337
4 0.39965143692754024 0.8124269931170989 0.024965766749223038 0.033767504942915846
4 0.4116270521051867 0.8519033285923623 0.026455492142117086 0.03226867193911005
4 0.41857056492546824 0.9005318295809456 0.02496576674922295 0.033767504942915846
4 0.4151930078533736 0.9284658285923623 0.01991439371369381 0.025764003954332537
4 0.39650501219659984 0.7616139096190017 0.026018844499481997 0.022893671939110228
4 0.4249574979285763 0.7697911655505006 0.02609161910658777 0.024456171939110406
4 0.4221578296077766 0.7431649985543063 0.03241439371369381 0.026273339923887917
4 0.4549083252645504 0.9105899204934165 0.030706344499482084 0.02308467292769336
4 0.4609528099630695 0.8227225059686802 0.025800520678164497 0.01820617193911005
4 0.4369138424280582 0.7921118345238615 0.0293621683207995 0.02770850593149916
4 0.39351490694375085 0.8815762411399325 0.030924668320799587 0.02777217292769336
4 0.4215199747692123 0.7127280820524036 0.026018844499482087 0.022893671939110405
4 0.4110512016098486 0.6553784970714316 0.022966619106587947 0.02432883794672147
4 0.40590778328904903 0.6286568295809456 0.032268844499482086 0.023148339923887918
4 0.43688595553878995 0.6408358360067362 0.026455492142117266 0.032268671939110406
4 0.44338851261088463 0.6130291709877081 0.02630994292790554 0.029143671939110227
4 0.40761367845048485 0.5983154135733344 0.015226893713693812 0.025573002965749582
2 0.3919886784504848 0.5976787436113904 0.01471747146395277 0.014635502965749581
4 0.42467059180888567 0.5459862510257641 0.027508569892376045 0.021394838935304604
4 0.415929138541898 0.5089809995428894 0.02111302067816432 0.01801517095052709
4 0.47046247311658257 0.37396401239447075 0.01962329528527036 0.019514003954332716
4 0.46364093072679646 0.24424467889637355 0.02587329528527036 0.01976867193911023
4 0.5131165459044429 0.28524902228030247 0.022893844499482084 0.02276633794672147
4 0.46191791893997214 0.2909605114058876 0.021767992142117266 0.03207767095052709
4 0.5088873498716563 0.9143489318621232 0.04415241439185813 0.043906508897248384
4 0.500852217944787 0.8422829308735398 0.02743579528527036 0.019832338935304606
4 0.5022306273742462 0.8049102648659285 0.02609161910658777 0.02445617193911005
4 0.5191783788219884 0.7502373523183585 0.026237168320799496 0.02758117193911023
4 0.5252977921803892 0.6974625207974278 0.029071069892376046 0.021458505931499162
4 0.49157560959156593 0.6765942638773454 0.017769696856846907 0.013200336958138336
4 0.5322905008240604 0.6634376892764969 0.025800520678164497 0.018206171939110404
4 0.5706616420565547 0.6501856141813567 0.029216619106587773 0.02458350593149916
4 0.5951714904849782 0.6574224526223696 0.026237168320799496 0.027581171939110406
4 0.5125387729499667 0.6244242688202613 0.029143844499482086 0.02302100593149916
4 0.5365199284504849 0.6035679407593716 0.025800520678164317 0.018206171939110227
4 0.5606080918088857 0.5515252796946764 0.027872442927905538 0.029207338935304604
4 0.5520528831652145 0.5854864442194128 0.028236315963434677 0.037019838935304604
4 0.5721555597581818 0.43113186665281467 0.01871576674922295 0.03351283695813834
4 0.5728083771693585 0.41166428364900903 0.029143844499482086 0.02302100593149916
4 0.587669243794747 0.3958947036109529 0.022821069892376044 0.021203837946721472
4 0.5862266759692855 0.5658252016337866 0.03136131596343468 0.03714717292769336
4 0.5819372822555918 0.5406978676413978 0.027363020678164318 0.018269838935304605
4 0.5831915672017798 0.550885951139495 0.02423802067816432 0.01814250494291585
4 0.6007579028099217 0.5094942885919249 0.031070217535011223 0.03089717292769336
2 0.5887822876322752 0.47001795311666134 0.010175520678164319 0.01756950197716627
4 0.5886174677398991 0.44973728661475854 0.02587329528527036 0.01976867193911023
4 0.6060404081866052 0.43875070707099406 0.0293621683207995 0.02770850593149916
4 0.6063657398658056 0.41225187406718844 0.019477746071058632 0.016389003954332716
4 0.5706444096343471 0.3819449501509118 0.024529119106587772 0.02439250494291585
4 0.5842852245643246 0.3232384536109529 0.023184942927905537 0.029016337946721472
4 0.6000022698495948 0.34259329007479955 0.026601041356328993 0.03539367193911023
4 0.6063592777074778 0.31166162505577155 0.029143844499482086 0.023021005931498983
4 0.5979089228689135 0.28090637357289683 0.02743579528527036 0.019832338935304693
4 0.5711473697257604 0.29229220113949494 0.02609161910658777 0.024456171939110226
4 0.6152569346557378 0.23482721102532672 0.030997442927905537 0.02933467292769345
2 0.6001777442090317 0.2459092910633828 0.021040246071058633 0.016452670950527094
4 0.574760367244561 0.25267128562617536 0.025184090570540718 0.03845500494291585
4 0.6048802067816442 0.19619579254625755 0.019477746071058632 0.016389003954332716
4 0.618613066996892 0.15620746250820144 0.01515411910658777 0.02401050296574949
4 0.6326905295695046 0.10687596596824256 0.02503854135632899 0.03533000494291585
4 0.6550214478903043 0.13429797041686686 0.021040246071058633 0.016452670950527094
4 0.6145569596771285 0.08586312901010427 0.018861315963434676 0.03663783695813831
4 0.701151585193857 0.1369573968046014 0.03285104135632899 0.03564833992388783
4 0.67689860194308 0.16871939136739394 0.023476041356328813 0.035266337946721474
4 0.660222678245597 0.21248663741306126 0.03455909057054054 0.038837006920082205
4 0.5351266722452317 0.975460186805039 0.027872442927905538 0.029207338935304604
4 0.5387739030148093 0.9030904382879136 0.025946069892376043 0.02133117193911005
4 0.5462567632300571 0.8628474402650801 0.029507717535011226 0.03083350593149916
4 0.5234185767122925 0.8580180188202615 0.026382717535011223 0.03070617193911005
4 0.605227194785423 0.7896128701128557 0.021767992142117266 0.03207767095052709
4 0.5894523374656595 0.7187910341433006 0.021331344499482086 0.022702670950527092
2 0.5897455899468589 0.7585711171471061 0.017007717535011225 0.03032416996194378
4 0.6182408093438969 0.5835047915576744 0.03241439371369381 0.026273339923887917
4 0.628634653843379 0.6057617935348407 0.021040246071058633 0.016452670950527094
4 0.6210554402373092 0.5602264590481603 0.016207196856846906 0.013136669961943782
4 0.6245421592200625 0.5346362100367436 0.025800520678164317 0.018206171939110227
4 0.6194715155063687 0.5094770425462576 0.017007717535011225 0.03032416996194378
1 0.6387116670779452 0.5040228799986874 0.022821069892376044 0.02120383794672165
4 0.6965540922231704 0.40656955984646304 0.029143844499482086 0.02302100593149916
4 0.6855117384180636 0.47084030688071365 0.035539393713693815 0.026400673916276672
4 0.6721919470617346 0.43598780440925566 0.031070217535011223 0.03089717292769336
4 0.6891033112059237 0.38053364186168553 0.01784247146395277 0.014762836958138337
4 0.6592488372607717 0.32551321942828365 0.03412244292790554 0.029462006920082294
4 0.6897903618678776 0.3283172258540743 0.027872442927905538 0.029207338935304604
4 0.675507383993784 0.2895266398845192 0.024529119106587772 0.02439250494291585
4 0.703771471049668 0.19320739680460142 0.02772689371369381 0.02608233893530465
4 0.7167702388323482 0.3216188982874762 0.024456344499482086 0.02283000494291585
4 0.7117338283694316 0.26371089779318463 0.025800520678164497 0.018206171939110227
4 0.7525706900324213 0.16946349068282193 0.025038541356328815 0.03533000494291585
4 0.8305287160872691 0.11883609098683309 0.03085189371369381 0.02620967292769345
4 0.8415796861034799 0.18868567596780506 0.032268844499482086 0.023148339923887828
4 0.7861152442090317 0.2534856636105154 0.034922963606069855 0.046649506920082295
4 0.7565005188161376 0.25383849068282194 0.01827911910658777 0.024137836958138335
4 0.7768108647633617 0.2211360786295434 0.020132717535011224 0.030451503954332715
4 0.5876523587629965 0.9814992811775511 0.025946069892376043 0.02133117193911005
4 0.6295080649254683 0.9091268740671884 0.024529119106587772 0.02439250494291585
4 0.631248193337681 0.8460366250557716 0.027945217535011224 0.030769838935304605
4 0.6369695004097755 0.8181981265386463 0.031070217535011223 0.03089717292769336
4 0.639908255786459 0.7473590445234238 0.02296661910658777 0.024328837946721648
4 0.6414536391610705 0.7637971280215211 0.024383569892376045 0.02126750494291585
4 0.6311132985905299 0.7259469595424519 0.017007717535011225 0.03032416996194378
4 0.6489321912707664 0.6564939639910762 0.03085189371369381 0.026209672927693363
4 0.6243153349844601 0.6804434585538688 0.018351893713693813 0.025700336958138337
4 0.6599105024766901 0.9966308967674203 0.026455492142117266 0.00673820646515928
4 0.6625752760503387 0.9159326309872707 0.02347604135632899 0.03526633794672165
4 0.6765799640158454 0.8650386344473118 0.021913541356328992 0.03520267095052709
4 0.6937074979285762 0.780741888895936 0.027799668320799498 0.027644838935304606
4 0.7092939565722473 0.7470672258540743 0.02340326674922295 0.03370383794672147
4 0.6945015564484128 0.6973391398845192 0.032268844499482086 0.02314833992388774
4 0.6712866883752822 0.7681318009492145 0.02118579528527036 0.019577670950527093
4 0.6784056755550006 0.7200763029263808 0.022675520678164317 0.018078837946721472
4 0.682438204091048 0.7062048039149641 0.03085189371369381 0.026209672927693363
4 0.687703592842343 0.651835638895936 0.03234161910658777 0.024710839923887916
4 0.7061217990048148 0.5785082268426575 0.024601893713693812 0.02595500494291585
4 0.7187630401134746 0.5150823968046014 0.030924668320799497 0.02777217292769336
4 0.7291568846129566 0.5373393987817678 0.03277826674922295 0.03408583992388792
4 0.7533349392038519 0.47048482121516955 0.029216619106587773 0.02458350593149916
4 0.7806230312221344 0.45366207714666873 0.02809076674922295 0.03389483893530461
4 0.7817980794028888 0.361697411633349 0.02362159057054054 0.03839133794672147
4 0.7699680134394541 0.3253460761580855 0.029653266749222952 0.03395850593149907
4 0.8609803494618807 0.13645201391452652 0.02609161910658777 0.024456171939110226
4 0.8167488141014079 0.2750078365382088 0.019987168320799498 0.027326503954332716
4 0.8101370951186546 0.30047075155723685 0.02630994292790554 0.029143671939110227
4 0.8265390370131026 0.23407908900966676 0.02743579528527036 0.019832338935304606
4 0.8284097520669146 0.22401833950395833 0.027290246071058632 0.016707338935304607
4 0.8316846093866783 0.29433083950395833 0.025946069892376043 0.021331171939110227
4 0.80013501054397 0.4373022480971957 0.023548815963434677 0.03682883794672147
4 0.7658242847367911 0.5879588226980443 0.030997442927905537 0.029334672927693362
4 0.7446256809316841 0.6518157342570313 0.026455492142117266 0.032268671939110226
4 0.7590349373418249 0.6765756537246836 0.02118579528527036 0.019577670950527093
4 0.7724424658778724 0.6630861566904331 0.027799668320799498 0.027644838935304606
4 0.7762973660017067 0.7123685736866275 0.024383569892376045 0.02126750494291585
4 0.7401051548768363 0.7054354827741566 0.024601893713693812 0.02595500494291585
4 0.7291334216260592 0.7377386468046014 0.01471747146395277 0.014635502965749581
4 0.7357494487143645 0.7793358977931846 0.035976041356328994 0.035775673916276673
4 0.7120808163732103 0.8571279753597828 0.02743579528527036 0.01983233893530496
4 0.7461283306412339 0.8514973992760593 0.029071069892376046 0.021458505931499162
1 0.7968303438758003 0.7514138276409603 0.022821069892376044 0.021203837946721472
4 0.7565670628585537 0.7240409027361004 0.027799668320799498 0.027644838935304606
4 0.7795571449520388 0.5479704926599883 0.02630994292790554 0.029143671939110227
4 0.7241804402373091 0.5644284807969902 0.025727746071058634 0.016643671939110406
4 0.753431292594674 0.5562631537246837 0.032268844499482086 0.023148339923887918
4 0.797213371792675 0.4917669136105154 0.01515411910658777 0.02401050296574958
4 0.8211067901134745 0.5192525850553341 0.03241439371369381 0.026273339923887917
4 0.8071512979713574 0.48749324908577896 0.0168621683207995 0.027199169961943957
4 0.825984727045524 0.372855087526792 0.023330492142117264 0.03214133794672147
4 0.8616289745643246 0.3345393454354574 0.025946069892376043 0.021331171939110227
4 0.8333220380465601 0.32948708950395833 0.021476893713693813 0.02582767095052709
4 0.8772303957806085 0.2509601828878873 0.025800520678164674 0.018206171939110227
4 0.8782642028527029 0.22293068338217886 0.029289393713693813 0.026146005931498982
4 0.85166531554915 0.22106709444687417 0.02914384449948173 0.023021005931498983
4 0.852647772745079 0.2421608444468742 0.035539393713693815 0.026400673916276672
4 0.8945740994618807 0.13782085433270597 0.03136131596343468 0.03714717292769345
4 0.8976306329603269 0.20344585433270596 0.021840766749222952 0.03364017095052709
4 0.9129110306029619 0.21342569079655266 0.015445217535011223 0.03026050296574958
4 0.9061901497095498 0.23654485581558077 0.025946069892376043 0.021331171939110227
4 0.9225257791552199 0.26918094227942746 0.029653266749222952 0.03395850593149907
4 0.9346597520669147 0.22834769524517692 0.02809076674922295 0.03389483893530461
4 0.9575685591390091 0.20120953368619005 0.026455492142117266 0.032268671939110226
4 0.9552269631917852 0.23464411619570402 0.03121576674922295 0.03402217292769336
4 0.9445099410658786 0.2724160302261489 0.022821069892376044 0.021203837946721472
4 0.9131743579389362 0.35301477281177507 0.02198631596343468 0.036765170950527094
4 0.8847604135632887 0.3791488498840817 0.020132717535011224 0.030451503954332715
4 0.9017445523145836 0.3252571873365116 0.027799668320799498 0.027644838935304606
4 0.7910470324604795 0.9453402411771135 0.029071069892376046 0.021458505931499162
4 0.8251502047102205 0.9576465815952929 0.03234161910658777 0.024710839923887916
4 0.7541634625681034 0.9235634002646425 0.02743579528527036 0.01983233893530496
4 0.6947884625681034 0.9211440544092557 0.027945217535011224 0.03076983893530496
4 0.7183372785315381 0.957972892355977 0.02474744292790554 0.02908000494291585
4 0.7115564315508568 0.8960949748654912 0.029507717535011226 0.03083350593149916
4 0.781213960086904 0.8848974896942388 0.026382717535011223 0.03070617193911005
4 0.8195444059102936 0.8038039985914873 0.02743579528527036 0.019832338935304606
4 0.8374211106250232 0.78581800254582 0.02979881596343468 0.03708350593149916
4 0.8416526923042238 0.7594783370325005 0.026091619106588127 0.024456171939110226
4 0.8294052493763182 0.7309076680591396 0.029289393713693813 0.026146005931498982
4 0.8478641509478948 0.7254216720134724 0.019841619106588125 0.024201503954332716
4 0.834816187341825 0.6796635030401117 0.02118579528527036 0.019577670950527093
4 0.8531637729499668 0.6383036739906387 0.021840766749222952 0.03364017095052709
4 0.860832877788531 0.6690270919754162 0.035539393713693815 0.026400673916276672
4 0.8194801317174726 0.6517467500743621 0.025038541356328638 0.03533000494291585
4 0.8701115243977089 0.5836307614430686 0.023694365177646403 0.03995383794672165
4 0.8766675853987449 0.5402309299221377 0.026455492142117266 0.032268671939110406
4 0.8932900051672865 0.5120568503783732 0.021840766749222952 0.03364017095052709
4 0.8698674677398991 0.461197345929749 0.031142992142117264 0.03245967292769336
4 0.8997732915612167 0.4670945188574424 0.01991439371369381 0.025764003954332714
4 0.9169051335794993 0.44985793931367796 0.034267992142117266 0.032587006920082116
4 0.8823890082676584 0.7970075119373602 0.029653266749222952 0.03395850593149916
4 0.8822220343225062 0.7431967624316518 0.02205909057054072 0.038327670950527096
4 0.9221320967712844 0.6457925218231919 0.030706344499482084 0.02308467292769336
4 0.9356572876322751 0.4841520262718163 0.037756865177646405 0.04052684091247087
4 0.9069052030575907 0.6202195188574424 0.026091619106588127 0.024456171939110226
4 0.916370094290085 0.605789604332706 0.041862168320799496 0.028217841901054187
4 0.9336345612059237 0.3904975267661078 0.024892992142117265 0.03220500494291585