2 0.9494788669954634 0.30225427120468773 0.03459316861791066 0.03789998933799978
2 0.8628227077473264 0.04543265388291448 0.03313975292686635 0.056631808004454345
2 0.8515675660603869 0.12525651388450532 0.04094316256778683 0.05516021467218155
2 0.7241016170936593 0.24002863323523177 0.047120439695149584 0.04273294000636341
2 0.7728931202169171 0.1660184212285503 0.026707945745273777 0.025309082670272563
2 0.8775367310640604 0.5601400438813237 0.02677157825883114 0.03624658267027261
2 0.6861032099868216 0.5576797572406406 0.025272710772388508 0.047165901336727246
2 0.749606132022578 0.3264564818985047 0.018904536104353477 0.026780676002545255
2 0.7393680687908615 0.31251216056655007 0.022029536104353476 0.02681703866963616
2 0.903545240041051 0.5989025518778238 0.025336343285945872 0.05810340133672707
2 0.957565119529546 0.617806545870506 0.0220658975406721 0.03306703866963616
2 0.9979618187908613 0.6470031498647789 0.004076362418277313 0.032903406667727175
2 0.46325606244614964 0.5274580972708665 0.048701120413308985 0.045876121339908774
2 0.3872384631100796 0.4877148919478206 0.03769998789975162 0.03481135200509069
2 0.40861855942108755 0.536688193944957 0.03459316861791084 0.03789998933799978
2 0.6074827854169824 0.4734325739179129 0.02836134933607006 0.040952264003817976
2 0.5524266049934108 0.2764035799252307 0.022120439695149586 0.04244203866963616
2 0.5558743127407373 0.3318359672581398 0.020430674668035033 0.020548857336090798
2 0.5389408219141194 0.241401871260367 0.014298849336070063 0.040788632001908985
1 0.23187425223949515 0.5074926846355924 0.018904536104353477 0.026780676002545432
2 0.25461179459036465 0.38690746463241066 0.023692030054229284 0.044022720003181706
2 0.2353714360809124 0.4371347313017287 0.023573855386194255 0.023710220003181702
2 0.368811170857406 0.5434018179503659 0.025227258976990453 0.039353401336727066
2 0.19846983713762578 0.13754381130650123 0.026880662567786606 0.05499658267027256
2 0.24553573467829776 0.1698108713001379 0.018904536104353477 0.026780676002545346
2 0.20668231293712896 0.20620290463877403 0.022065897540672008 0.03306703866963625
2 0.2608385478118184 0.24854439863145616 0.026807939695149764 0.04249658267027252
2 0.36887271984757486 0.01680295528327503 0.017314765027114643 0.02207499466899989
2 0.34479941559284877 0.04208476595322942 0.020448855386194252 0.023673857336090787
2 0.4349795088787946 0.09885183927436636 0.01731476502711473 0.02207499466899989
2 0.4846255057555366 0.17171662726768483 0.018904536104353477 0.026780676002545346
2 0.6526942497054125 0.1869496339115495 0.01739657825883114 0.03613749466899989
2 0.8797219206610144 0.6671531125477783 0.032967036104353295 0.026944308004454243
2 0.9914209273003138 0.5533258751989607 0.017158145399372417 0.0455488573360908
2 0.6442293273750683 0.6120769032463677 0.0298783975406721 0.03315794533736351
2 0.6696833244482022 0.5555269112428678 0.03151362041330898 0.04567612667090888
2 0.5592725443939729 0.5130586952578217 0.028288626463433175 0.02845226400381797
2 0.49440554761542677 0.3755228799331849 0.01418067466803503 0.020476132001908988
2 0.5054021349494443 0.38555186059836677 0.014198855386194253 0.023601132001908987
2 0.5245112041330892 0.44705243459582145 0.011019313231716588 0.014189769334818081
2 0.39541756001026274 0.1477529632797752 0.01728749394987581 0.017387494668999894
2 0.47871639422102225 0.23038310260186662 0.01730567466803503 0.020512494668999893
2 0.45606416851971493 0.09704389127150284 0.007939765027114732 0.02196590666772722
2 0.32348399355709234 0.2728171452896384 0.023601126463433087 0.028397720003181703
2 0.3384135810875016 0.15310408195418393 0.01269998789975162 0.03452045066836353
2 0.3693186683233233 0.22774954595004776 0.011055674668035032 0.02043976933481808
2 0.3426577370159888 0.6140234006206385 0.01728749394987581 0.017387494668999894
2 0.2998071616840238 0.6348358872931382 0.014171584308955421 0.018913632001908987
2 0.26408730942108755 0.5383699672979108 0.01886817466803503 0.020530676002545434
2 0.2513782311622563 0.5025779179662744 0.022065897540671918 0.03306703866963616
2 0.22302090612487896 0.32867734130331955 0.01260908430895542 0.018895450668363623
2 0.22128919272021177 0.031021091303319558 0.01571590359079611 0.015806813335454438
2 0.30564146682251275 0.026133049291865544 0.011073855386194254 0.023564769334818114
2 0.5356107679539809 0.07189789326068516 0.018904536104353477 0.026780676002545346
2 0.5957271530998168 0.332934843252731 0.015788626463433174 0.02830681333545444
2 0.5730981741770557 0.33788597258913994 0.012618174668035031 0.020457950668363534
2 0.6487117734149299 0.4424820185789586 0.014235216822512697 0.029851132001908986
2 0.5258464451560987 0.40797175326227597 0.01271816861791084 0.037645450668363625
2 0.4076514779408025 0.6390501252785026 0.025236349336070062 0.04091590133672707
2 0.37027419778837733 0.6605802272835932 0.011064765027114643 0.02200226933481808
2 0.37299922198887414 0.5917938646165023 0.01894089754067201 0.03303067600254543
2 0.28171919525429456 0.3459642912953654 0.012636355386194254 0.023582950668363623
2 0.2702867915653025 0.3953194012969562 0.012709078258831141 0.036082950668363624
2 0.30121005951928337 0.47308986529282004 0.007939765027114642 0.021965906667727353
2 0.19266578561337416 0.34856312730745576 0.02677157825883123 0.03624658267027261
2 0.1542653191836449 0.0599278886457737 0.020503397540671965 0.033048857336090795
2 0.1695595628389331 0.27148300664386465 0.01729658430895542 0.01894999466899989
2 0.2560889779408025 0.6408137146324107 0.04249657220870695 0.05361589600572696
2 0.16713906566760345 0.39261311931095555 0.02520907825883123 0.03622840133672707
2 0.34979300526455726 0.49752624395291123 0.029842036104353476 0.026907945337363515
2 0.33190554761542673 0.37741373862191113 0.01730567466803503 0.020512494668999893
2 0.2504475111182898 0.6111898492998197 0.026717036104353477 0.026871582670272433
2 0.41508620715815125 0.4397313779440026 0.01581589754067192 0.03299431333545435
2 0.6110850292686625 0.555427461250822 0.018940897540672096 0.03303067600254543
2 0.7236026891059745 0.4228593145687773 0.01895907825883114 0.036155676002545434
2 0.850601005460949 0.36200253588482345 0.025163626463433175 0.028415901336727067
2 0.8632919030016211 0.39466958521645995 0.022056807181592576 0.031504538669636165
2 0.9455549571581514 0.4335588152053241 0.02043067466803521 0.020548857336090798
2 0.2090503514773694 0.613234154638774 0.014153403590796199 0.015788632001908987
2 0.9621657402374426 0.4685241612030969 0.014198855386194253 0.023601132001909164
2 0.5369940651766242 0.7125501652610033 0.020448855386194252 0.023673857336090797
7 0.43368323369633915 0.8161029739417753 0.02041249394987581 0.017423857336090975
3 0.26268180718159234 0.028195535964365276 0.026671584308955422 0.019059082670272565
3 0.3160664032962086 0.2064927112905929 0.02519998789975162 0.03466590133672707
2 0.3048516473442803 0.15896373062541097 0.015743174668035032 0.02049431333545444
2 0.2741465480082102 0.11869326662954718 0.012627265027114642 0.022020450668363535
2 0.3357930960164204 0.23985919462127483 0.015697722872636887 0.012681813335454439
2 0.5024624455488821 0.1488512919319122 0.01259999394987581 0.017332950668363534
2 0.5137857649289188 0.08074618193032139 0.012563632513557365 0.011082950668363577
4 0.5694419090517451 0.38090017592300357 0.015734084308955332 0.01893181333545444
4 0.5296077702916719 0.5173103905951851 0.020430674668035033 0.02054885733609062
4 0.7443565924021831 0.6327882978994592 0.02830680718159222 0.031577264003817974
4 0.9281998063960255 0.5392366505410967 0.0251545361043533 0.026853401336727246
2 0.8538810624461496 0.5229127638845054 0.01728749394987581 0.017387494668999894
4 0.6181667971244474 0.6983234859166402 0.022138620413308985 0.04556703866963616
4 0.47824473731057643 0.41790128393541204 0.01585225897699054 0.03924431333545453
4 0.41617146330647137 0.35768194661045716 0.009511355386194253 0.02354658800127272
4 0.4294345325883121 0.35440240527532085 0.015752265027114732 0.022056813335454527
4 0.1345901860809124 0.4383074273154099 0.023564765027114642 0.022147720003181704
5 0.5151958123479539 0.5917018632638669 0.015879530054229464 0.04393181333545435
4 0.4387838241536146 0.7527580892743664 0.03146816861791084 0.03786362667090888
4 0.4026124364736958 0.1757961472788207 0.028270445745273952 0.025327264003818017
5 0.351118114166793 0.18811488128582038 0.015743174668035032 0.02049431333545444
4 0.2453999001729506 0.2807574619669106 0.012709078258831141 0.036082950668363534
5 0.18795503883482803 0.21032733064131937 0.029832945745273863 0.025345445337363427
5 0.4749106590517451 0.382000146602503 0.023682939695149584 0.042460220003181705
5 0.5167072736113216 0.3143217505967759 0.03301248789975162 0.03475680800445442
7 0.46703400565734077 0.23676946260345746 0.02074883723582168 0.0752363573360908
7 0.5198499334486337 0.18302629726291234 0.023592036104353474 0.02683522000318166
4 0.7801117643397436 0.46673603656114115 0.029887487899751618 0.034720445337363515