5 0.26171875 0.64921875 0.02265625 0.0171875
2 0.49296875 0.37421875 0.0703125 0.05078125
2 0.6734375 0.45859375 0.06328125 0.0375
4 0.56328125 0.4859375 0.0234375 0.0328125
4 0.678125 0.5046875 0.0453125 0.01953125
5 0.47734375 0.4265625 0.015625 0.034375
4 0.4984375 0.6234375 0.040625 0.01640625
7 0.5015625 0.5046875 0.03828125 0.02421875
4 0.59375 0.39375 0.065625 0.05078125
4 0.72890625 0.390625 0.04375 0.021875
4 0.759375 0.40625 0.034375 0.025
2 0.9171875 0.48828125 0.04921875 0.06875
4 0.5984375 0.584375 0.0625 0.02109375
4 0.55546875 0.6109375 0.07578125 0.02265625
4 0.54375 0.53359375 0.0359375 0.0265625
4 0.55390625 0.58828125 0.034375 0.02265625
4 0.5078125 0.5640625 0.05 0.02578125
4 0.428125 0.55078125 0.04921875 0.03203125
4 0.36640625 0.5484375 0.02578125 0.02578125
4 0.40078125 0.58671875 0.02421875 0.02109375
4 0.43671875 0.64453125 0.075 0.02421875
4 0.325 0.69609375 0.053125 0.01640625
5 0.296875 0.66953125 0.01484375 0.01796875
5 0.35546875 0.61484375 0.01171875 0.00078125
2 0.33125 0.61015625 0.08515625 0.05078125
2 0.23046875 0.478125 0.1640625 0.1109375
4 0.39453125 0.46953125 0.0640625 0.0328125
4 0.365625 0.44765625 0.0328125 0.02421875
7 0.334375 0.44453125 0.04140625 0.03125
4 0.334375 0.425 0.04296875 0.01953125
4 0.41953125 0.37578125 0.01640625 0.03359375
4 0.4421875 0.3453125 0.03359375 0.0265625
4 0.4421875 0.29921875 0.07890625 0.02265625
7 0.3296875 0.27265625 0.071875 0.02109375
4 0.2359375 0.36171875 0.03046875 0.01796875
7 0.053125 0.4875 0.04609375 0.04375
7 0.09296875 0.328125 0.0421875 0.01796875
4 0.05625 0.31484375 0.02734375 0.0296875
2 0.18359375 0.4234375 0.046875 0.040625
7 0.11875 0.5046875 0.05 0.01875
4 0.20078125 0.6671875 0.0390625 0.0265625
2 0.13828125 0.646875 0.1234375 0.13203125
7 0.05859375 0.76171875 0.025 0.02578125
4 0.11640625 0.790625 0.03203125 0.0328125
4 0.2421875 0.6984375 0.0375 0.03046875
4 0.28515625 0.76015625 0.02578125 0.0171875
4 0.42734375 0.75 0.03203125 0.03125
4 0.51328125 0.75 0.03515625 0.02578125
4 0.39296875 0.840625 0.0640625 0.0296875
4 0.59453125 0.70703125 0.05703125 0.03046875
4 0.6203125 0.615625 0.04453125 0.015625
4 0.75 0.58203125 0.0203125 0.0203125
2 0.88671875 0.565625 0.08125 0.04140625
2 0.84609375 0.61328125 0.07265625 0.0359375
2 0.80234375 0.65 0.0609375 0.040625
4 0.7734375 0.71640625 0.03046875 0.046875
4 0.64921875 0.753125 0.03984375 0.05
4 0.61953125 0.79296875 0.06640625 0.0171875
4 0.5484375 0.821875 0.0328125 0.02421875
4 0.47890625 0.83203125 0.040625 0.01328125
4 0.4421875 0.89140625 0.03046875 0.03203125
2 0.74921875 0.7640625 0.04453125 0.0515625
2 0.5078125 0.90625 0.071875 0.0375
4 0.37734375 0.875 0.0265625 0.02578125
4 0.3421875 0.8828125 0.025 0.01328125
4 0.22578125 0.7921875 0.0609375 0.03828125
2 0.1609375 0.86796875 0.06640625 0.0515625
7 0.1859375 0.89296875 0.05703125 0.03203125
7 0.85390625 0.33125 0.06328125 0.02109375
4 0.83984375 0.37578125 0.05625 0.02265625
4 0.6484375 0.5953125 0.04296875 0.0265625
4 0.69765625 0.65703125 0.03515625 0.0265625
4 0.75625 0.66328125 0.0578125 0.0296875
4 0.69453125 0.5890625 0.02578125 0.01796875
4 0.69765625 0.603125 0.0171875 0.0203125
4 0.58203125 0.55 0.034375 0.02109375
4 0.3765625 0.52421875 0.02109375 0.02890625
4 0.375 0.5 0.03671875 0.015625
4 0.26796875 0.40703125 0.04921875 0.02421875