0 0.43049597264583295 0.4559063898790926 0.10930487765916688 0.13434155925034225
2 0.8186863036678815 0.4485148093833563 0.04080814437666689 0.07613660266556703
2 0.7379967352792703 0.594515282661179 0.1726763934267362 0.10651808762187223
2 0.7729562295796871 0.43423100052872543 0.01802395459715278 0.03643760517284953
2 0.6906002841005899 0.31639629433966154 0.03215918977951393 0.03997178213245363
2 0.5446110644014579 0.5509568139357028 0.07594686379145835 0.10994931301126591
2 0.4881422056439925 0.5955395397208081 0.04458645459715278 0.03721049498543501
2 0.5307446668906591 0.7441983485754389 0.04037173328249999 0.057386602665567034
2 0.7993784848980207 0.17113996714263058 0.06261040919430556 0.07364810015828453
2 0.48744087614055537 0.22315607436054413 0.030705792553055566 0.044613818025830906
2 0.5083008496394097 0.09841448713438326 0.03819098423243048 0.03077863855894434
3 0.688031143239305 0.6951206879131708 0.023038762917777688 0.0506364974927175
2 0.6579435997363188 0.7131720059390018 0.02093074905006951 0.027153533386094962
2 0.6432109121410065 0.6082033611118514 0.028634146276527873 0.02269335391920819
2 0.6037711249062844 0.39074908815059767 0.02583645459715278 0.036664925705962935
2 0.30376459280246465 0.735188376089039 0.021548998100138928 0.053716033386094965
2 0.34651187120347143 0.9111682028903585 0.030851262917777865 0.05086381802583091
2 0.38190516375652706 0.8664179925446597 0.022602351823611144 0.031886497492717325
1 0.6472931212034714 0.9024163623654925 0.08684799620027786 0.10870506175762493
4 0.7613562744138533 0.865526464635348 0.03844555737069442 0.041716138558944495
4 0.7574890048465619 0.7297935531151502 0.023837543502986235 0.01786946159934022
4 0.7922809257243744 0.7779666286628284 0.026998911094166543 0.019522889812585476
4 0.791280163756527 0.8545063966095171 0.02271145459715278 0.03657399749271732
4 0.8293640048465619 0.7277022042105068 0.020676175911805574 0.016216033386094963
4 0.7698058604698952 0.8043843761555459 0.01929551386770818 0.023983069279472247
2 0.727016988794652 0.8985351929277356 0.01944098423243048 0.030233069279472245
4 0.8852665530992005 0.8416223002121562 0.01646145459715278 0.03639214106622681
2 0.8161412254956246 0.5243187914366676 0.022529616641249816 0.028761497492717503
4 0.9335261344055897 0.6465993052267212 0.020858013867708535 0.024028533386094963
4 0.9443207768823954 0.5182469846936077 0.03706489532659703 0.049483174452321775
4 0.9116368698722912 0.44659094503930685 0.027108013867708537 0.024210389812585477
2 0.8507694922131244 0.579523116984346 0.020858013867708535 0.024028533386094963
4 0.8723379805296176 0.45788379770487386 0.014608013867708537 0.023846676959604095
4 0.8767520703853815 0.5030371733316944 0.01319098423243048 0.03005121285298138
4 0.8409431633752774 0.4314720618906388 0.023983013867708534 0.024119461599340218
4 0.7963378717721523 0.5030348248227625 0.02881598423243048 0.03050585391920819
4 0.7947045962209371 0.4054922350893192 0.02590918977951393 0.03978992570596294
4 0.7296432938842358 0.3831829775674718 0.031977351823611146 0.03215928213245363
4 0.7955430104492358 0.26884168124925323 0.027071646276527694 0.022647889812585566
4 0.768017422493333 0.27744980311515016 0.016425087005972294 0.03482964106622681
4 0.637852571335312 0.5365329495916533 0.017805749050069507 0.02706260517284953
4 0.6905249360767011 0.45380536612641614 0.01319098423243048 0.03005121285298138
4 0.6521332768823954 0.5267487726320492 0.03328527868534721 0.021267246239076342
4 0.5677608897239234 0.39491976260291933 0.034884146276527875 0.02287521034569897
4 0.5862731939604856 0.4716724792168245 0.02576371941479181 0.03353992570596294
4 0.5876350189986106 0.5137917830568904 0.039717116641249994 0.029261602665567033
4 0.46314481848552047 0.46198289364001627 0.024164851823611146 0.03193196159934022
4 0.5149092998681594 0.3511757742814018 0.02707164627652787 0.022647889812585566
4 0.36263828505052054 0.35248352467711325 0.04324216014423614 0.04654003087881238
4 0.2817863689223607 0.4383732120615587 0.019586454597152782 0.036483069279472244
4 0.2994271573913537 0.4854838927820865 0.028706881458888934 0.02581835391920819
4 0.33058493199263844 0.5556228965430101 0.017805749050069507 0.02706260517284953
4 0.372732798349548 0.723812955397641 0.04102504350298615 0.018369566772189573
4 0.4440966924418743 0.8443096603330638 0.01638871941479163 0.033267141066226816
4 0.4629369582094437 0.8734288590002801 0.02569098423243048 0.03041492570596276
4 0.4721125896683326 0.8481788064138556 0.023837543502986235 0.017869461599340043
4 0.482487698425798 0.8049372717741192 0.01795121941479181 0.03331260517284953
4 0.4557797280610757 0.8119601615867049 0.022456881458888845 0.02563649749271768
4 0.5435706687905201 0.7969141716158348 0.017660278685347208 0.02081260517284953
4 0.5415899414919437 0.8149283857224574 0.022275043502986237 0.017823997492717326
4 0.5896637655801381 0.8291439984171542 0.019659189779513753 0.03960806927947189
4 0.49903876558013816 0.8317809166012697 0.02271145459715278 0.03657399749271732
4 0.3765656599568049 0.7603953130777731 0.013227351823611145 0.03161371285298138
4 0.4987407456315969 0.27435486150756266 0.03819098423243048 0.030778638558944315
4 0.4013552929343052 0.3661906720115462 0.025618249050069507 0.027289925705962937
1 0.2806076882609025 0.32129937232811534 0.02256598423243057 0.030323997492717504
4 0.5231075788378471 0.13311609606815647 0.03317617591180557 0.0165797462390763
4 0.45356653068211755 0.6387045180131956 0.02554551386770836 0.024164925705962757