4 0.709005500084818 0.325 0.028779764427970277 0.01875
4 0.6881944922802697 0.35546875 0.028779764427970277 0.01875
2 0.17602678666048885 0.00703125 0.07392857332097771 0.0140625
4 0.9856746051721432 0.01484375 0.022311509618646853 0.0125
4 0.9579042692372937 0.025 0.02776290145127902 0.034375
4 0.9498040817584983 0.10625 0.025545637023308386 0.015625
4 0.9855208377489479 0.0328125 0.022311509618646853 0.0125
2 0.9986483203257528 0.11484375 0.0027033593484944163 0.0265625
4 0.999166675497896 0.13828125 0.001666649004208054 0.0140625
4 0.9863343480005671 0.16796875 0.01079365626060209 0.040625
4 0.9878075679635001 0.21015625 0.01046627404661713 0.03125
4 0.98016868275429 0.2375 0.025654764427970277 0.01875
4 0.9814062897405318 0.2953125 0.022311509618646853 0.0125
4 0.9838938834799293 0.2546875 0.016170637023308388 0.015625
4 0.9965265589354164 0.321875 0.0069468821291671645 0.0125
4 0.9957267061679349 0.2984375 0.008546587664130101 0.0125
4 0.9804464796663979 0.3796875 0.025600200725639156 0.0171875
4 0.9981721490890262 0.396875 0.003655701821947588 0.01875
4 0.9931262677820903 0.421875 0.013747464435819267 0.0203125
4 0.9733631551642938 0.4453125 0.01671627404661713 0.03125
4 0.9597693919174499 0.346875 0.01778770072563951 0.0171875
4 0.9534301118803832 0.3890625 0.01526290145127902 0.034375
4 0.9463690908289909 0.32109375 0.02576389183263217 0.021875
4 0.9324132290334258 0.25703125 0.02236607332097762 0.0140625
4 0.9766171299365503 0.49375 0.023983137023308388 0.015625
4 0.9753547302993703 0.50234375 0.022311509618646853 0.0125
4 0.9335491099814666 0.02109375 0.025873019237293703 0.025
4 0.9149032921027844 0.1359375 0.022311509618646853 0.0125
4 0.9161185625212045 0.08125 0.02236607332097762 0.0140625
4 0.8953323473675947 0.0453125 0.01682540145127902 0.034375
4 0.8666815577118812 0.075 0.03195932813030104 0.0203125
4 0.8841418762235354 0.0828125 0.02856150961864685 0.0125
4 0.8436061562606023 0.040625 0.010029764427970277 0.01875
4 0.8258928666048885 0.0703125 0.016170637023308388 0.015625
4 0.8774677794889127 0.16015625 0.019186509618646853 0.0125
4 0.8662227446425224 0.19609375 0.022311509618646853 0.0125
4 0.8591468546239888 0.2171875 0.022420637023308387 0.015625
4 0.8920759165122213 0.17578125 0.014935519237293703 0.025
4 0.8703670968194407 0.24765625 0.025436509618646852 0.0125
4 0.8804712723173367 0.31328125 0.024201391832632167 0.021875
4 0.8811607530800429 0.28828125 0.019568455534962937 0.0234375
4 0.8521354519915839 0.2625 0.02576389183263217 0.021875
4 0.8820759231356433 0.225 0.013536710344286006 0.0296875
4 0.907061054168502 0.3140625 0.019295637023308387 0.015625
4 0.826577402084251 0.15703125 0.013536710344286362 0.0296875
4 0.811924625042409 0.1625 0.01995040145127902 0.034375
4 0.8018105589778255 0.3203125 0.028998019237293705 0.025
4 0.8274727578893664 0.29453125 0.01951389183263217 0.021875
4 0.8230481527172232 0.2796875 0.018060519237293703 0.025
4 0.8308581635169965 0.2125 0.01348214664195524 0.028125
4 0.831907286745307 0.33203125 0.025545637023308386 0.015625
4 0.8408184952754946 0.31875 0.028779764427970277 0.01875
4 0.8397495577966991 0.4 0.022748019237293703 0.025
4 0.8780060151457605 0.46640625 0.025327382213985318 0.009375
4 0.8523338925504221 0.46953125 0.02560020072563951 0.0171875
4 0.8668527495366639 0.52734375 0.01924107332097762 0.0140625
4 0.8066295229503087 0.4359375 0.019732146641955238 0.028125
4 0.7705828955456471 0.4328125 0.022420637023308564 0.015625
4 0.7484177188666248 0.446875 0.013700401451278843 0.034375
4 0.7601290343830541 0.49140625 0.013645837748947898 0.0328125
4 0.7570685217691825 0.515625 0.019186509618646853 0.0125
4 0.7341468877410987 0.46328125 0.016607146641955416 0.028125
4 0.7293031311176768 0.4140625 0.01359127404661713 0.03125
4 0.724925655164294 0.4453125 0.022638891832631992 0.021875
4 0.9646726906436562 0.53203125 0.01035714664195524 0.028125
4 0.9541097020764017 0.5875 0.013263891832632168 0.021875
4 0.9649752802067029 0.6078125 0.02236607332097762 0.0140625
4 0.9953348696849315 0.725 0.009330260630137133 0.015625
4 0.9841866155933982 0.8 0.022420637023308387 0.015625
4 0.9909449974060791 0.85390625 0.018110005187841692 0.015625
4 0.9949206966341062 0.9234375 0.010158606731787501 0.0125
4 0.9745710573333628 0.92734375 0.022584328130301402 0.0203125
4 0.971480773668099 0.88359375 0.025654764427970277 0.01875
4 0.9840179792030618 0.90703125 0.02867063702330839 0.015625
4 0.9568577676776492 0.95703125 0.02247520072563951 0.0171875
4 0.9664014040679856 0.85 0.025873019237293703 0.025
4 0.9493230314726471 0.853125 0.019295637023308387 0.015625
2 0.9482441703100545 0.91171875 0.01035714664195524 0.028125
4 0.9390923704027216 0.80625 0.020967264427970277 0.01875
4 0.9476216330165933 0.78203125 0.022529764427970278 0.01875
4 0.9648810548862923 0.76171875 0.025654764427970277 0.01875
4 0.9409103307470078 0.8359375 0.019186509618646853 0.0125
4 0.9372099226723071 0.75234375 0.02549107332097762 0.0140625
4 0.9401067441791863 0.7234375 0.025654764427970277 0.01875
4 0.9199306534350133 0.72734375 0.016388891832631813 0.021875
4 0.9577059611468943 0.80234375 0.011264882213985316 0.009375
4 0.9169941703100545 0.91171875 0.022529764427970278 0.01875
4 0.8969990957231323 0.65234375 0.028998019237293705 0.025
4 0.8657863012580952 0.67578125 0.02387400961864685 0.0125
4 0.9321826275742977 0.653125 0.019623019237293704 0.025
4 0.9285318379185841 0.6828125 0.022748019237293703 0.025
4 0.9123041479927178 0.5984375 0.019786710344286362 0.0296875
4 0.8920189298438832 0.59921875 0.026999009618646853 0.0125
4 0.8868477910064761 0.540625 0.02392857332097762 0.0140625
4 0.941989158792491 0.53125 0.019623019237293704 0.025
4 0.8931226167745244 0.7203125 0.026036710344286007 0.0296875
4 0.9096578415467811 0.76875 0.029270837748947898 0.0328125
4 0.8795611137792996 0.75703125 0.035029764427970275 0.01875
4 0.9037997111468945 0.80234375 0.019186509618646853 0.0125
4 0.8643974491659948 0.94921875 0.019186509618646853 0.0125
4 0.8520710639567849 0.9765625 0.022584328130301045 0.0203125
4 0.8941667947194911 0.9515625 0.018060519237293703 0.025
4 0.8676712381887366 0.796875 0.013263891832632168 0.021875
4 0.8867039803841881 0.82734375 0.02085813702330839 0.015625
4 0.8520908782072698 0.77578125 0.019350200725639154 0.0171875
4 0.8475497111468944 0.80234375 0.019295637023308387 0.015625
4 0.8669817574260301 0.821875 0.01153770072563951 0.0171875
4 0.8352852910064762 0.540625 0.025654764427970277 0.01875
4 0.8164608799365505 0.49375 0.01627976442797028 0.01875
4 0.8651662531648607 0.61328125 0.021076391832632168 0.021875
4 0.8599529635091472 0.64296875 0.01627976442797028 0.01875
4 0.8222247850160264 0.6140625 0.025545637023308386 0.015625
4 0.8442634761230188 0.61875 0.017733137023308386 0.015625
2 0.8441617832019279 0.57109375 0.02263889183263217 0.021875
4 0.8433631750345597 0.59296875 0.013209328130301401 0.0203125
4 0.8364137705880561 0.5953125 0.013427582939624472 0.0265625
4 0.8388790608767419 0.68828125 0.02285714664195524 0.028125
4 0.8256598090626435 0.6453125 0.01046627404661713 0.03125
4 0.8181027694069296 0.675 0.019623019237293704 0.025
4 0.811242644997493 0.63515625 0.016443455534962938 0.0234375
4 0.8054911528020412 0.6046875 0.02296627404661713 0.03125
4 0.8114931600584354 0.7765625 0.016498019237293705 0.025
4 0.8178622111468943 0.80234375 0.019732146641955238 0.028125
4 0.8294792682258034 0.7546875 0.011592264427970279 0.01875
4 0.8034698066155727 0.4796875 0.01671627404661713 0.03125
4 0.7788691106992568 0.46875 0.011810519237293704 0.025
4 0.768502040373504 0.41796875 0.025381945916316085 0.0109375
4 0.7858160259455337 0.39921875 0.019295637023308564 0.015625
4 0.7703522278522994 0.33671875 0.025654764427970277 0.01875
4 0.7604787200477511 0.3671875 0.022857146641955418 0.028125
4 0.7427455830244425 0.3515625 0.028670637023308566 0.015625
4 0.7387202819359834 0.32578125 0.01967758293962447 0.0265625
4 0.755741601628764 0.25390625 0.019295637023308564 0.015625
4 0.7887996382892529 0.2609375 0.024201391832631813 0.021875
4 0.7683581635169964 0.2125 0.022529764427970278 0.01875
4 0.7572668960938012 0.23046875 0.022638891832631992 0.021875
4 0.7607986346610559 0.175 0.02247520072563951 0.0171875
4 0.7288244375636135 0.24375 0.022420637023308564 0.015625
4 0.7563814639724833 0.115625 0.025654764427970277 0.01875
4 0.7834449609772585 0.15234375 0.022638891832631992 0.021875
4 0.7172991166048885 0.0703125 0.022638891832631992 0.021875
4 0.7383730192372937 0.025 0.024310519237293705 0.025
4 0.7193874062606023 0.040625 0.027435519237293704 0.025
2 0.7496478251350762 0.05703125 0.009756945916316085 0.0109375
4 0.6961582373861284 0.02421875 0.022693455534962936 0.0234375
4 0.6806969284931208 0.02890625 0.02749008293962447 0.0265625
4 0.693834334753723 0.06953125 0.022420637023308564 0.015625
4 0.6785367169677082 0.07890625 0.022420637023308564 0.015625
4 0.6576240162420688 0.06171875 0.023983137023308565 0.015625
4 0.6364856262235354 0.0828125 0.009122028855940555 0.0375
4 0.6603323539910168 0.09453125 0.02581845553496276 0.0234375
4 0.692011429126093 0.1515625 0.01778770072563951 0.0171875
4 0.6855903035355299 0.19140625 0.024310519237293705 0.025
4 0.6552852446425225 0.19609375 0.022311509618646853 0.0125
4 0.7058854453681619 0.21328125 0.02085813702330839 0.015625
4 0.6997644201404183 0.26171875 0.019568455534962937 0.0234375
4 0.6665699742241025 0.25078125 0.024255955534962938 0.0234375
4 0.6626463660567344 0.27265625 0.030396828130301045 0.0203125
4 0.6903001401033515 0.30390625 0.01940476442797028 0.01875
4 0.6484945860196675 0.31484375 0.022529764427970278 0.01875
4 0.661123560791924 0.36328125 0.022748019237293703 0.025
4 0.6444097759455337 0.39921875 0.019295637023308564 0.015625
4 0.6644792284852716 0.459375 0.025545637023308566 0.015625
4 0.7081002537130151 0.4109375 0.016170637023308565 0.015625
4 0.7104886437315485 0.38984375 0.020967264427970277 0.01875
4 0.6855084910991434 0.43515625 0.01940476442797028 0.01875
4 0.6435318114248962 0.4859375 0.022311509618646853 0.0125
4 0.6713939165970393 0.50078125 0.010520837748947898 0.0328125
4 0.6486086918247828 0.45234375 0.025545637023308566 0.015625
4 0.7656126864673052 0.6484375 0.021130955534962935 0.0234375
4 0.7634673439090338 0.609375 0.019186509618646853 0.0125
4 0.760024885378846 0.62265625 0.025545637023308386 0.015625
4 0.7574157513507623 0.5703125 0.025436509618646852 0.0125
4 0.738655827666965 0.54765625 0.018387901451278842 0.034375
4 0.7360417483555375 0.60703125 0.022420637023308564 0.015625
4 0.7977232928205746 0.58359375 0.016498019237293705 0.025
4 0.7885839057972661 0.56796875 0.01202877404661713 0.03125
4 0.7950844208582086 0.709375 0.01638889183263199 0.021875
4 0.7782615086071565 0.7421875 0.022311509618646853 0.0125
4 0.7744470278444502 0.7671875 0.016607146641955416 0.028125
4 0.792924209332796 0.759375 0.01940476442797028 0.01875
4 0.8062997177703164 0.8515625 0.021130955534962935 0.0234375
4 0.8274405969890768 0.89765625 0.009702382213985316 0.009375
4 0.809499128840242 0.8984375 0.01627976442797028 0.01875
4 0.8112898073333629 0.92734375 0.019841274046616775 0.03125
4 0.7932292880960692 0.90234375 0.016225200725639332 0.0171875
4 0.7806672899101678 0.9453125 0.01655258293962447 0.0265625
4 0.7467188758450172 0.93515625 0.02576389183263199 0.021875
4 0.7532292814726473 0.853125 0.02921627404661713 0.03125
4 0.7488220344678721 0.81640625 0.016388891832631813 0.021875
2 0.7292982189514428 0.771875 0.010357146641955417 0.028125
4 0.6934400421876025 0.4609375 0.022638891832631992 0.021875
4 0.6411334646054555 0.23828125 0.013373019237293704 0.025
4 0.6248289075265466 0.2859375 0.012247028855940556 0.0375
4 0.6631300380112513 0.57734375 0.013373019237293704 0.025
4 0.6755953216765151 0.62109375 0.025436509618646852 0.0125
4 0.6520858998068163 0.64140625 0.025545637023308566 0.015625
4 0.6327183409138089 0.64609375 0.013700401451278843 0.034375
2 0.6787401690441099 0.66640625 0.021185519237293705 0.025
4 0.6845511702252364 0.58671875 0.01638889183263199 0.021875
4 0.7129787597882828 0.6625 0.022529764427970278 0.01875
4 0.6665700404583219 0.74296875 0.022693455534962936 0.0234375
4 0.6732838319281342 0.75625 0.01671627404661713 0.03125
4 0.7020883890070431 0.70859375 0.02409226442797028 0.01875
4 0.7214013841977197 0.70234375 0.01940476442797028 0.01875
4 0.6716692574260301 0.821875 0.01046627404661713 0.03125
4 0.6377208433608796 0.81171875 0.021185519237293705 0.025
4 0.6529663866447903 0.86796875 0.020967264427970277 0.01875
4 0.6655854377332495 0.89375 0.018387901451278842 0.034375
4 0.7240527021612199 0.9125 0.01046627404661713 0.03125
4 0.7033235399101677 0.9453125 0.022420637023308564 0.015625
4 0.6587823662263703 0.92265625 0.010575401451278842 0.034375
4 0.6344172832867458 0.89609375 0.019295637023308564 0.015625
4 0.6476464587846417 0.96171875 0.02280258293962447 0.0265625
4 0.6260343536124987 0.946875 0.02560020072563951 0.0171875
4 0.6075844539753182 0.95546875 0.013645837748947898 0.0328125
4 0.5978994299287013 0.92421875 0.013263891832631991 0.021875
4 0.594137023668099 0.88359375 0.015262901451278843 0.034375
4 0.6258136096029484 0.8734375 0.01671627404661713 0.03125
4 0.6230135026167067 0.815625 0.019131945916316083 0.0109375
4 0.5829341396400153 0.83125 0.017896828130301044 0.0203125
4 0.5755655837422328 0.79921875 0.02409226442797028 0.01875
4 0.5677555729424595 0.86640625 0.01940476442797028 0.01875
4 0.5466171829239261 0.8875 0.016498019237293705 0.025
4 0.5432813625981733 0.83671875 0.025545637023308566 0.015625
4 0.5726836312024948 0.7390625 0.022311509618646853 0.0125
2 0.5970115086071565 0.7421875 0.01606150961864685 0.0125
4 0.5929762838349 0.69375 0.014880955534962936 0.0234375
4 0.5861459304768554 0.721875 0.022638891832631812 0.021875
4 0.6063443246717402 0.584375 0.02872520072563951 0.0171875
4 0.5837327146902735 0.56328125 0.025545637023308566 0.015625
4 0.5252828084296712 0.52265625 0.022311509618646853 0.0125
4 0.539332895545647 0.4328125 0.02549107332097762 0.0140625
4 0.5176761503549704 0.4390625 0.022693455534962936 0.0234375
4 0.4940228847458739 0.5 0.022420637023308564 0.015625
4 0.5071950073412121 0.496875 0.025818455534962936 0.0234375
2 0.5048214862898199 0.42890625 0.00970238221398514 0.009375
4 0.5705406784931208 0.02890625 0.025545637023308566 0.015625
4 0.5458581370233085 0.015625 0.020967264427970277 0.01875
4 0.5645188569862417 0.0578125 0.019295637023308564 0.015625
4 0.6080704495445131 0.096875 0.01671627404661713 0.03125
4 0.6197247121583848 0.07265625 0.01671627404661713 0.03125
4 0.6068774825768048 0.01796875 0.022748019237293703 0.025
2 0.6250694657865818 0.15859375 0.014662700725639511 0.0171875
4 0.5960813702330856 0.15625 0.016006945916316084 0.0109375
4 0.5664013047166562 0.11171875 0.022584328130301045 0.0203125
4 0.6115178864751544 0.21796875 0.02285714664195524 0.028125
4 0.5738442716843644 0.190625 0.013154764427970278 0.01875
4 0.5617882157865818 0.15859375 0.019786710344286362 0.0296875
4 0.5402207506329721 0.12265625 0.01973214664195542 0.028125
4 0.5237128077118811 0.075 0.019786710344286362 0.0296875
4 0.5203869110699257 0.046875 0.01638889183263199 0.021875
4 0.5744717542611693 0.20859375 0.02403770072563951 0.0171875
4 0.5455382224100038 0.2078125 0.022529764427970278 0.01875
4 0.5542237416472975 0.2328125 0.028779764427970277 0.01875
4 0.4854588395630465 0.07578125 0.027108137023308564 0.015625
4 0.49947918874473984 0.1640625 0.022311509618646853 0.0125
4 0.5292311761308681 0.18828125 0.02420139183263199 0.021875
4 0.552274317330528 0.0875 0.02576389183263199 0.021875
4 0.5607564838427492 0.26328125 0.02247520072563951 0.0171875
4 0.58381452712666 0.31953125 0.017896828130301044 0.0203125
4 0.5947892326616229 0.34296875 0.028670637023308566 0.015625
4 0.5618403234057958 0.3390625 0.019786710344286362 0.0296875
4 0.5621230656012475 0.36953125 0.019623019237293704 0.025
4 0.59978675670824 0.37421875 0.010248019237293704 0.025
2 0.6144940974524129 0.3703125 0.012881945916316084 0.0109375
4 0.5947197999921507 0.43046875 0.023983137023308565 0.015625
4 0.6107912332945951 0.465625 0.01767857332097762 0.0140625
4 0.5870685350160263 0.6140625 0.016170637023308565 0.015625
4 0.6220115086071566 0.7421875 0.02236607332097762 0.0140625
4 0.5648066438163666 0.71484375 0.01935020072563933 0.0171875
4 0.6149331293883963 0.69609375 0.016607146641955416 0.028125
4 0.43266122177703165 0.08515625 0.03557540145127884 0.034375
4 0.45623762023308556 0.15625 0.025436509618646852 0.0125
4 0.46301589908902613 0.19375 0.020967264427970277 0.01875
4 0.4588120379264332 0.25234375 0.022638891832631992 0.021875
4 0.4646280175080132 0.30703125 0.02549107332097762 0.0140625
4 0.5017559952754945 0.31875 0.01595238221398514 0.009375
4 0.4650744508104574 0.3421875 0.022311509618646853 0.0125
4 0.43073665634542024 0.365625 0.02560020072563951 0.0171875
4 0.40495540634542027 0.365625 0.02107639183263199 0.021875
4 0.49283735226173625 0.3765625 0.025545637023308566 0.015625
4 0.4742336852013608 0.403125 0.022311509618646853 0.0125
4 0.46143607403876796 0.46171875 0.022693455534962936 0.0234375
4 0.46252485888515815 0.42578125 0.019895837748947896 0.0328125
4 0.47668410652290555 0.58515625 0.01046627404661713 0.03125
4 0.4804911528020412 0.6046875 0.027108137023308564 0.015625
4 0.46870048093234234 0.625 0.019295637023308564 0.015625
4 0.4330382555271136 0.45390625 0.02452877404661713 0.03125
4 0.44323171106207654 0.47734375 0.025381945916316085 0.0109375
4 0.4397793288480913 0.46796875 0.02074900961864685 0.0125
4 0.431259989918017 0.51484375 0.025873019237293703 0.025
2 0.4520734869227921 0.5515625 0.006795637023308565 0.015625
4 0.4559078150530932 0.571875 0.022420637023308564 0.015625
4 0.44236367022523637 0.58671875 0.02420139183263199 0.021875
4 0.4471702213136955 0.6125 0.01606150961864685 0.0125
4 0.488531831295162 0.63359375 0.01940476442797028 0.01875
4 0.48912459753723087 0.6953125 0.016498019237293705 0.025
4 0.46834830606741856 0.68203125 0.01984127404661713 0.03125
4 0.46868561196520114 0.7140625 0.025545637023308566 0.015625
4 0.4844842267559911 0.74140625 0.025436509618646852 0.0125
4 0.5080482123280208 0.72265625 0.020967264427970277 0.01875
4 0.47690982893290934 0.79296875 0.025818455534962936 0.0234375
2 0.4896454419096008 0.77734375 0.019131945916316083 0.0109375
4 0.5126191504397886 0.7640625 0.01687996515360979 0.0359375
4 0.4953250122353536 0.828125 0.01606150961864685 0.0125
4 0.49060279590061756 0.871875 0.011701391832631991 0.021875
4 0.4877704617798667 0.925 0.01671627404661713 0.03125
4 0.4604440699472347 0.903125 0.019131945916316083 0.0109375
4 0.5102183806543407 0.94140625 0.010575401451278842 0.034375
4 0.4154862340123852 0.91328125 0.02609127404661713 0.03125
4 0.4328994233052793 0.875 0.01515377404661713 0.03125
4 0.43902044853302274 0.8265625 0.026200401451278842 0.034375
4 0.3940873058977825 0.03203125 0.022748019237293703 0.025
4 0.40680804990733277 0.10546875 0.022420637023308564 0.015625
4 0.40747273801910044 0.146875 0.024310519237293705 0.025
4 0.4308829561679349 0.14609375 0.01967758293962447 0.0265625
4 0.3668601509031247 0.23671875 0.015044646641955418 0.028125
4 0.3964955764010206 0.30234375 0.01627976442797028 0.01875
2 0.3880729519915838 0.2625 0.010357146641955417 0.028125
4 0.39914440516429395 0.4453125 0.028779764427970277 0.01875
4 0.3843725770339928 0.425 0.019186509618646853 0.0125
4 0.40074411069925675 0.46875 0.014389882213985138 0.009375
4 0.4040427254900467 0.49609375 0.022311509618646853 0.0125
4 0.4142361810250096 0.51953125 0.010357146641955417 0.028125
1 0.3958408450901601 0.5296875 0.019295637023308564 0.015625
4 0.36148818165798174 0.6421875 0.025545637023308566 0.015625
4 0.3576067243089204 0.57578125 0.03190476442797028 0.01875
4 0.3790377802067029 0.6078125 0.02592758293962456 0.0265625
4 0.37407995089527546 0.6671875 0.016006945916315907 0.0109375
4 0.4147520801140357 0.71328125 0.02888889183263199 0.021875
4 0.3845015849233591 0.71953125 0.022693455534962846 0.0234375
4 0.4067684545234725 0.753125 0.01940476442797028 0.01875
4 0.4010492225796399 0.8578125 0.022584328130301045 0.0203125
4 0.3607466263931714 0.7328125 0.020912700725639423 0.0171875
4 0.3783632015282476 0.78984375 0.02236607332097771 0.0140625
4 0.35858146958441495 0.89453125 0.01671627404661713 0.03125
4 0.2946578680404689 0.965625 0.028834328130301134 0.0203125
4 0.2688741288402421 0.8984375 0.028725200725639423 0.0171875
4 0.3083061618725339 0.81953125 0.02485615626060227 0.040625
4 0.3361583433608796 0.81171875 0.013263891832631991 0.021875
4 0.32337809036565474 0.8484375 0.013482146641955416 0.028125
4 0.33830853185116544 0.00078125 0.017242063702330855 0.0015625
4 0.34201637440943683 0.03984375 0.02247520072563942 0.0171875
4 0.3168105324841376 0.1234375 0.01940476442797028 0.01875
4 0.3299851442797027 0.1875 0.022748019237293703 0.025
4 0.3294047909216581 0.215625 0.025873019237293703 0.025
4 0.3428522212288775 0.2875 0.019459328130301136 0.0203125
4 0.3368105523544035 0.27109375 0.020858137023308566 0.015625
4 0.35522573565684773 0.30625 0.010411710344286274 0.0296875
4 0.35391126151756336 0.38046875 0.02721726442797028 0.01875
4 0.37159726932211173 0.35 0.013263891832631991 0.021875
4 0.3032068455534963 0.00234375 0.012663691106992569 0.0046875
4 0.2650992103442863 0.0296875 0.01984127404661713 0.03125
4 0.2840525961864685 0.125 0.01515377404661713 0.03125
4 0.2813293894703793 0.18125 0.013700401451278843 0.034375
4 0.28284973865207264 0.26953125 0.022638891832631992 0.021875
4 0.27478426750801316 0.30703125 0.016661710344286273 0.0296875
4 0.2997768330244426 0.3515625 0.028670637023308566 0.015625
4 0.30728674346139606 0.27578125 0.017733137023308566 0.015625
4 0.311349250084818 0.325 0.019186509618646853 0.0125
4 0.3103323871081266 0.340625 0.025709328130301135 0.0203125
4 0.31698418039203735 0.396875 0.028779764427970277 0.01875
4 0.31497030180624935 0.4734375 0.01951389183263199 0.021875
4 0.3165080091553107 0.53984375 0.02732639183263199 0.021875
4 0.3010094947273404 0.52109375 0.025982146641955417 0.028125
4 0.29266377058805604 0.5953125 0.025654764427970277 0.01875
4 0.26923619427185347 0.61796875 0.021294646641955416 0.028125
4 0.2881077345605394 0.7109375 0.015262901451278843 0.034375
4 0.3080035723094874 0.74375 0.022857146641955418 0.028125
4 0.26073673582648377 0.95625 0.022529764427970278 0.01875
4 0.2742486204027216 0.80625 0.013373019237293704 0.025
4 0.27485625561193167 0.77890625 0.021185519237293705 0.025
4 0.27343265406798556 0.85 0.025436509618646852 0.0125
4 0.27378731813313617 0.86015625 0.025381945916315995 0.0109375
4 0.2541990152305785 0.79140625 0.022420637023308564 0.015625
4 0.2551836179556509 0.640625 0.015262901451278843 0.034375
4 0.2543056203179036 0.48125 0.025873019237293703 0.025
4 0.2611979718618497 0.41015625 0.01973214664195542 0.028125
4 0.24176592558271395 0.390625 0.017733137023308566 0.015625
4 0.23220987630835338 0.4078125 0.022638891832631992 0.021875
4 0.2180184015360968 0.359375 0.020858137023308566 0.015625
4 0.25460074228026974 0.35546875 0.019459328130301046 0.0203125
4 0.2580878408289909 0.32109375 0.011374009618646852 0.0125
4 0.24263396641955404 0.28125 0.029107146641955416 0.028125
4 0.24828127649368784 0.196875 0.025436509618646852 0.0125
4 0.2160144135169964 0.2125 0.02549107332097771 0.0140625
1 0.18952881378714886 0.3265625 0.019295637023308564 0.015625
4 0.23385173266162287 0.34296875 0.022638891832631992 0.021875
4 0.24955612213200212 0.52421875 0.019623019237293704 0.025
4 0.3000000662342196 0.4921875 0.02387400961864685 0.0125
4 0.274819016959859 0.509375 0.028670637023308566 0.015625
4 0.24543410652290548 0.58515625 0.010138891832631992 0.021875
4 0.21654521469027355 0.56328125 0.028779764427970277 0.01875
4 0.23708589318339435 0.5921875 0.010248019237293704 0.025
4 0.24282251641170483 0.71171875 0.016607146641955416 0.028125
4 0.21714295933279595 0.759375 0.023983137023308565 0.015625
4 0.24518611377929966 0.75703125 0.01638889183263199 0.021875
4 0.22019852666332387 0.846875 0.02387400961864685 0.0125
4 0.22586817330527928 0.875 0.025654764427970277 0.01875
4 0.2522397003471213 0.86953125 0.025545637023308566 0.015625
4 0.24603434036565472 0.8484375 0.03190476442797028 0.01875
4 0.22744308618930348 0.96484375 0.02609127404661713 0.03125
4 0.2110889106914075 0.89921875 0.01359127404661713 0.03125
4 0.19371043773324953 0.89375 0.008794646641955417 0.028125
4 0.1959897003471213 0.86953125 0.022420637023308564 0.015625
4 0.17232402185400045 0.840625 0.022857146641955418 0.028125
4 0.1691643055192644 0.884375 0.021294646641955416 0.028125
4 0.1539311751193778 0.91796875 0.01973214664195542 0.028125
4 0.1480705555192644 0.884375 0.025982146641955417 0.028125
4 0.14977689925866217 0.84375 0.019295637023308564 0.015625
4 0.1630730182258034 0.7546875 0.013700401451278843 0.034375
4 0.18452886677452454 0.7203125 0.013536710344286274 0.0296875
4 0.18032500561193163 0.77890625 0.022693455534962846 0.0234375
4 0.10581597958157996 0.0546875 0.025545637023308566 0.015625
4 0.10981150961864686 0.0125 0.01795139183263199 0.021875
4 0.1530208509957919 0.13125 0.02549107332097771 0.0140625
4 0.11694694173996475 0.12734375 0.028779764427970277 0.01875
4 0.1932465469121079 0.1421875 0.025545637023308566 0.015625
4 0.2513492235911302 0.128125 0.022748019237293703 0.025
4 0.22065229509800935 0.09921875 0.018060519237293703 0.025
4 0.23242311960011341 0.03359375 0.028670637023308566 0.015625
4 0.24069446578658188 0.15859375 0.024310519237293705 0.025
4 0.17532492613086811 0.18828125 0.021185519237293705 0.025
4 0.15661462086605776 0.27890625 0.02549107332097771 0.0140625
4 0.1418080764010206 0.30234375 0.02452877404661713 0.03125
4 0.14510669119181058 0.3296875 0.022529764427970278 0.01875
4 0.16238596042910428 0.3546875 0.025709328130301135 0.0203125
4 0.14555312449425484 0.36484375 0.01482639183263199 0.021875
4 0.16812009445718795 0.40703125 0.017733137023308566 0.015625
4 0.15960075552711364 0.45390625 0.015208337748947986 0.0328125
4 0.1461186088851582 0.42578125 0.03190476442797028 0.01875
4 0.18852436369448164 0.43203125 0.01671627404661713 0.03125
4 0.15542417621568613 0.51328125 0.013809528855940556 0.0375
4 0.15856902358328095 0.55859375 0.01973214664195542 0.028125
4 0.1479688294810635 0.590625 0.013536710344286274 0.0296875
4 0.18152786314632746 0.634375 0.02592758293962456 0.0265625
4 0.1519494905509892 0.6375 0.01482639183263199 0.021875
4 0.13784235053245572 0.65859375 0.028998019237293705 0.025
4 0.09652285825218603 0.303125 0.022857146641955418 0.028125
4 0.10934280598260056 0.35703125 0.013809528855940556 0.0375
4 0.09201395144342961 0.46484375 0.02716270072563942 0.0171875
4 0.1133954220393349 0.6296875 0.029270837748947988 0.0328125
4 0.11150056142489614 0.4859375 0.022529764427970278 0.01875
4 0.10582348029937014 0.50234375 0.03815476442797028 0.01875
4 0.1353919623280208 0.72265625 0.018169646641955417 0.028125