4 0.2983855622497579 0.669355290937535 0.029814765027114644 0.02256598423243066
4 0.3216685261454044 0.6433383048052433 0.028252265027114642 0.022529616641249993
4 0.01789967329329293 0.9284159407294444 0.025199987899751586 0.034956881458888846
4 0.03463720051885185 0.8514722342324305 0.02510908430895541 0.0193318814588892
4 0.009259950617047714 0.7860466027735417 0.00961134933607006 0.040843205547083275
4 0.012157691640057273 0.7470568379559028 0.012681807181592352 0.031540940729444425
4 0.022159405535703773 0.7207307272985763 0.025127265027114647 0.022456881458888845
4 0.028858857429297724 0.663863131458889 0.023528403590796176 0.016170513867708357
4 0.022063956765367786 0.7043244772985764 0.017287493949875794 0.017587543502986237
4 0.013079321324944224 0.6369369555470833 0.01726931323171656 0.014462543502986236
4 0.011634995992979253 0.6572130879559028 0.01570681323171656 0.014426175911805571
4 0.04167195393669741 0.5837035059839236 0.026671584308955408 0.019368249050069508
4 0.014982188909582764 0.5612102569338542 0.02356476502711465 0.02242051386770836
4 0.028140719062007925 0.5404256314588889 0.026698855386194265 0.02405574905006951
4 0.056933339573512695 0.5215671818957291 0.018940897540671964 0.03324891109416654
4 0.05748785147736939 0.6168796818957292 0.01729658430895542 0.019150043502986235
4 0.06897479732083914 0.5773086888295834 0.017387487899751596 0.034775043502986235
4 0.06624068276126269 0.6444234536472223 0.025136355386194253 0.024019381458888843
4 0.07207759230398722 0.7078319902163542 0.023528403590796176 0.016170513867708357
4 0.01703452653818787 0.3769079921162153 0.00789431323171656 0.014244337955902787
4 0.021544764536135325 0.34654834488975694 0.011010222872636944 0.012754573138263937
4 0.05899528844204456 0.4731842332825001 0.02354658430895542 0.019295513867708357
4 0.06207483664664646 0.46544446846486115 0.0219659035907962 0.016134146276527872
4 0.01509529751723086 0.4463846907294444 0.015779536104353502 0.026926175911805572
4 0.040596829909151214 0.9359745208015624 0.026717036104353498 0.027180749050069154
4 0.07276845959403816 0.8265819902163543 0.023528403590796176 0.016170513867708534
4 0.06448378180274517 0.8795069684648613 0.023528403590796176 0.016170513867708534
4 0.07954570042065598 0.9173524605810763 0.02052157825883121 0.03641027868534721
4 0.11298491431630249 0.8915718637914584 0.032948855386194256 0.024201219414791808
4 0.09574287216182478 0.8817968202884725 0.028215903590796197 0.016279616641249817
4 0.1296002425751337 0.9278912234988542 0.011055674668035032 0.020567073138263937
4 0.15132070647078016 0.9018378697753822 0.01728749394987581 0.01758754350298588
4 0.11327983010554292 0.8079962975870487 0.020394313231716588 0.014535278685347208
4 0.12793268256487095 0.775529289703264 0.0235284035907962 0.016170513867708357
4 0.13797075789683594 0.7554531790459376 0.02354658430895542 0.019295513867708357
4 0.10068892651474677 0.7920803568576043 0.015779536104353474 0.026926175911805572
4 0.13154349589478337 0.7248389586812154 0.0266534035907962 0.01624324905006951
4 0.12959920081343945 0.6591775910900348 0.025145445745273866 0.025581881458888844
4 0.12583839655871332 0.6840866721120834 0.022011355386194253 0.023946646276527872
4 0.15022077302214645 0.7127753697753821 0.028270445745273865 0.025654616641250173
4 0.11681792056281841 0.7448059665650001 0.01580680718159235 0.03161367591180557
4 0.10380431527482001 0.6562337758355556 0.02041249394987581 0.017660278685347208
4 0.16254857708048082 0.8177356267092362 0.015797716822512742 0.03005117591180557
4 0.17659289636232162 0.8149379350298613 0.02364657825883123 0.03648301386770818
4 0.20772874599297925 0.6617772206490626 0.031413626463433084 0.028852351823611143
4 0.1797401013791735 0.6845601040078126 0.022011355386194253 0.023946646276527872
4 0.1806077097904299 0.699422037803403 0.018904536104353477 0.026998911094166723
4 0.16379291451269423 0.7630844943004168 0.015797716822512742 0.03005117591180557
4 0.1803077279408025 0.6478595378034029 0.026671584308955422 0.019368249050069508
4 0.16943840563389964 0.659323714665139 0.028252265027114642 0.022529616641250173
4 0.17991684250037893 0.5806720378034029 0.02516362646343313 0.028706881458888844
4 0.15217766188041557 0.5120668549577432 0.02663522287263693 0.013118249050069508
4 0.17795436670087578 0.5118856702122223 0.02668067466803503 0.02093074905006951
4 0.16981461377400953 0.4554538322563196 0.020394313231716588 0.014535278685347208
4 0.21645833049832638 0.551057926196146 0.0220477168225127 0.03019664627652787
4 0.2524321919346449 0.5581443807932989 0.02354658430895542 0.019295513867708357
4 0.27502480942108753 0.5477342108654168 0.01582498789975162 0.03473867591180557
4 0.2700736890077787 0.5023126080918752 0.01581589754067192 0.03317617591180557
4 0.2769731288011242 0.4798200122521877 0.018831813231716586 0.014498911094166544
4 0.29134470100983123 0.5332723205728127 0.018913626463433177 0.02856141109416672
4 0.29006400214129935 0.5816734529816322 0.01581589754067201 0.03317617591180557
4 0.29848503531878656 0.5521859747331253 0.025145445745273866 0.025581881458888844
4 0.07597825536275316 0.4384280267854862 0.012672716822512742 0.0299784407294446
4 0.09285668315404616 0.3857030702884723 0.015761355386194255 0.023801175911805573
4 0.08570725848601111 0.3652269161281598 0.023528403590796176 0.016170513867708357
4 0.03624761397040125 0.32267508700597225 0.026671584308955422 0.019368249050069508
4 0.03520728873663215 0.27812565321038196 0.021965903590796178 0.016134146276527782
4 0.03816411709365922 0.2492921383927431 0.020430674668035033 0.020785278685347207
4 0.05676412616884553 0.22394729948690975 0.026653403590796175 0.01624324905006951
4 0.06627548155503979 0.2476030050339931 0.02041249394987581 0.017660278685347208
4 0.09241982503737738 0.17634625408406257 0.02198408430895542 0.019259146276527785
4 0.044681761805660816 0.16117454255305558 0.014198855386194276 0.023764808320624997
1 0.060065867290050944 0.12013196846486116 0.025254530054229306 0.04433188145888889
4 0.0512403131335207 0.0800881967133681 0.009502265027114643 0.022093205547083338
4 0.07293805113146815 0.050128592989895894 0.01892271682251274 0.030123911094166678
4 0.09054370764913056 0.12240363649288202 0.02353749394987581 0.01773301386770836
4 0.09093861738824681 0.0560155702884723 0.026653403590796175 0.016243249050069464
4 0.11827327702916719 0.055089503134132044 0.023573855386194255 0.023983013867708357
4 0.11617496672431686 0.09722245174736122 0.02668976502711464 0.022493249050069462
4 0.1066636113381226 0.07356674620027788 0.02979658430895542 0.01944098423243057
4 0.1399937409248137 0.02903614941065984 0.02354658430895542 0.019295513867708357
4 0.11558915944452866 0.13079801795177093 0.02828862646343313 0.02877961664125004
4 0.13354881908544902 0.1296537452503473 0.02041249394987581 0.017660278685347208
2 0.141810770979043 0.07282251700184039 0.011101126463433086 0.02837957313826389
4 0.13694198467829777 0.17582023043270845 0.020430674668035033 0.020785278685347252
4 0.12614084006449203 0.19900315729444454 0.023555674668035032 0.020858013867708358
4 0.10593287919390763 0.21649912860909729 0.025127265027114643 0.022456881458888845
4 0.13989881303532484 0.14698671561506957 0.020394313231716543 0.014535278685347208
4 0.13100105688700475 0.22879976006798622 0.02666249394987581 0.017805749050069507
4 0.12569138817089806 0.2560162234988542 0.02668976502711464 0.022493249050069507
4 0.14521809299135827 0.25568956838861123 0.01887726502711464 0.022311411094166723
4 0.11820562021691719 0.17772756933854178 0.012563632513557322 0.011228440729444466
4 0.17230224687674203 0.07743793502986125 0.023564765027114642 0.02242051386770836
4 0.1581498850476401 0.3301992591180557 0.031404536104353474 0.027289851823611145
4 0.1916300055591449 0.31144991232843766 0.0235284035907962 0.016170513867708357
4 0.12374761397040124 0.3247116721120834 0.022029536104353476 0.027071646276527785
4 0.13139194232742832 0.2959872600679862 0.02516362646343313 0.028706881458888934
4 0.1365703217177277 0.3804713628415279 0.020485216822512697 0.030160278685347208
4 0.1561106620768073 0.3824884577312848 0.0266534035907962 0.01624324905006951
4 0.15331746018321332 0.43944697254892373 0.0235284035907962 0.016170513867708357
4 0.09864814090137258 0.44129910685760426 0.022029536104353497 0.02707164627652787
4 0.17026808996629617 0.2648651998475001 0.028306807181592352 0.031904616641249994
4 0.16061128883482803 0.21620949430041678 0.03145907825883123 0.03666485182361114
4 0.18803685206654458 0.23090842714607654 0.03450226502711464 0.022675087005972296
4 0.17057664129415603 0.18363338364309043 0.020394313231716543 0.014535278685347208
4 0.22837043969514967 0.0474971683123613 0.020394313231716588 0.01453527868534723
4 0.24306874394987582 0.02284266042857659 0.023564765027114642 0.022420513867708353
4 0.19943237343837103 0.041355617875521 0.020467036104353475 0.02703527868534723
4 0.20501072862817357 0.1945897206490627 0.015761355386194255 0.023801175911805573
4 0.19076187626704139 0.16223116232843765 0.02041249394987581 0.017660278685347253
4 0.21763799365528821 0.2167556613785071 0.02041249394987581 0.017660278685347208
4 0.2245237979100143 0.19191931553881963 0.02041249394987581 0.017660278685347208
4 0.20955278288289966 0.16969882342260434 0.01259999394987581 0.017478440729444468
4 0.203349276439992 0.4460794854667016 0.02668976502711464 0.022493249050069507
4 0.21534528239192036 0.4940084924005557 0.01730567466803503 0.020712543502986236
4 0.18417202956325 0.3722055743725349 0.022002265027114644 0.02238414627652787
4 0.19260215309981685 0.34428059612402795 0.01729658430895542 0.019150043502986148
4 0.22560100546094902 0.37707556553881966 0.02666249394987581 0.017805749050069507
4 0.20446180366555092 0.3687721030578821 0.01884999394987581 0.017623911094166722
2 0.19770326443793945 0.41548344889756966 0.023573855386194255 0.02398301386770818
4 0.20226804459036463 0.3944988016711113 0.015752265027114642 0.02223867591180557
4 0.21006690905174522 0.3923368896270141 0.015779536104353474 0.026926175911805572
4 0.2189192134046672 0.30271134517409737 0.023601126463433087 0.028670513867708358
4 0.22698624345889645 0.3466431831300002 0.011110216822512698 0.029942073138263935
4 0.23776011699546337 0.31877275626826407 0.022029536104353476 0.02707164627652787
4 0.23954987597245378 0.35787162385944465 0.018886355386194254 0.02387391109416672
4 0.24128509279496652 0.3875954914506252 0.02519998789975162 0.034956881458888846
4 0.25749992437344743 0.22080803495361137 0.018904536104353477 0.026998911094166723
4 0.2542294786281736 0.1957352997712502 0.020485216822512697 0.030160278685347208
4 0.23730105386194267 0.23986650626826406 0.012618174668035031 0.020603440729444422
4 0.2271458456236369 0.5083437493344098 0.01894089754067201 0.03324891109416672
4 0.24910265885535346 0.5229153956109377 0.014217036104353476 0.02688980832062491
4 0.25252309552544105 0.5737693807932989 0.026644313231716586 0.014680749050069507
4 0.23308274911623722 0.5889397859035419 0.02041249394987581 0.017660278685347208
4 0.24047306829988213 0.6508221900638544 0.02668976502711464 0.022493249050069507
4 0.252809441836449 0.6229881307932988 0.023610216822512697 0.03023301386770836
4 0.2685344357863248 0.6405393067051044 0.02979658430895542 0.01944098423243048
4 0.2694611315315987 0.6655574905006947 0.022038626463433086 0.028634146276527873
4 0.24328951697202222 0.7321267414506252 0.02041249394987581 0.017660278685347208
4 0.21198497481754455 0.7220243896270141 0.026707945745273864 0.025618249050069507
4 0.2255525711285525 0.7715522641520488 0.023564765027114732 0.02242051386770836
4 0.2379571223582165 0.7554369548814932 0.023573855386194255 0.023983013867708357
4 0.2281144897464633 0.8091068155388197 0.02199317466803503 0.020821646276527873
4 0.267585535024199 0.7459716891139239 0.02353749394987581 0.01773301386770836
4 0.22454458303240918 0.8668283965608683 0.02511817466803503 0.0208943814588892
4 0.20400482405541873 0.8272931178755212 0.023573855386194255 0.023983013867708534
4 0.2568530889843375 0.9152301821800697 0.025145445745273953 0.025581881458888844
4 0.2305314834999474 0.9560181831300001 0.026717036104353477 0.027180749050069508
4 0.2507667154477707 0.9432097118153475 0.029851126463433176 0.02881598423243048
2 0.22331388113881526 0.9238232789696876 0.011010222872636888 0.012754573138263937
4 0.27196954975672605 0.9624506742962851 0.025154536104353475 0.0271443814588892
4 0.28757636903856676 0.9596893502080907 0.028288626463433175 0.028779616641249818
4 0.28030876970249674 0.918900696047778 0.02354658430895542 0.019295513867708537
4 0.2958928630866385 0.9122331219595836 0.02354658430895542 0.019295513867708537
4 0.31396615221605406 0.9306200992581601 0.02353749394987581 0.017733013867708536
4 0.33729911308663846 0.9131968631258683 0.011155668617910841 0.037754573138263935
4 0.3153422998549219 0.8986252168493405 0.028270445745273952 0.025654616641249815
4 0.2923451613894362 0.8395041367772226 0.01884999394987581 0.017623911094166545
4 0.30384574277152543 0.8022768937110767 0.025163626463433175 0.028706881458888844
4 0.3343054024124458 0.8014235617390975 0.0235284035907962 0.01617051386770818
4 0.28652188738533113 0.7784393502080904 0.021974993949875808 0.017696646276527873
4 0.2987491766129426 0.731855290937535 0.022011355386194253 0.023946646276527872
4 0.33008098984465917 0.7466451427611461 0.026717036104353477 0.027180749050069508
4 0.33621281517662416 0.7264781131258683 0.029823855386194253 0.02412848423243048
4 0.3125798724564124 0.6923388492581599 0.020430674668035033 0.020785278685347207
4 0.3555168061996337 0.6878702080156253 0.023564765027114642 0.02242051386770836
4 0.34898045988862575 0.638505987650903 0.025154536104353475 0.027144381458888846
4 0.37066456234795375 0.6062026339274309 0.02041249394987581 0.017660278685347208
4 0.3593725383438487 0.545010560789167 0.02510908430895542 0.019331881458888846
4 0.3104037732185382 0.5868337316669795 0.01728749394987581 0.017587543502986237
4 0.3050531978865732 0.6070189450978475 0.02199317466803503 0.020821646276527873
4 0.3344998033709633 0.566303679330278 0.020430674668035033 0.020785278685347207
4 0.3826736829576544 0.5221185746568753 0.0235284035907962 0.016170513867708357
4 0.35757368900777864 0.5043491931979864 0.01269089754067192 0.03310344072944442
4 0.37348958049832637 0.5547128691097919 0.026671584308955422 0.019368249050069508
4 0.28481237899751594 0.3503325340036808 0.022011355386194253 0.023946646276527782
4 0.28191009279496654 0.3885410488213197 0.020394313231716588 0.014535278685347208
4 0.28652032474278977 0.37536890159486136 0.026671584308955422 0.019368249050069508
4 0.2829140565924172 0.42684048261691 0.025090903590796198 0.016206881458888843
4 0.2986799571581512 0.4514229085287155 0.02208407825883123 0.03644664627652787
4 0.3092856590517452 0.39464623166697943 0.02198408430895542 0.019259146276527785
4 0.24609531264254136 0.40879834422416683 0.018904536104353477 0.026998911094166723
4 0.2524362162333375 0.4245688145888892 0.01425339754067192 0.03313980832062491
4 0.26413626463433115 0.2873597553183336 0.018886355386194254 0.02387391109416672
4 0.2858430929913583 0.25896265159486137 0.02195681323171659 0.014571646276527784
4 0.29195673760516405 0.23567062195958358 0.018913626463433177 0.02856141109416672
4 0.2724527586824029 0.2399035270698266 0.01886817466803503 0.02074891109416672
4 0.2719209726762452 0.1484972770698266 0.023573855386194255 0.023983013867708357
4 0.2583670119038567 0.1013131525447919 0.011001132513557365 0.011192073138263892
4 0.2755636022629363 0.103275696047778 0.01729658430895533 0.019150043502986148
4 0.2777391806199634 0.07442399743454883 0.0220568071815924 0.03175914627652778
4 0.29117496672431686 0.10129562195958357 0.01728749394987581 0.017587543502986146
4 0.3096977077473264 0.06266953305375025 0.018904536104353477 0.02699891109416668
4 0.34101588544042355 0.07511563487736139 0.026707945745273954 0.025618249050069465
4 0.32351074375348404 0.154384907578785 0.029887487899751618 0.03506598423243057
4 0.3237198220123153 0.190322407578785 0.01887726502711464 0.022311411094166678
2 0.336487987605164 0.23670709830822947 0.012672716822512697 0.029978440729444424
4 0.33044356244614964 0.5404315103523267 0.025145445745273866 0.025581881458888844
4 0.35360484825591554 0.7620344066288545 0.015779536104353474 0.026926175911805572
4 0.37522531820168625 0.7187935529053823 0.014289758976990452 0.03938980832062509
4 0.37589644213103657 0.4313481042921531 0.015779536104353474 0.026926175911805572
4 0.3693919120768073 0.38745263392743085 0.0266534035907962 0.01624324905006951
4 0.3950731681269315 0.37086519918191 0.02667158430895551 0.019368249050069508
4 0.4145907825883121 0.368976044071667 0.01739657825883114 0.036337543502986056
2 0.37148113202257804 0.3437571853142017 0.022020445745273953 0.025509146276527873
4 0.3563015596174793 0.4199560094023962 0.018886355386194254 0.023873911094166544
4 0.337887382022578 0.3429752821038197 0.023555674668035032 0.020858013867708358
4 0.3944959303253758 0.27164644918191005 0.023573855386194255 0.023983013867708357
4 0.38894536709365923 0.25745666261277805 0.01894089754067192 0.03324891109416672
4 0.3548248971478885 0.30040657560680584 0.025127265027114643 0.022456881458888932
4 0.3353163730455876 0.30385823071704887 0.018859084308955422 0.019186411094166723
4 0.3995147075509347 0.194429985751042 0.012690897540672008 0.03310344072944442
4 0.43084652078265123 0.20921983757465315 0.022029536104353476 0.027071646276527785
4 0.424269267855785 0.15282436720993092 0.020421584308955333 0.019222778685347254
4 0.41473973175143153 0.12604366166284758 0.020521578258831143 0.036410278685347255
4 0.3606880360061576 0.09978897976711835 0.01269089754067192 0.03310344072944447
4 0.3847386143631847 0.07144642743041699 0.02198408430895542 0.019259146276527785
4 0.42473690046753826 0.09893630100552119 0.01427157825883114 0.03626480832062502
4 0.44443177693097136 0.12751589589527815 0.02041249394987581 0.017660278685347208
4 0.4409295270291672 0.06259941071291704 0.025172716822512698 0.03026938145888891
4 0.4605562257995032 0.079460255602674 0.02667158430895533 0.019368249050069463
4 0.47927440954272454 0.07442791669684068 0.015815897540672096 0.03317617591180557
4 0.48492496672431695 0.10580520326597265 0.01418976502711473 0.022202308320624996
4 0.4828084757013073 0.1448131518792018 0.01582498789975162 0.03473867591180557
4 0.45159483713762577 0.15033580005559063 0.017378397540672098 0.03321254350298615
4 0.44567209006449204 0.20644032969086842 0.020385222872636888 0.012972778685347209
4 0.48779595755093474 0.19648475465274345 0.018868174668034855 0.02074891109416672
4 0.48954026473252704 0.22777112224392404 0.023564765027114732 0.02242051386770836
4 0.5063596051898025 0.16488991574691014 0.01886817466803503 0.020748911094166676
4 0.5296880208808471 0.1466854296146185 0.018904536104353654 0.02699891109416668
4 0.5260681171918551 0.1958132606366671 0.02667158430895533 0.019368249050069418
4 0.4851981983775525 0.28703701947038235 0.02352840359079611 0.016170513867708357
2 0.4617334273003137 0.281804005602674 0.01726931323171659 0.014462543502986147
4 0.45966693325224206 0.32940570421590315 0.017332945745273776 0.02540004350298606
4 0.4696595567888089 0.3015170935585768 0.025145445745273776 0.025581881458888935
4 0.43136064695149673 0.4318579037790629 0.02979658430895533 0.01944098423243048
4 0.451809502337691 0.4557681824644101 0.02667158430895533 0.019368249050069508
4 0.502073122751 0.5022444453821879 0.023528403590796287 0.016170513867708357
4 0.47835434250037895 0.5876182477188893 0.02509090359079611 0.016206881458888843
4 0.4994208214231401 0.5834217101998268 0.025154536104353475 0.027144381458888846
4 0.5311248184962739 0.5279172458190282 0.023546584308955332 0.019295513867708357
4 0.5170714088553534 0.5291524374984032 0.026707945745273777 0.025618249050069507
2 0.5112077491162372 0.595413217133681 0.011001132513557365 0.011192073138263935
4 0.3946712515521241 0.9731180302039586 0.02668067466803503 0.02093074905006951
4 0.4166417003224601 0.9898203935689065 0.020430674668035033 0.020359212862187094
4 0.40388717026823084 0.9459924857510419 0.02041249394987581 0.017660278685347208
4 0.36692298057308115 0.9029503473582988 0.01894089754067201 0.03324891109416654
4 0.35221104077973564 0.9252611052420836 0.01894089754067192 0.03324891109416654
4 0.35798886298844257 0.9785133918112155 0.025163626463433175 0.028706881458888844
2 0.3587559565689761 0.8418310094023962 0.01573408430895542 0.019113675911805572
4 0.38613152282575475 0.8479361922480558 0.01726022287263689 0.012900043502986236
4 0.40905139323906364 0.8937760223201738 0.023564765027114732 0.022420513867708537
4 0.37873665846257004 0.7852725380877434 0.025181807181592398 0.03183188145888884
4 0.41250767046462256 0.8165231912981253 0.014171584308955331 0.01907730832062491
4 0.4197298180052945 0.8494993454584379 0.02049430718159222 0.03172277868534721
4 0.4363542366232053 0.8873812051658337 0.0220477168225127 0.03019664627652787
4 0.44600194739559385 0.934474410712917 0.020485216822512697 0.030160278685347208
4 0.44538432385902704 0.9625812269173266 0.01731476502711473 0.02227504350298588
4 0.41397017651474677 0.799372058889306 0.023555674668035032 0.020858013867708358
4 0.44211790241244575 0.8039329255305561 0.023564765027114732 0.022420513867708537
4 0.437280411487632 0.7780425727570142 0.02981476502711473 0.022565984232430482
4 0.482743423293293 0.9392352991056601 0.028234084308955333 0.019404616641249817
4 0.48145311318483425 0.8517171153100698 0.023528403590796287 0.016170513867708534
4 0.455512781900941 0.8237733000555906 0.025145445745273953 0.025581881458889198
4 0.4193576341638773 0.9197936616628475 0.028270445745273775 0.025654616641249815
4 0.43397814948557956 0.7475010875746532 0.023555674668035032 0.020858013867708358
4 0.4195929417382532 0.6917050292540281 0.01886817466803503 0.02074891109416672
4 0.41163954117251905 0.6673044412981254 0.02979658430895533 0.01944098423243048
4 0.4437071526088376 0.6742999769173268 0.0220477168225127 0.03019664627652787
4 0.44665943578632483 0.6446852120996878 0.022029536104353476 0.02707164627652787
4 0.41067648399092677 0.636036257502535 0.012645445745273775 0.0252909407294446
2 0.3958463695295461 0.6380345153863198 0.014135222872636887 0.012827308320624908
4 0.42364411660267987 0.5824391320275698 0.02510908430895533 0.019331881458888846
4 0.4117162883438487 0.5462288750937156 0.018840903590796286 0.01606141109416672
4 0.4538578156676035 0.40504148385118094 0.017278403590796288 0.01602504350298606
4 0.4374964965821544 0.27811530793937533 0.02353749394987581 0.01773301386770836
4 0.48924534894328653 0.3113466884483337 0.020421584308955333 0.01922277868534721
4 0.43854136699546337 0.32344599173496563 0.017360216822512698 0.030087543502986147
4 0.5358411522160541 0.9357842972057991 0.03928975897699054 0.03997168977951375
4 0.5221462908779315 0.8643814226807643 0.02665340359079611 0.01624324905006951
4 0.5203701674395604 0.8276263050895839 0.02199317466803503 0.020821646276527873
4 0.5325429145126942 0.7716672458190282 0.023573855386194255 0.023983013867708357
4 0.5337963423039872 0.7185786134102088 0.02666249394987581 0.017805749050069507
4 0.49933043871319105 0.7021535264042364 0.017251132513557366 0.011337543502986236
4 0.5390651044042356 0.6843308999793407 0.023528403590796287 0.016170513867708357
4 0.5748889749157404 0.6656361045764936 0.02511817466803503 0.020894381458888844
4 0.5991259056338996 0.6693248022397922 0.023573855386194255 0.023983013867708357
4 0.5154185261454044 0.6478478861116324 0.02510908430895533 0.019331881458888846
4 0.5371480804001305 0.6233570323881602 0.023528403590796287 0.016170513867708357
4 0.5571424178323439 0.5691423110735074 0.025145445745273953 0.025581881458888844
4 0.5510924057320954 0.6033718407087851 0.0220658975406721 0.03332164627652787
4 0.5587771198241337 0.4473218624602783 0.012681807181592397 0.0315409407294446
4 0.5571055355151783 0.42853549486909764 0.02667158430895533 0.019368249050069508
4 0.5718447463857628 0.410912236985313 0.02041249394987581 0.017660278685347208
4 0.5829827551663614 0.5798986263279866 0.02676248789975162 0.03499324905006951
4 0.5765918546006275 0.5555344059632643 0.02664431323171641 0.014680749050069507
4 0.579771396755105 0.5649821411456255 0.02196590359079629 0.016134146276527872
4 0.5935793667008757 0.5215594494662505 0.026726126463433177 0.02874324905006951
2 0.577736198082965 0.48369577355444493 0.007903403590796287 0.015806837955902785
4 0.5760555234149299 0.46334690596326433 0.02353749394987581 0.01773301386770836
4 0.5923845053627531 0.45044751567066027 0.025145445745273776 0.025581881458888844
4 0.5906720144379395 0.4246298980794796 0.01726931323171659 0.014462543502986236
4 0.5530311138722054 0.39953832589114635 0.020430674668035033 0.020785278685347207
4 0.5612748850476401 0.33958209764263936 0.018904536104353477 0.026998911094166723
4 0.5785487434588965 0.3548258911456255 0.022065897540671918 0.03332164627652787
4 0.5822777314568439 0.3244480601235769 0.02667158430895533 0.019368249050069508
4 0.5719578549934108 0.2960866707809033 0.026653403590796286 0.01624324905006951
4 0.5454862585842071 0.31109342173083376 0.02199317466803503 0.020821646276527783
4 0.5849527586824028 0.24717704530593795 0.028279536104353475 0.027217116641249994
2 0.5709675267345796 0.26013098698531295 0.020385222872636888 0.012972778685347209
4 0.5460311592481369 0.27048660552642406 0.020521578258831143 0.03641027868534721
4 0.5722391352440319 0.21016735457649355 0.01726931323171641 0.014462543502986147
4 0.581373240728422 0.16897931012357686 0.012636355386194254 0.023728440729444467
4 0.5920107588787946 0.11767138326184076 0.018940897540672096 0.03324891109416668
4 0.6155846142649889 0.14165439712954914 0.020385222872636888 0.012972778685347252
4 0.571593719749379 0.09922985457649354 0.01427157825883114 0.036264808320624994
4 0.66086984318775 0.13802155727378526 0.026753397540672096 0.033430749050069465
4 0.6391993762670414 0.17266866099725747 0.017378397540672098 0.03321254350298615
4 0.62697208703943 0.21925272026781303 0.02677157825883114 0.03655574905006951
4 0.5666371551429202 0.9895856372521876 0.025154536104353652 0.020828725495624666
4 0.563870703445718 0.920032663847049 0.023546584308955332 0.019295513867708537
4 0.568321854109648 0.8795167666205908 0.026726126463433177 0.02874324905006951
4 0.5448798089301082 0.8781900027528824 0.022038626463433176 0.028634146276527873
4 0.6201883602579681 0.7987038309251394 0.017360216822512698 0.030087543502986237
4 0.5987037248175445 0.7310253684442019 0.01730567466803503 0.02071254350298606
2 0.602055983794535 0.770160603626563 0.012672716822512697 0.0299784407294446
4 0.6158634328594585 0.5923810957427783 0.02981476502711473 0.022565984232430482
4 0.6277049027070334 0.6137476026766324 0.01883181323171641 0.014498911094166723
4 0.6172895774732643 0.5689799633339587 0.014126132513557366 0.011264808320624908
4 0.6179162913689108 0.5424356471295491 0.02196590359079629 0.016134146276527872
4 0.6107532311622563 0.5196157429692366 0.012672716822512697 0.0299784407294446
1 0.6294532341873185 0.5114584040634033 0.02041249394987581 0.017660278685347208
4 0.6780538397699044 0.4063539831855908 0.02667158430895533 0.019368249050069508
4 0.6729623396717086 0.4710704466164589 0.03293976502711473 0.022638719414791807
4 0.6563651921310366 0.43787608690906304 0.028288626463433175 0.028779616641249995
4 0.6685379392041704 0.3819170276385075 0.01726022287263689 0.012900043502986147
4 0.6354390928931624 0.3319345582237158 0.031395445745273774 0.025727351823611144
4 0.6658896621750031 0.32951872625173667 0.023573855386194255 0.023983013867708357
4 0.6484976290957117 0.29396243274875056 0.020430674668035033 0.020785278685347207
4 0.6682238009350764 0.1936539614340978 0.023564765027114732 0.02242051386770836
4 0.6908260296614459 0.31916310771062556 0.02199317466803503 0.020821646276527783
4 0.6811237767345796 0.26269490216354224 0.02352840359079611 0.016170513867708357
4 0.713354493753484 0.16345862157833393 0.01737839754067192 0.03321254350298615
4 0.7856516745698391 0.10343096456822982 0.028252265027114733 0.022529616641250038
4 0.8016675600102626 0.1709821404800354 0.028234084308955687 0.01940461664125004
4 0.7528715117074649 0.24249281135784787 0.026807939695149587 0.04280574905006951
4 0.7247737827847038 0.24652569471659783 0.015752265027114732 0.02223867591180557
4 0.7417567497054124 0.21176948821958397 0.015797716822512697 0.03005117591180557
4 0.618181474424761 0.9905854194044622 0.023546584308955332 0.018829161191075628
4 0.6528832064707802 0.9135118665443407 0.020430674668035033 0.020785278685347207
4 0.6493945921075955 0.8509391313619797 0.025163626463433175 0.0287068814588892
4 0.6531372156441624 0.8229050503399311 0.028288626463433175 0.028779616641249818
4 0.6503798543060398 0.7517567489531602 0.020439765027114733 0.022347778685347208
4 0.6536003030763757 0.7682357341355214 0.02198408430895533 0.01925914627652787
4 0.6401054296380048 0.7312078596104866 0.012672716822512697 0.029978440729444424
4 0.6514060231203423 0.6596056165443408 0.028252265027114733 0.022529616641249993
4 0.6296991947633153 0.6880027202678131 0.015761355386194255 0.023801175911805573
4 0.6916916972973981 0.9969178996950003 0.02200226502711473 0.006164200609999426
4 0.6857047968298599 0.9158380859591325 0.017369307181592398 0.03165004350298624
4 0.6963332246211528 0.8629676590973965 0.01582498789975162 0.03473867591180557
4 0.7059895048717738 0.77726654844007 0.025145445745273953 0.025581881458888844
4 0.7182849717924824 0.7424012391695145 0.018931807181592396 0.03168641109416672
4 0.700043511020094 0.6951080118709381 0.02979658430895533 0.01944098423243048
4 0.6832787127172961 0.767364218367952 0.01728749394987581 0.01758754350298606
4 0.685340661585828 0.7189812697547228 0.020394313231716588 0.014535278685347208
4 0.6883838483541114 0.7049915049370838 0.025136355386194253 0.024019381458888843
4 0.6896281857863248 0.6503403725282645 0.02980567466803503 0.02100348423243048
4 0.7016873033709634 0.5748500632577089 0.022011355386194253 0.023946646276527872
4 0.708345848648699 0.5109512174180214 0.028270445745273775 0.025654616641250173
4 0.720964023316734 0.5315546581474659 0.02830680718159222 0.031904616641249994
4 0.7393004119786115 0.4608973192416325 0.02668067466803503 0.02093074905006951
4 0.7641822373105764 0.44116670070052155 0.0220477168225127 0.03019664627652787
4 0.7581817013044188 0.3496331641313895 0.01895907825883114 0.036373911094166725
4 0.743923758584207 0.3157121058107645 0.02518180718159222 0.03183188145888884
4 0.8169698522629364 0.11587706639184096 0.023564765027114732 0.02242051386770836
4 0.7842124152982611 0.258845163181459 0.015779536104353474 0.026926175911805572
4 0.7804607014026146 0.2853167442035076 0.022029536104353476 0.027071646276527785
4 0.7909982256031114 0.21682131734177146 0.026653403590796286 0.01624324905006951
4 0.7917249334486337 0.20746450113736178 0.026635222872636886 0.013118249050069508
4 0.8014953640685972 0.27565145668444513 0.023546584308955332 0.019295513867708357
4 0.7820373578220812 0.42205367799909793 0.01738748789975162 0.034775043502986235
4 0.7610623033709634 0.5762320317225701 0.028279536104353475 0.027217116641249994
4 0.7458281888113869 0.6430558558107645 0.0220477168225127 0.03019664627652787
4 0.7607992038385015 0.6652763479269798 0.01884999394987581 0.017623911094166545
4 0.7732083002477054 0.6499422886564242 0.023573855386194255 0.023983013867708357
4 0.7805213513791734 0.6985434428167367 0.02198408430895533 0.01925914627652787
4 0.7445793061996338 0.696925738219584 0.020439765027114733 0.022347778685347208
4 0.7369577037403057 0.7295564002636812 0.01258181323171641 0.0143534407294446
4 0.7465690530763757 0.7703996058107645 0.0314227168225127 0.030414851823611144
4 0.7298542517485158 0.8512495623077785 0.025090903590796288 0.016206881458888843
4 0.7625985740554186 0.8402945317225701 0.02509999394987581 0.017769381458888844
1 0.8041633844584648 0.7342452066844452 0.02041249394987581 0.017660278685347208
4 0.7626344146108901 0.7121877155181604 0.025145445745273776 0.025581881458888844
4 0.7717589088553535 0.535080354860834 0.022029536104353476 0.02707164627652787
4 0.7179981046006274 0.5588256729651049 0.02508181323171641 0.014644381458888845
4 0.7452645865484506 0.5461808558107645 0.02979658430895533 0.01944098423243048
4 0.783913475210328 0.47599629559027845 0.012636355386194254 0.02372844072944442
4 0.8098401709556018 0.5015963608447576 0.02981476502711473 0.022565984232430482
4 0.7924799541330891 0.4715088173417715 0.012654536104353475 0.0268534407294446
4 0.8019544272021178 0.35455770668444514 0.018922716822512696 0.030123911094166723
4 0.8337311471478884 0.31155324230364656 0.023546584308955686 0.019295513867708357
4 0.8056061471478886 0.3108986256623965 0.017323855386194253 0.02383754350298615
4 0.8426107225780495 0.22661519785072987 0.023528403590795933 0.016170513867708357
4 0.840889141294156 0.1992350802595493 0.02668976502711473 0.022493249050069462
4 0.8143448220123153 0.2017418312094798 0.02667158430895533 0.019368249050069508
4 0.8168022015008105 0.22132763259625068 0.03137726502711473 0.022602351823611144
4 0.8505363311856975 0.11197146960222293 0.02676248789975162 0.034993249050069467
4 0.8587306262670413 0.1777783075581257 0.015806807181592573 0.03161367591180557
4 0.8736152828828997 0.185155049674341 0.011101126463433175 0.028379573138263937
4 0.869064138269094 0.2084834469007993 0.023546584308955332 0.019295513867708357
4 0.8879914002711466 0.23938860799496603 0.025181807181592575 0.03183188145888884
4 0.8963397105759968 0.19740112974645907 0.023601126463433174 0.028670513867708358
4 0.9164704033944044 0.16662390843180633 0.022038626463433176 0.028634146276527783
4 0.9166613009350766 0.19943640843180632 0.026744307181592576 0.031868249050069505
4 0.9098618550916067 0.23911650427149383 0.02041249394987581 0.017660278685347208
4 0.8853572796614457 0.3236908728126049 0.015834078258831142 0.036301175911805574
4 0.8597487464839585 0.3527783075581257 0.015797716822513054 0.03005117591180557
4 0.8719260387366322 0.2976004982875702 0.025145445745273776 0.025581881458888935
4 0.8502718117587786 0.9983456542540281 0.02667158430895533 0.003308691491943705
4 0.8138752486252578 0.9266327284359381 0.026653403590795932 0.01624324905006915
4 0.8482957004206562 0.9352453154419106 0.029805674668035208 0.02100348423243048
4 0.7762888902140015 0.9109161562476048 0.02509999394987581 0.017769381458888844
4 0.7177405920093995 0.917364871578334 0.025163626463433175 0.0287068814588892
4 0.744484899190992 0.9492331206284034 0.020467036104353475 0.02703527868534721
4 0.7324207155459665 0.8895853636945492 0.026717036104353477 0.027180749050069508
4 0.799476405339312 0.8684929201153132 0.023592036104353474 0.027108013867708537
4 0.830226435589933 0.7832827719389244 0.02509999394987581 0.017769381458888844
4 0.8465099657423583 0.7625708816463201 0.02519998789975162 0.034956881458888846
4 0.8486991796380046 0.736062933033091 0.023564765027114732 0.02242051386770836
4 0.8337008935336513 0.7091549409168756 0.02512726502711473 0.022456881458888845
4 0.8524054417382532 0.7017788520110424 0.01731476502711473 0.022275043502986237
4 0.8349679568635636 0.6584100585080563 0.01728749394987581 0.017587543502986237
4 0.8503338816297944 0.6142424844198618 0.015815897540672096 0.03317617591180557
4 0.8598815984523073 0.6441481899669451 0.03293976502711473 0.022638719414791807
4 0.8184071707592102 0.6314656988006604 0.01893180718159222 0.03168641109416672
4 0.8625020835233885 0.5575021751493063 0.01741475897699054 0.03946254350298624
4 0.8653680082896195 0.5130436603316675 0.0220477168225127 0.03019664627652787
4 0.879253246287567 0.48290221865229244 0.015815897540672096 0.03317617591180557
4 0.8516413306947183 0.43617203580663266 0.02672612646343282 0.02874324905006951
4 0.881333375874258 0.43764427003906314 0.017323855386194253 0.023837543502986235
4 0.8976305415653025 0.41927612974645906 0.031413626463433174 0.028852351823611143
4 0.8918451916400573 0.7675317917905563 0.023610216822512697 0.03023301386770836
4 0.8860673694313503 0.7142795052214244 0.01741475897699054 0.03946254350298624
4 0.9182844509116354 0.612699474636216 0.028234084308955687 0.019404616641249994
4 0.9181203035673551 0.4502176584318063 0.03144998789975162 0.03510235182361114
4 0.9009605955254412 0.5888619311332299 0.023564765027114732 0.02242051386770836
4 0.9094679871141846 0.574218202884723 0.039198855386194255 0.02434668977951393
4 0.9082089723816577 0.357811952884723 0.020476126463433175 0.028597778685347207