2 0.7140625 0.6773797426996946 0.05625 0.05254434740221221
2 0.90078125 0.520995554795129 0.0265625 0.03171365016215581
2 0.8890625 0.5665126063372565 0.0390625 0.03505683847375849
3 0.78125 0.34261323052483006 0.05625 0.03223184740221221
2 0.53515625 0.2500338129095086 0.0375 0.0350295649348082
2 0.45078125 0.3390065840128269 0.034375 0.033412517856907444
2 0.57734375 0.3469536773578494 0.03125 0.020857970779006772
3 0.44765625 0.1257798810907276 0.0328125 0.05057274431795715
3 0.49609375 0.15696565138326707 0.0578125 0.04475912094116259
1 0.31015625 0.3617737025183575 0.025 0.022311376623205436
2 0.2625 0.28291804545634286 0.0671875 0.040235262174864596
2 0.2 0.2386964870143565 0.0390625 0.04130683847375849
2 0.4484375 0.45779749432125244 0.0359375 0.03656479139585791
2 0.590625 0.48422185227677145 0.0375 0.028779564934808023
2 0.51640625 0.4777048453769126 0.0359375 0.03187729139585791
2 0.628125 0.5491922873419633 0.034375 0.025600017856907444
3 0.73046875 0.5434996205407161 0.05625 0.03848184740221221
2 0.71640625 0.6093700823912691 0.0328125 0.03651024431795715
2 0.23828125 0.5739657853100731 0.0515625 0.033712526785361165
2 0.2 0.7176027370143565 0.0328125 0.047447744317957154
2 0.490625 0.8906548587695932 0.04375 0.032013659090609534
2 0.37890625 0.8621361668045427 0.028125 0.04111592370110628
2 0.70625 0.8048598603944462 0.0453125 0.036728432629559646
2 0.7203125 0.4655518985438933 0.03125 0.031795470779006865
2 0.7296875 0.4208570073101912 0.0359375 0.03187729139585791
2 0.44765625 0.2624986310907276 0.0265625 0.03171365016215581
2 0.35546875 0.24067026988879764 0.0328125 0.02088524431795715
1 0.7453125 0.30339677192068787 0.0296875 0.0333306972400564
2 0.1796875 0.4484260430207109 0.034375 0.041225017856907444
2 0.65625 0.05338886364085721 0.0265625 0.03327615016215577
3 0.87265625 0.31054897849623514 0.05625 0.03535684740221221
3 0.6609375 0.8775257930240062 0.04375 0.057013659090609535
2 0.2890625 0.6543293952941871 0.0265625 0.028588650162155817
2 0.79453125 0.6595689054437521 0.046875 0.04300570616851011
7 0.30859375 0.9008634760573079 0.04375 0.03670115909060954
5 0.290625 0.9418021217552368 0.034375 0.033412517856907444
5 0.29453125 0.9612651879078609 0.034375 0.013100017856907443
7 0.70078125 0.9127678177807725 0.0421875 0.04761138555165907
7 0.47265625 0.8058122544675221 0.01875 0.03313978246740419
7 0.62578125 0.7711081976503888 0.021875 0.03475682954530477
5 0.41171875 0.6779696724865854 0.0328125 0.04588524431795715
4 0.35625 0.7164378831193224 0.0453125 0.021103432629559826
4 0.4859375 0.7454241793864442 0.040625 0.04914661201270896
4 0.8515625 0.7687296712720647 0.0375 0.02565456493480802
7 0.53828125 0.7851355158316078 0.0390625 0.01943183847375849
7 0.29375 0.7597163246773361 0.0421875 0.04448638555165907
4 0.2515625 0.7963902102289953 0.040625 0.04133411201270878
2 0.346875 0.7392577743530245 0.028125 0.023928423701106104
4 0.3125 0.627357792209932 0.059375 0.03384889448011297
4 0.4734375 0.546423617698047 0.0625 0.06827844155801355
7 0.50390625 0.43495428368851535 0.0453125 0.05391593262955983
7 0.4875 0.3930531558474939 0.053125 0.04623980032431154
5 0.81328125 0.23971037297634804 0.046875 0.038318206168510206
5 0.80546875 0.2664092406710997 0.0328125 0.03651024431795715
5 0.8453125 0.18446376542786608 0.0328125 0.04588524431795715
5 0.89140625 0.07037794602883105 0.025 0.041061376623205435
7 0.9453125 0.14053075893504433 0.0375 0.03971706493480816
7 0.9765625 0.1102977881560375 0.0296875 0.03333069724005648
4 0.59140625 0.2334269655072963 0.0421875 0.030423885551659247
3 0.50390625 0.034173033688515354 0.0546875 0.0400170738632619
7 0.25 0.0854799837679456 0.040625 0.030396612012708824
7 0.3375 0.15192141558672656 0.0625 0.03390344155801359
5 0.29765625 0.4385543908299603 0.0484375 0.036782979707460584
7 0.434375 0.5017929561718055 0.0453125 0.036728432629559826
7 0.0703125 0.5300226907472347 0.0390625 0.05224433847375849
5 0.08984375 0.6804630215103554 0.04375 0.04607615909060954