2 0.7678754724038599 0.1529553373780678 0.08299550649282175 0.10331068380210837
4 0.1062041720828436 0.7139113082892262 0.02694432954530477 0.022957338935304605
4 0.11399335268380857 0.7596548898101572 0.02568183847375849 0.040081171939110226
4 0.08786327516709871 0.691237812243559 0.03176819724005649 0.030960839923887918
4 0.15309280885231877 0.7112200484033945 0.01943183847375849 0.039826503954332716
4 0.11545248701765179 0.6760611398101571 0.02104888555165916 0.04301517095052709
4 0.18226606575217763 0.7841972919776039 0.034865923701106104 0.029525673916276675
4 0.2246308437553548 0.7723220330803553 0.0194045649348082 0.038264003954332715
4 0.15628203855977932 0.6626870479091029 0.0268897824674041 0.019832338935304606
4 0.07063091071875789 0.6497824826997944 0.017951159090609514 0.04445033695813834
4 0.03626163920840244 0.5614030736122654 0.030096603084255102 0.02464717292769336
4 0.02362922565356605 0.6142243260837235 0.0425966030842551 0.025156508897248565
4 0.09833889935467217 0.5830751437644898 0.02551819724005644 0.030706171939110405
4 0.04475597768216094 0.5220222386312935 0.016170470779006796 0.03188666996194396
4 0.042858286934926236 0.4518370726236823 0.01792388555165918 0.04288783695813834
4 0.07472194156130889 0.41540748269979444 0.019322744317957153 0.03357650395433272
4 0.09019298295716671 0.3788651462359477 0.0333034237011061 0.029462006920082207
4 0.08991629342774801 0.34999072973404494 0.02702615016215577 0.027644838935304606
4 0.10946118019722317 0.34841364228161503 0.027080697240056482 0.030769838935304605
4 0.13460723052153473 0.29430180384060195 0.02417388555165916 0.04314250494291585
4 0.06157310511614528 0.36363673566554394 0.01625229139585782 0.03657416996194396
4 0.09518622037526499 0.27170656224355894 0.03637387662320544 0.026464340912471053
4 0.0823589379078609 0.2909658982131141 0.02858865016215577 0.027708505931499074
4 0.13023378165992047 0.5895824703425048 0.01937729139585782 0.03670150395433254
4 0.16999175690315413 0.5481470454376449 0.02557274431795715 0.03383117193911041
4 0.14308042938644427 0.4797618013691441 0.025627291395857822 0.036956171939110403
4 0.13600431493810344 0.437892636350116 0.02255683847375849 0.03995383794672147
2 0.1003668238665572 0.422169477262587 0.02373750892845372 0.01814250494291585
4 0.1604685267886565 0.4228432979091029 0.020667056006354434 0.021140170950527094
4 0.15661286972664187 0.37537804889768606 0.02104888555165916 0.04301517095052709
4 0.16304983035937895 0.31968646441100573 0.02255683847375849 0.03995383794672147
4 0.1808140288172514 0.3306730439547702 0.014826159090609536 0.044323002965749494
4 0.1538208806836905 0.2669752998862692 0.031795470779006775 0.032523339923887826
4 0.1803385162353497 0.2237372944490618 0.01786933847375849 0.039762836958138335
4 0.22563342532595917 0.17817278505752165 0.02724433847375849 0.0401448389353047
4 0.20653677759943542 0.28824812201565997 0.03039661201270878 0.04183467292769345
4 0.22372427759943542 0.28754778505752165 0.027298885551659248 0.0432698389353046
4 0.2212072037361735 0.342298952053716 0.028834112012708867 0.04177100593149907
4 0.19707422849293985 0.38309770699663187 0.02110343262955987 0.046140170950527096
4 0.17952248985702557 0.449391210456673 0.01945911201270887 0.04138900395433272
4 0.20504464123699734 0.46318445501946554 0.02880683847375849 0.04020850593149916
4 0.19688153937055822 0.5283147065023404 0.016306838473758488 0.03969916996194396
4 0.21272868182207624 0.5596774530422992 0.0272170649348082 0.038582338935304605
4 0.231895693186162 0.6244747820917722 0.028615923701106105 0.029271005931499162
4 0.25042355073464395 0.5917113616355366 0.01937729139585782 0.03670150395433271
4 0.23206901704942387 0.5698191155898693 0.02568183847375849 0.040081171939110406
4 0.185301336855496 0.6997586249814095 0.023792056006354433 0.02126750494291585
4 0.19693431209872966 0.6594692060080487 0.022229556006354435 0.021203837946721472
4 0.2254996428618504 0.6778226165784524 0.0331397824674041 0.020087006920082296
4 0.17324166761861676 0.7197673774528675 0.017596603084255102 0.024137836958138335
4 0.2534856899364558 0.1926517791260226 0.01625229139585782 0.03657416996194392
4 0.2782947751638034 0.20257060718691236 0.01943183847375849 0.039826503954332716
4 0.2650095710238881 0.15861236015266184 0.02258411201270878 0.04151633794672147
4 0.3089583940763711 0.23489101726302453 0.027298885551659158 0.0432698389353046
4 0.28737767451518026 0.3083749382135516 0.02072160308425506 0.024265170950527094
4 0.28265144399694087 0.4896886052097459 0.030423885551659247 0.043397172927693364
4 0.24013706696999365 0.823216029620314 0.022338650162155815 0.027453837946721647
4 0.29804897849623513 0.8598910172630244 0.022529564934808198 0.03839133794672165
4 0.293988769892093 0.8241445182516077 0.0194045649348082 0.038264003954332534
4 0.2955939545502477 0.6874576017497048 0.027298885551659158 0.0432698389353046
4 0.3105525271956936 0.5908226822820526 0.02716251785690744 0.0354573389353046
4 0.3034900495168279 0.5481722672630245 0.02247501785690744 0.035266337946721474
4 0.3123077163180752 0.44554201578014974 0.025709112012708778 0.04164367193911023
4 0.32411224107484154 0.48487642981059464 0.024337526785361163 0.05251750494291585
4 0.3265571769508123 0.3895320963124974 0.036428423701106105 0.029589340912471052
4 0.33056283847705376 0.4284035953239142 0.021103432629559826 0.046140170950527096
4 0.33996906615591943 0.4709585098486507 0.025627291395857822 0.036956171939110403
4 0.2997492151002592 0.4046769352478021 0.024337526785361163 0.05251750494291585
4 0.30787140665827284 0.34189043376492734 0.02247501785690744 0.035266337946721474
4 0.3465617597425279 0.3168930923581647 0.0350295649348082 0.038900673916276586
4 0.3143765511383857 0.2822925992782469 0.026971603084255058 0.024519838935304607
4 0.3430663871765122 0.15933526034294226 0.03335797077900686 0.03258700692008221
4 0.3766231810080021 0.2048095864266657 0.03163182954530477 0.023148339923887828
4 0.3820725657488824 0.29514808494379097 0.02727161201270878 0.04170733893530461
4 0.385893040992116 0.2551770009514021 0.014689791395857821 0.03651050296574958
4 0.3719611801972232 0.33771758692095727 0.026998876623205437 0.026082338935304695
4 0.42961576745316565 0.25495682505795914 0.034975017856907445 0.035775673916276673
4 0.38232020738962147 0.4598645009514021 0.025709112012708868 0.04164367193911041
1 0.34107187013367896 0.541956759354359 0.016170470779006775 0.03188666996194396
4 0.3352137877490004 0.7881141763505536 0.033248876623205435 0.026337006920082118
4 0.32359622362497115 0.6933428458182058 0.02718979139585782 0.037019838935304604
4 0.32543541315438984 0.7221535953239142 0.022393197240056485 0.03057883794672147
4 0.3655382617744181 0.7056863369209573 0.02250229139585782 0.03682883794672165
4 0.3581485016281484 0.6817859219019292 0.024119338473758488 0.04001750494291585
4 0.36734226948505583 0.6470607534228601 0.0268897824674041 0.019832338935304606
4 0.3996189813356089 0.631693080000875 0.03508411201270878 0.04202567391627667
4 0.37358436120522526 0.5578072524342769 0.01943183847375849 0.039826503954332716
4 0.3756650584452817 0.5280560854380825 0.01625229139585782 0.03657416996194396
4 0.40037473214638786 0.4989442469970694 0.033248876623205345 0.026337006920082118
4 0.3936263056059079 0.751383497491361 0.0336579797074605 0.04977450692008212
4 0.42086096145010654 0.7565193250579592 0.021076159090609538 0.044577670950527094
4 0.40947740219734124 0.8272456605332227 0.022502291395857733 0.03682883794672165
4 0.34991148742468886 0.8406025063886096 0.031686376623205434 0.026273339923887917
4 0.4063678133165457 0.6923122450199031 0.028670470779006862 0.03239600593149916
4 0.4378126822291133 0.724600821597918 0.025572744317956975 0.03383117193911041
4 0.42061154545963814 0.7260824085560563 0.016306838473758488 0.03969916996194396
4 0.439464911125795 0.8088484876055293 0.027298885551659248 0.0432698389353046
4 0.3770779594215116 0.8496445839552077 0.031795470779006865 0.032523339923887916
4 0.4634945207028718 0.6845196496588077 0.027298885551659068 0.0432698389353046
4 0.48304731575217763 0.7719413952101835 0.0287795649348082 0.038646005931498986
4 0.49648252435631973 0.8073058922444339 0.0237920560063543 0.02126750494291585
4 0.49544612987620695 0.8666808922444339 0.020939791395857908 0.036765170950527094
4 0.4924883198093674 0.5888742272254059 0.02886138555165907 0.043333505931499164
4 0.47412983198423203 0.5224825646778358 0.027353432629559825 0.046394838935304605
4 0.44461565584749396 0.46903657110362645 0.03799092370110611 0.02965300790866543
2 0.460965584419864 0.6057725671492937 0.02368296185055314 0.015017504942915849
4 0.5114410970017657 0.7106709727767816 0.016279564934808022 0.03813666996194378
4 0.49944170333243176 0.6377746422444339 0.02718979139585791 0.037019838935304604
4 0.4955433616122623 0.7269326427387256 0.031959112012708776 0.04189833992388792
4 0.5483138056059079 0.7450804648681162 0.028779564934808023 0.03864600593149916
4 0.5315314545502476 0.6778438853243518 0.022447744317957152 0.033703837946721646
4 0.5377563608014834 0.8579306333471856 0.02250229139585791 0.03682883794672165
4 0.5516354488682048 0.6442355478719219 0.01943183847375849 0.039826503954332716
4 0.5693508287378212 0.5685670444118808 0.02250229139585791 0.03682883794672147
4 0.5530769922926575 0.5169236313700191 0.019513659090609536 0.04451400395433271
4 0.5751292702958347 0.5058760434232976 0.024173885551659068 0.04314250494291585
1 0.6088417970811959 0.45297653650321534 0.02217500892845372 0.01807883794672165
4 0.4994628429412806 0.41293380973491994 0.017978432629560004 0.046012836958138334
4 0.4915157495962582 0.2867851452101835 0.04766593262955983 0.047222509885831696
4 0.5089856676153215 0.2251791417501424 0.034975017856907445 0.03577567391627658
4 0.48746522362167594 0.20575797969686388 0.019404564934808022 0.038264003954332715
4 0.5325146708617323 0.17425597030532375 0.024228432629559826 0.04626750494291585
4 0.45340782345952013 0.23368932011504331 0.03938978246740419 0.02034167490485981
4 0.5502498214309253 0.32108454935479663 0.03187729139585791 0.03721083992388783
4 0.5945140645310664 0.24511495695945085 0.03012387662320535 0.026209672927693363
4 0.5518492775994355 0.2741777158566994 0.01123750892845372 0.017633168973360824
4 0.564658969157449 0.21120021338524148 0.012690914772652384 0.011446835969555114
4 0.6001367731352085 0.28079778897467333 0.036428423701106105 0.029589340912471052
4 0.5945122901813371 0.3793944564651593 0.036428423701106105 0.029589340912471052
4 0.6072071590939048 0.41244703699750696 0.024310253246410875 0.05095500494291585
4 0.636045225246529 0.4151754475679107 0.02886138555165907 0.04333350593149898
4 0.6261150718379623 0.4920881160469799 0.01943183847375849 0.039826503954332716
4 0.6224173275200051 0.5250279500393686 0.01929547077900686 0.032014003954332716
4 0.6481167569031541 0.5286649446021612 0.02998750892845372 0.018397172927693363
4 0.6328951314977647 0.5956441975679108 0.032122753246410875 0.05127333992388792
4 0.5920246696472116 0.611362039468965 0.03796365016215582 0.02809050790866543
4 0.6374638547124035 0.6469838630812303 0.02255683847375849 0.03995383794672147
1 0.6611389082831259 0.5429675251345089 0.017569329545304768 0.022575336958138337
4 0.6641099496789837 0.5069345246402173 0.03006932954530477 0.02308467292769336
4 0.6435950779270423 0.6982598615983556 0.02557274431795715 0.03383117193911023
4 0.5937002179429283 0.6495477889746734 0.02217500892845372 0.018078837946721472
4 0.6047410836090851 0.7326322030051182 0.03335797077900686 0.032587006920082116
4 0.6387478908332556 0.7523252790888415 0.028534103084255236 0.024583505931498984
4 0.6699856229730528 0.3044952741459257 0.02869774431795715 0.03395850593149898
4 0.6447986623403157 0.36095086258693876 0.02099433847375849 0.03989017095052709
4 0.6594669086868677 0.2362227766173836 0.0333306972400564 0.031024506920082205
4 0.6441322349857617 0.2649526130812303 0.016306838473758488 0.03969916996194396
4 0.6920009448077198 0.340290852701107 0.030178423701106107 0.02933467292769345
4 0.7124049480541306 0.2894950152486771 0.031768197240056396 0.030960839923887828
4 0.7420827654245707 0.3335660088228865 0.03006932954530477 0.02308467292769336
4 0.7128259135581316 0.39955576475438553 0.014580697240056395 0.030260502965749492
4 0.7020929651002592 0.38828268372774627 0.017596603084255057 0.02413783695813825
4 0.7394645056853382 0.4835660088228865 0.024119338473758488 0.04001750494291585
4 0.7424452297107559 0.4022523418266921 0.02562729139585791 0.03695617193911023
4 0.693242296270417 0.5822555182144267 0.0287795649348082 0.038646005931498986
4 0.7622689857998358 0.6083285868837762 0.024173885551659068 0.04314250494291585
4 0.6644939590144746 0.6638384406478285 0.020639782467404187 0.019577670950527093
4 0.680087731335609 0.6202648541839817 0.03031479139585791 0.03714717292769336
4 0.6739938697299371 0.8352041046782734 0.016088650162155816 0.027199169961944138
4 0.6874211700542487 0.7815697687087182 0.023873876623205347 0.02595500494291585
4 0.667054122976348 0.7855224396592453 0.028670470779006862 0.03239600593149916
4 0.673395626222759 0.735299605172565 0.024173885551659068 0.04314250494291585
4 0.6232438474088028 0.8802101985564939 0.019322744317956976 0.03357650395433254