5 0.4953125 0.434375 0.015625 0.02734375
7 0.45546875 0.3296875 0.0390625 0.01171875
6 0.1578125 0.62421875 0.06875 0.08515625
6 0.3765625 0.725 0.096875 0.06796875
6 0.31484375 0.04609375 0.09375 0.06953125
7 0.2859375 0.26640625 0.03046875 0.025
3 0.640625 0.28046875 0.04375 0.034375
3 0.64375 0.453125 0.053125 0.03046875
4 0.6890625 0.08046875 0.0296875 0.03125
1 0.790625 0.19375 0.0171875 0.02109375
4 0.62890625 0.18359375 0.02421875 0.015625
4 0.6078125 0.14296875 0.02109375 0.021875
4 0.7453125 0.16484375 0.028125 0.01484375
4 0.5109375 0.24140625 0.01953125 0.02734375
4 0.4578125 0.3828125 0.040625 0.0265625
4 0.61171875 0.3734375 0.046875 0.015625
4 0.6765625 0.40703125 0.034375 0.02109375
4 0.728125 0.32734375 0.02890625 0.02578125
4 0.6484375 0.31875 0.04296875 0.015625
4 0.8 0.3953125 0.040625 0.01875
4 0.63359375 0.6921875 0.02109375 0.02890625
1 0.49609375 0.61796875 0.02265625 0.01796875
1 0.48046875 0.6296875 0.02890625 0.0171875
1 0.7875 0.5 0.0296875 0.0140625
4 0.70546875 0.4421875 0.02890625 0.028125
1 0.584375 0.440625 0.01796875 0.0203125
1 0.5375 0.4625 0.021875 0.0109375
4 0.58515625 0.459375 0.02578125 0.01171875
4 0.4640625 0.66796875 0.01328125 0.0203125
4 0.26171875 0.67265625 0.02734375 0.01640625
3 0.65859375 0.73515625 0.0546875 0.01953125
1 0.32734375 0.27734375 0.03125 0.0203125
4 0.47890625 0.2671875 0.0203125 0.028125
4 0.50625 0.10234375 0.01875 0.028125
4 0.33828125 0.17578125 0.0234375 0.02109375
4 0.35390625 0.22109375 0.021875 0.025
2 0.69375 0.1609375 0.0296875 0.025
3 0.640625 0.62421875 0.0234375 0.04296875
4 0.3171875 0.34140625 0.05703125 0.01328125
4 0.33359375 0.30546875 0.01328125 0.0328125
4 0.71171875 0.57421875 0.03203125 0.01328125
4 0.56796875 0.7578125 0.0140625 0.02734375
4 0.5203125 0.69296875 0.0171875 0.0265625
4 0.6796875 0.5734375 0.028125 0.01953125
4 0.4625 0.50625 0.02109375 0.015625
4 0.5328125 0.3546875 0.03046875 0.0171875
2 0.5796875 0.3171875 0.0171875 0.02265625
4 0.7234375 0.3015625 0.0265625 0.0234375
4 0.57265625 0.6328125 0.0328125 0.0125
4 0.25703125 0.4734375 0.02890625 0.0265625
4 0.38671875 0.41796875 0.028125 0.025
4 0.6109375 0.31953125 0.02578125 0.0109375
4 0.29609375 0.29921875 0.0171875 0.0171875
2 0.2703125 0.3265625 0.02109375 0.02265625
2 0.32265625 0.3875 0.02109375 0.02421875
4 0.45546875 0.47265625 0.04921875 0.03671875
1 0.503125 0.46015625 0.01484375 0.02109375
4 0.6296875 0.57578125 0.01875 0.0171875
4 0.08203125 0.421875 0.02734375 0.02265625
2 0.20703125 0.3140625 0.01796875 0.0109375
2 0.2375 0.1796875 0.0171875 0.028125
2 0.41875 0.03828125 0.0328125 0.0203125
4 0.53671875 0.253125 0.0390625 0.02734375
4 0.47890625 0.58515625 0.02734375 0.0125
4 0.49140625 0.2265625 0.028125 0.01953125
4 0.734375 0.39140625 0.05546875 0.034375
4 0.696875 0.51015625 0.009375 0.015625
4 0.7078125 0.496875 0.03984375 0.01484375
2 0.665625 0.49140625 0.02421875 0.0171875
4 0.73203125 0.253125 0.03515625 0.01328125
4 0.81796875 0.14609375 0.01953125 0.0203125
4 0.83359375 0.08515625 0.02578125 0.0265625
4 0.78359375 0.11875 0.03515625 0.01640625
2 0.8515625 0.22421875 0.009375 0.0125
4 0.8234375 0.27734375 0.03203125 0.01171875
4 0.80703125 0.4375 0.01328125 0.0171875
4 0.8390625 0.409375 0.02265625 0.02734375
4 0.3125 0.44296875 0.0234375 0.01796875
3 0.20625 0.353125 0.0421875 0.025
4 0.37421875 0.125 0.021875 0.01640625
4 0.3953125 0.14765625 0.03984375 0.01484375
4 0.6265625 0.1125 0.0453125 0.02265625
4 0.309375 0.59296875 0.03828125 0.03046875
2 0.3296875 0.53125 0.01875 0.0125
2 0.35078125 0.52109375 0.0234375 0.0140625
4 0.759375 0.340625 0.01953125 0.028125
1 0.76484375 0.6984375 0.028125 0.01953125
4 0.8765625 0.63046875 0.03046875 0.02578125
2 0.8265625 0.60625 0.02265625 0.0265625
4 0.41796875 0.66171875 0.02265625 0.015625
4 0.515625 0.28984375 0.02578125 0.034375
4 0.47734375 0.1828125 0.01484375 0.02578125
4 0.70390625 0.6390625 0.02421875 0.01328125
4 0.7453125 0.6703125 0.02734375 0.01640625
2 0.67734375 0.628125 0.01875 0.0171875
2 0.6953125 0.62109375 0.0265625 0.0203125
2 0.70703125 0.7046875 0.03203125 0.03203125
4 0.59765625 0.68046875 0.02734375 0.03125
2 0.76015625 0.44765625 0.01875 0.0203125
4 0.5078125 0.56015625 0.0140625 0.0203125
2 0.5390625 0.596875 0.02734375 0.02734375
2 0.41875 0.3953125 0.0265625 0.028125
2 0.3875 0.50859375 0.03828125 0.025
4 0.403125 0.57421875 0.02265625 0.03125
4 0.846875 0.334375 0.04609375 0.021875
4 0.64921875 0.42734375 0.02265625 0.01640625
4 0.2296875 0.75078125 0.01171875 0.02265625
4 0.23828125 0.73125 0.02109375 0.0234375
4 0.175 0.7328125 0.02578125 0.01953125
4 0.2859375 0.69453125 0.021875 0.02265625
4 0.47109375 0.35 0.01953125 0.04140625
1 0.5453125 0.3359375 0.02421875 0.01484375
4 0.58515625 0.4109375 0.0203125 0.0125
4 0.534375 0.37734375 0.0234375 0.01484375
1 0.6640625 0.21328125 0.01796875 0.02421875
4 0.5796875 0.5515625 0.01953125 0.02109375
0 0.5484375 0.5234375 0.01796875 0.02265625
4 0.51640625 0.203125 0.02578125 0.01015625