0 0.4700943114248961 0.46219022501237195 0.12193454210278461 0.14207903663473137
2 0.8253224700477512 0.324606179332529 0.04949405771188111 0.0774566146538925
2 0.8049975902808366 0.48220731739217 0.1774752139724832 0.1247144742194024
2 0.7776389381965856 0.32632248756398646 0.02156746515360979 0.03700203301668683
2 0.6575322801218849 0.24887027419871782 0.035739092558271325 0.04086401741285446
2 0.6110665410064762 0.509589768205824 0.08506945916315978 0.11363313206674697
2 0.575530834290387 0.5678050599289381 0.04823909255827132 0.041519114653892686
2 0.66971239862569 0.6873152985089773 0.0473313569862416 0.06018722749876275
2 0.7049280913771451 0.08202361092430628 0.06986112141421189 0.08008364767057934
2 0.43710072903342584 0.234594169494448 0.03439484736759475 0.04703213025772479
2 0.4094345421027844 0.11472872682139426 0.03859127404661713 0.03321529172311406
3 0.7954266720393349 0.5891533582107729 0.02669147477225664 0.049747694482076096
2 0.7752059412766286 0.6152588348050244 0.021294646641955416 0.029189533016686652
2 0.7228224965414389 0.5272132801916116 0.028943455534962935 0.024911468792335613
2 0.6061186022617363 0.3454863246282592 0.031051592558271324 0.04061835594746528
2 0.4576414737607662 0.7555650887617533 0.028363102176918176 0.05295458163720568
2 0.5620437754821974 0.8988027544110142 0.03455853847458741 0.051719630257724705
2 0.5782392051564447 0.8470798021270219 0.02609127404661713 0.0325601944820761
1 0.8344966396400153 0.7890371715306129 0.09600695916315978 0.11420634215265543
4 0.926708932290954 0.7176767486452629 0.04366071996293321 0.04439845318850324
4 0.8723983998068163 0.596859637609415 0.0257093281303014 0.0216226944820761
4 0.923598801258095 0.6286142486452629 0.0288343281303014 0.02178646879233561
4 0.9502729178629836 0.6976574977407518 0.027872028855940555 0.03889208163720568
4 0.9387947261230188 0.5706822399388356 0.02085813702330839 0.01668953301668665
4 0.9121355116023814 0.658956845886301 0.022748019237293703 0.026146420171816585
2 0.9078150885515562 0.7593662816619497 0.02291171034428636 0.030833920171816586
2 0.8511880548014741 0.39290912200558276 0.02285714664195524 0.029271420171816588
4 0.9958941310752678 0.4631729551131265 0.008211737849464384 0.024665807326946166
4 0.966902334838541 0.3445800853708514 0.04080853847458741 0.05204717887824373
4 0.9102505415546304 0.29119613580039266 0.028943455534962935 0.024911468792335523
2 0.9025794292109109 0.4301324830414307 0.024310519237293705 0.026228307326946164
4 0.8782019333872622 0.31479076605811745 0.018005955534962936 0.024338258706427317
4 0.8991518396478646 0.3543921766189956 0.016661710344286006 0.03050637155129756
4 0.8401290145127882 0.30034980778123155 0.025873019237293703 0.0263101944820761
4 0.8249430133316619 0.3809790100652236 0.030724210344286008 0.031243355947465367
4 0.7866766322988031 0.2937589710556431 0.031160719962933216 0.04374335594746528
4 0.7194618504476378 0.2964988687262224 0.03557540145127884 0.03617651741285455
4 0.7369990361123346 0.17113369855440588 0.02732639183263199 0.023267081637205766
4 0.7156696731356431 0.18790511872622243 0.019895837748947896 0.03379514586155703
4 0.6900893528947085 0.4639663297166418 0.018115082939624473 0.027463258706427317
4 0.7087996581595188 0.3721949095448253 0.01660714664195524 0.028943871551297563
4 0.700617625127227 0.45167436963073354 0.03357639183263199 0.0235946302577247
4 0.574578425582714 0.36122751130841907 0.035248019237293704 0.026801517412854546
4 0.6198388510806099 0.42460061454235093 0.02932540145127884 0.03584896879233561
4 0.6359921299365505 0.4613226865686183 0.0402083377489479 0.034859678878243726
4 0.502770402169069 0.45656434475464724 0.02609127404661713 0.0325601944820761
4 0.5088889381965856 0.3404070782463038 0.028943455534962935 0.024911468792335523
4 0.3706275355641805 0.3930484786304166 0.04544147477225655 0.050730340343632996
4 0.32729917621568616 0.49706759328430916 0.0231299651536097 0.03708392017181659
4 0.3606399550716267 0.5328889066041492 0.03061508293962456 0.02811835594746519
4 0.4157019665043721 0.5855734933297377 0.018115082939624473 0.02746325870642714
4 0.51676101341648 0.722724933289258 0.03977182813030104 0.02235967887824373
4 0.6268751125981733 0.80539691316287 0.01984127404661713 0.03223264586155707
4 0.6549827544308053 0.8258388879480993 0.029270837748947898 0.034286468792335614
4 0.6548637033423461 0.8000166943705344 0.025709328130301044 0.0216226944820761
4 0.648702983379413 0.7580748558359236 0.019895837748947896 0.033795145861557074
4 0.6257565567003908 0.7733656631628699 0.022748019237293703 0.026146420171816585
4 0.7001737141421194 0.7303316361390769 0.01951389183263199 0.022857645861557075
4 0.7054341330165934 0.7464922246736878 0.022529764427970278 0.019896420171816587
4 0.7561881011654279 0.7430496421319708 0.02485615626060227 0.041853307326946164
4 0.6728225296585487 0.7763777985089774 0.027872028855940555 0.03889208163720585
4 0.5342585374630971 0.7531151181603956 0.016661710344286363 0.03050637155129756
4 0.4659449808475243 0.2761298942796773 0.0402083377489479 0.034859678878243726
4 0.41049856741534596 0.3917416061746079 0.02754464664195542 0.029517081637205768
1 0.2821553126060225 0.3922063528952475 0.02452877404661713 0.03247830732694634
4 0.4362252205959053 0.14228383876175338 0.03190476442797028 0.020387743102595036
4 0.5592808409138088 0.6179655122129303 0.027435519237293704 0.02639208163720568