7 0.7843328929208809 0.40749817017831724 0.03913774310259512 0.03299659057054054
4 0.7358953929208809 0.40524215735803565 0.03823034034363317 0.04542381596343468
4 0.6633863070998036 0.4790199516098486 0.021213258706427318 0.018133569892376224
4 0.5443596681356515 0.42359824338046226 0.02737472749876275 0.04647689371369381
2 0.6287103346894235 0.35271000868194313 0.06183161465389251 0.04964043507002262
2 0.785521335932619 0.608624022535682 0.06224105042954129 0.05745293507002262
2 0.5665987590451115 0.26798609821902647 0.06618492198083885 0.07322348428423435
2 0.5464633214604404 0.21093557754086198 0.05410100180902226 0.05083906203449331
2 0.5528172992978876 0.48088420450533265 0.08608134215265544 0.09597177956950453
2 0.3541850474888652 0.4233134913135476 0.1191328595655099 0.1318022717116218
2 0.4411815157153739 0.6557129224546288 0.05861808344622812 0.07754711124870503
2 0.06020707541716935 0.509377154052776 0.05228619629109834 0.07569351282028158
2 0.1318208830827999 0.7605437018192456 0.07227114767057934 0.07038958271265763
2 0.1235381558111797 0.2902140851938571 0.07201884215265535 0.09531680810555185
2 0.2847345211424408 0.7933840887085137 0.06413109905006031 0.06377570967712849
4 0.21355116067241978 0.6396554671207266 0.02334896879233552 0.029143844499482086
7 0.26612728403273955 0.706010367244561 0.03009029172311397 0.03880994292790554
7 0.48043104420950494 0.5570057487571457 0.027292840343633173 0.04491439371369381
4 0.2449472455889859 0.5398031703877142 0.043579581637205766 0.02852741439185813
7 0.4934610679539375 0.7610211606678046 0.0403726944820761 0.026819365177646402
7 0.4431777849372507 0.73841626054397 0.034204581637205675 0.02809076674922295
4 0.5609661504956545 0.8148225568626977 0.03025406603337366 0.041934942927905186
4 0.6248970171857119 0.4881380864322022 0.033379066033373664 0.042080492142117266
4 0.6833446822691458 0.5921749230738014 0.02934666327441171 0.0543621683207995
2 0.7307342593837959 0.5000816224118475 0.04275406603337366 0.042517139784752266
7 0.5859883254171694 0.5338658093438969 0.03971095318850324 0.04393409057054072
7 0.6277542650380055 0.2155011071103666 0.043907130257724705 0.03477741439185813
2 0.5030197744218011 0.6757386321317572 0.044070904567984216 0.03790241439185813
2 0.49961149140511446 0.6553169702210985 0.040864017412854635 0.036194365177646404
2 0.3724680580043148 0.48962985008105325 0.057717324739800804 0.060359611248705036
2 0.3352856405460317 0.5385553475998539 0.02696529172311406 0.03866439371369364
7 0.21296582598299624 0.3162008504953381 0.03321529172311406 0.03895549214211709
4 0.5581233542499846 0.6564835179875681 0.049161196291098365 0.07554796360606986