0 0.5361941335840085 0.5377770987428147 0.11072779238978611 0.1309056493475449
2 0.15404941356779783 0.6028993753580443 0.04099318114108117 0.07543635200509069
2 0.20961882506417187 0.4503379966979531 0.17333480024766904 0.10040108402290801
2 0.2021594278358215 0.610494246697953 0.018861315963434676 0.03613749466899989
2 0.3021893529810466 0.7117123960454979 0.032923815963434674 0.03630112667090888
2 0.40680204011798377 0.46279418539145195 0.07518839867609248 0.10550566000954512
2 0.45455248945603 0.4109776940642698 0.045351041356328815 0.034884077339272325
2 0.3890452675777925 0.27342260272117935 0.0416823858558109 0.05670453333863605
2 0.21976634305624915 0.8702146920353165 0.06264985731976358 0.07100339067472702
2 0.5182466925181298 0.7720702827418602 0.03008991439185813 0.04251476400381797
2 0.5178934739496613 0.8971339174092693 0.037320217535011226 0.030105670671545327
3 0.24265611104381724 0.3451965107017711 0.022568512820281585 0.048673857336090795
2 0.26871134284685216 0.3228311620384982 0.019987168320799588 0.026780676002545346
2 0.3008089052956302 0.4224771733768161 0.027508569892376135 0.02062158267027243
2 0.3756868190683158 0.6273652153882703 0.026673815963434676 0.036228401336727244
2 0.613756323202145 0.24867878341817792 0.02271406203449331 0.0517988573360908
2 0.5424550196447071 0.08447937607413294 0.031943512820281586 0.04878294533736345
2 0.5151626195208726 0.13340722473740585 0.023330492142117264 0.03150453866963625
1 0.24761124648534336 0.13811071670113478 0.08605312406898662 0.10407042934436314
4 0.14044940984374418 0.19001756735359 0.03939213978475227 0.04106135200509069
4 0.16793009284685217 0.321658466024817 0.024238020678164406 0.017460220003181703
4 0.12610861993515737 0.27974313868554457 0.02736302067816441 0.01749658267027261
4 0.1139040264691327 0.20612382535009016 0.02354881596343472 0.03619203866963616
4 0.0970353959900053 0.33334030601527204 0.021040246071058588 0.015861357336090797
4 0.14229870016661575 0.2510096113542263 0.01984161910658786 0.023655676002545346
2 0.16953975041428476 0.15283574069063527 0.01849744292790545 0.028324994668999893
4 0.023567970844780177 0.23243123933799978 0.017298815963434716 0.03611931333545444
2 0.14340732010177312 0.5292982433561353 0.02005994292790545 0.028343176002545434
4 0.009834033603144502 0.42768010467059075 0.019668067206289004 0.0221113573360908
4 0.01955028908452648 0.5536522586728179 0.036631012820281576 0.048837489337999786
4 0.06262389288963341 0.6190323580124085 0.027581344499481998 0.02218408267027261
2 0.10187694561850177 0.4811329160168628 0.02140411910658786 0.023673857336090797
4 0.10017955087135075 0.6014908693507264 0.01515411910658786 0.023601132001909164
4 0.08889960256676184 0.5583675780155902 0.013809942927905428 0.028270450668363624
4 0.13509820637186876 0.6237840400222717 0.02452911910658786 0.023710220003181702
4 0.1668255494236087 0.5467675540260897 0.027799668320799588 0.02687158267027261
4 0.18511532299725725 0.6407811833624987 0.026819365177646402 0.039353401336727066
4 0.2533195134439633 0.6532999120384982 0.032705492142117175 0.031613626670908876
4 0.20705448139325938 0.7739209473663167 0.025946069892376133 0.020603401336727244
4 0.23263667825010623 0.7617118487030438 0.017153266749223038 0.03299431333545453
4 0.3179193225829725 0.49146353071290694 0.015299668320799587 0.026726132001908987
4 0.28021380728149153 0.5793538820416799 0.012174668320799498 0.02668976933481808
4 0.30569115033323147 0.5022646707113161 0.033758569892376133 0.020694308004454244
4 0.4097536040145039 0.6175998640594973 0.033831344499481907 0.022256808004454242
4 0.3794710986378204 0.5461152153882702 0.02652826674922295 0.03310340133672725
4 0.37195185111901974 0.5061623773869975 0.038809942927905364 0.02856135200509069
4 0.5026367708875614 0.5366049500715876 0.024892992142117265 0.0315227200031817
4 0.4698713126581751 0.6526930267345423 0.027508569892376045 0.020621582670272608
4 0.6187283436754216 0.6286299127545869 0.04266268899896399 0.0442227146721816
4 0.6849227320124319 0.5332543254296319 0.020423815963434677 0.03615567600254525
4 0.659580283707843 0.48996740209258666 0.029216619106587773 0.023764764003817974
4 0.6171787679920773 0.42694014341976877 0.015299668320799497 0.026726132001908987
4 0.547930116006216 0.2690180080760419 0.03979024607105863 0.016079533338636143
4 0.4574571273787555 0.1640026967297698 0.017080492142117265 0.03143181333545444
4 0.4336215210924491 0.1387117953930427 0.026382717535011223 0.029978401336727113
4 0.4285144900752025 0.16444759205917908 0.02423802067816432 0.01746022000318166
4 0.4257319383797915 0.2074072513924064 0.01715326674922295 0.03299431333545444
4 0.45046011062953256 0.19675156206236077 0.01984161910658777 0.023655676002545346
4 0.36790016770162703 0.22393113271799764 0.018133569892376224 0.020512494668999893
4 0.3663933256833444 0.20593511071767945 0.021113020678164406 0.0174238573360908
4 0.3158667868082149 0.1998754673774525 0.020569365177646404 0.039280676002545346
4 0.4057298074863794 0.18372430338954288 0.023548815963434677 0.03619203866963625
4 0.5377760200589918 0.2352878980744511 0.01380994292790554 0.028270450668363624
4 0.4985549307313056 0.7249407440722239 0.037247442927905536 0.028543170671545326
4 0.5784308294073981 0.6211259480824053 0.0246746683207995 0.026835220003181705
1 0.7054278229972573 0.6468355674331318 0.023257717535011223 0.029942038669636163
4 0.4974739660917784 0.865629378739633 0.03197774607105863 0.015988626670908702
4 0.4817357276692057 0.36439359540099686 0.024529119106587772 0.023710220003181702