2 0.3057420540491312 0.8831274362128511 0.03513871941479163 0.03401290145127902
2 0.2739874802452772 0.6711284332176263 0.03433993882958344 0.0667708377489479
2 0.2730399632434368 0.8124528376641299 0.030414851823611144 0.03228671034428636
2 0.3384753928580553 0.2816914217848809 0.03568423328249999 0.057450401451278846
2 0.32039884650527756 0.21987346806401656 0.03684668977951393 0.0403174651536097
2 0.2527158115516662 0.47827873430608536 0.035247822188333354 0.03870040145127884
1 0.3131649619122566 0.3629786273198437 0.028670513867708358 0.024419646641955416
2 0.6799874795796871 0.4329140935697617 0.04495013050895835 0.053090283665263985
2 0.6892858251350342 0.637110520248784 0.05308993882958344 0.06742560217691818
2 0.6481529852792702 0.5932712402117172 0.03993532218833344 0.03886409255827132
2 0.6296763954235065 0.5486407864908529 0.030705792553055566 0.044786710344286364
2 0.6199988030022915 0.22658473721649225 0.03677395459715278 0.0371924651536097
2 0.5582787465815275 0.2958729397562302 0.03212282218833344 0.03859127404661713
3 0.6038990646857983 0.34814227868630454 0.04051720364722229 0.06386409255827141
2 0.5815304893633328 0.5042657931142748 0.02569098423243048 0.030560519237293703
3 0.3797712336637497 0.35206591997078235 0.038772865691319505 0.05599702885594056
2 0.3324734338924995 0.6066368580825501 0.03855466014423623 0.04662202885594056
2 0.3917178812714577 0.7778645281381504 0.01802395459715287 0.03653770072563951
3 0.476563700325659 0.8553049926587878 0.05566942496187508 0.04409722958157971
2 0.5455858040491312 0.8747519079050647 0.030487587005972296 0.03541171034428636
2 0.4645403982732981 0.6340301933844273 0.04051720364722229 0.06386409255827133
2 0.4457423789903469 0.3013640263240518 0.027580792553055743 0.04467758293962447
1 0.7527574048259027 0.1907241043695349 0.07271276101791671 0.10558036660488854
2 0.7237758068020137 0.32912440545799404 0.02925239532659738 0.04941964664195542
2 0.707032450325659 0.8472568465649866 0.028706881458888844 0.02598214664195524
2 0.7419341271873952 0.8569666632625423 0.031904616641249994 0.02921627404661713
2 0.8817701447579165 0.31580097152257763 0.03052395459715278 0.03697421034428618
2 0.8848211031547912 0.38594978041558503 0.032377395326597024 0.04952877404661713
2 0.8563486514074302 0.5024750815040442 0.040189895326597024 0.049801592558271324
2 0.8495154635277771 0.5948262726110368 0.036846689779513754 0.04031746515360979
2 0.7827448844055896 0.6463366981089327 0.0433148953265972 0.04991071996293304
2 0.7018858890583332 0.16283720654645317 0.03691942496187508 0.0434424651536097
2 0.5234277018442703 0.48521818195168187 0.025654616641249996 0.028998019237293705
2 0.5011675760849646 0.6702206645284867 0.029325130508958352 0.05254464664195524
2 0.7082767869503817 0.3913342287789717 0.03684668977951393 0.04031746515360961
2 0.891682820101041 0.6948337070946073 0.043242160144236055 0.046785719962933035
2 0.666408103536041 0.8151090346767542 0.02888871941479181 0.0337946466419556
2 0.6733653119329158 0.8851214343139346 0.027508057370694415 0.04155258293962447
2 0.5301446016361799 0.7667856404818696 0.03819098423243048 0.030997028855940557
2 0.5299270492994785 0.742594172333035 0.02874324905006951 0.02754464664195542
2 0.228327528497916 0.7882539350317248 0.03361258700597229 0.035520837748947896
4 0.20467443579236053 0.6641815179713493 0.02434668977951393 0.03988095553496294
4 0.38307219272621473 0.6462425059056318 0.02285692496187508 0.04295139183263199
4 0.3689317318607978 0.9183903244172861 0.02292966014423614 0.046076391832632166
4 0.3909885698167006 0.909813932584654 0.02165810087368065 0.058521828130301046
4 0.5427342141933673 0.829575817160892 0.024201219414791808 0.03363095553496294
4 0.4966235868185411 0.764833760081983 0.028706881458888844 0.025982146641955417
4 0.4475360426499648 0.5596849578123976 0.03019664627652787 0.02291171034428636
4 0.44019632133531206 0.5396452763240518 0.03510235182361114 0.032450401451278844
4 0.4808589953472565 0.4695311837657804 0.019331881458888846 0.025654764427970277
4 0.42161062870600646 0.49970232260318753 0.01624324905006951 0.027108137023308564
4 0.42114111607256915 0.35218248185901463 0.01922277868534721 0.020967264427970277
4 0.43500294111069404 0.3938516266868715 0.01773301386770836 0.024037700725639422
4 0.42410507475378445 0.22483873185901465 0.01631598423243048 0.030233137023308564
5 0.5350769827138191 0.3201016134400276 0.02278418977951393 0.039826391832631994
5 0.5905074054914927 0.4204265064537859 0.03677395459715278 0.037192465153609786
5 0.5803141346899302 0.455910138667771 0.029179660144236053 0.046294646641955414
4 0.6286425319163884 0.4589061638955146 0.04782055737069442 0.042261911069925516
4 0.6204312948341663 0.4092335461094997 0.030923998100139016 0.054161710344286365
3 0.6397151570101041 0.050257850193183684 0.034267203647222286 0.06364583774894797
2 0.8107991088543745 0.5477801470204735 0.03808188145888884 0.026309528855940557
4 0.7911626753431247 0.35175088440660185 0.0237284407294446 0.013318455534962848
4 0.7838054234432636 0.2989259847694215 0.02223867591180557 0.01638889183263199
4 0.7951241299402774 0.3157042570019401 0.025872822188333443 0.03837301923729371
4 0.9085729533628818 0.10331832968994563 0.03052395459715278 0.036974210344286274
4 0.9116784631465276 0.17112338858295306 0.022565984232430482 0.030451391832631992
2 0.8668549659963192 0.2523113903970516 0.022493249050069507 0.02732639183263199
2 0.8439064688461109 0.3327355003785181 0.0224568814588892 0.02576389183263199
3 0.9315317957840967 0.42491058749449395 0.038736498100139016 0.05443452885594056
2 0.9677933380528121 0.577425463085057 0.02896145459715278 0.03691964664195542
4 0.42803081497013873 0.15678813630551836 0.02122168977951393 0.03977182813030113
4 0.5474367380321528 0.05738335863070417 0.01809668977951393 0.03966270072563942
4 0.5990336459921873 0.15471966090028966 0.023983013867708357 0.024255955534962848
4 0.44567160343913176 0.20378962187754807 0.026998911094166723 0.01967758293962456
4 0.5039172484813885 0.3508531056354793 0.022529616641249993 0.02888889183263199
4 0.5695019616279161 0.5515227390305908 0.020712543502986236 0.017896828130301044
4 0.5555674014074301 0.5129785942027338 0.019804660144236052 0.04596726442797028
4 0.6207722144777078 0.6293550731513416 0.02263871941479163 0.03357639183263199
3 0.5937733033835411 0.6490326560909663 0.035756968464861316 0.06057540145127884
4 0.6559083210509715 0.7296080442954012 0.019622822188333444 0.03815476442797028
4 0.6555641353555203 0.6773188579977321 0.021185322188333446 0.03820932813030105
4 0.6542204941129856 0.6344319535512282 0.027362587005972293 0.035302582939624474
4 0.6875940789347563 0.7433332383976186 0.03699216014423605 0.04656746515360979
4 0.6946428595199646 0.7758729198859643 0.04186149810013902 0.05454365626060227
2 0.7244914008387492 0.9020708321370166 0.028779616641249995 0.02910714664195524
4 0.8071441659407286 0.7048113970204735 0.033758057370694414 0.041770837748947895
4 0.8049997844818396 0.7298659607228044 0.03194098423243048 0.03077877404661713
5 0.8129739790110062 0.8232612966576539 0.029070557370694416 0.04160714664195524
4 0.8755285303977771 0.8187349985644197 0.028634146276527873 0.02285714664195524
2 0.959957428574166 0.8470112767873879 0.040226262917777686 0.051364092558271325
5 0.9047289871791314 0.6373932293271259 0.032341027735416715 0.04796627404661713
2 0.9218262214115619 0.6071328104526519 0.034121733282500344 0.057395837748947895
4 0.7993265463527777 0.03453610255543639 0.02285692496187508 0.04295139183263197