5 0.7082770967265652 0.7180622579950318 0.021039925705962758 0.02511817466803503
2 0.3942503859851548 0.5295481620768072 0.06477320533113406 0.0784886143631848
2 0.44334580087056513 0.3376788246445939 0.0488299565847754 0.06746021077238851
4 0.49170439601428473 0.4426299450579029 0.03836381802583091 0.02990566861791084
4 0.48829458801758363 0.3254424450579029 0.026409387305303157 0.048582945745273956
5 0.44838395651826823 0.5376742794650541 0.036528533386094963 0.020521578258831143
4 0.6382671589464085 0.4864440984523073 0.02310253087881229 0.04231476502711473
7 0.5207530500126353 0.5013827763417961 0.03243206677218975 0.04080680718159222
4 0.39437475494805796 0.42644134279496654 0.06146634890464338 0.07222043364502558
4 0.36624609177850737 0.29192544222923245 0.02948892319868044 0.047038626463433174
4 0.3770328275927424 0.2599623699223296 0.030778638558944315 0.0376727168225127
2 0.42756872202418156 0.09075382766965603 0.07672763605166182 0.05981133723582164
4 0.582437044602359 0.39316627624360023 0.03315949247815268 0.0658068071815924
4 0.615604897267926 0.4324151286047325 0.03513116943775678 0.0798783975406721
4 0.5420681088672662 0.45542083654845056 0.03560253087881229 0.04238748789975162
4 0.5946475395877939 0.43697990875715764 0.027653638558944493 0.03765453610435347
4 0.5788921589464084 0.4860986648072818 0.03592077962517113 0.05332498789975162
4 0.5804750424907879 0.567344119627742 0.04065374373179385 0.05491475897699054
4 0.5893021247023837 0.6291037762436004 0.028943353919208194 0.028288626463433175
4 0.6209780220368167 0.5902321737842723 0.02581835391920819 0.028270445745273775
4 0.6719805808914476 0.5444429508134394 0.03821070533113406 0.07833407825883114
4 0.7429499619285446 0.6479633814334028 0.025028743731793847 0.054823855386194255
5 0.7219842440609983 0.6790861164062882 0.020858069279472247 0.01886817466803503
2 0.6572170504083467 0.6544946616840239 0.06513691818411545 0.0909886143631848
2 0.5458967686716045 0.7749202702916719 0.14277383636823088 0.18204995159900647
4 0.506816233636157 0.6130015323919202 0.044187920691397944 0.06899543969514958
4 0.48977949782192187 0.6449282432625048 0.030733174452321776 0.0361102168225127
7 0.49305526200768685 0.6769731288011241 0.03881845909205772 0.045530668617910844
4 0.47359220816762093 0.6792032493126289 0.026363923198680438 0.047020445745273774
4 0.4088644669431096 0.6022771349494442 0.03652853338609478 0.020521578258831143
4 0.37477061177026005 0.5848941922292324 0.03234113855894431 0.03768180718159222
4 0.3288814502500621 0.5916572766363837 0.0367391335443795 0.08144998789975162
7 0.32443329414014055 0.7072368248409857 0.03499477711788872 0.0751908975406721
4 0.4298769635778973 0.7875242885402404 0.02443771034569906 0.03451135538619425
7 0.5876847665600333 0.9493526437300428 0.051545779625171304 0.053415891490547554
7 0.42321308960042925 0.934335656026683 0.02631845909205772 0.04545794574527377
4 0.4173184422659963 0.9733572494108248 0.035329746239076344 0.03301248789975162
2 0.5006357444567097 0.8301163095192834 0.04842077962517113 0.05339771077238851
7 0.5927610599752582 0.8822060503459014 0.02806281551854841 0.0517170361043533
4 0.7380615366182932 0.7752571344584649 0.034040030878812286 0.04237839754067192
2 0.7298147790964457 0.8408230471244474 0.15418269780928676 0.14462267447164337
7 0.8581731113080415 0.9032781162098964 0.030551318025830908 0.029860216822513053
4 0.8758857970431343 0.8408917456983918 0.03854567445232178 0.03615566861791066
4 0.7609618275262354 0.730085535024199 0.03872753087881229 0.04240566861791066
4 0.8133222979010644 0.6772741524124458 0.021130853919208194 0.028243174668035033
4 0.7780259924116456 0.5380298452308534 0.03702863855894432 0.037709078258831144
4 0.7614856986007095 0.45279178199913694 0.030778638558944492 0.0376727168225127
4 0.873125543744429 0.5581110619551704 0.04106292069139812 0.06897725897699054
4 0.7046386535361322 0.3782548694313503 0.04244356426490725 0.06273634933607006
4 0.6090079047897733 0.3667628575274936 0.023193459092057722 0.045439765027114644
4 0.5515099903665815 0.24301174013924678 0.024119461599340218 0.023573855386194255
2 0.5093415592503423 0.10919527634179615 0.055625525864247474 0.08624657220870699
2 0.5642252875427299 0.14310264373004294 0.049102741224511345 0.07683521077238856
2 0.6090436940483629 0.18007592378427226 0.051954956584775405 0.06747839149054773
4 0.6798790312745238 0.19845373994285503 0.05265363855894432 0.037799981849627386
4 0.7388030533778476 0.31752644769018146 0.05765938730530316 0.04876475292686626
4 0.7832122829238765 0.3404372277444108 0.028517456584775402 0.06734203610435348
4 0.8257922395086517 0.40786107708048086 0.030733174452321776 0.0361102168225127
4 0.8488182140401157 0.47439004692805575 0.019977530878812644 0.04229658430895533
4 0.9144575859060126 0.5021110468298599 0.03698317445232178 0.03614657825883114
2 0.7319416364473733 0.2159412217924824 0.060920779625171305 0.05347043364502548
2 0.917167397267926 0.43416956790709865 0.05066524122451135 0.0768443011314682
4 0.9109210604374767 0.5684854805730811 0.02898881802583091 0.029851126463433176
4 0.9243985387298643 0.602151953445718 0.016397889812585477 0.026653403590796286
4 0.8570783095795467 0.7314258421075955 0.04878449247815268 0.06589771077238851
2 0.9445615892047179 0.7850508118569743 0.06463681301126627 0.07380111436318479
7 0.9640330032321982 0.7562627365250095 0.04244356426490725 0.06273634933607006
7 0.28402096199505167 0.17740387909571176 0.03320495658477522 0.0673693071815924
4 0.3311005504748537 0.1847078398681003 0.03141513605166191 0.05954771682251274
4 0.5840617290838105 0.3416219569617595 0.03573892319868044 0.04707498789975162
4 0.63470057508546 0.28333273399092673 0.033949102665567034 0.03925339754067201
4 0.6306519210871093 0.2247253484523073 0.04092652837152997 0.06428975897699045
4 0.568703502045064 0.29700889373004297 0.02269335391920819 0.028252265027114733
4 0.5826068776718847 0.2916219569617595 0.024028533386094963 0.020448855386194252
4 0.5510422920950765 0.4148549238824681 0.027653638558944316 0.03765453610435347
4 0.564120268275893 0.6227083304983264 0.03202288981258548 0.026744307181592396
4 0.5400606426490724 0.6280361799325924 0.02301160266556703 0.03918976502711473
4 0.46780286091233025 0.7486890475172309 0.03435827962517113 0.05331589754067192