2 0.33067829152049333 0.189365092421215 0.040654174904859806 0.03997168977951393
2 0.27336054003761856 0.1836612594993053 0.0403995069200823 0.03372168977951393
2 0.4271659723568522 0.2543705369503816 0.059595175893442945 0.045095600873680655
2 0.4260385069572633 0.4186148749062843 0.03102450692008212 0.03350348423243048
4 0.5957182900747997 0.5718457116279161 0.02595500494291585 0.024019381458888843
3 0.3536501482874762 0.6955605410344441 0.03440417490485981 0.03982621941479181
4 0.4094345746752107 0.7403996091387149 0.0341495069200823 0.03357621941479163
4 0.36409821695682576 0.6257201665094094 0.02758117193911023 0.025618249050069507
4 0.403435289580508 0.5739751753431246 0.0341495069200823 0.03357621941479181
4 0.30328675646297165 0.4191259808139581 0.02152217292769345 0.030160278685347208
4 0.2956294708739774 0.2503941646095484 0.03271434091247105 0.03666485182361114
4 0.2641712238397269 0.2652022002287498 0.03402217292769345 0.03045121941479172
4 0.27043710577839963 0.49574368541111086 0.030769838935304605 0.02725348423243048
4 0.2062300257403436 0.5128779404451039 0.031279174904859805 0.03975348423243048
4 0.5110727401513493 0.3368726060045829 0.03571200692008212 0.03361258700597229
2 0.46465002079742773 0.4834034203091315 0.027581171939110406 0.025618249050069507
4 0.49124169570228754 0.5218840388502427 0.024137836958138335 0.01773301386770836
4 0.6418571665390839 0.37996602973218696 0.030769838935304605 0.02725348423243057
2 0.6426105361204669 0.5519865000969093 0.021649506920082117 0.03328527868534721
2 0.6333217663488033 0.45836378666604116 0.030353344866803765 0.055342116641249994
4 0.8090366907593717 0.49102755024940914 0.03389483893530461 0.027326219414791807
4 0.5144179160447923 0.38058623841340233 0.03383117193911023 0.02576371941479172
4 0.3603578157407811 0.3036269609623261 0.031279174904859805 0.039753484232430567
4 0.38398099954288945 0.38440418227697887 0.02802684091247105 0.03655574905006942
4 0.5577766438016709 0.2740082768823954 0.021904174904859807 0.03953527868534721
4 0.5191598127750316 0.28585496666190935 0.036348676882026254 0.04923758700597229
4 0.6617956403416297 0.25516539827329804 0.020087006920082296 0.03324891109416672
4 0.6691611072612744 0.49350119966006895 0.037656508897248565 0.04302395459715278
2 0.6734321131927734 0.5215534644777078 0.02770850593149916 0.02874324905006951
4 0.704179388895936 0.6428283992232287 0.030960839923887918 0.03194098423243048
4 0.5905943913673939 0.6572019833794093 0.018460839923887917 0.03165004350298606
4 0.5777269768426574 0.667667357904444 0.015335839923887918 0.03157730832062491
4 0.8301901546760856 0.31927918360815905 0.03995383794672165 0.02278418977951393
4 0.6139802228511437 0.25236835980430505 0.03064250494291585 0.024128484232430657
4 0.6396460677179474 0.3065103459365967 0.02464717292769336 0.03023301386770836
4 0.7513714293906651 0.43841234973631876 0.021904174904859807 0.03953527868534721
2 0.4964743182494201 0.7078760902370135 0.015463173916276673 0.03470230832062508
1 0.7267945351318839 0.5453351501731591 0.018333505931499162 0.028525043502986236
4 0.6894869002274614 0.30144033301881884 0.015081171939110405 0.025327308320625085
2 0.49794002326888565 0.4943584508943399 0.016643671939110226 0.02536367591180557
2 0.38184944965662015 0.5431979540284719 0.021522172927693362 0.030160278685347208
1 0.33570000844013803 0.42775544519475667 0.02908000494291585 0.024092116641249994
4 0.7214783409496521 0.4148664001731591 0.01995967292769336 0.030123911094166723
4 0.7076731675276671 0.38312609090260363 0.024137836958138335 0.01773301386770836
4 0.7257228305695287 0.3655021798084369 0.028825336958138336 0.017842116641249996
2 0.7715327376798914 0.3190804682774299 0.03364017095052709 0.021076219414791632
4 0.7708814802655175 0.28390603448183965 0.04333350593149898 0.029106924961874992
2 0.9099214170333754 0.3760727378447215 0.04116351087441501 0.05247168977951393
1 0.9357583582498578 0.49198802536378394 0.021649506920082474 0.03328527868534721
1 0.4873155410633828 0.5790607592149649 0.015081171939110228 0.025327308320625085
4 0.8052909027361006 0.7061622409788535 0.018269838935304605 0.026962543502986235
2 0.7578190420519659 0.5774566659407286 0.022702670950527092 0.020821646276527873
4 0.7735103676413978 0.5403378724377423 0.030706171939110228 0.02569098423243048
2 0.6840274204934166 0.3977522885659022 0.019832338935304606 0.026998911094166723
2 0.6603843320524035 0.37406086863802035 0.013009335969555025 0.012790940729444422
2 0.6175455746380297 0.3398683598043051 0.018460839923887917 0.03165004350298606
4 0.42047957364944655 0.3397631762930552 0.028952670950527094 0.020967116641249995
4 0.5914884575281045 0.18016670469406199 0.02321200692008212 0.03332164627652778
2 0.5307061023183586 0.4732640476839579 0.016261669961943958 0.015988675911805573
2 0.5432352772232184 0.512071974545694 0.014635502965749581 0.014389808320624909
1 0.4202182243711995 0.65960355081809 0.01151050296574958 0.014317073138263936
4 0.6614599896942387 0.726713743163055 0.011828837946721649 0.022129573138263935
4 0.48302333600673614 0.39695677403260377 0.021904174904859807 0.0395352786853473