5 0.7099088621759378 0.33409464765344576 0.038227351823611144 0.03255952885594056
5 0.6986992584524656 0.35637887542092717 0.04124324905006951 0.02798115626060227
5 0.8140904819513199 0.4766690388531055 0.04102504350298588 0.01860615626060209
5 0.8853829472820489 0.4155380766947207 0.03368532218833344 0.0386458377489479
3 0.5106186834143406 0.4051685834029607 0.026381968464861138 0.060248019237293705
7 0.4493902426848962 0.39479656779386413 0.022602351823611144 0.032013891832631994
7 0.4085626080918752 0.25313734664980464 0.022493249050069507 0.02732639183263199
5 0.7444974952503474 0.1069220232440089 0.03811824905006951 0.027872028855940555
5 0.801637848023889 0.10961794810893266 0.013300087005972117 0.03481150961864685
3 0.44159853932201437 0.5303347637101801 0.03219555737069442 0.04171627404661713
4 0.45318543028020863 0.2891095629845407 0.03157730832062491 0.01515377404661713
7 0.7764060311538892 0.33568194030438436 0.028852351823611143 0.032232146641955416
7 0.8918498464083683 0.35745275818306643 0.04262391109416654 0.020223219962933036
2 0.39524956297336844 0.4873858610777749 0.03499324905006951 0.027762901451278844
2 0.45177166669684066 0.46351928594269864 0.04142508700597229 0.03579365626060227
2 0.5296946853142017 0.3513342552726596 0.044622822188333446 0.03902778366526398
3 0.13773769576343758 0.07259670789721553 0.05065461664125 0.029871038474587386
2 0.2035880866247226 0.44951138276213937 0.04193423328250008 0.057668656260602094
4 0.37393499458475726 0.3442633436545798 0.03510235182361114 0.032450401451278844
4 0.3448637840036808 0.2709994584453697 0.02536367591180557 0.016498019237293705
4 0.4188623688254515 0.15816958703115777 0.019622822188333444 0.03815476442797028
2 0.49358961189159734 0.1438317793192767 0.025654616641249996 0.028998019237293705
4 0.3665192720358335 0.19361850291040686 0.03513871941479172 0.034012901451278846
4 0.32135877450437544 0.537661168789656 0.04098867591180557 0.01704365626060227
4 0.1335807918874655 0.26352180826003524 0.037863675911805575 0.016934528855940555
4 0.09480857940652798 0.24376486896714122 0.03168641109416668 0.01984127404661713
4 0.17024956297336846 0.4952430342134181 0.025509146276527783 0.022748019237293703
4 0.5468503901956949 0.5845187775051782 0.039717116641249994 0.029489092558271323
4 0.5447982341355214 0.6307216549098399 0.02874324905006951 0.027544646641955238
4 0.6199255207046533 0.6335713471979588 0.03771820554708327 0.010684528855940557
4 0.6147470582237158 0.6126412883049513 0.028597778685347207 0.021294646641955416
4 0.6467958388089241 0.5786829505560034 0.03005117591180557 0.016661710344286363
2 0.6082392190335421 0.43381688385844763 0.02242051386770836 0.02420139183263199
4 0.563758601158021 0.2359895082678845 0.03521145459715278 0.03713790145127884
4 0.6651554873665626 0.12454852206288256 0.02242051386770836 0.02420139183263199
4 0.6196247818194793 0.11675586943047737 0.03324891109416654 0.019895837748947987
4 0.7164101692622918 0.17670873358829517 0.029978440729444424 0.013536710344286274
2 0.7082352997712502 0.2285986158022803 0.03648301386770836 0.024692465153609698
2 0.7644132177992711 0.25713035436953496 0.028706881458888844 0.025982146641955417
2 0.7709567713702434 0.40389622696487326 0.037936411094166546 0.020059528855940555
3 0.8687909400638543 0.20657230446220215 0.044550087005972475 0.03590278366526398
4 0.8775496506449307 0.2805455178017133 0.03811824905006951 0.027872028855940555
4 0.8767839715989932 0.14686992224821702 0.02696254350298588 0.01811508293962456
2 0.823790177430417 0.3559200292344587 0.01940461664125017 0.028779764427970277
4 0.8114005866247226 0.42828610255543637 0.025545513867708536 0.024310519237293705
4 0.8104940096867367 0.5237077299600981 0.02540004350298588 0.018060519237293703
4 0.6886014791015282 0.5608034805930703 0.025509146276527873 0.022748019237293703
4 0.6844581865484727 0.517162607997732 0.019695557370694415 0.04127976442797028
4 0.7282452073500352 0.5508183561836335 0.019550087005972116 0.035029764427970275
4 0.6586392625365282 0.4492583453838603 0.038227351823611144 0.03255952885594056
4 0.6314052685204519 0.4885217420258156 0.04731141109416672 0.020386911069925517
7 0.6294238880114934 0.4369865238769811 0.038300087005972115 0.035684528855940555
2 0.5959723423243058 0.27630448422126735 0.02576371941479181 0.0336855192372937
4 0.598916157578785 0.30200388866777106 0.040843205547083275 0.01079365626060227
4 0.2040634781515977 0.604308010166801 0.03844555737069442 0.04193452885594055
4 0.20192105632385476 0.6802256694226282 0.02387391109416672 0.019568455534962937
4 0.2558279595342367 0.711964253543379 0.02256598423243057 0.030451391832631992
5 0.048103765670660215 0.5886433485487211 0.03510235182361114 0.032450401451278844
2 0.02017878742215328 0.5982192451906766 0.01322735182361114 0.03168650961864685
2 0.021832859610486643 0.6356919633395112 0.014789851823611134 0.03174107332097762
5 0.07679115691319491 0.5446378882044349 0.050436411094166675 0.02049603847458741
4 0.1779510005686809 0.3894196201482676 0.025436411094166677 0.019623019237293704
4 0.15235224173496564 0.43175345308789215 0.019331881458888887 0.025654764427970277
4 0.1325501944322574 0.5215798449205241 0.02536367591180557 0.016498019237293705
2 0.20476350123427095 0.16408231425048503 0.028634146276527783 0.022857146641955418
2 0.21232208130638908 0.18649302758999617 0.02238414627652787 0.022638891832631992
2 0.2518742373665626 0.1389806213293939 0.04774782218833344 0.039136911069925694
2 0.19520535685760426 0.0893551327621393 0.041206881458888935 0.026418656260602247
4 0.29159070079743066 0.13212049691995711 0.019477351823611145 0.03190476442797028
4 0.45966724715020835 0.06370033521705924 0.0346659407294446 0.013700401451278843
2 0.5087229962002778 0.08857136044480271 0.02856141109416672 0.01973214664195542
4 0.7042913757593057 0.1599304613557766 0.04404094072944442 0.014027783665263981
4 0.6994610182361114 0.28832827986743087 0.036373911094166725 0.0200049651536097
2 0.6472425951740974 0.19476181834201825 0.03473867591180557 0.016825401451278844
4 0.5947170072181945 0.18877720237010193 0.01925914627652787 0.022529764427970278
3 0.8247142849536114 0.22765861997863154 0.02928876291777769 0.05098214664195542
4 0.45230803561920147 0.01773806574809747 0.027435322188333444 0.03547613149619494
4 0.31724858349059054 0.3274776369384905 0.028415940729444422 0.013482146641955416
4 0.3480985399876044 0.3091988628918734 0.02536367591180557 0.016498019237293705
4 0.4668563785121881 0.7085044037287135 0.03324891109416672 0.019895837748947896
4 0.4617129772016672 0.6218947811333753 0.03168641109416672 0.01984127404661713
4 0.4879488220914242 0.6405257300449161 0.031904616641249994 0.02921627404661713
4 0.5313195752255562 0.7570758237843138 0.028925087005972294 0.03535714664195542
4 0.6572274585843061 0.7245311638955145 0.025800087005972118 0.035248019237293704
4 0.692238238219584 0.7170534805930703 0.03481141109416654 0.019950401451278844
4 0.5515580336224312 0.6859994319516819 0.033358013867708355 0.024583337748947897
4 0.7302999762517366 0.6390996061836335 0.019550087005972116 0.035029764427970275
4 0.7700164396826047 0.6322394817741966 0.05076371941479181 0.03455853847458741
4 0.8150756729651046 0.6869616981089327 0.03539329255305575 0.04495040145127884
4 0.8624052678548617 0.704856037039007 0.016352351823611146 0.031795637023308565
4 0.879810320191563 0.6800098044622022 0.028525043502985882 0.018169646641955417
2 0.8560623892457645 0.6003049462948342 0.031904616641249814 0.02921627404661713
4 0.9054713628415278 0.10286446190393077 0.021039851823611143 0.03195932813030113
4 0.6266203174386806 0.14856886462115396 0.016134146276527872 0.022420637023308564
4 0.6168439675149306 0.06446668313280823 0.016279616641249994 0.028670637023308566
2 0.21572310429215308 0.3662078094411616 0.025654616641249996 0.028998019237293705