5 0.42331519873372353 0.4747700501456493 0.03188649749271768 0.022784282132453627
7 0.3112100038274307 0.491301983769171 0.02305706677218975 0.0412614974927175
6 0.5162873310909687 0.8475279370552411 0.10098348997087019 0.09036423871722903
6 0.6725697379923131 0.6540781507661523 0.09385295157021041 0.11357441818411544
6 0.022208654460568956 0.5671049319741691 0.04441730892113791 0.10954013605166182
7 0.20447896753834197 0.6450611327529566 0.03229567445232169 0.036846782132453626
3 0.31445833894202047 0.29918267992910497 0.04520485141192578 0.05127299498543501
3 0.4820944683297649 0.33255380641385546 0.045477636051661816 0.06064799498543509
4 0.13363789944600404 0.20921221245727004 0.03854567445232169 0.03702863855894432
1 0.27088549835064735 0.13340456723440813 0.025636497492717503 0.02260242570596289
4 0.21716580179500192 0.2895241865930226 0.02269335391920819 0.028761497492717503
4 0.17231630304864315 0.301757413631769 0.027335389812585563 0.027335389812585563
4 0.23075459184501437 0.17125991989997516 0.022784282132453627 0.03188649749271755
4 0.2415400129986307 0.4176120826738143 0.03197742570596294 0.025909282132453627
4 0.36401675508107195 0.5006937041439998 0.03725595909205772 0.04635817445232178
4 0.39581598753009467 0.3467730822781029 0.02801735141192587 0.05077288981258556
4 0.4458447312618885 0.2906761949727998 0.03082410266556703 0.03992631802583091
4 0.3830241340065978 0.22303170539764108 0.03220474623907634 0.03372178213245362
4 0.3534753748353978 0.29960857726353796 0.026363923198680438 0.04760242570596294
4 0.4681636636317689 0.16747437569332763 0.029397994985435005 0.044568353919208284
4 0.7105627976383668 0.39459785068701 0.03519335391920819 0.029125210345699058
1 0.6017524358015998 0.512510427884041 0.024164925705962757 0.02568196159934022
1 0.6082381165221276 0.531055839404239 0.024346782132453625 0.03193196159934022
1 0.566314007126136 0.20130615492278733 0.021267246239076342 0.03340353338609479
4 0.4886005325946721 0.2699174140939874 0.03537521034569906 0.03537521034569906
1 0.4538952604913483 0.38957669622644103 0.02568196159934022 0.024164925705962938
1 0.46179267702611115 0.4400851615867049 0.016306961599340218 0.023892141066226814
4 0.4717730822781029 0.3921788590002802 0.019568353919208192 0.028670569279472157
4 0.6418629587628534 0.55583687905854 0.02550010517284953 0.01791492570596276
4 0.5915577672217729 0.7555701060972864 0.022784282132453627 0.031886497492717505
3 0.7594322066512824 0.37834471338170683 0.0329321719450391 0.058721782132453625
1 0.22592807020390898 0.6054075993668617 0.027608174452321686 0.036710389812585474
4 0.257613642386375 0.45539322750096484 0.03358538981258565 0.027517246239076344
4 0.10566234897115034 0.3926839420032989 0.03197742570596289 0.025909282132453627
4 0.13083453054960797 0.5738286419241566 0.027380853919208283 0.028897889812585655
4 0.17940842286947603 0.5677317546188535 0.030460389812585566 0.02742631802583091
2 0.21289349043308858 0.2217372930195133 0.03225021034569906 0.035284282132453625
3 0.646401009237707 0.37304711111185124 0.04939224623907634 0.03422188730530316
4 0.2853341624446347 0.6294384812618885 0.028290136051661818 0.060147889812585474
4 0.2547888560972863 0.6061290133943421 0.0365739974927175 0.022920674452321776
4 0.6175378748353978 0.29192514324430485 0.021267246239076342 0.03340353338609479
4 0.7566816282006101 0.47287596338170684 0.031841033386094966 0.021221782132453626
4 0.6799910960681564 0.5063309725529069 0.03036946159934022 0.02430131802583091
4 0.6088160927029442 0.32340246377741827 0.025909282132453627 0.03197742570596294
4 0.48438307937510905 0.522170235880742 0.021039925705962935 0.025591033386094964
4 0.35617917451882863 0.42130172083704726 0.026000210345698972 0.035102425705962934
2 0.33279315030393386 0.3665603965430101 0.025636497492717503 0.022602425705962936
4 0.3572883481132205 0.22221936315691532 0.030596782132453627 0.03211381802583091
4 0.636588088546309 0.44202443164496474 0.021312710345699058 0.03496603338609496
4 0.39675974426051924 0.7167446014784329 0.03381271034569897 0.035329746239076344
4 0.3781725318032493 0.5775600810244617 0.03220474623907634 0.03372178213245362
4 0.34459446832976476 0.33655464779665134 0.017960389812585652 0.02706260517284953
4 0.23892216369827599 0.6417171724072576 0.020903533386094873 0.020903533386094963
2 0.25832538156582235 0.6723761390211628 0.027335389812585563 0.027335389812585476
2 0.33124605601814405 0.6343472901165195 0.030460389812585652 0.02742631802583091
4 0.4500308114284204 0.5223891962264411 0.0501196719450391 0.05922188730530316
1 0.4506816807870349 0.4731931782797524 0.025591033386094964 0.021039925705962758
4 0.5972277233443297 0.37291673047046575 0.02251149749271768 0.022511497492717504
4 0.2991763874383171 0.8780434658224824 0.029079746239076342 0.03363085391920819
2 0.2292767275674718 0.7317655108870597 0.016216033386094876 0.02076714106622681
2 0.10685380977906773 0.6736611573635629 0.03193196159934022 0.024346782132453625
2 0.019264196226441023 0.46467025376092363 0.029216138558944345 0.038318353919208195
4 0.2586054925446596 0.3944784595542762 0.03881845909205772 0.04640363855894432
4 0.5655194191085523 0.5237123523363627 0.01961381802583091 0.030233069279472245
4 0.22079560398571524 0.43304686605990916 0.025909282132453627 0.03197742570596294
4 0.4460098673135504 0.23134665907942248 0.04869356426490725 0.06386392319868044
4 0.5511543568887092 0.2930761177757688 0.01755121285298138 0.01300010517284953
4 0.5421885338483132 0.27928640241550495 0.026272994985435005 0.044477425705962935
2 0.5246229491294349 0.319607525535043 0.02581835391920819 0.028852425705962935
4 0.3125668814993154 0.20322532224897305 0.021358174452321597 0.03652853338609487
4 0.23215561896290304 0.09628265195328649 0.02568196159934022 0.024164925705962893
4 0.17757341904204532 0.06742787773839168 0.03215928213245363 0.03215928213245363
4 0.19624921120362881 0.12308684435229682 0.02452863855894436 0.03818196159934022
2 0.31696252797581853 0.07898384019566171 0.014426212852981379 0.01290917695960414
4 0.36107022915031745 0.11907163110360397 0.021267246239076342 0.03340353338609488
4 0.5110414854185236 0.1693491127612039 0.02076714106622681 0.016216033386094876
4 0.49340535603077934 0.13161343204067605 0.03363085391920819 0.029079746239076297
4 0.3821265944188038 0.656284474597971 0.02581835391920819 0.028852425705962758
3 0.26645847882111307 0.7416118723281153 0.03573892319868044 0.04787521034569906
4 0.0916189178549111 0.5265732086963464 0.021039925705962893 0.025591033386094964
4 0.11861332686782658 0.5109565688837607 0.026272994985435096 0.04447742570596276
4 0.1472852108079174 0.27672632139104325 0.03426735141192579 0.050954746239076344
4 0.5270610096999254 0.6918773306287502 0.040380959092057724 0.04644910266556703
2 0.47183395209893575 0.6583577884671667 0.017823997492717503 0.02237510517284953
2 0.4678056816449647 0.6358379307870349 0.019522889812585476 0.027108069279472246
4 0.40491350587249475 0.19507418995823483 0.03197742570596294 0.025909282132453627
1 0.752526640274804 0.2669214800747543 0.025909282132453627 0.03197742570596294
4 0.7171240008579298 0.14227683274032132 0.0322956744523216 0.036846782132453626
2 0.679936237925806 0.186291257192643 0.03206835391920819 0.029034282132453626
4 0.6226212137774183 0.6001097162847007 0.021039925705962935 0.025591033386094964
4 0.2889916745188287 0.4232566774218226 0.04001724623907634 0.033949102665567034
4 0.17458819371915854 0.43829430720527823 0.028761497492717503 0.02269335391920819
4 0.6793559132360576 0.3135440789793976 0.021130853919208194 0.028716033386094787
4 0.7201544094751339 0.27957224426051924 0.022784282132453627 0.031886497492717505
2 0.6607052016367174 0.3375044162055585 0.022511497492717504 0.022511497492717504
2 0.6589297529695008 0.31804136236549246 0.029034282132453626 0.03206835391920828
2 0.7422507183297647 0.32498403266117903 0.03859113855894432 0.03859113855894432
4 0.6900995334526019 0.4271974020197935 0.03850021034569906 0.035466138558944316
2 0.5080695981132205 0.21783207686782652 0.02568196159934022 0.024164925705962938
4 0.5485508794542513 0.4898601895625235 0.023983069279472247 0.01943196159934022
2 0.5929373769469688 0.46671219457708835 0.03537521034569906 0.03537521034569906
2 0.3651784383088822 0.5412505079840658 0.035329746239076344 0.03381271034569906
2 0.46584001636384303 0.5960851090002801 0.03564799498543501 0.04475021034569906
4 0.5345672843105318 0.5948659383088822 0.036755853919208194 0.029170674452321597
4 0.4222577817367423 0.10870478094531939 0.03426735141192587 0.050954746239076296
4 0.45897521707612354 0.32229826801319567 0.021039925705962758 0.025591033386094874
4 0.6580489337565357 0.8043736674591997 0.02550010517284953 0.01791492570596276
4 0.6404893607161398 0.7908340046853606 0.028897889812585474 0.02738085391920837
4 0.6253895464512326 0.8537204495916534 0.02581835391920819 0.028852425705962758
4 0.6178618544479336 0.736851198338012 0.027335389812585476 0.027335389812585476
4 0.3349430205204781 0.48046377216983077 0.044568353919208194 0.029397994985435005
1 0.3418582617449895 0.40376487984996273 0.022693353919208282 0.028761497492717503
4 0.42523906307777304 0.3818240321989606 0.017869461599340043 0.02393760517284953
4 0.3787444963055833 0.4237674912910183 0.021085389812585564 0.027153533386094962
1 0.2554386916075875 0.2618705480340783 0.028852425705962935 0.02581835391920819
4 0.559258710412206 0.4169538869760987 0.02568196159934022 0.024164925705962938
0 0.5242017488128659 0.44139159732179767 0.02568196159934022 0.024164925705962757
4 0.2052531720115462 0.40383673917944735 0.016397889812585564 0.027017141066226814